20	2070	23595	25685	20	2070	23589	25679
2	564	1080454	1081020	2	564	1080415	1080981
11444	29759	664499	705702	11444	29759	663004	704207
0	55811	31965	87776	0	55811	31959	87770
188	18990	13601	32779	188	18990	13601	32779
2	6806	501620	508428	2	6806	501620	508428
2	0	473500	473502	2	0	473500	473502
108	0	291092	291200	108	0	291092	291200
9	621	9379	10009	9	621	9376	10006
21	529	112937	113487	21	529	112921	113471
22	0	2283	2305	22	0	2283	2305
102	4234	2857	7193	102	4234	2857	7193
2865	2360	39897	45122	2865	2360	39897	45122
42	24712	10350	35104	42	24712	10350	35104
0	19905	87712	107617	0	19905	87712	107617
7359	634	377126	385119	7359	634	376728	384721
70843	2992	666423	740258	70843	2992	666423	740258
7001	597	364840	372438	7001	597	364444	372042
578	40344	26767	67689	578	40344	26759	67681
1	11168	44648	55817	1	11168	43633	54802
34601	1262	285918	321781	34601	1262	285852	321715
0	983	634775	635758	0	983	630717	631700
0	101589	143588	245177	0	101589	143490	245079
1252	52	1602603	1603907	1252	52	1602146	1603450
10451	0	352278	362729	10451	0	352278	362729
2	22200	33285	55487	2	22200	33285	55487
124955	4673	884069	1013697	124955	4673	884069	1013697
0	2754	10536	13290	0	2754	10536	13290
2	1241	281479	282722	2	1241	281479	282722
0	0	0	0	0	0	0	0
0	0	0	0	0	0	0	0
42052	32078	466593	540723	42052	32078	466385	540515
36236	42893	424546	503675	36236	42893	415914	495043
0	25085	87512	112597	0	25085	87512	112597
32464	37702	385830	455996	32464	37702	378054	448220
3929	41367	95522	140818	3929	41367	95522	140818
31308	36673	371028	439009	31308	36673	363548	431529
0	10220	338658	348878	0	10220	338658	348878
7520	102360	253145	363025	7520	102360	253135	363015
2	1266	94102	95370	2	1266	94097	95365
0	0	0	0	0	0	0	0
0	79614	121693	201307	0	79614	121693	201307
23347	25582	360424	409353	23347	25582	360424	409353
8152	112397	132207	252756	8152	112397	132207	252756
207	26252	43462	69921	207	26252	43419	69878
3791	37690	50352	91833	3791	37690	50352	91833
32163	39503	399298	470964	32163	39503	391577	463243
0	23001	392668	415669	0	23001	392496	415497
25877	4175	836125	866177	25877	4175	832452	862504
328	9176	700319	709823	328	9176	696709	706213
3	104823	184373	289199	3	104823	184373	289199
2	0	224985	224987	2	0	224985	224987
29874	35866	373738	439478	29874	35866	366577	432317
20745	24607	634145	679497	20745	24607	631332	676684
2	317	401328	401647	2	317	401328	401647
23	0	2699	2722	23	0	2699	2722
10	0	403	413	10	0	403	413
773	51	9689	10513	773	51	9689	10513
0	117015	286876	403891	0	117015	286876	403891
0	9354	17657	27011	0	9354	17657	27011
0	101917	470442	572359	0	101917	470411	572328
15	10	1604	1629	15	10	1604	1629
7520	0	788394	795914	7520	0	788394	795914
2	88	457117	457207	2	88	457095	457185
966	6208	32213	39387	966	6208	32213	39387
2908	54513	147847	205268	2908	54513	147847	205268
0	0	0	0	0	0	0	0
10979	165	107717	118861	10979	165	107717	118861
6197	3806	260211	270214	6197	3806	260211	270214
1447	49903	261000	312350	1447	49903	261000	312350
2	459	479306	479767	2	459	479306	479767
0	0	0	0	0	0	0	0
709	7243	602560	610512	709	7243	602528	610480
0	11259	350377	361636	0	11259	350377	361636
1173	40962	52649	94784	1173	40962	52649	94784
0	2027	54182	56209	0	2027	54175	56202
2315	72	192668	195055	2315	72	192354	194741
2	311	171676	171989	2	311	171586	171899
1001	1444	79235	81680	1001	1444	79057	81502
0	0	0	0	0	0	0	0
950	0	409826	410776	950	0	403814	404764
3840	128	253990	257958	3840	128	253990	257958
7809	105659	257583	371051	7809	105659	257574	371042
4823	61997	448621	515441	4823	61997	448491	515311
0	391135	299076	690211	0	391135	298973	690108
4366	23339	289377	317082	4366	23339	288274	315979
0	28392	11850	40242	0	28392	11846	40238
574	5266	68957	74797	574	5266	68955	74795
15220	5570	102659	123449	15220	5570	102659	123449
7204	644	382616	390464	7204	644	382199	390047
20	322	788	1130	20	322	788	1130
1056	36861	47374	85291	1056	36861	47374	85291
0	15787	252486	268273	0	15787	252486	268273
13	0	7805	7818	13	0	7792	7805
48822	10164	341892	400878	48822	10164	341892	400878
120280	62	868545	988887	120280	62	868545	988887
8119	0	66246	74365	8119	0	66246	74365
4979	2614	24660	32253	4979	2614	24660	32253
2	14909	402812	417723	2	14909	402812	417723
6533	551	354223	361307	6533	551	353866	360950
30600	36913	362121	429634	30600	36913	354830	422343
4192	0	6288	10480	4192	0	6288	10480
460	14198	88517	103175	460	14198	88517	103175
2019	10892	579913	592824	2019	10892	579824	592735
29606	34903	353862	418371	29606	34903	346733	411242
896	1944	49245	52085	896	1944	49232	52072
31540	36423	375039	443002	31540	36423	367546	435509
3203	0	278622	281825	3203	0	278622	281825
24331	138401	323403	486135	24331	138401	323403	486135
2	55	508241	508298	2	55	508241	508298
31071	37996	385206	454273	31071	37996	377480	446547
17	0	3306	3323	17	0	3306	3323
30652	36655	371840	439147	30652	36655	364598	431905
6413	41056	104670	152139	6413	41056	104670	152139
29069	35054	352197	416320	29069	35054	345174	409297
0	20029	277371	297400	0	20029	277371	297400
0	0	0	0	0	0	0	0
1	1344	1404	2749	1	1344	1404	2749
0	7320	306580	313900	0	7320	306580	313900
3	12039	272274	284316	3	12039	272274	284316
2	12255	71271	83528	2	12255	71271	83528
2	71	593	666	2	71	593	666
2	90	26369	26461	2	90	26365	26457
10508	27314	596217	634039	10508	27314	594806	632628
0	21338	17096	38434	0	21338	17080	38418
637	33455	29696	63788	637	33455	29696	63788
2	6104	368849	374955	2	6104	368849	374955
2	0	488887	488889	2	0	488887	488889
90	0	272137	272227	90	0	272137	272227
13	3045	37469	40527	13	3045	37460	40518
36	632	213833	214501	36	632	213802	214470
47	0	4584	4631	47	0	4584	4631
170	96079	38194	134443	170	96079	38194	134443
2652	1985	38825	43462	2652	1985	38825	43462
130	40866	16529	57525	130	40866	16529	57525
1	21	323	345	1	21	323	345
0	20041	88287	108328	0	20041	88287	108328
7112	637	371946	379695	7112	637	371534	379283
106388	0	1098997	1205385	106388	0	1098995	1205383
10066	1615	608015	619696	10066	1615	607361	619042
649	122983	95339	218971	649	122983	95330	218962
1	12654	50586	63241	1	12654	49436	62091
44602	1436	355431	401469	44602	1436	355352	401390
0	1058	695490	696548	0	1058	691005	692063
0	94717	134958	229675	0	94717	134863	229580
305	40	10890	11235	305	40	10885	11230
10648	0	343075	353723	10648	0	343075	353723
2	24842	37246	62090	2	24842	37246	62090
134757	5367	1017681	1157805	134757	5367	1017681	1157805
0	454455	1611295	2065750	0	454455	1611295	2065750
2	1249	291016	292267	2	1249	291016	292267
0	0	0	0	0	0	0	0
0	94648	179593	274241	0	94648	179593	274241
43005	33480	473619	550104	43005	33480	473391	549876
11553	14292	138605	164450	11553	14292	135868	161713
0	26035	90818	116853	0	26035	90818	116853
19490	24004	239659	283153	19490	24004	234955	278449
4146	42041	100900	147087	4146	42041	100900	147087
31182	37505	365293	433980	31182	37505	357893	426580
0	10832	369884	380716	0	10832	369884	380716
8240	111006	269166	388412	8240	111006	269152	388398
2	1315	102983	104300	2	1315	102973	104290
0	0	0	0	0	0	0	0
0	78536	120334	198870	0	78536	120334	198870
23407	37462	238791	299660	23407	37462	238791	299660
9971	158073	166670	334714	9971	158073	166670	334714
308	38866	65435	104609	308	38866	65383	104557
3405	32291	43727	79423	3405	32291	43727	79423
30549	37840	398539	466928	30549	37840	391242	459631
0	23824	399922	423746	0	23824	399771	423595
31393	1404	389803	422600	31393	1404	386591	419388
394	9000	662331	671725	394	9000	658751	668145
3	112823	199194	312020	3	112823	199194	312020
2	0	196219	196221	2	0	196219	196221
28579	33689	348590	410858	28579	33689	341711	403979
20438	23154	607821	651413	20438	23154	605066	648658
2	307	353114	353423	2	307	353114	353423
6245	0	727153	733398	6245	0	727153	733398
15	0	12122	12137	15	0	12122	12137
8738	203455	776058	988251	8738	203455	775018	987211
0	114237	284080	398317	0	114237	284080	398317
0	9759	18422	28181	0	9759	18422	28181
0	110954	505609	616563	0	110954	505573	616527
38	32	3550	3620	38	32	3550	3620
566	0	68249	68815	566	0	68249	68815
2	204	424022	424228	2	204	423981	424187
1521	9989	53573	65083	1521	9989	53573	65083
2768	49257	135007	187032	2768	49257	135007	187032
0	0	0	0	0	0	0	0
15743	263	131640	147646	15743	263	131640	147646
6567	4270	278724	289561	6567	4270	278724	289561
961	346	43217	44524	961	346	43217	44524
2	457	490899	491358	2	457	490899	491358
0	0	0	0	0	0	0	0
606	6999	810118	817723	606	6999	810099	817704
0	11238	331079	342317	0	11238	331079	342317
1166	40741	52370	94277	1166	40741	52370	94277
0	4557	76128	80685	0	4557	76120	80677
6317	134	952456	958907	6317	134	951245	957696
2	297	151079	151378	2	297	151013	151312
437	1059	14465	15961	437	1059	14436	15932
0	0	0	0	0	0	0	0
860	0	375105	375965	860	0	369563	370423
3785	127	249462	253374	3785	127	249462	253374
8242	111324	282361	401927	8242	111324	282354	401920
5494	70486	508909	584889	5494	70486	508744	584724
0	10186	7967	18153	0	10186	7955	18141
4180	27529	274806	306515	4180	27529	273323	305032
0	33704	13546	47250	0	33704	13544	47248
1014	0	197352	198366	1014	0	197352	198366
13929	5065	92348	111342	13929	5065	92348	111342
6688	587	352512	359787	6688	587	352112	359387
19	275	863	1157	19	275	863	1157
1019	35573	45723	82315	1019	35573	45723	82315
0	14906	211474	226380	0	14906	211474	226380
15	0	26852	26867	15	0	26830	26845
53975	11280	377208	442463	53975	11280	377208	442463
566131	349	4101257	4667737	566131	349	4101257	4667737
5870	0	97236	103106	5870	0	97236	103106
5152	2881	25956	33989	5152	2881	25956	33989
2	13558	409538	423098	2	13558	409538	423098
6858	562	376446	383866	6858	562	376017	383437
31938	38784	390598	461320	31938	38784	382911	453633
4264	0	6396	10660	4264	0	6396	10660
523	15874	102210	118607	523	15874	102210	118607
1453	10819	253771	266043	1453	10819	253709	265981
33850	40834	407583	482267	33850	40834	399443	474127
129	114	10179	10422	129	114	10174	10417
32025	38205	374333	444563	32025	38205	366852	437082
3069	0	270670	273739	3069	0	270670	273739
21772	124257	294159	440188	21772	124257	294159	440188
2	40	450779	450821	2	40	450779	450821
32402	39139	402661	474202	32402	39139	394626	466167
9	0	2898	2907	9	0	2898	2907
29211	35733	366310	431254	29211	35733	359336	424280
6431	41347	105536	153314	6431	41347	105536	153314
31126	35965	372416	439507	31126	35965	364960	432051
0	17295	248292	265587	0	17295	248292	265587
0	0	0	0	0	0	0	0
1	1524	1449	2974	1	1524	1449	2974
0	7217	298695	305912	0	7217	298695	305912
3	11861	277801	289665	3	11861	277801	289665
2	12090	70309	82401	2	12090	70309	82401
7	617	8678	9302	7	617	8676	9300
2	59	10449	10510	2	59	10447	10508
10452	27179	606975	644606	10452	27179	605648	643279
0	5706	7342	13048	0	5706	7332	13038
126	4451	4049	8626	126	4451	4049	8626
2	2536	240352	242890	2	2536	240352	242890
2	0	462036	462038	2	0	462036	462038
101	0	283534	283635	101	0	283534	283635
20	1379	20585	21984	20	1379	20581	21980
45	612	180996	181653	45	612	180962	181619
33	0	3981	4014	33	0	3981	4014
100	2762	1457	4319	100	2762	1457	4319
3083	2286	44198	49567	3083	2286	44198	49567
172	80517	32612	113301	172	80517	32612	113301
1	19	445	465	1	19	445	465
0	20160	88825	108985	0	20160	88825	108985
6495	524	347777	354796	6495	524	347402	354421
147125	0	1673198	1820323	147125	0	1673198	1820323
6669	579	350823	358071	6669	579	350481	357729
237	55444	48926	104607	237	55444	48926	104607
1	13478	53888	67367	1	13478	52663	66142
34385	1373	287481	323239	34385	1373	287436	323194
0	265	174782	175047	0	265	173675	173940
0	187546	249697	437243	0	187546	249570	437116
507	40	296473	297020	507	40	296378	296925
9546	0	319814	329360	9546	0	319814	329360
2	22843	34245	57090	2	22843	34245	57090
139023	5316	1005296	1149635	139023	5316	1005296	1149635
0	46544	169760	216304	0	46544	169760	216304
2	1213	267243	268458	2	1213	267243	268458
0	0	0	0	0	0	0	0
0	96734	183328	280062	0	96734	183328	280062
43178	34023	479308	556509	43178	34023	479092	556293
32791	37754	377159	447704	32791	37754	369295	439840
0	27188	94669	121857	0	27188	94669	121857
32717	39124	395639	467480	32717	39124	387830	459671
4170	42138	101199	147507	4170	42138	101199	147507
14246	17126	179020	210392	14246	17126	175641	207013
0	10110	328430	338540	0	10110	328430	338540
8372	113020	285093	406485	8372	113020	285087	406479
2	1333	101969	103304	2	1333	101962	103297
0	0	0	0	0	0	0	0
0	86790	132785	219575	0	86790	132785	219575
22232	36253	227253	285738	22232	36253	227253	285738
19929	270194	317223	607346	19929	270194	317223	607346
139	3810	8070	12019	139	3810	8065	12014
3988	41075	53356	98419	3988	41075	53356	98419
29785	43196	842082	915063	29785	43196	835963	908944
0	20997	381450	402447	0	20997	381287	402284
23109	3790	661806	688705	23109	3790	658529	685428
357	8590	633926	642873	357	8590	630670	639617
3	114723	202679	317405	3	114723	202679	317405
2	0	230605	230607	2	0	230605	230607
34576	42844	442988	520408	34576	42844	434692	512112
63	287	2393	2743	63	287	2393	2743
2	367	460201	460570	2	367	460201	460570
4876	11417	512544	528837	4876	11417	512544	528837
13	0	21062	21075	13	0	21062	21075
9346	202108	782651	994105	9346	202108	781664	993118
0	127047	306371	433418	0	127047	306371	433418
0	10353	19544	29897	0	10353	19544	29897
0	100861	469219	570080	0	100861	469199	570060
15	10	587	612	15	10	587	612
164	0	12866	13030	164	0	12866	13030
2	184	429514	429700	2	184	429469	429655
1616	10528	55468	67612	1616	10528	55468	67612
417	7862	21245	29524	417	7862	21245	29524
0	0	0	0	0	0	0	0
11254	293	111320	122867	11254	293	111320	122867
6403	4291	271259	281953	6403	4291	271259	281953
271	648	16583	17502	271	648	16583	17502
2	263	247560	247825	2	263	247560	247825
0	0	0	0	0	0	0	0
515	6638	861978	869131	515	6638	861961	869114
0	12875	350153	363028	0	12875	350153	363028
1149	40144	51595	92888	1149	40144	51595	92888
0	58	2986	3044	0	58	2986	3044
7743	54	897596	905393	7743	54	896245	904042
2	265	162576	162843	2	265	162506	162773
6846	9817	351091	367754	6846	9817	350563	367226
0	0	0	0	0	0	0	0
493	0	213370	213863	493	0	210227	210720
4177	175	286211	290563	4177	175	286211	290563
8527	112947	277351	398825	8527	112947	277351	398825
4490	58716	425936	489142	4490	58716	425813	489019
0	4282	192333	196615	0	4282	192193	196475
4471	30020	296345	330836	4471	30020	294808	329299
0	134388	53455	187843	0	134388	53443	187831
3417	0	517923	521340	3417	0	517900	521317
14259	5202	94868	114329	14259	5202	94868	114329
3333	316	177017	180666	3333	316	176821	180470
11	327	708	1046	11	327	708	1046
1111	38806	49875	89792	1111	38806	49875	89792
0	16170	494919	511089	0	16170	494919	511089
5	0	964	969	5	0	959	964
49386	10292	344630	404308	49386	10292	344630	404308
431250	339	3154001	3585590	431250	339	3154001	3585590
2107	0	27587	29694	2107	0	27587	29694
5026	2766	25402	33194	5026	2766	25402	33194
2	11781	397701	409484	2	11781	397701	409484
7713	638	402905	411256	7713	638	402471	410822
25473	30353	301212	357038	25473	30353	295204	351030
4815	0	7224	12039	4815	0	7224	12039
534	15584	100814	116932	534	15584	100814	116932
2772	27154	397020	426946	2772	27154	396933	426859
21770	27289	274839	323898	21770	27289	269613	318672
145	243	5617	6005	145	243	5613	6001
13376	16297	166472	196145	13376	16297	163351	193024
3073	0	275140	278213	3073	0	275140	278213
23961	133189	315515	472665	23961	133189	315515	472665
2	48	565081	565131	2	48	565081	565131
32383	37863	377962	448208	32383	37863	370140	440386
9	0	2471	2480	9	0	2471	2480
289	449	4213	4951	289	449	4156	4894
6253	39913	101775	147941	6253	39913	101775	147941
8605	11589	114218	134412	8605	11589	112138	132332
0	600	6126	6726	0	600	6126	6726
0	0	0	0	0	0	0	0
3	1808	1959	3770	3	1808	1959	3770
0	6843	291911	298754	0	6843	291911	298754
3	11892	299905	311800	3	11892	299905	311800
2	13176	76616	89794	2	13176	76616	89794
