0144bffd9362573c802c47a07db69a136cc7ab5127138445114eff944659b7c8.apk	2014-02-24	0	0	0	0	0	0	0
0175851e8614cc53b94edba278e5c60f6e239260fe4be5c4fdb896e5f26d9d69.apk	2014-02-11	0	0	0	0	0	0	0
017c00b7a683c22ec17411e9391e90ece13b97e2b0197a3b5a135419365d89e6.apk	2014-02-24	0	0	0	0	0	0	0
01d60ff91662cbe55310fe53b371ad2c2b8c956b1cfb9331f4f43997f324a7ca.apk	2014-02-24	0	0	0	0	0	0	0
025b8ce9c82fa8a3ef4e3285e9d750ad0c17ed0f51a73224c88a1226606fd3c6.apk	2014-03-06	0	0	0	0	0	0	0
02799660a768169d71a711bd39d099381f29239201e8cdbcdedf4ab07284e77f.apk	2014-03-06	0	0	0	1	0	0	0
02823e0b378d75f3f3e113f187a3ae425f855c5a68d53a3842c35995aa34373f.apk	2014-03-05	0	0	0	0	0	0	0
02cbcf113deaf96f9aa0c9224a0c417496c05a6a2b621eec2a812244a52d3ae7.apk	2014-02-26	1	0	0	0	0	0.6111	0
02e280ada20a52c03d3758fe33f35ed15edf7e68629393f490a9a985447cb39a.apk	2014-01-30	0	0	0	0	0	0	0
030a2da1746311d7bf133ed908339a298719f1d604aeae27b01da47a9297c291.apk	2014-03-17	0	0	1	0	0	0	0
035cc547ddd814976ec3afbbaf63feb779902b16c86d8998adde322270f92f15.apk	2014-02-26	0	0	1	0	0	0	0
03aa54590d44048e4cfcf0c1477255133013ee122aa02e263d402dfe582f1aaa.apk	2014-02-24	0	0	0	0	0	0	0
03c67cec6c3cf9bd8b0d85f4321a825f038507b41c891984c1abe7e085792250.apk	2014-02-27	0	0	1	0	0	0	0
03f7c2ccc2d948ce8f810296a08f158518c53103970cd3e2c4e9a1ed69fdd7fe.apk	2014-02-14	0	0	0	0	0	0	0
042acf110e7cdaf2cdc2480f7ea985844cbd490619afb366fec0e9269a7c570d.apk	2014-03-03	1	0	0	0	0	1	0
042f17dbe90b2cfe9c41f39abafc74556ebaa3e831c91d4187a8e04de8fbb02b.apk	2014-01-24	0	0	0	0	0	0	0
044b5febd43ba27796264403901993c17b490614368b8454379ea6b04685cf40.apk	2014-02-27	0	0	0	0	0	0	0
047fcf0ac737962bc723656cecf29e80a5d29d62af48db0d294fc2fad26ff1e7.apk	2014-02-25	0	0	1	0	0	0	0
0517e937468ca2423e9590db04e5118bd9a9c96e9df182c183b724f2709f60fb.apk	2014-03-05	0	0	0	0	0	0	0
052a7eab72b21e2c2f96eb5b2e3d3f9943d23a8ddf733b0fd0b30e7256afaf8b.apk	2014-03-05	0	0	1	0	0	0	0
0541b4e56ebf42c281293e8e8235280cc2fc9fb465ad8f9d74851b23dd4f12bd.apk	2014-03-10	0	0	1	0	0	0.0286	0
059904e29623d966d1663aece7dff731ebfb7d5d06e71d781adbae920e742bdd.apk	2014-02-25	1	0	0	0	0	0.7714	0
05c4227382321d0602715a063ec53e3b39a7ef2fc955e301d6aa5757f8e85316.apk	2014-03-05	0.5238	0.3333	0	0.1429	0	1	0
065fe8fb28e60f7ab9f8983ff801807bd1c0db2e7fee63d6e172118fdb91b341.apk	2014-03-03	0.9756	0.0244	0	0	0.439	0.2439	0
06d5fc63c1fdbf37071b0dfbd6eab33977b27a048cb501ae0d65202ceabf4074.apk	2014-02-11	0	0	0	0	0	0	0
07aa235c28ee03f90e41a3c0961c0d01606d60ec502439afcf9aff62f8ec00ad.apk	2014-02-25	0	0	0	0	0	0	0
07d27505cf03b3d781e9ac115ac8b6b2bdc0493d713b148930a8f79ebd1a5796.apk	2014-01-30	0	0	0	0	0	0	0
07fae2910c822e0afc8bdb4ccb202746529267d8686ec1650e0ea12eaed751d6.apk	2014-02-27	1	0	0	0	0	0.625	0
0896baf1a0b98990c17c28aa2f25a4aed825faee97fb2c4e69e86ba5d7aca5a1.apk	2014-03-11	0	0	1	0	0	0.6667	0
090ff570530188951837b9a29f754775ba16d6c242d27732add0a334caa8f9b6.apk	2014-02-23	0	0	1	0	0	0	0
0934484be2528853495a8b02802bfdf24477e46811eb0290b0538eedaeb0f660.apk	2014-03-02	0	0	1	0	0	0	0
0984701425d826d122deacc0d324511a70cb581fc928585065205de1a46bbcf4.apk	2014-01-24	0	0	0	0	0	0	0
099f1a06ee041af1de9d3609ee453208dde20f936c43501fe93ff41c038a8f67.apk	2014-02-26	1	0	0	0	0	0.75	0
09acd7c1759da0ede9b0d6198cbe93a45c9792cd28e09ae8760fb32289471786.apk	2014-03-05	0.8	0	0	0.2	0	0	0
09bf214ac4eaf7cb022b6957deae84aa0a929d11609672d64eb0e96cf3e490e5.apk	2014-02-13	0	0	1	0	0	1	0
0ae8d3f20935c2ef890be7efd4eb14724d4eb14a10e143855cb5d5dafd9a4070.apk	2014-01-08	0	0	0	1	0	1	0
0b83e7a7ccf978efd6f82c36ba685b2beb6a71c9a5a0a30567940042b0192c1e.apk	2014-03-21	0	0	1	0	0	0	0
0b96c6514a412e57bf3dd420d1f3361cf6f5df592603900b9a49073702957138.apk	2014-02-25	1	0	0	0	0	1	0
0bae0abcb7fbd262f9a3391cfff5c96547c2794a6c0859dcbf76012963b752fd.apk	2014-02-27	0	0	1	0	0	0	0
0c41904e61ca30362129e4b7f460b2d8b5b4319de24f497b0dbdfbd64ec0f87a.apk	2014-02-26	0	0	0	0	0	0	0
0c57c30afb15abb549310fa12338d363c36518938241d2d67ae380d7fffe87e0.apk	2014-02-26	0	0	0	0	0	0	0
0c644ade9cd8ac34d457431b91ba31cce5e824766621f3eab6c00d98f9634468.apk	2014-02-11	0	0	1	0	0	1	0
0cceea84886d862a703264074ace86a76ec8218c10789929b28352feab0d3267.apk	2014-02-27	0.8333	0	0	0.1667	0	0.8333	0
0d6c25a834d3f680bc6ee8215f0d1556e5e850ab004350697b2dcb5e64eb172d.apk	2014-01-02	0	0	0	0	0	0	0
0e143a74c1a35889a5240d76afe7820daad6c3beec667ceef7232ea42a4986fa.apk	2014-02-25	0	0	1	0	0	0.0769	0
0e52191827bb8d92986f6bfc69a6b92ccb2314d4a2b8c0cdc06b92c2a1d9948c.apk	2014-02-19	0	0	0	1	0	1	0
0e76c9c2783becd7aefd1dad2adbce713da7ee9e5af27afac90c289fb9f1875b.apk	2014-02-25	0	0	1	0	0	0	0
0ec9a6256075409d672f99eb7344c26bf9348816d3d6aabde029d1e0444eae4c.apk	2014-01-24	0	0	0	0	0	0	0
0f10690d11fb380c496c2d153c96ace4291f01148b92ed6e08e2b6370a0d63a9.apk	2014-02-26	0	0	0	1	0	0.5	0
0f3555d7a7dc1957dbf866961eea8cbb646faf235bd02ae3f97efc2d08256716.apk	2014-01-29	0	0	0.9942	0.0058	0	0.0058	0
0f9451db501cfaa6a277bbfac2f84ecd76c1a5db19f93509d2c79c0ce3fb994c.apk	2014-02-26	0	0	0	0	0	0	0
0fdc85ee0a2b378767522be7418aaa87aa159dabd1bda0e48c306bf7e6da9c7c.apk	2014-01-30	0	0	0	0	0	0	0
0fdf43fcc01577a3387707de946970931c4da24520d31159c1245e7ab2bacedb.apk	2014-02-25	0	0	0	1	0	0	0
1072c30d180983d9ee186f9c3e426d43f5d6c0f14f1eb485d12c920d864b96b9.apk	2014-02-25	0	0	1	0	0	0	0
132d545c48447f7f55bee460667b96c94647f2a252cf9490a5f8ff815672abf8.apk	2014-03-06	0	0	0	0	0	0	0
13ab11add1b262af92a73691c83ebd95c009507fcad8b806bad6aacbf15b1c21.apk	2014-03-18	0	0	0	1	0	1	0
14035f73b25778a8fc554d869cb1d6d9daedc11a21661e2a6e05f6d5ae41f9c4.apk	2014-03-17	0	0	1	0	0	0	0
14648dc8899e5fd80649b9d0976831d743177c1a78e9b51c496a0887d760e1fa.apk	2014-03-05	0.8333	0	0.1667	0	0	0	0
14a42dd84e09a161b8b7c7876947c84d3ea666c6ed54d9fdb88a7e3bb97d8302.apk	2014-02-11	0	0	0	0	0	0	0
14bc3328a8316081e903e95f9e020c0bee174ed64a4e364821d1ac435184d7b7.apk	2014-02-27	0	0	0	0	0	0	0
152402aa7c63924d0bd40e2b74ab2b2a5fb14cae8f400bf8ca1fb2830c27edb3.apk	2014-03-05	0	0	0	0	0	0	0
15462e854be1204261e2282f430d3a2367d54cb7523c6a980eb4ea030db16463.apk	2014-01-29	0	0	0	0	0	0	0
161b15c8ea903d9a7de3ab1a304314e051e21e1ff73184d9204c50c5a6f096d0.apk	2014-02-01	0	0	0	0	0	0	0
164299301c3bbd2c5fae4038e0471d0267cbbae3026cc3bc4f131e30eff89343.apk	2014-02-24	0	0	1	0	0	0	0
1693d41217d74e5092b4c3c216eb2df217663573d9a6e14e02d0b686fdd5e1b4.apk	2014-02-24	0	0	0	0	0	0	0
16c7afc67c884572df6318b6b5b6f54e0797a57bb2116a263f95fe4d8f229175.apk	2014-03-06	0	0	0	0	0	0	0
17255341ddf9dfbc872d62f09a52772a4a34c892c2be91626d9a8d78e2ccb095.apk	2014-02-11	0	0	0	0	0	0	0
17357306cacc6bc8e841b9f73a895149a82a9b60389e06a0449efeeb221de3ba.apk	2014-02-02	0	0	0	0	0	0	0
17c0976428cbf2d7a840457d8cd585c2ea099fb206dcb159b849072171591148.apk	2014-02-26	0	0	0	0	0	0	0
1909eb5c0c71d9cd3476ad1bf3bf9fcddf0a819cdc3c80bcc0cfa7113d37d74c.apk	2014-03-05	0	0	0	0	0	0	0
191a0d386a3fb62e247f9ba794c99e1c1940c02a5d3eccc9de706ad96ceb111c.apk	2014-02-24	0	0	0	0	0	0	0
191a2f6e028edce5bfc930b5c95297f02801763a34c3855637ddb7031945f0de.apk	2014-03-11	0	0	1	0	0	0	0
1962bb890faedec25837211d1dfd625b80e7618b06753523d58f06375dbefa3e.apk	2014-01-02	0	0	0	0	0	0	0
19be51bf2f00b2e779097d27d49881fe7a22c81ec42046404ff151021a5040a1.apk	2014-01-24	0	0	0	0	0	0	0
19da8e2c3f1c41221d9f74e49c8eaf5dcab61ffb4ee4ca622a9bc28f052f1a6e.apk	2014-02-25	0	0	0	0	0	0	0
19f876dc1ec606e6e20b39a791a0c7bf40c12710e3e6a93d819b789db7fde620.apk	2014-02-11	0	0	0	0	0	0	0
1a06c625afc4953cfac2440afbf1bc2a134eb4a074c120a4078f17d639233dcd.apk	2014-02-15	0	0	0	0	0	0	0
1a2a6761a1279bfe9a352381dd66614b466b19aefaf17c300536be8e4be0b0c5.apk	2014-02-27	0	0	0	0	0	0	0
1a59f75a6fe2acee8416b06b33e8652567f8c89d609ebe8d7a1a9fb352f8bc1b.apk	2014-02-01	0	0	1	0	0	0	0
1ad3ef94a063238495508f267fd290e062f2aea24166c43a71223ba498a7ee4f.apk	2014-03-19	0	0	0	0	0	0	0
1b2091bdcac01f2715783d0cf9c409095dba15351232c76795ac3b8fd9f00d5b.apk	2014-02-27	0	0	1	0	0	0.0455	0
1bf938fe76b96eac551f8b66fa05b3634e090b8fed9aecb35681e3244cf75a85.apk	2014-03-19	0	0	0	0	0	0	0
1cd0edae7fa81abb4227b7e10a1a8b224c1a461b18d4235daff8d075fddc2b1a.apk	2014-02-26	1	0	0	0	0	0.7778	0
1ce7be97ad5bb89f299b13f6f10783b6e57ccb3c377d96cb392ab4e853390acd.apk	2014-03-18	0	0	0	0	0	0	0
1d0a8ac019cb7e1cababac599368737494789ee41f59f36c3b6fa4aeecf946b6.apk	2014-01-30	0	0	0	0	0	0	0
1d76d67412c624b3c5f5b1719e122cc4f6511fa31099b61b829dad56c5f7cc4d.apk	2014-02-11	0	0	0	0	0	0	0
1d96a4f7226f78c027f6443e246c9a12f4a1b96c7d9065d5857cbdbe7d819108.apk	2014-02-11	0	0	0	0	0	0	0
1d9e6f9c0038d798f10bf77b22837b45a917ad4627443cd64303f7f01c6ff796.apk	2014-03-01	0	0	0	0	0	0	0
1da3f02b989adfc381a0c01e3e61b260f01c19045f6d80ac554cd21d1471a3af.apk	2014-02-27	0	0	0	0	0	0	0
1e7c7154036da703b4f51b4a236e9c002e250f6378a2fdc929590df9db92e367.apk	2014-03-23	0	0	0	1	0	0.5	0
1ed864acd99b35151c9ee341045bea8dec3b8349e263dcc54407752bb6e274ce.apk	2014-03-11	0	0	0	0	0	0	0
20399fe1b72bc80c1393abe82e1ef5a97ce283354d409f666195c379709cedd3.apk	2014-03-18	0	0	1	0	0	0.4	0
21a541dbc6ab5dd82f5153d19c95f1ed899d745b780905de2155af46bc73e124.apk	2014-01-23	0	0	0	0	0	0	0
21ddefacb2a4e6df2207bf4a1c5b98b39c6a698aa8bcf5911df0ca39d8c44248.apk	2014-02-27	1	0	0	0	0	0.7917	0
2268b9374a8a2b10686944026533cf50a4b8d85ee1761a81a108aaed7318c209.apk	2014-02-07	0	0	0	0	0	0	0
2364f2215dff64f2690fd3e264dfe711f14014ef1ed75ebeab772a600b3b7926.apk	2014-02-11	0	0	0	0	0	0	0
23c4009ed132c3592fb6eb053c1506a973471a3917bee992dfc6389e46e77499.apk	2014-02-24	0	0	0	0	0	0	0
241759d8977dd3b01d9ce737d0db185672a330cb8559571db4b896f74f27a8e8.apk	2014-02-06	0	0	1	0	0	0	0
247618051822dbba3750c12c66b3b1fad614ee8093174c2218883dd9c02287d4.apk	2014-02-10	0	0	0	0	0	0	0
252342e7fcab2425d78d68d2a8134ea2aa56d52a95df5715db0c3e3e7c8c16c5.apk	2014-01-30	0	0	0	0	0	0	0
25bb120ce291909288a13353e5e46ba9dbf4d1551346f999c3ffc7e5d5372eeb.apk	2014-02-24	0	0	1	0	0	0	0
25dc1cb0e090bfaac1a37d2752154682e037bc6218bd33661b747d05743305c0.apk	2014-02-24	0.84	0	0.16	0	0	0	0
26afd8fce296c28d371e191de37e68d9a3f6f19db4e620f4d209ce318eafc8c9.apk	2014-02-11	0	0	0	0	0	0	0
2702d8e327bd5d506c33563f6ec3bdb3b49dc4f77a7f64cd0ad20ff88f4f88f4.apk	2014-03-05	0	0	0	0	0	0	0
273aab215af52d06b048f007fc7845731391af1d94863c30be3abeb1adf55b63.apk	2014-02-11	0	0	0	0	0	0	0
27983329df43c14bb802be449a836baa54aca8f3078dd85c4e09770904abec4f.apk	2014-03-15	0	0	0	0	0	0	0
27fa2acc388dc64794dea9dd4bb00d917489b34eee6b577cf1f477523ec27086.apk	2014-02-11	0	0	0	0	0	0	0
286103f9e24e53ad76ff88a48884686b7c08f7bd2baeca2edb91826223189386.apk	2014-02-24	0	0	0	0	0	0	0
28be8639dce13b5b455de0edbe1c1867ee1dad36f819ccc02330aa5f7e3e0e43.apk	2014-02-11	0	0	0	0	0	0	0
29439870d1052931258d60eb645416011352722705e0b9aa9290b7c128eec6cc.apk	2014-02-26	0	0	0.5	0.5	0.0714	0.1429	0
298340a7343d78f1a2ed15818d3e941d27662079c182f3b1d941c0d7e07a49e6.apk	2014-01-20	0	0	0	0	0	0	0
2ae7e481d0f3e8b29b8b999405decb082c85327a9e64808774edb0409e878be8.apk	2014-02-26	0	0	0	0	0	0	0
2b11c562b8f292f8f787b787a012c9a94d4fb2d51d404a4213f21699df093506.apk	2014-02-11	0	0	0	0	0	0	0
2b67df37eba5f80cee31699a790f21df26cf1f7e3e5d8da1df1eeba334af28be.apk	2014-01-24	0	0	1	0	0	0	0
2cb8acae4d29216886a0a43ccbb7c97867fa70849ed0497a7142ea558c4d624c.apk	2014-02-27	0	0	0	0	0	0	0
2ccb4cfde951d7fedbb6ec51109ede7d1cac42432816ffe9ea98365d84976b4a.apk	2014-02-22	0	0	0	0	0	0	0
2cf1d8c67ab1ff49b5330de33de346c106abf4945c5649f5b7cd091000f73c91.apk	2014-03-03	0	0	0	0	0	0	0
2cfc948eb9d4e0d13475f06b13890dc31c818a632babefd7848e0bb4b4336d51.apk	2014-03-05	0	0	0	0	0	0	0
2dccc6f0184bde172ddd5072e70c4710c8c75fa0aa1fff613e8fbe5955e40bdb.apk	2014-02-24	0.2143	0	0.0714	0.7143	0.7143	0	0
2e184c719bb72d9e034736ba781413920a68902e1f3c072827573057bce2f1dd.apk	2014-03-19	0	0	1	0	0	1	0
2e7844a700a10694e8cf21b5b5b52101e2b7b5c76d109c15e632f1de4efed352.apk	2014-02-24	0	0	0	0	0	0	0
2e7ea211316bca6b308d40a37a0f2201cb86866498cb2438da15681760d70105.apk	2014-03-19	0	0	0	0	0	0	0
2e9b00af3a28c05ce8c7e9a603b638d1a52032cb7b04407086504deb7fdf2d27.apk	2014-03-18	0.5	0	0	0.5	0	0.5	0
2f7efb1e345c78f41d449ef4c264c25a56b8cbb0286626912d229b2d4e402dff.apk	2014-02-26	1	0	0	0	0	0.7826	0
2fbbe31be65aecfc88bf9f321f128f28280ae7dc26117a0ac2c179d9c7521d94.apk	2014-03-05	0	0	0	0	0	0	0
2ff841749d541b871f1180c86a72498432689ea1b9240ffe244ec7f0269d8125.apk	2014-02-02	0	0	1	0	0	0	0
3167ee78248c7a43564e3c46b0f362815bc15a1f52aae9fd4a11c07bb7f68371.apk	2014-02-11	0	0	0	0	0	0	0
31fbfd0c6104170543940227ee6c8e503db5f21ea43fe45c189776e8c9c7f899.apk	2014-03-06	0	0	0	1	0	0	0
3221b556f33addd8495896debc7e78c7c1a79220b8c39a110916d3155cc387ab.apk	2014-02-26	0	0	0	1	0	0	0
32b3e1bd6b237325ddffe81bf52dd9bfe5103fd6f5f4a2d1d996dfb11300d669.apk	2014-03-18	0	0	1	0	0	0	0
32b7b3e341b14d560dffea6166706dbdbaed0c12b57d38e4416ccef01cb69a28.apk	2014-02-11	0.8	0	0	0.2	0.1	0.6	0
33515ed080a2eb9735913eab85df3a07fda0ecd68e30fe7944589b21058be9f9.apk	2014-03-05	0.7143	0	0.1429	0.1429	0	0.2857	0
336ea09699783e4a4c4b4b7f8703089e24515ce483b86deb189e094c7d36c751.apk	2014-03-22	1	0	0	0	0	0	0
3413f5ff0be3783bc9e7928398fbac94ec39ee3f4a9b05d6deedb26a9926f58f.apk	2014-03-21	0	0	1	0	0	0	0
3438bf3c29a2bfc5b38b70a435db70adf26c838e269e1a551fee778867825dc3.apk	2014-03-06	0	0	1	0	0	0	0
34590ac75f9ddf84f51359629584dc46bf454c129ab0ba7e22acc9140072ac82.apk	2014-02-26	0	0	0	0	0	0	0
34b49e89018295a7fc836bebeca49445e5d8d3b1130fc5ded5ffd50e0d6c215e.apk	2014-03-20	0	0	1	0	0	0	0
352945e3fb5850e56643cb8c1ede0b62157a33a0667b1a25be8fd1adf8769683.apk	2014-01-30	0	0	0	0	0	0	0
35823fed8c0dea8d92f8297a9bd67931c85f47374ca811070968e32589912324.apk	2014-02-24	0	0	0.25	0.75	0	0.25	0
35bf2269e36257ee6ddfe251b8f30196621d262f877fe93b2f432c0c7ae8b5a1.apk	2014-01-30	0	0	0	0	0	0	0
363927081cec60c0856646a38d9b3b254adb8414340633e187f78be9efef385a.apk	2014-01-29	0	0	0	1	1	0	0
364c48000758782ce8b2cb8c55490d95e002341f374258af1b457d1ed72ec6f8.apk	2014-03-05	0	0	1	0	0	0.3143	0
3676806095d6c85e0f889c67736e063c16c7e978896e44bc211c070e87b5b928.apk	2014-01-24	0	0	0	0	0	0	0
36949550844dad1aa1c3479ab8f5b280c472e1636f4deb8959472d1a7db743d4.apk	2014-01-18	0	0	0	1	0	1	0
370c7f00fbfdb85868775ac7591bdd441c75ef6021127984a9c3990e00eeea0b.apk	2014-03-05	0	0	0	0	0	0	0
37836cf9e9f4ff6ff5677f454ec7229977f5c21ce17f334518821aac475c080a.apk	2014-02-08	0	0	1	0	0	0	0
3784fbc542e4993b31f01f7469a487c54a90f0f239f777a66b1f6a61f0b0cc6d.apk	2014-03-10	0	0	0	1	0	0	0
378eee331de67cbfbd9130988a64d3c53c72798b24d5348d5d3c23e75cb408b5.apk	2014-03-05	0	0	0	0	0	0	0
37c62c91047eb922acf7230a3462c648a1a08e9e3c3103f9335f0437ea417e4a.apk	2014-03-18	0	0	1	0	0	0	0
37f3fedf4d760be78b29c2ece4dc21dcca2dae28bb5c09c3326104603bbefc62.apk	2014-03-21	0.875	0	0	0.125	0.0417	0.2917	0
3827fe9dda62611073c870c6ead47c9b22fec0f3a16dba94d6f651194718dec7.apk	2014-03-13	0	0	0	0	0	0	0
3857c018d216530360164d9be53b509f10b8ea6c1cf79c3ceece08f1f5465e54.apk	2014-02-24	0.3333	0	0.2963	0.3704	0	0.9259	0
387d560003c06abd1f8349537e1f9844579d0a09b690255d4ae14c0489c5cfca.apk	2014-01-09	0	0	0	0	0	0	0
38c63f9e4fb3c2df6085ae66f65cbb023bd56d516d71f1e47166eebc923d12fb.apk	2014-03-10	0	0	0	0	0	0	0
38f53a03dff4fa4d0749a8288111c097c68c1b810257da9c5620b9dd297a89c3.apk	2014-02-26	0	0	0	0	0	0	0
3a1ed6acf710d66fd702688749c460a6142483e2c3e1d78b4205a5a3f4e8e7f5.apk	2014-03-14	0	0	1	0	0	0.6	0
3a84f4a11f0623dc24d8fc075094840bf36ec06fb357ea1bc2087a0f230cf33f.apk	2014-02-26	0	0	0.6	0.4	0	0.6	0
3b05efc0709d9edeab16f48c32b0053e1484817483ba6c35242549c79bf32e02.apk	2014-02-24	0	0	0	0	0	0	0
3b59c1a24c8aa068a7e2dcef4cc538b215dc0cfc7505058244a822c68a293165.apk	2014-03-13	0	0	0	0	0	0	0
3b8b2a88751811dd0686c22f748ae9e735c4304f98f61494dafc881ca69a7e66.apk	2014-02-27	0	0	1	0	0	0	0
3c4347947fae88e788e9c23f229ecb4bc2d69aa6b368169dab8596c1ea01c306.apk	2014-01-24	0	0	0	0	0	0	0
3c656c483db50498dfef0ea0f0012659161f04fbf724a4d9b3613f5a56879112.apk	2014-03-18	0	0	1	0	0	0.5	0
3ca0fe0891aba1770af455822a76be21694122ef71f99dc9aab13b1b0fa81064.apk	2014-03-05	0.5	0.2857	0	0.2143	0	0.7857	0.2143
3ceff8400571a979d320b2a895ab95bc2969dbe6556082117325be8ef500e0a2.apk	2014-01-31	0	0	0	0	0	0	0
3cf4995f657338039cb1fbfc3a0ed9770e9f3eb6a0f6cc3a77b288d6b3536ea3.apk	2014-03-15	1	0	0	0	0	0.7692	0
3d36e865b282a79e6242977219ff4bdc08a2fc457f548038d5191593ef3b5c7d.apk	2014-03-10	0.8136	0	0	0.1864	0	0.322	0
3dd30af9ae48c8f8c8d2a211a4c0de60a41f2562755e2aa825d44de6acad16fd.apk	2014-01-24	0	0	0	0	0	0	0
3ddd858589d6dc6fdf127513493d0e706decf301b4b7cf6780d562750767ca54.apk	2014-02-23	1	0	0	0	0	1	0
3dfea7d47c5345b4e2aa073775189eced4a73050542532c7b2eab9525aab7434.apk	2014-03-05	0	0	0	0	0	0	0
3e19ca1f94ce5c4e3a642c9c587a5ced636f2f43c22377df3f282f8206bd681f.apk	2014-02-24	0	0	0.75	0.25	0	0.5	0
3e5f67817a57633b9a23cfd4cb13da30a66c6c7d6f22e21adc5f66612ffc3e71.apk	2014-02-27	0	0	1	0	0	0	0
3eb358850cf7025a997b5553c22a9c5cf036d2ffd5737c72ed92f911c8be4709.apk	2014-02-06	0	0	1	0	0	0	0
3ece2247b224c95ec0c172c6aed6280bffe3ae6ccc7889fd85b92f86c24f330a.apk	2014-03-19	0	0	0	0	0	0	0
3f1068afe9d8567e59a7136b5d1aa8eafb31bac1dab3e282b5af1beaf98bb12a.apk	2014-01-27	0	0	1	0	0	0	0
3f32368ef8439d49e4fc0ca7a60fe7980d32635640929f5bc46a505d15a9ac11.apk	2014-03-02	0	0	0	0	0	0	0
40207eae3681e7e734e295962af6db5337e4da410148fca4895cc02ff91620c5.apk	2014-03-05	0	0	0	0	0	0	0
40ef30d25b4a8a7de8b06c2372c32462f1eac890dbe7bfe039593f1b7341eaa2.apk	2014-02-26	1	0	0	0	0	0.1818	0
4112eac3126fa5da0d1c0a2c39009471b8f1afa6e60854e1907f798b3134b110.apk	2014-03-06	0	0	1	0	0	0	0
41a07ad6ffe961fa14392d56ae08c167752b91f0d8c9e7ebe07cacd3f7fd346d.apk	2014-01-03	0	0	0	0	0	0	0
4277df5676e3c0940f584a91538df1542e7747fa62e39b84ae66663ae70ef51c.apk	2014-02-09	0	0	1	0	0	0	0
42f5dec8909c4024a85b78a229d9b820153beea0ccb10dbdbd20c884b1ec56e0.apk	2014-02-11	0	0	0	0	0	0	0
4321378f9e41516358dc7d5a78090a9c48b6187d7860df3097d2fd243805e7f2.apk	2014-01-29	0	0	0	0	0	0	0
43b73bef789ea01ee0ff9d1e0c802cee72c26764d0997a5572aced6f5ef3b31c.apk	2014-03-05	0	0	1	0	0	0	0
44f2fd26ec9b45c4df03b93dfbbeaf8b5ede4ff24e9b353de0958ea8ec2f33b9.apk	2014-02-27	1	0	0	0	0	1	0
456d51d1a168b816bf70daccf759ff0e5bea2baa5805db20514bd02cc198f900.apk	2014-02-21	0	0	0	0	0	0	0
45db24d317778c703191028c137c74f64f0e95b51e73df802af86fb8e6315059.apk	2014-02-18	0	0	0	0	0	0	0
45e68a137f7755b6297358639d1de4db1c3168da5aac12847a96bc9f3313994e.apk	2014-03-21	0	0	0	0	0	0	0
462832fd52212ee6f16d0492969a67fa9b14cef0c450f67eeec3611a0ae45d19.apk	2014-03-05	0	0	0	0	0	0	0
468de5e7a7ca6a40f623f1bef570860a22556fc01a06ae6aff5695aa0a461d9f.apk	2014-03-03	0	0	0	0	0	0	0
47369c5e6313b6c3f6d02b320f9d43dfdb5bf7c4e51ecf908bb0261f1642e764.apk	2014-03-05	0	0	0	0	0	0	0
477d961034c60e58de43f07eb5ba618711074dbabaa32a57f49e088bf2cf182d.apk	2014-03-03	0	0	0	0	0	0	0
477f0bb0b6b0293196ecab863217019803c7fcbd03b6da5de0d134d0fad87437.apk	2014-01-14	0	0	0	0	0	0	0
481efaaa04f0fa0d2a439d175e9fa2058ee59b967497837edab426a752ae491c.apk	2014-02-26	0	0	1	0	0	0	0
48352780b91897433ef3712cd72cf2b7d61e90d2b183b5400f34eb8f0a49cef4.apk	2014-02-27	1	0	0	0	0	0	0
4855154e904a82653dce253bf87b3a2f02e6ce638afb0342c16ec25c4bf9dd7f.apk	2014-02-11	0	0	0	0	0	0	0
49d90b4b1417d0b756082d6f6b2ce2160cd7263f6d9387bdd4fd0c8e8e2857cc.apk	2014-02-24	1	0	0	0	0	0	0
4a157844136e6774e11ec24ab5e1fa1fb66e5f8c9cd0d85b90c384e8982ebab4.apk	2014-02-26	1	0	0	0	0	0	0
4a3c457ba2004314274b4bf5ef19683d01fb567f0b7625cd2d6b523e03233711.apk	2014-01-24	0	0	1	0	0	0	0
4a8a655fc3b5ef1b5dc92e6fa74943ae32d0a6c871cdfedf313edbf6cd735d91.apk	2014-02-26	0	0	0	0	0	0	0
4bf37557e0b23e09413dc65ef30a73c048265348b744706ba10698fe2e810d05.apk	2014-02-27	0.8	0	0	0.2	0	0.2	0
4c5ce427c160d5729743b3dca54937fd508a9d70bec83568fdd4e6d3f5f1260d.apk	2014-03-14	1	0	0	0	0	0.8269	0
4cf25499cf1cc6b969acb4c35c39988dacfdecf550413aff683b64ff972c5c5b.apk	2014-03-05	0	0	0	0	0	0	0
4d15169fa11e66c465ac06afa2af171184609668a6851e71185814518f4a6dc3.apk	2014-02-11	0	0	0	0	0	0	0
4d7fd13b8f63b390e9d240a7fc841583df54b54d8dc2dae364151e3bc7685b40.apk	2014-02-25	1	0	0	0	0	1	0
4d954fb91c5f5aecdec90b08fdaa1275ec444c3557c78e063d8451cb42331345.apk	2014-02-27	0	0	0	0	0	0	0
4d977241e38159b1fb1d9306bebe8b8e5801bedde374205eff1007acc1b417f5.apk	2014-02-26	0	0	1	0	0	0	0
4db7c95a42bef98f9fcfb6d68b1412f75f898d9400ad8bdb9485129890f1b09c.apk	2014-02-11	0	0	1	0	0	0.8571	0
4e35fc33a56a0ac80aa7d71f0a192e0fc342701d7feaa634625067bf98d8ea0e.apk	2014-02-11	0	0	0	0	0	0	0
4e49a5b9c7ba2fc6fedc55ecd1585d690d038d8214c346f3d48dc1f6806f35ad.apk	2014-02-11	0	0	0	0	0	0	0
4e615ce3ed34061bd16f36970772b590862b5552a4d60ac9f026ef7f2ca53ddf.apk	2014-01-06	0	0	1	0	0	0	0
4e7a2da0800a110e98abe85da5896cb9a385378f392d873c4c1aec67ce1e9a92.apk	2014-02-24	0	0	0	0	0	0	0
4e89d80aaba157aacd060a3c5480820a3bc9f83f556a21ebd3724f10b0615524.apk	2014-02-26	0.75	0	0.125	0.125	0	1	0
4e8f7454e9bc59f279da1511ec6e0e2232756c37f9513b847cf736768ee76d6f.apk	2014-01-30	0	0	0	0	0	0	0
503e5823a4e874ebc2fa50ec17abaf83024831f0845699c943903e24fd2142e2.apk	2014-02-27	0	0	0	0	0	0	0
505ffb7126a41d1db78b976c5c987d220d329ce752da708b00bfe1552d380d46.apk	2014-03-05	1	0	0	0	0	0	0
50f6cf812f5026d01d43e9baf67e0e068d49424d25788fbf341a1f73a61de2e4.apk	2014-01-27	0.7333	0	0	0.2667	0.1333	0.4667	0
513592f3be7702f545b27b02518fbca260e781ae8e6c1151bb309ccc044958a4.apk	2014-02-10	0	0	0	0	0	0	0
5143d57286d89ab852a1f6ea608478cca145f50be6af4d7c339c0affed4acc7b.apk	2014-03-20	0	0	1	0	0	0.8571	0
51b95f1f70486ef795fc7d568b869960aa402b9aaf0c0d6ff85bf8c155679c3b.apk	2014-01-14	0	0	1	0	0	0	0
5240f3eeb7e8e728497d4b997dea9354555a18323a24d1e61cd67dd49c90088e.apk	2014-01-30	0	0	0	0	0	0	0
52ae80993f2628840c414f1d3a04883d45c5a0a1392f3216f94ff03825a3e53a.apk	2014-01-16	0	0	1	0	0	0	0
541edef50244662e7abf4aa2a4dbeb3bb69482bf0a7f2af9cebd648155c3f9b2.apk	2014-03-05	1	0	0	0	0	0.4	0
5464cbd210298c1e2bcef35ae2ab3f4d5f1c20657d08f9fb15f5362b50461a65.apk	2014-02-11	0.2	0	0.8	0	0	0.2	0
556ac3a3852a49cdd7dc3093a55cd24ead62e42eeda0a23405b2d93cd91ee929.apk	2014-03-15	0	0	0	0	0	0	0
55a93cdf584f2376157c7604b9b86048ca99afe4eb46c134da4b74a5e1bb4a92.apk	2014-03-03	0	0	0	0	0	0	0
56b906b7a83d4b7d2fe21aa02b17a991cd1ccd6a4e2d1c73660399c85b9dc673.apk	2014-03-08	1	0	0	0	0	0.9773	0
56bd4c3e1b84643d5ec66b18d6d2e4a6008ca61e72d6f0e66ebe2e1ea531c12f.apk	2014-03-05	0	0	0.4891	0.5109	0	0.413	0
5773d566e2ba7c0a7a06f75e7823c871436565b8259451d658afabd83f7cfc87.apk	2014-03-05	1	0	0	0	0	0.8182	0
57836a033859299ddd46c3d63255dfb1ba54e339071a2d29346f42f71b846694.apk	2014-01-24	0	0	0	0	0	0	0
57fa8eab322352c7598cf945e6972109fe6fc985dbeb53e92de0a4a0989a192b.apk	2014-02-11	0	0	0	0	0	0	0
5886dbe32bdf393f2bfb27949184f1b1901e30cd5dbd8cd178e5cde60210b23c.apk	2014-03-10	0	0	0	0	0	0	0
5898e179aadd790d3ab8529fafa9f1d9c60c8b5988ecb4df79c3ed37114f7d60.apk	2014-02-25	0	0	0	0	0	0	0
58a21de6e861daf8b252c1edcf23a547d041f147ee81e604b197ddb0ea9b61e7.apk	2014-02-11	1	0	0	0	0	1	0
597659779930fbb8cf6d397cfe06ad91bc8046fb3d4ffe65e924d71ca4dd824a.apk	2014-03-05	0.9041	0	0.0959	0	0	0	0
59a261a2113ffefbda978383409c60905f2f95b156af3b8f08a430a64edffbbf.apk	2014-02-15	0	0	0	0	0	0	0
59a9a29601487e8222bbd98c1ad22b3aa5e63f09d75424a9af86b0b0c5a9ddc7.apk	2014-02-11	0	0	0	0	0	0	0
59ae418bfa3d830dce69e7ba93d90cb997cc2eb76d981e19f643d06a1d3d4fcf.apk	2014-01-30	0	0	0	0	0	0	0
5a297fe955b747381bade7db729e0b98397605fd10fd41cd4b58ce4a9e498793.apk	2014-02-10	0	0	0	0	0	0	0
5ad048ce9aeabd62088de2e8038f1540762049d64749e3a953928c2dc88e7922.apk	2014-02-26	0	0	1	0	0	0	0
5aeed5af36fffbffc8620046fe76f4c3abb8b7e3d2474feb95beca01d495b5bf.apk	2014-01-01	0	0	1	0	0	0	0
5b2fb5627d1f48f3fdb40e4186cef5dc421818364d62ef259c86ad424fe698f9.apk	2014-02-11	1	0	0	0	0	0	0
5b439d5151054a5aac6585b06ee8cd7ea4b1b648690cb5053786aa836d285ea8.apk	2014-02-24	0	0	0	0	0	0	0
5b683dfa182304ed8ad8c69bc82c6811abc6cfdf9f5b5804e899e5ef4dcbfabe.apk	2014-02-24	1	0	0	0	0	0.2222	0
5b96e00b0dcc85f9983195793ef7a6af459c474f7118c897e62592c9acb85257.apk	2014-02-19	0	0	0	0	0	0	0
5ba4ca17070b8ab8761c3a70f4618baee56b3327113895b85520aea3987633b1.apk	2014-02-11	0	0	0	0	0	0	0
5c99a64cd5e2891e91649c4ed097f377bde4d78b2c8a1264a8090b90fe16b2ab.apk	2014-03-06	0	0	1	0	0	0	0
5cd89b0a884cd4b36f36660ec0c5c54b086221551100b8f426b7ac2d5e75a143.apk	2014-03-04	1	0	0	0	0	0.875	0
5cdccb96e0d7c7ccd6da32bd82cd7d8f1d822546d575efaf27290436939c07e0.apk	2014-03-19	0	0	0	0	0	0	0
5d425920b478bf1effdcc7a48b6f9a1d3fa5f2a796e4afdd09836646279f8ba3.apk	2014-02-27	0	0	0.6389	0.3611	0	0	0
5d599b61cc83a7667d7b02f2bbdfc5456e5eddc0c5554edd3ecd72637c4658fa.apk	2014-02-25	1	0	0	0	0	1	0
5d5bbfd406b2985c90948a2779822de5b76368380c2671c9ebdc099b0ce19dd5.apk	2014-02-01	0	0	0	0	0	0	0
5da7402a3d70ac149cef42b6019ce8d8982e2660d16f1ee1775c2855c0cd09df.apk	2014-02-26	0	0	1	0	0	0	0
5dc1cd905a5495c6484872587183a525f714e74f5b4cc25d9b7388b9558c806e.apk	2014-02-11	0	0	0	1	0	1	0
5e7a820de84b19cf5d0f7523a7276fcd1da539fcda111a11b815b54827fd1c9f.apk	2014-02-01	0	0	0	0	0	0	0
5ec2b866c2d5bb120cfc5f102dc316c1d7c6ea1d446ed11d03bbc3691dfb7a14.apk	2014-03-08	0	0	1	0	0	0	0
5ef2f10b38fd30b3e7fb46e01b52deb034bfc90177cbf073b2a034d2b4ec93c5.apk	2014-03-21	0.913	0	0	0.087	0	0.3478	0
5f9a55faa157bf80bd7ef3242ffa600e64b7616b24543814dd64584280b14447.apk	2014-02-19	0	0	0	0	0	0	0
5fcaad874989bba885a26bea0f4fd0cb5e7a07dae60d967d383e7118305686d1.apk	2014-02-24	0	0	0	0	0	0	0
60b82ab810f417c7cdf817b5e7f33c05bf4ae6b77f710f274134b139ab0b46aa.apk	2014-02-11	0	0	0	0	0	0	0
60e449e2c823e32b786ffd80d527dd5e5c0bdb4413ef655cd3b23b412da81349.apk	2014-02-26	0	0	1	0	0	0	0
61678a1cb4a4d4b474199605bf3d68e8f45fc346aaabb72fb4b984d091eda6af.apk	2014-02-11	1	0	0	0	0	0	0
6170fbb37019748f92ea3ea0628469131a11720b3fe7ddda7c033a7775ddd4c6.apk	2014-01-06	0	0	0	0	0	0	0
61ae7152bfee38cf850ea3c04b34a706e0e3cc549b17f436a3394df2beaab61f.apk	2014-02-24	0	0	0	0	0	0	0
61e062dcbd367a4c2b386ed82962e196821cc6c3d067b35316c632d0300e91cd.apk	2014-03-02	0	0	1	0	0	0	0
626b9dd930cfb934f2ac6a28d0fcdc9627352432f857c120d90c3e1ba8b6e791.apk	2014-02-26	0	0	0	0	0	0	0
62dc5f03c134f1eb09a8a0ce721079ba87cefb925e11056764a7c3ce835bfde4.apk	2014-03-05	0	0	1	0	0	0	0
642436640493cdb4877fd33d6db2081af45ac17b984bb1019397eb4df9fa52ad.apk	2014-02-11	0	0	0	0	0	0	0
644cda6098e73db45ed3e22703d53b84bb07f64a31441be8b302153f46b4c8e9.apk	2014-03-19	0	0	0	0	0	0	0
644f2b8db01293d8a9173034caac1c37000cfa31324867f2d409d0ed1e72a7fd.apk	2014-02-18	0	0	0	0	0	0	0
64ae1092c39bc454b03ba4eb1090ec5cf2ed80e5f15f3445f1c68a14821c8cd2.apk	2014-03-06	0	0	0	0	0	0	0
64b6f6b1a3f9221aa6072d59030e2dd0ec60a4512c29c0c2bf6830e02d4b7e90.apk	2014-02-26	0	0	0	0	0	0	0
64c4ecb46c5a312933d471ecf54a508d3c64f71170585413ada5e64de157481f.apk	2014-01-30	0	0	0	0	0	0	0
64ee0dc20b2750b222551a8fa2c3e8f937a3b44903eaff17e50a339664d62071.apk	2014-02-26	0	0	0	0	0	0	0
6547211954d5c348985944022172429c3b0a910e0cdb3b4d11ec46fdc15d6edb.apk	2014-03-18	0	0	0	0	0	0	0
657519b9abc5f516fbb20bd66d3502398b74880f26c3ef1f0cbf636ec045d8f3.apk	2014-02-11	0	0	0	0	0	0	0
66a81a944faeb3853216090fcaeef49689c36a10643edee4efdbd819e99f6770.apk	2014-03-05	0	0	1	0	0	0	0
66b3d58322c9aeb595caff11b5858296823c8cfc5e6d495d6a03c746e57f1466.apk	2014-03-03	0	0	0	0	0	0	0
66cbf269bdb442ce318d7fa843e1424190204cd0308acfb28b4ca0a6b965ed30.apk	2014-02-08	0	0	1	0	0	0	0
681d071a036c8a9ad691e6d381107b83d72aec188f98b001b0b35ee4e20bd91f.apk	2014-03-05	0	0	0	0	0	0	0
68eeb301e8353f6e25fbaf5c25cbca44763d706cb37bc42e63ba0d461a8852d9.apk	2014-02-27	0	0	0	0	0	0	0
693f9a2287eebf18ad6d262f514acf600e93073f48813c19183bdfd36fd42b4b.apk	2014-02-11	0	0	0	0	0	0	0
69e7bab43af3bb54202f1f8fcea5b17a2fb6528bbe5f942eb6c86fca04fe5d45.apk	2014-02-16	0.8571	0	0	0.1429	0	0.2857	0
6a4d2361511d74097679887b77535a14eadc10d505871bad7f7474fe74eb6b4f.apk	2014-03-21	0	0	0	0	0	0	0
6a59cdfefdc77efe385002e13b4dfb0595020c506c06fb0261e0be911479792e.apk	2014-02-11	1	0	0	0	0	0.7576	0
6aa958e20d0ec153874f4c43d085d6c5b212f1405f937e422f51b92fcdd03234.apk	2014-01-29	0	0	0	0	0	0	0
6b330e4fdafe187af677f6d820fcaf482a3df00672d8823184db7bae0e27ea48.apk	2014-03-11	0	0	0	0	0	0	0
6c0801a7b86a26d2cb225b94d9d34860db64728ca610b9517ee5891aeef14553.apk	2014-02-02	0	0	0	0	0	0	0
6c59d80823aa0be27a486d79496318cde101ed316d79248b319a41fcb1bb8aac.apk	2014-02-11	0	0	1	0	0	1	0
6c8066341b311c241d7bba7aa1790bb75377e9194389cad02ef93150a6d590b5.apk	2014-03-18	0.25	0	0	0.75	0	0.25	0
6cb072b79b0ca9bd4e78c9e191281c40bf7c699d81972aa7c0869123dc5573ba.apk	2014-01-06	0.8182	0	0	0.1818	0	0.0909	0
6cf769e5a28be66a80ec0c292fd800945e272f2f8581e61f187dd9ed320c4cfd.apk	2014-03-05	0	0	1	0	0	0	0
6e082396b6d92ae8f1b363d2a94a6d339ad56b4984ecaa3325f36bfc8f3689dc.apk	2014-02-27	0	0	0	0	0	0	0
6e8d342a1518dee9a307ee0682e559a4c317ed37922319b7ae05fc237d9f02e4.apk	2014-02-24	0	0	0	0	0	0	0
6ecb35fc75d446d2a59a79aeb6aa889fc213b3ca9d27226fc11d9a8d0e2b104f.apk	2014-03-10	0	0	0.3333	0.6667	0	0.4444	0
6f49818be3d0dac4950b4cf8836b10f864bc5f9be87bee5cab85e692d107af22.apk	2014-02-27	0.5278	0	0.1944	0.2778	0.0278	0.6944	0
6f894fc7b4f83b8ce129c84aacd908b19f4b7c3949d4b691380493c0f14889bb.apk	2014-03-16	0	0	0	0	0	0	0
6fc26c345232020048c50ac630a81fdf9bbc5916c4a137d1088f9ce2b7ab5dce.apk	2014-02-11	0	0	1	0	0	0	0
6fed8ab74ab213f6a7687493d2d2ed1847e9bea4814115bbebc48a87f198834d.apk	2014-03-19	0	0	0	0	0	0	0
705e801297017e5a577e1003a4663ba7b40baa4be37783e9b9784899820b6509.apk	2014-02-26	0	0	0	0	0	0	0
70db711cde43d9361323c56cef89ff5dfced5b2bf8dd7bd3d0ef70754e2ca894.apk	2014-03-05	0.3235	0	0.6765	0	0	0	0.3235
70f7d630ffab11d0a56ac9482ab61f5ac866ce61ce4effc772bcd272b49a721a.apk	2014-03-17	0	0	0	0	0	0	0
71366c824d6e66bdd388d5b9dfa5d7b6ec20faed0d358d9ea262aa6794420d11.apk	2014-03-02	0	0	1	0	0	1	0
7175e722bf7969b86d1812f5b8d151e42e8df8efea747a22deaf81eb72ea69b3.apk	2014-03-16	0	0	0	0	0	0	0
71b037f14a408f80df16e8b940c38b74371491911f1975608ed403e9f75b5e7a.apk	2014-01-24	0	0	0	0	0	0	0
71bcb97afae9b2444fb4d0af042fe6f9c8f36f3fa548ade4dc28b4a59f2ea350.apk	2014-01-02	0	0	0	0	0	0	0
71c1013b7c876cd9503f5b86716e34b19a00d5c6c3c937135ab2cb0b786a8374.apk	2014-02-09	0	0	1	0	0	0	0
72ef054646993a8e47ce7de9f831d0db0510439302fc73c3edf23bd6dfe05885.apk	2014-03-05	0.1905	0	0.5238	0.2857	0.1905	0	0
742a14304fdd1658a8469a26ff3fda9c6b41ee07522ef2fa73971f16afb31b31.apk	2014-03-03	0	0	0	0	0	0	0
746ad0b5a1b0cc684c08f3900496871d98b9d4332569b4cb5cd390382aece7b5.apk	2014-02-24	0	0	0	0	0	0	0
74a584b395bb5e25fa3131b6949ffdfe71b9a8a5f564944ecf46f1230b078ef5.apk	2014-02-25	1	0	0	0	0	1	0
75a1c49d304b21fe8b394afb0cde55aede6b002e0690941349f0c7128b9e8e3f.apk	2014-02-25	0	0	0	1	0	0	0
7695d1e080f02f55e89c7909312dca39c88dfa30d59362d9a2dda0d3c8c9c411.apk	2014-02-26	1	0	0	0	0	0.3	0
76a172fc54ffdc91b44a6a03b1860c69a7b8e14166f937c2376fcc53384de083.apk	2014-03-21	0	0	0	1	0	1	0
76f0712575997326a175c1e837b7ff6d0846fa2613e259f6434a1f04a8d8bda0.apk	2014-03-10	0	0	0	0	0	0	0
77437b289055ed594e8c28a318ae0e6b9a03ce48d81135807814dbceaf6f4750.apk	2014-03-10	0	0	0	0	0	0	0
777b75c4e26cd0cbe7109d06ba241fd524c98de3ed69bf4f12ddd9a3052b796e.apk	2014-01-30	1	0	0	0	0	0	0
777bf269103de55d2d8013065158a62fe524088ecd0725dfe917f5035f7d428c.apk	2014-01-09	0	0	0.3333	0.6667	0	0.5556	0
77c57468c9857c20c69dedec214845f6e13f53bd8ff486b58b10df7629b45a05.apk	2014-03-10	0	0	0	0	0	0	0
782df26ce3654ff5c972a106ff5e17881d0766547fc6ab0febe6fcf594c9054a.apk	2014-02-11	0	0	0	0	0	0	0
783930f29f37d5e4c2661665f08f087d0c265fa3bbd471abfcc002b229540475.apk	2014-01-16	0	0	1	0	0	0	0
7859bc790319d7ae9a48a876446fa5ff9ce7298f771cb8d3fc0393916eeb11ba.apk	2014-01-27	0	0	1	0	0	0	0
789aa5136c80899f50777a88a338f199a9e6957059a947eea5c2e32232bc5e69.apk	2014-01-24	0	0	0	0	0	0	0
78a108d27fba8d01864a97df9406944e4d16945c430032ad2e5b01244470ee8e.apk	2014-03-06	0	0	0	0	0	0	0
78a467bc169275f92326a2e4f4770c8dfb9c23d9848d607a3381da0ed0e19cb5.apk	2014-01-27	0	0	0	0	0	0	0
78a73c92555b572a80cfdfa83479fd79c639e4915491d66ac5b5a822db5432ef.apk	2014-03-20	0	0	0	1	0	0.8889	0
78ade6608551c11f79b34db854fc5d0393fceebd766ca02af428cf756e2a3975.apk	2014-03-10	0	0	0	0	0	0	0
78b546cb4ae4edece19917c5da37af14d0e94dcfc5333e3d328cdd96bbfc0346.apk	2014-02-25	0	0	0	1	0	0	0
795ecf75bde868af8f8d5c4bd05b5718fb458523073544ac7726ba3a54769636.apk	2014-03-18	0	0	0	0	0	0	0
79b33d0535dafe74426c6b971c6efdda0673198ec9c27328f9c2109141eee4fd.apk	2014-01-31	0	0	0.5	0.5	0.3333	0.1667	0
7a56e09bd8074d6bcd6dc3252b73461eb1f59ace124d3958ca3c6d523c41c618.apk	2014-03-06	0	0	0	1	0	0	0
7b8e706facfe975912cf832dc74eb5694b81abbf2778ca676d800e3b3cafa8dd.apk	2014-01-03	1	0	0	0	0	1	0
7bafceb8c9f938b9ce1cc64da31fde8f0a9b649f566adaff02af15034bd15788.apk	2014-01-29	0	0	0	1	1	0	0
7c17137e56e149d5e76096df714c9dcd49ed016dac946ffcde69db4865c8c4e5.apk	2014-02-26	0	0	0	0	0	0	0
7c1a390f4e462536e3b524ebc07c4636dc08287f45b668ffb1ec70fb105a1038.apk	2014-01-30	0	0	0	0	0	0	0
7c2d5fc9d57991b1170a937121e7aac0ec691dddaee4a330410e82adb02db94c.apk	2014-03-04	0	0	0	0	0	0	0
7c345a0c0b0ace4376f2f57feeba8e0d6df03ac0e27ce9e9b27d262618a05c1f.apk	2014-03-05	0	0	1	0	0	0	0
7c8da0b6983ea8bdd4ae89acbe2a671b8054456dba52618a4e40d16bb043efd9.apk	2014-03-16	0	0	0	0	0	0	0
7ca40ed78f161ef398cdf6ac7012046a2a26d7dd9ea99e079eacb4a7aae676aa.apk	2014-02-25	1	0	0	0	0	1	0
7ccdd846e95957595fd6d3d113085dbd7e0f74b58911aab1ae417ebf5c267002.apk	2014-03-22	0	0	0	0	0	0	0
7d671ca1a8d5ede6f2d16f9a5e224805189e3b9f544862a04647c28233b5e928.apk	2014-02-26	0	0	0	0	0	0	0
7daada4dd885b5ef1b737aa9273c112e6ff9e0c1be712f1f7e035a4aa2356e43.apk	2014-03-18	0	0	0	0	0	0	0
7deb094a169adcda572ae445c4f11c1c77f46e85e5426c3938068acc6cfd445f.apk	2014-02-27	0	0	1	0	0	0	0
7e2c70a683817e1b20bd4cdc8019e5402ea0c39663fa2931a0f35d75119cf77f.apk	2014-03-10	0	0	0	0	0	0	0
7e6d7565b10fca13c67f1aac4c896f623e75b32289e135d36f5acc0ca27c3121.apk	2014-01-27	0	0	0.8947	0.1053	0	0.8158	0
7efe39901360767978ade0bf32f023f0425f725e06da3e8e805dff1a7d1cd552.apk	2014-02-26	0	0	0	0	0	0	0
7f0b7867aaa6c1ea1cdc7794d5cb15306c1a5908111bba3f6734d2d144cc2d00.apk	2014-02-24	0	0	1	0	0	0	0
7f2b457d5204e4e349806b5dded417ff1b159d07c75dbcf75b4146593aa35a5f.apk	2014-03-05	1	0	0	0	0	0.6667	0
7f2e18f54859ed19461ee1478a990b699ef3336c319694dca60299f8bd926e77.apk	2014-02-26	0	0	0	0	0	0	0
7f2f67cf7c361090eb8981e70849d3067c9c582ae2171d269a6d25f1402c7eb5.apk	2014-02-26	0.4889	0	0.4889	0.0222	0	0.0444	0
7f875dacf90fa0373fc567c78cf653e64b4e7dfe69a6309224495556a78abe7c.apk	2014-02-11	0	0	1	0	0	0	0
7fe538f4fd2ac05c3998c2c13560c0b60cc68cbd6395af3ad686a24a8056de08.apk	2014-03-05	0	0	1	0	0	0	0
7ff70a01d2c73ddb898deb96a3c02d3ed462258aa79382e271eeb070ea170593.apk	2014-01-29	0	0	0	0	0	0	0
8007e32b52f94feeaf72baaafec99ac895626ac17ef0c0f72de2de7b5c329fb6.apk	2014-03-10	0	0	0	0	0	0	0
80d55ac84e1b3028916941b5e2ad2185b43a41e015e94862f54495a4c7b54271.apk	2014-01-10	0	0	0	0	0	0	0
822d2cfd7c40fee5381a5a95cf7eac6e3159fd8c35c4141d6e5d0d0e679223c0.apk	2014-02-27	0	0	1	0	0	0.5	0
8291b9e4da9ca8412317acba48f1c838cde1be7661b18fc3bf344aecb8269ac7.apk	2014-03-02	0	0	0	0	0	0	0
833c50cbd29ac02a26db727d6ff46d8a050834dcbdb2347780aa11103f0e8372.apk	2014-02-25	1	0	0	0	0	1	0
83e638e59ca3d18ffbc9a9797fcfc811511d3749cb2827c730828113b61a32c0.apk	2014-03-02	0	0	1	0	0	0	0
83fc2b8fce7fba3c9628d14edf20bdadd7952092afad82d71741aab3563d6a31.apk	2014-03-03	0	0	0	0	0	0	0
84c51ca9936011d21bb495b30d3c4f11e1de862e277ee583ed6d86d2be24a26a.apk	2014-01-24	0	0	0	0	0	0	0
85ad7c353f855c77c7cf901c4aa99c5930f38d5ac26e6e69c8464d0f6a06767c.apk	2014-02-11	0	0	1	0	0	0	0
85bdbf5ebcd7e8746f4b4817b8414a5e6351acfdeded7bd65bb5064cab15c530.apk	2014-01-30	0	0	0	0	0	0	0
861a4ac9bf19c8aec4586f77ca787e04b54312d4cf2fa6daa1a2a7ccf2e88731.apk	2014-03-06	0	0	0	1	0	0	0
8639d0c283c37265b53720b0c68ed20d9c826f9754fac358a05ba5572efdab78.apk	2014-03-05	0	0	0	0	0	0	0
864de9e15af26333f6fe757c1e0b9252e3fa1d36802dd89428276a66940a8239.apk	2014-03-18	0.4286	0	0	0.5714	0	0.4286	0
8681ac53a609e80e6a5b6322db5f51d8ca13c3b946424aa11c004d4320792aec.apk	2014-02-11	0	0	1	0	0	0.2222	0
8691aecfa4a6a80c0af85d8bfdce4a9af8970a04a7f7d64a665ebd29570a3ffd.apk	2014-02-25	0	0	0	1	0	0	0
87034558b0247a1b8aae6f272b98845054ab893879c7a1e2a3228ba3966f2165.apk	2014-03-22	0	0	0	0	0	0	0
880eff7400c2a91903d63e4c989f1381931e70766722aa34001e06065ef9aadb.apk	2014-02-11	0	0	0	0	0	0	0
8866081e3c8ca279e3958d9fb81084f12ddaee4465967fdee2c257b482301ac9.apk	2014-03-18	0	0	1	0	0	0	0
88dfe3e2e322c1a08749b9d8f72e45b0ddf0c0156be87e57cbbd427778651bb8.apk	2014-01-30	0	0	0	0	0	0	0
893062923b8c155b452bee0663816e482985c874031cd3e39a59ca8535bb942e.apk	2014-02-15	0	0	0	0	0	0	0
8939ceec7938cd963fb7be8bab40018f69ea2148b92ce9b05f6e23a032e78f38.apk	2014-03-19	1	0	0	0	0	0	0
8a4995df13f7e13c6d208c539eba0828094cb17a7584cca471447f9d5671dbfa.apk	2014-03-05	0	0	0	0	0	0	0
8ab7bd4fcf590538c389796e73964821b3708f5e3f814e337c1a28d1398c8b99.apk	2014-01-13	0	0	0	1	0	1	0
8b14b56fc9bd5bdaec10fa360386cef074cb39d0feda6bda99c151bc4aaf4a52.apk	2014-01-30	0	0	0	0	0	0	0
8b48b81cc0030d34bed1398190ea1cab5a1711cc884661cd022e1293599feb97.apk	2014-01-05	0	0	0	0	0	0	0
8b6225391bcb852c392a552fb007d956662b2cafa30cf4e10a8a0de028351336.apk	2014-03-22	0	0	1	0	0	0	0
8b655cc7488cbfbe67fd283b07869d5396efdd0e338f51ceb4f00cf13c26df8c.apk	2014-03-05	0	0	0	0	0	0	0
8ba1abe22f6ae9096893e25b7f4653da711210c78bc4db71d568601863a707fb.apk	2014-03-17	0	0	0	0	0	0	0
8c5200c78fd5a46ef4b3d7a6d2e4ec3d973ec49a9610b815b84d184204c022fa.apk	2014-03-10	0	0	1	0	0	0	0
8c7ce5d651eb741b0dbd507ea68c91e8903b0feaef204831170f94f43ad30e61.apk	2014-02-26	1	0	0	0	0	0.7778	0
8dc51bbcd89357e6a58d945af1c4c75d2d9f3a50f0a80cc08dd2796428365f05.apk	2014-01-04	0	0	1	0	0	0	0
8df8df710233a22e23fd4ed1a158e497839319821246aa832c01a08afacb7086.apk	2014-02-11	0	0	0	0	0	0	0
8eb0b5d771afe2e3739a2942360a3c58d86664072de8c3405a88aa85cd99756f.apk	2014-01-30	0	0	0	0	0	0	0
8fdd3a274a50af2392323fa4cd26b0414482b020fe94c737253eaaeb1a2ac39e.apk	2014-01-02	0.8462	0	0	0.1538	0.1538	0.8205	0
8ffbc4b084638cd4d3516146e11910ab4701334f8a276b5133b5cb4cf5df543c.apk	2014-03-05	1	0	0	0	0	1	0
9103ae3c1a2b25d4aaa9a3b97cd241e8a49f7767f0cc6c96cf343a50260f2bac.apk	2014-02-11	0	0	0	0	0	0	0
912fe18a94a9d9c78cba3e57ed9e0a86a567020caac6dea5d35e561d8fc76c50.apk	2014-03-05	0	0	1	0	0	0	0
917bea5c0e1c1ea321f79e1810f67471a1aa8f9ac103d0ea4e86e4b11917a87c.apk	2014-02-11	1	0	0	0	0	0	0
91eaceccf4e10cc8405f27de52d622b0d69eca69bb2fb4d9bfd266af4fa7da89.apk	2014-03-04	0	0	0	1	1	0	0
920f5925eb9d0974dec5dee21da44de99dde47b149bc5416519cf28d63d0652e.apk	2014-02-24	0	0	1	0	0	0	0
927265c77de8a87eb87db3adbe7c0da31dc8688d21a787b8f99978b42b03966e.apk	2014-03-05	0	0	0	0	0	0	0
93e159919e04aea88498cc572933819e996655cddc3626d39b2b33acaa155897.apk	2014-02-25	0	0	1	0	0	0	0
942a83ffe097bbe9f8cf079d4c0eef93e99459ede35999ba8aa8bac73c5e1cff.apk	2014-03-19	0	0	1	0	0	0	0
94a159d13f9f1a230ece446f0b260b43e90d888c5741125a1d194567055a2091.apk	2014-01-30	0	0	0	0	0	0	0
94c164d02f5173b1400a96be9da5756f40da167e11304e5174cc931d9098dd3e.apk	2014-03-05	0	0	0	0	0	0	0
94c9b2356b97f155a84c7e849602cf35731dd9341816b409d4b8eedfa65bffb6.apk	2014-01-24	0	0	0	0	0	0	0
94fa7f9d4341c5056072c6224b50275ad9d7a84ce0c2949d0884fff80c0c0b82.apk	2014-02-27	0	0	1	0	0	1	0
9504e255a6b9711fbcddc900fa7aed3aa348a4395fa65fc7133393a6e2ebe5a1.apk	2014-03-05	0	0	1	0	0	0	0
95ba7b2e7d8a632e99060111e582844f5b5b87f3e25d00f87b22c852980cbd95.apk	2014-02-11	0	0	0	0	0	0	0
00ab9d7bc99be87d7516b1042560eede44a083518d5ad9af3d2096a1e69f3dbc.apk	2014-03-27	0	0	0	1	0	0	0
01206a02eecd50d3bcf4b4b9dea82528687c3ab53ba1df06ecd5dad808285d33.apk	2014-12-13	0	0	0.8	0.2	0	0	0
02480057482e8ff264208c588eb0a757480351cbd0fa24eb3e5f8d241ea31a3f.apk	2014-12-09	0	0	1	0	0	0.5	0
03a67c1aca263a3470477924e7766cfaad77800abb71a1fafe5f1f72046d0288.apk	2014-07-22	0	0	0	1	1	0	0
03bc22bde981942615f0347dca4b892c286f16b23b1e6af4791f224b6aa0153f.apk	2014-04-17	0	0	0	0	0	0	0
03d775f5db2ef6f5f16b0a7b29ec69820f4e85ebfa57c623dd82127d7122ff21.apk	2014-01-10	0	0	1	0	0	0.6	0
03daf92627ad2d2b5d67402d183ce4d91aa752aeca1ee746c8bac16110b04a2b.apk	2014-03-17	0	0	0	1	0	1	0
0466632df761a531cd13add4d3f27d924c9eb73e1919db967f0c4c0efe880908.apk	2014-12-16	0	0	0	0	0	0	0
0555f9e5dc0e24315357324aaa3e38e3f39737f3d7e5afa4ad121900d2ea9fd3.apk	2014-12-15	0	0	0.6667	0.3333	0	0.6667	0
057e339fb6750ff9ceceaf11fa5fb184ca5ac140cdcea4a6286cef3d4d99144c.apk	2014-02-16	1	0	0	0	0	0.7407	0
07b05ba3bd5184edf9016519b3cff783fe8912cef413b09b841d2b3fa51a38de.apk	2014-12-16	0.1667	0	0.7917	0.0417	0	0	0
0852831ea57a40200838887ad5f71531e9bda0dd08b88342d33f5308890f5cac.apk	2014-09-20	1	0	0	0	0	0	0
085f00c0e25ad63acfde7a8dab46716715328a12fb63589c4115b45fe281e40a.apk	2014-05-26	0	0	0	0	0	0	0
08a30ee43253fd3c1c9d1aa3443ba806292a704714a51857659ad9ea47efa925.apk	2014-12-20	0	0	0	1	0	0	0
08afa17379ff836eb666cc3037c77db8a3519b0759c32474c66a7d31ba204d34.apk	2014-06-15	1	0	0	0	0	0	0
08e184695e62077e36adfa801e3f03a0104a7c036787091e4478fd3d8390e1d7.apk	2014-02-04	0	0	1	0	0	0	0
0a4082165a9d28fe7ce5717b28e7e033b565a842ba42b2d2e7a6de7a9632ca66.apk	2014-02-27	0	0	0	0	0	0	0
0acf3e528e8babee1353464b6dc3aa142f8e33d810e3ca843ad67d2ba572f83b.apk	2014-04-05	0.9318	0	0	0.0682	0	0.1136	0
0ce8cc86f7d4d99285951cf1c7d395938879650c79f20f268c35044813c8677e.apk	2014-05-05	0	0	1	0	0	0.1053	0
0e8c1b589abffcc02cc9246bee812f9afb3f6c12fd39ab50df0e538307ea5185.apk	2014-11-24	0	0	0.5192	0.4808	0	0.4808	0
0e99f938639373bdef58d5f0bf37cd0a57526647d4a4c4e6eaeff9adc756b84c.apk	2014-03-20	0	0	0	0	0	0	0
0f10b5c6f27d4d70cfb0cc1f05408a2a5af57af43aa82b13b320579ff8305334.apk	2014-03-24	0.4444	0.3333	0	0.2222	0	0.7778	0.2222
0f76e6759ce9b711983a7316f721ede5d342e4b47032322987fcb3b563b97b7c.apk	2014-09-12	0	0	1	0	0	0.5086	0
11d1eaf3020f812f0eed77384babc8a69e8de5b206f47236bb38a284539642d6.apk	2014-11-24	0	0	0	0	0	0	0
11f61af49456c6b49aa7daa5d270ad12d0af6c1869b1c99c3c8b1908599c9ee6.apk	2014-06-02	0	0	0.6832	0.3168	0	0.4059	0
1255d31599fa5dd98ef221ce9460d1ce07977fcfa08994694eb253984fb89565.apk	2014-01-27	0	0	0.4167	0.5833	0	0	0
12d8b6380c55389300771bc9d784c750d07c60551e5b3707e4f191f6ec93f6f0.apk	2014-07-09	0	0	0	0	0	0	0
13f6ae94e0ea8be9650c1cb145c2649472f87f98b9db6f8acbca99162775169b.apk	2014-12-28	0	0	0	0	0	0	0
150f9e94e25c9edebea83735512ef069a319c666579383f358f7c438926acf80.apk	2014-03-19	0	0	1	0	0	0.1176	0
172b4b4a79bf6ee96540ea10ec85635c7547288664757533e237c411df3c1c3f.apk	2014-06-02	1	0	0	0	0	0.1538	0
199dacc18f53fb77c64d5d4fda6d36639cba34d16a4d96e30356cfba0b1b30e1.apk	2014-12-29	0	0	0	0	0	0	0
1a3ffa7db9d2ebb95c44204918d11ddc367580ac993d8759482f4ac081db9b15.apk	2014-11-17	0	0	0	1	0	1	0
1ac8879274acaba7b0158280552316ca4786e66354c3f80ad5456e9799ad747a.apk	2014-01-29	1	0	0	0	0	1	0
1cefd9dfd1b54725af836c1f211470416e088771cfb37e87fafa8cabaa27e977.apk	2014-06-27	0	0	0	0	0	0	0
1d2137e60e00f886066c10672776f4541291aa06ad3f05781b2b685463bed2c4.apk	2014-06-06	0	0	0	1	0	1	0
1def01133eafaf3ba95ca096b05e1093f3f81c411f57ee65206b4c8d9c50471f.apk	2014-02-20	0	0	0	0	0	0	0
20b7b2b958e0cbc87d1a8d00a9980d3c8e46eb1ae6965f5aa2c2da3b005f9db5.apk	2014-12-22	0	0	0.125	0.875	0	0	0
227900f957a79c44d2eb651622796b65681a938674358aa985747cd1da97dfc3.apk	2014-12-18	0	0	1	0	0	0	0
238b01fe46badedfd3603a673f296766cbd4869382a8dc99e95b1201c09de2ca.apk	2014-12-06	0	0	0	0	0	0	0
244f8e4c0ce34fbe62351afc7d0af7c73f6d396087d2e52d8618607a5cb4f14e.apk	2014-11-10	1	0	0	0	0	1	0
247041284b65852bb43110b0ea1dcc07a5b21bf3293a7793eef7b03f241ddc2e.apk	2014-08-18	0	0	0.5556	0.4444	0	0.4444	0
248953acc9f06e10b061efff8de57e752dd4ef5de3db8404b65e2867396bb7a2.apk	2014-09-19	0	0	0	0	0	0	0
250e11e9deca57c68f5d4d2cd3319d3413d33d4bca86d6955770d49bf1d77f48.apk	2014-09-21	1	0	0	0	0	0.7838	0
2519eac0adca7661d44689bfe14f2175eff4b4c345ac1e8def8a5c3755bab59d.apk	2014-05-06	0	0	0	0	0	0	0
2584c6404994eff6db75425fcd65046927d59fbbc1dd872fb859569e36fdda6c.apk	2014-10-18	0	0	0	0	0	0	0
259926be9321a3feddcb20dba615ac1378afa86e844ae6d8b7c9ed69bbd07d5e.apk	2014-09-30	0	0	1	0	0	0	0
25d7fe7608b708081e2aaece660a680a139c006e1a874558871edfd8a0a752f5.apk	2014-12-19	0	0	0	0	0	0	0
2663dbe681330e1c3c9da2aaff0d98c48414b1365e9b9058ef9408960ba903d7.apk	2014-08-17	0.4359	0	0.2308	0.3333	0	0.359	0
284efaee64af1a214647e97ed03e3b7644c604c5345bc9506fd21d02561fa178.apk	2014-01-09	0	0	1	0	0	0	0
28a9205de31781f3755fe50131a4724488f1082f8914b32d9e9be338b1fc399a.apk	2014-02-15	0	0	0	0	0	0	0
29b1d54f13b591b2b8832a8f1217ed7547e2e7f3d815958bb10d0e5eefcfbec2.apk	2014-01-01	0	0	0.3333	0.6667	0	0	0
2b0e74b413c9cb1e9561398029e118cee055dcee864e422662669245ccb74d22.apk	2014-11-15	0	0	0	0	0	0	0
2b8be7745425761c6c7322216b3ed4aa875206cf15608a4855bc6affd1f28185.apk	2014-04-18	0	0	0	0	0	0	0
2c01e3ee988503c658fdd8cf17fa2377ccc6223b0bb11dc30f23b40202df648e.apk	2014-09-12	0	0	0.6667	0.3333	0	0.3333	0
2cf62474de9cb2781e2de3c5f56a7e3686f1ad6454d8e51b34fa7ba4cfe27ae5.apk	2014-01-12	0	0	0	0	0	0	0
2db6d9a2055de5cf1a8bc54c3ab1b4be331320081c25a1986bfe82eea3517a06.apk	2014-04-02	1	0	0	0	0	0.913	0
2ec98930ab4c471e3976753502fdc6a3859d7ca7976f4fbcd8d58fd00c2b32df.apk	2014-01-25	0	0	0	0	0	0	0
2eca4ce9c38d4e83650babba21cdde5a8113050fa092846c392b8d4015efd776.apk	2014-06-08	0	0	1	0	0	0	0
3234e5741c3a05114f22f6b8d5501b31ab8f172b24dabcb1226e285acdadf6ea.apk	2014-04-29	1	0	0	0	0	0.8889	0
3252d92b8b76d36d82270384c63630ea53c05359f793fdcb94ef2d83ed6690a3.apk	2014-12-25	0	0	0.1429	0.8571	0	0	0
337f4d25286f8e7bc4af2dfacc1867ed31a2f5399e85dc8093311e103b45dbf1.apk	2014-10-30	0.3333	0	0.0952	0.5714	0	0.4286	0
348749f5040ecc25560d7af3803008ec65cc815a7c829c42829ece1d24193a24.apk	2014-02-13	0	0	1	0	0	0	0
35f1266c4930051547a7bac7dcccd767059d632cba926b61f238d4bf35b6934f.apk	2014-01-25	0	0	0	0	0	0	0
366220091ac274414b45988631614f16ce0cc9302b6f9432991e2f86d5242709.apk	2014-05-01	0	0	0	0	0	0	0
3712da8c18892269bee0495da4a1ff689739e8217830fe7ea555cc9b168bb5e1.apk	2014-12-08	0.8	0	0.2	0	0	0	0
378c1f575e009b1fc190039e534e22246abd1fb98120fd5d2b594a0115103670.apk	2014-05-19	0	0	0	0	0	0	0
38375dca50986ddd9c71439ca948becfae5925acde6392d1062ae9bd798d412e.apk	2014-04-03	0.2083	0	0.0417	0.75	0	0.6667	0
391c20cd2609b105d14bfdc93e7cdd4c9b4a809b1ed42dbbe728432d36c28d06.apk	2014-02-08	0	0	0	0	0	0	0
3a11fe07c695c1e45b02920e35e80a8e228876a54a85ade17de1aa4091760d13.apk	2014-12-26	0	0	0	0	0	0	0
3b2ea93256b90402e3f42f1daf98acd45e22baea5cb87755279562501cc8c507.apk	2014-06-14	0	0	0	0	0	0	0
3c515b851ccebf197cc4bce962f58c410a46a291f422252b1aed06a5da472cb8.apk	2014-04-19	1	0	0	0	0	0.4	0
3d2ac4ac6dd68f1804d5c8fb319a3bd0c0d2f103e7ce95da38626b1f16ab4af0.apk	2014-06-28	1	0	0	0	0	0	0
3d65688a8fac00d5be861884a34cd97e05d0f5c2dc69dbb5382720e4d8bbd1b1.apk	2014-11-02	1	0	0	0	0	0	0
3d674d213cd5bb2d81475e6f8df1c51de3bd5079d1bbcdd5d8b053d0e431cc28.apk	2014-02-16	0	0	1	0	0	0	0
3f4e38889edd6ccec39c196c24f3669cbf41230fc4e14b88cf1993340ae55e50.apk	2014-04-10	0	0	0	0	0	0	0
41635b7888be2fe35f8ac9c75258e563f6f049a864c0cb677cd7f63ccb22ff89.apk	2014-08-17	1	0	0	0	0	0.9375	0
427eaee50ca6297ef5e8e0e8ce170fddd8b9bd4b52f0c371cbb0339345f73379.apk	2014-12-15	0	0	0	0	0	0	0
4360298f370e525de4cd683e0ce042c1e73f3029f38c6d687cdeac1c6610bb40.apk	2014-02-04	0	0	0	1	0	0	0
43a9358769752afb7ec20b36792effd254912a6b76d188f82ba0a2375fc63f26.apk	2014-11-22	0	0	0	0	0	0	0
43c0e67dd6866f8915acc805421541d9aab41ea87b16e5087036db19a79fdb01.apk	2014-09-11	0.2533	0	0.7467	0	0	0.2933	0
4476de1e95121a3a974c0539124b987cf3ac8f7432d9ccde46b0dd32dec33b1d.apk	2014-09-28	0	0	0	0	0	0	0
47a577a7630fe6d9d64bcde81c37f03c5133fd16bf5e394289a028f76ac4a71b.apk	2014-02-03	0	0	1	0	0	0	0
4821ce50444c00f4df02dcf41c6289f91781e0ce6c4fc4244425c26618f59ec2.apk	2014-02-24	0.3404	0	0	0.6596	0	0.383	0
4a04bb220b34b446c22fa7a25b6a263dfd5152dd5499b870c9a009d175cb2a99.apk	2014-06-13	0	0	0	0	0	0	0
4b153a30d094837a813e0a7b30da199c6fcaf2c673d280453e0d199b571c4867.apk	2014-08-23	0	0	0	0	0	0	0
4bff9def099802c1148ab9e6795ebbe9b02b0f233a9aa680da0337ac342e54c2.apk	2014-09-29	0	0	0	0	0	0	0
4cdc332ffb962b34758d005828250b390148e78a75919825ab77a4ece5d7021b.apk	2014-12-18	0	0	0	1	1	0	0
4d23ebd0c65ed5c85d9430f717760b83630e438d2e3714963c86407b4d5b7311.apk	2014-01-29	0	0	0.1818	0.8182	0	0	0
4d2b10b7a877ecb5033ddd0654bba79238d1f6a64a57f459a0051d9fdda6e515.apk	2014-12-16	0	0	0	0	0	0	0
4eb613509c4ffac45fbc18e7d43fdda46e71fdaaf42d90af4e2a8aec0c1b135d.apk	2014-02-15	1	0	0	0	0	0.0667	0
52b563e039fbcbb875625f2d8bf27a491c31867c1ce37c1148a267ced9923c2a.apk	2014-01-28	1	0	0	0	0	0.8	0
535bec740a0610d2e682bebf2c4a37b7d6cd6657f8934b0c5d7f8d28facd7efd.apk	2014-10-23	0	0	0	0	0	0	0
53bc7f7ee5d37ab34e8926632ac87aa08d02ee70fd2dace530eac55d259f48e7.apk	2014-11-27	0	0	0	0	0	0	0
53d4d82872c8e6ab58ba1c0626efba9d64c0d150a5407bca7d548f78f2fcf3f7.apk	2014-10-15	0	0	0	0	0	0	0
53ed871c107c93e70b365ec92f6ac52c62af651eca513974e0dd4f1bae72637a.apk	2014-10-22	0	0	0	0	0	0	0
54108c90809d475733b5114432fbb60575479633eb92cb024af2a33b4ef6c7b1.apk	2014-12-24	0	0	0.8	0.2	0	0.2	0
5469e00cc1d7e8eba76499785a45173de5c7c40e68d09251e62c12de1a9f010c.apk	2014-12-17	0	0	0	0	0	0	0
547d8bcc5f7bf002e40ff71f78043615f25507c49d4daa1fec9b5feb309dfee4.apk	2014-04-17	0	0	0	0	0	0	0
54e3337f6ee17050e6dbbbfcdee087c6b9eec3be06073adce1dab7e0cde75a96.apk	2014-09-24	0	0	1	0	0	0	0
54f180bf3c6b240bbf41213e19d315d9515c95bdf1aa70b38e8d4475ff5dcc18.apk	2014-05-04	0	0	0	0	0	0	0
563664fd1ccf97565ea573d2bf1c824acc49d4a27bc951109c6cbd54f86adb9e.apk	2014-03-18	0	0	0	0	0	0	0
56a6b5714d4a2331135850089b595417019728901b67f290578e063ec1432e29.apk	2014-11-07	0	0	0	0	0	0	0
56b7a9435a8aa4b4839e1da9092fb4fd68384896d94391b49f4a7b4c6c1ef2c8.apk	2014-10-08	0	0	0	0	0	0	0
582608e589fd0e8c19f415aee967fe0f4b624858207aa136c7743b39ce98a408.apk	2014-12-08	0	0	0	0	0	0	0
58af70b80722aac21d28b3a01133444bb6bc2e008a7f8c76d0d83e38ed1d581e.apk	2014-01-04	0	0	0	0	0	0	0
59099aab5629729967b2b23a2c3281646e6ab38663bb243b8d1c205bc1e42468.apk	2014-01-07	0	0	1	0	0	0	0
5917128b42d937c3af7dc2e5fb0a91fb550d0dd286b5d0660abd5a932c14c221.apk	2014-01-07	0.125	0	0.625	0.25	0.25	0	0
5ca4c68b7d5682a5406ea45f28a05063e156393f566337203ef1f257ca19d94b.apk	2014-12-17	0	0	0	0	0	0	0
5ca98c2635ec1f22fb7b75c4f2ea1bc673bc6ab5a5ab2c964f65dff93ebe2153.apk	2014-06-09	0	0	0	0	0	0	0
5d3abfaa13397ceb65523a41cb22364a15d7395d675a50a44e099c6e28a097e4.apk	2014-08-16	0	0	0	0	0	0	0
5d3e35e8bf324559af839a4e3a40e7cebd5d35220d0f270cc9ee9bfb442974fa.apk	2014-04-25	1	0	0	0	0	0.4615	0
5e3b280987384d707655fb0198d41dd18893254b0718e36c9de300787ee6fbe4.apk	2014-04-30	0	0	0	1	0	1	0
5f53dfdf64c74220a8440a919f90029931e8a064fa8f026f09a4c64dfce34457.apk	2014-07-31	0	0	0	0	0	0	0
608777041460ff953c1daa2d4e9fef12112800271a5dd86ad59d3060a093499c.apk	2014-08-17	0	0	0.6667	0.3333	0	0.3333	0
608ea1e60ebf0b8ae6af43049f7bbace25e3ed7a23078df42f769a4710f40f97.apk	2014-08-11	0.0667	0	0	0.9333	0	0.05	0
6092f5f3feb803cf9cb4907ec32f71d1a0d486cb15019b99f9f22d54fd2db5f5.apk	2014-08-26	0	0	1	0	0	0	0
60a17ef6918b8481ae4c6acf8304700f977cbf4d3b4aabcb9be59fdae759f197.apk	2014-04-14	0	0	0.2525	0.7475	0	0.0202	0
60c469affafeddad1e89d83da36db2a6be1e0750be8689d786ad6e63a41ca0d4.apk	2014-02-16	0.5714	0	0	0.4286	0	0	0
6114bd2955514d104a8c748dfdce3f9a9dc2ac4e6cadaf288e2e15d4a534cb85.apk	2014-12-27	0.6792	0	0.0566	0.2642	0	0.3585	0
63679ad86a3ffb0560bce67a657129cbe2e2f573d5f6463e3da3c33ae784e1fb.apk	2014-04-03	1	0	0	0	0	0.9362	0
6451f2f60142826f88ff4ded7dca36c8d0ec5f83b326cf6c34fd08e11cd018ca.apk	2014-05-28	0.7949	0	0.0769	0.1282	0	0.0513	0
6488290da39fafe40fb962c91104a55295ed5b4751d18c0dfa58a3d37998e522.apk	2014-08-16	1	0	0	0	0	0.5	0
64c509ddcb085d0fcbaa2d486ff25d98fe1688d096cd09058b09baf44b16e7fb.apk	2014-02-26	0	0	1	0	0	0	0
670a21a99a8f752161089094dfeec904b6b3598dbf13f1a6240863173c34b601.apk	2014-11-27	0.7222	0	0.1667	0.1111	0	0.3333	0
6751ba3178caacb107ed725b832c1f11b93a3c169b09ec6c346b4fd5c227356c.apk	2014-06-20	0	0	0.3966	0.6034	0	0	0.5603
67ccf70dced22eaa9ac43d1fcb1aaa4d1a5de075561e6db8d0a819619d359440.apk	2014-12-01	0	0	0	0	0	0	0
686aeb907d2a1fc61e486d456db7fbc7e088685be2c1784c8456c063658b462d.apk	2014-07-26	0	0	0	0	0	0	0
69af257ebad70ab4846b69b61c888aff44856d0cc8a2e1daa22afe40fddf2cf3.apk	2014-11-14	0	0	0	0	0	0	0
69f4db409abb39542f8e863a1d7959e19cde1784edb0c5f61fb1e921fe5ffca6.apk	2014-09-14	0	0	1	0	0	0	0
6a63f8bbf0d3dddceb154b3fcc929fca636f9160837144acd6529ec6f3877856.apk	2014-11-27	1	0	0	0	0	1	0
6b007660278c4578fca697b06e064cc3c4b8bb74a85e263cbd72043eb6d47389.apk	2014-12-19	0	0	0	0	0	0	0
6c5df5242f2d69aee0fe3f4c227afeeb9c8775f21532dec7cceb88919625fa10.apk	2014-01-24	0.8333	0	0.1667	0	0	0.1667	0
6c7b4fbfac3a295dadfa8ee94069b64cf96a58ef7b60cc95f208e39a30aa6c5e.apk	2014-12-14	0	0	0	0	0	0	0
6c853d5a2ed432d1e3edd847ec17de0ca99050442425187857a5896ecbeb0199.apk	2014-11-29	0	0	0	0	0	0	0
6d4922e1034b1882f83c505a4c51feed53f94b77c3f5e033d57efb243f633237.apk	2014-12-31	0	0	0	0	0	0	0
00ab9d7bc99be87d7516b1042560eede44a083518d5ad9af3d2096a1e69f3dbc.apk	2014-03-27	0.4286	0	0	0.5714	0	0.4286	0
0852831ea57a40200838887ad5f71531e9bda0dd08b88342d33f5308890f5cac.apk	2014-09-20	0.85	0	0	0.15	0	0	0
0a4082165a9d28fe7ce5717b28e7e033b565a842ba42b2d2e7a6de7a9632ca66.apk	2014-02-27	0	0	0	0	0	0	0
0acf3e528e8babee1353464b6dc3aa142f8e33d810e3ca843ad67d2ba572f83b.apk	2014-04-05	0.8951	0	0	0.1049	0	0.2407	0
0ce8cc86f7d4d99285951cf1c7d395938879650c79f20f268c35044813c8677e.apk	2014-05-05	0	0	1	0	0	0	0
0f10b5c6f27d4d70cfb0cc1f05408a2a5af57af43aa82b13b320579ff8305334.apk	2014-03-24	0.4483	0.3793	0	0.1724	0	0.8276	0.1724
1255d31599fa5dd98ef221ce9460d1ce07977fcfa08994694eb253984fb89565.apk	2014-01-27	0.2	0	0.4	0.4	0	0	0
13f6ae94e0ea8be9650c1cb145c2649472f87f98b9db6f8acbca99162775169b.apk	2014-12-28	0	0	0	0	0	0	0
1cefd9dfd1b54725af836c1f211470416e088771cfb37e87fafa8cabaa27e977.apk	2014-06-27	0	0	0	0	0	0	0
1d2137e60e00f886066c10672776f4541291aa06ad3f05781b2b685463bed2c4.apk	2014-06-06	0	0	0	1	0	1	0
247041284b65852bb43110b0ea1dcc07a5b21bf3293a7793eef7b03f241ddc2e.apk	2014-08-18	0	0	0.2941	0.7059	0	0.7059	0
2584c6404994eff6db75425fcd65046927d59fbbc1dd872fb859569e36fdda6c.apk	2014-10-18	0	0	0	0	0	0	0
25d7fe7608b708081e2aaece660a680a139c006e1a874558871edfd8a0a752f5.apk	2014-12-19	0	0	0	0	0	0	0
28a9205de31781f3755fe50131a4724488f1082f8914b32d9e9be338b1fc399a.apk	2014-02-15	1	0	0	0	0	1	0
2db6d9a2055de5cf1a8bc54c3ab1b4be331320081c25a1986bfe82eea3517a06.apk	2014-04-02	1	0	0	0	0	0.9375	0
2eca4ce9c38d4e83650babba21cdde5a8113050fa092846c392b8d4015efd776.apk	2014-06-08	0	0	1	0	0	0	0
391c20cd2609b105d14bfdc93e7cdd4c9b4a809b1ed42dbbe728432d36c28d06.apk	2014-02-08	0	0	0	0	0	0	0
39bb0fd5440f5cf689d4c7661a379d3fa074ab97daf33d3ae8ad2ca7d0b9763b.apk	2014-12-09	0	0	0	0	0	0	0
3a041f99656709f659a0439dc632fa55913f4ff874992db8f990a7215844e97a.apk	2014-05-22	0	0	0	0	0	0	0
3c515b851ccebf197cc4bce962f58c410a46a291f422252b1aed06a5da472cb8.apk	2014-04-19	1	0	0	0	0	0.5714	0
43c0e67dd6866f8915acc805421541d9aab41ea87b16e5087036db19a79fdb01.apk	2014-09-11	0.3333	0	0.6667	0	0	0.3284	0
4b153a30d094837a813e0a7b30da199c6fcaf2c673d280453e0d199b571c4867.apk	2014-08-23	0	0	0	0	0	0	0
4d23ebd0c65ed5c85d9430f717760b83630e438d2e3714963c86407b4d5b7311.apk	2014-01-29	0	0	0	1	0	0	0
52b563e039fbcbb875625f2d8bf27a491c31867c1ce37c1148a267ced9923c2a.apk	2014-01-28	0	0	1	0	0	0	0
53bc7f7ee5d37ab34e8926632ac87aa08d02ee70fd2dace530eac55d259f48e7.apk	2014-11-27	0	0	0	0	0	0	0
54f180bf3c6b240bbf41213e19d315d9515c95bdf1aa70b38e8d4475ff5dcc18.apk	2014-05-04	0	0	0	0	0	0	0
56a6b5714d4a2331135850089b595417019728901b67f290578e063ec1432e29.apk	2014-11-07	0	0	0	0	0	0	0
56b7a9435a8aa4b4839e1da9092fb4fd68384896d94391b49f4a7b4c6c1ef2c8.apk	2014-10-08	0	0	0	0	0	0	0
582608e589fd0e8c19f415aee967fe0f4b624858207aa136c7743b39ce98a408.apk	2014-12-08	0	0	0	0	0	0	0
63679ad86a3ffb0560bce67a657129cbe2e2f573d5f6463e3da3c33ae784e1fb.apk	2014-04-03	1	0	0	0	0	0.8163	0
6451f2f60142826f88ff4ded7dca36c8d0ec5f83b326cf6c34fd08e11cd018ca.apk	2014-05-28	0.6333	0	0.1	0.2667	0	0.0667	0
64c509ddcb085d0fcbaa2d486ff25d98fe1688d096cd09058b09baf44b16e7fb.apk	2014-02-26	0	0	0	0	0	0	0
67ccf70dced22eaa9ac43d1fcb1aaa4d1a5de075561e6db8d0a819619d359440.apk	2014-12-01	0	0	0	0	0	0	0
686aeb907d2a1fc61e486d456db7fbc7e088685be2c1784c8456c063658b462d.apk	2014-07-26	0	0	0	0	0	0	0
71e6b6037e09201b8b277a92a8690e710d38fd03f06847caa22b2ba241838446.apk	2014-10-22	0	0	0	0	0	0	0
7433b2da4d7bf0dfb59c25c369cf79c9d3dfaae95d1dd7178b920fb81f60703e.apk	2014-03-28	0.9412	0	0	0.0588	0	0.0588	0
74bda784eec57ff93e8621416729eb14bb7d30b31040da235e9f3519b1ee9b0b.apk	2014-02-14	0	0	1	0	0	0	0
7639f1718b7aba61061fbe9bba4b0d2d78b5415307222a90d41e0633a797e09f.apk	2014-04-03	0.973	0	0	0.027	0	0	0
785f4d37b5959b07c1ac10f292253ecec52c1ea9fde3be7c72fd2771de73189d.apk	2014-06-26	0	0	0	0	0	0	0
7c0b5947127d71c31ab5131c3faff3f7ff7ba6eebf8c6b0a9b62e72ef66d68d5.apk	2014-01-06	0	0	0	0	0	0	0
7c946e4e42ef52dba324a309df1d924ca1f88d5cfe056c26c4fe59a7eaefa1bb.apk	2014-06-24	0	0	1	0	0	0	0
80820a68812ca511bebdbda9b8f63a2f8a9135e01a62930b3524b66b6c04dd65.apk	2014-02-15	0	0	0	0	0	0	0
80f868a3c557737dc540129f142f441de9c456a989b9abf46853c8a87ab6ad30.apk	2014-11-05	1	0	0	0	0	0.6	0
81b1d2a9402870538f220768068f47a2d93ee6db0f8ba5e9c637ef61c3a60066.apk	2014-01-20	0	0	1	0	0	0	0
82572b6c4cbaa44cf10a52403fc91f56b901a185f49eec6690f426085490bbf1.apk	2014-12-07	0	0	0.5192	0.4808	0	0.3269	0
82af4b408cd185e8c603b1740cf487734b7f677408f1a4e2fc373b9bc7f6dc6a.apk	2014-06-15	0	0	0	0	0	0	0
836482a756e4b08b5ddb20d34f33c7d579a18fc55bf84129f223c21ec00f74c0.apk	2014-02-12	0.3469	0	0	0.6531	0.0816	0.4898	0
857301933e34dec9bd7744c2964259635cf868c6668c1d8f5a0b0d6201946bca.apk	2014-09-01	0	0	0	0	0	0	0
88f7e64267a73934a3df5ac81c94cc924c40bc3140338e2f8bc55b1447f1f2aa.apk	2014-10-22	0	0	1	0	0	0	0
8b27767e9a4c3784fde4a6a5478328f62d6aeeefec37c71df8d38ac5fdd768bd.apk	2014-08-21	0	0	0	0	0	0	0
8deb621c43905a9d6832653a1513cc5818f35907a5cebe145f7173e52ef96639.apk	2014-09-22	0.5455	0	0	0.4545	0	0.4545	0
8f654c583eb716270d1da3ea182bc1c40580bdbbcbf159231ffe859130a0a1bd.apk	2014-05-16	0	0	0	0	0	0	0
904688ea5fcabba45fc02e492a41c261f6e5c907d00499f14c6ff300a24c9833.apk	2014-03-19	0.8	0	0.2	0	0	0	0
9094cc454031f998b1e5a2ff33f73b12524ceaa3351ea8eb5ed02de1171c39be.apk	2014-02-15	0	0	1	0	0	0	0
90b95c3da0104a79fd58fb1ba50e514389c9b0174a8e12784853ed42a4c1c3e5.apk	2014-11-27	0	0	0.1101	0.8899	0	0	0
975a86001a67846180169011ed23c6c0f98cbe9c3413d42d7ece92baf8463c5f.apk	2014-10-09	0	0	0	0	0	0	0
99ef81493fcad30e90db6c7951c768d08e7a2277cef2985ec484defceb849710.apk	2014-02-18	0	0	1	0	0	0	0
9bfb786900e19e638dcd280f0f33016cd59c9ae997293c8ed17808cb4eaf88cc.apk	2014-06-12	0.1935	0.3871	0	0.4194	0	1	0
9cb03471e00bb20f049b660242c07eaefb57fc8fa17d942abd1383210e6ea29c.apk	2014-02-14	0	0	0	0	0	0	0
a1bce5e5efa394ac6a951ccdd6d15d8978f324bf6826a8f78aa87b9ca603e351.apk	2014-10-31	1	0	0	0	0	0	0
a24f5159fd85b0b918ed04a73617c27d9332ad400d90450b16ec5471eadea5dd.apk	2014-05-10	0.9048	0	0.0952	0	0	0.5714	0
a56af8d3e2a8dc72989e4fbd85c94eb908ca37186c20d9eab36ed3f2adae4cfa.apk	2014-05-06	0	0	0	0	0	0	0
a63891ed72d6b7742db95e32f6c251163913384ed46acfae0011e62128eec113.apk	2014-02-03	0	0	0	0	0	0	0
a7b60578d0eac4f5b632b27cbd04b81d3732fbaaea035f91e0b42742a670a4da.apk	2014-09-22	0	0	0	0	0	0	0
abebedbaffe5aa43e09452e8d0f6ddea52ce42ee5a64fffa22d9599c5680dc66.apk	2014-02-12	0	0	0	0	0	0	0
b1bc01383a32c69b83b4c81324c123ab70fd4c52bf695443ed56c29bc7e833ba.apk	2014-08-15	1	0	0	0	0	0.36	0
b66ffdb64ff4713d5188006dcbb7a89cce6cade942a1e4af9863c452a42f7bbe.apk	2014-12-25	0	0	0.8028	0.1972	0.1972	0	0
b921710256ff32bb564b0e6f013f64e7bbd23f65dd9395c1e47dd88bec34e636.apk	2014-03-16	1	0	0	0	0	0.5	0
bf2ab77acde044d05800ce6d8eee10d33a87ab3bdbd3e4caf4d5c7a5d3888522.apk	2014-08-15	0	0	0	0	0	0	0
c409ee41d799e6c3ebaf34718acbe23d9f12f0a37bcff79da0479909e48d14a3.apk	2014-08-18	0	0	0	1	0	0	0
c873908d16647873da1bb8dafe95cd55642c4ac8cff82cb7ccea179026362091.apk	2014-05-20	0	0	0	0	0	0	0
ca117628d78ef54726daeb80e05d3535c529351eee401059168c11d1f1bccacf.apk	2014-04-13	1	0	0	0	0	0.25	0
cb8c33086448b277511bf17ddaaee84d73fb188bc48cd94b070e221afa41644d.apk	2014-02-13	0	0	0	0	0	0	0
d49a692e39f1d4a014cb012ae3da96a9444c99cbb62c70ca090274a0090463c9.apk	2014-05-26	1	0	0	0	0	0.8235	0
dc1cc02f86545001c2d740443d83e6e48abcde03d52d2c2f014a870345342c15.apk	2014-08-08	0	0	0	1	0	1	0
dc73c1bfd1c7d3d2a1aa0cb1a9761ace370e6353862d11b42ef8ecb6d6438a26.apk	2014-02-21	0.1818	0	0.8182	0	0	0	0
dcd6360d320b2e0192eeffa5abe8aa5742d10f77bddc8aee304e5c91a8c4ca8d.apk	2014-07-11	0.9643	0	0	0.0357	0.0357	0.0714	0
e3c4005787b5a0bfca53acaa08006e084601857e136300282ea099b8860fbecb.apk	2014-02-11	1	0	0	0	0	0.9412	0
e90c20be26646162ca33943f329c938012cf7fb85938c216cfab0f7fe5ad4e92.apk	2014-02-12	0	0	0.4	0.6	0	0.4	0
ea2be129e3c6ad4ce242cacffafc43cbf8f4be44a85ec7fe3137f746175be081.apk	2014-10-20	0	0	0.2	0.8	0.76	0.08	0
ea322237fe8c86e83f8c32879f2cc92a5ac6339b6f738f9aa020025b6800d9c8.apk	2014-02-14	0	0	0	0	0	0	0
eb794f5a965b1a5c95f27b4bbcfcd5fb0e4a35374c92b93d4bc10f01815d68ca.apk	2014-04-25	0	0	0	0	0	0	0
eebb403b0a452ebf5983032c978a036bddce6746ea11b42dfdf7f1eb240b6082.apk	2014-02-24	0	0	0	0	0	0	0
ef7c4e20a7051ea7ef797e5faad56cf578a458a4502d28671f34e1b862f601e9.apk	2014-04-05	0	0	0.5825	0.4175	0	0.7413	0
ef968a2bf93af0d8663f8260a7c98ed2f0031bda59dabfc86773a50e1a401997.apk	2014-02-12	0	0	0	1	0	0	0
f582e9f4018bd67fd9ff833743f2197cd7fb2ca6b8ac6929c4e7477d66ae4b43.apk	2014-06-14	1	0	0	0	0	1	0
fb81e2539ca011ab70d436495831d1cf57baca947ae32bc1df8a42c2350eeef8.apk	2014-02-04	0	0	0	0	0	0	0
fb83c53e9e7534e838e8b5382ed34c22289444d712a539e6a67b74bfa8d98435.apk	2014-02-24	0	0	0.9804	0.0196	0	0.0196	0
