com.google.android.apps.translate.apk	2015-10-14	0	0	0	0	0	0	0	0	0	0	0	0	0	0	0	0	0	0	0	0	0	0	0	0	0	0	0	0	0	0	0	0	0	0	0	0	0	0	0	0	0	0	0	0	0	0	0	0	0	0	0	0	0	0	0	0	0	0	0	0	0	0	0	0	0	0	0	0	0	0	0	0	0	0	0	0	0	0	0	0	0	0	0	0	0	0
com.hoteltonight.android.prod.apk	2015-10-29	0.117	0.0284	0.1948	0.0106	0.303	0.75	0.014	0.1926	0	0	0	0	0	0	0	0	0	0	0	0	1	1	1	1	0	0	0	0	0.75	0.4859	0.8333	0.9982	0	0	0	0	0.25	0.5141	0.1667	0.0018	0	0	0	0	0	0	0	0	0	0	0	0	0.0071	0.0035	0.0007	0.0007	0	0	1	1	0	0	0	0	0	0	0	0	0	0	0	0	0	0	0	0	1	1	0	0	0	0	0	0	0	0
com.google.android.apps.translate.apk	2015-10-14	0	0	0	0	0	0	0	0	0	0	0	0	0	0	0	0	0	0	0	0	0	0	0	0	0	0	0	0	0	0	0	0	0	0	0	0	0	0	0	0	0	0	0	0	0	0	0	0	0	0	0	0	0	0	0	0	0	0	0	0	0	0	0	0	0	0	0	0	0	0	0	0	0	0	0	0	0	0	0	0	0	0	0	0	0	0
com.hoteltonight.android.prod.apk	2015-10-29	0.117	0.0284	0.1947	0.0109	0.303	0.75	0.014	0.1868	0	0	0	0	0	0	0	0	0	0	0	0	1	1	1	1	0	0	0	0	0.75	0.5026	0.8333	0.9977	0	0	0	0	0.25	0.4974	0.1667	0.0023	0	0	0	0	0	0	0	0	0	0	0	0	0.0071	0.0035	0.0007	0.0007	0	0	1	1	0	0	0	0	0	0	0	0	0	0	0	0	0	0	0	0	1	1	0	0	0	0	0	0	0	0
com.google.android.apps.translate.apk	2015-10-14	0	0	0	0	0	0	0	0	0	0	0	0	0	0	0	0	0	0	0	0	0	0	0	0	0	0	0	0	0	0	0	0	0	0	0	0	0	0	0	0	0	0	0	0	0	0	0	0	0	0	0	0	0	0	0	0	0	0	0	0	0	0	0	0	0	0	0	0	0	0	0	0	0	0	0	0	0	0	0	0	0	0	0	0	0	0
com.hoteltonight.android.prod.apk	2015-10-29	0.117	0.0284	0.1947	0.0108	0.303	0.75	0.014	0.1886	0	0	0	0	0	0	0	0	0	0	0	0	1	1	1	1	0	0	0	0	0.75	0.4978	0.8333	0.9978	0	0	0	0	0.25	0.5022	0.1667	0.0022	0	0	0	0	0	0	0	0	0	0	0	0	0.0071	0.0035	0.0007	0.0007	0	0	1	1	0	0	0	0	0	0	0	0	0	0	0	0	0	0	0	0	1	1	0	0	0	0	0	0	0	0
com.jdpapps.textt1.apk	2015-10-21	0.1118	0.0235	0.0567	0.0083	0.3158	0.5	0.1178	0.2004	0	0	0	0	0	0	0	0	0	0	0	0	1	1	1	1	0	0	0	0	0.75	0.8006	1	1	0	0	0	0	0.25	0.1994	0	0	0	0	0	0	0	0	0	0	0	0	0	0	0.0118	0.0059	0.0017	0.0017	1	1	0	0	0	0	0	0	0	0	0	0	0	0	0	0	0	0	0	0	0	0	0	0	1	1	0	0	0	0
com.zubieta.craze.apk	2015-05-20	0.1233	0.0822	0.0302	0.0029	0.3889	0.4167	0.1075	0.7362	0	0	0	0	0	0	0	0	0	0	0	0	1	1	1	1	0	0	0	0	1	1	1	1	0	0	0	0	0	0	0	0	0	0	0	0	0	0	0	0	0	0	0	0	0.0548	0.0548	0.0006	0.0007	1	1	0	0	0	0	0	0	0	0	0	0	0	0	0	0	0	0	0	0	0.5	0.7952	0	0	0.125	0.1205	0.375	0.0843	0	0
com.jdpapps.textt1.apk	2015-10-21	0.1118	0.0235	0.0566	0.0083	0.3158	0.5	0.1176	0.2002	0	0	0	0	0	0	0	0	0	0	0	0	1	1	1	1	0	0	0	0	0.75	0.7998	1	1	0	0	0	0	0.25	0.2002	0	0	0	0	0	0	0	0	0	0	0	0	0	0	0.0118	0.0059	0.0017	0.0017	1	1	0	0	0	0	0	0	0	0	0	0	0	0	0	0	0	0	0	0	0	0	0	0	1	1	0	0	0	0
com.zubieta.craze.apk	2015-05-20	0.1278	0.0677	0.0279	0.0007	0.3529	0.4444	0.0173	0.3491	0	0	0	0	0	0	0	0	0	0	0	0	1	1	1	1	0	0	0	0	1	1	1	1	0	0	0	0	0	0	0	0	0	0	0	0	0	0	0	0	0	0	0	0	0.0451	0.0526	0.0004	0.0005	1	1	0	0	0	0	0	0	0	0	0	0	0	0	0	0	0	0	0	0	0.4286	0.7564	0	0	0.1429	0.2051	0.4286	0.0385	0	0
com.jdpapps.textt1.apk	2015-10-21	0.1118	0.0235	0.0566	0.0083	0.3158	0.5	0.1176	0.2003	0	0	0	0	0	0	0	0	0	0	0	0	1	1	1	1	0	0	0	0	0.75	0.7997	1	1	0	0	0	0	0.25	0.2003	0	0	0	0	0	0	0	0	0	0	0	0	0	0	0.0118	0.0059	0.0017	0.0017	1	1	0	0	0	0	0	0	0	0	0	0	0	0	0	0	0	0	0	0	0	0	0	0	1	1	0	0	0	0
com.zubieta.craze.apk	2015-05-20	0.1218	0.0769	0.0937	0.0015	0.3684	0.4167	0.0165	0.6322	0	0	0	0	0	0	0	0	0	0	0	0	1	1	1	1	0	0	0	0	1	1	1	1	0	0	0	0	0	0	0	0	0	0	0	0	0	0	0	0	0	0	0	0	0.0513	0.0513	0.0005	0.0006	1	1	0	0	0	0	0	0	0	0	0	0	0	0	0	0	0	0	0	0	0.5	0.79	0	0	0.125	0.16	0.375	0.05	0	0
com.camerasideas.instagramfit.apk	2015-10-22	0	0	0	0	0	0	0	0	0	0	0	0	0	0	0	0	0	0	0	0	0	0	0	0	0	0	0	0	0	0	0	0	0	0	0	0	0	0	0	0	0	0	0	0	0	0	0	0	0	0	0	0	0	0	0	0	0	0	0	0	0	0	0	0	0	0	0	0	0	0	0	0	0	0	0	0	0	0	0	0	0	0	0	0	0	0
vk.com.eyemakeupapp.apk	2015-01-30	0	0	0	0	0	0	0	0	0	0	0	0	0	0	0	0	0	0	0	0	0	0	0	0	0	0	0	0	0	0	0	0	0	0	0	0	0	0	0	0	0	0	0	0	0	0	0	0	0	0	0	0	0	0	0	0	0	0	0	0	0	0	0	0	0	0	0	0	0	0	0	0	0	0	0	0	0	0	0	0	0	0	0	0	0	0
com.camerasideas.instagramfit.apk	2015-10-22	0	0	0	0	0	0	0	0	0	0	0	0	0	0	0	0	0	0	0	0	0	0	0	0	0	0	0	0	0	0	0	0	0	0	0	0	0	0	0	0	0	0	0	0	0	0	0	0	0	0	0	0	0	0	0	0	0	0	0	0	0	0	0	0	0	0	0	0	0	0	0	0	0	0	0	0	0	0	0	0	0	0	0	0	0	0
vk.com.eyemakeupapp.apk	2015-01-30	0	0	0	0	0	0	0	0	0	0	0	0	0	0	0	0	0	0	0	0	0	0	0	0	0	0	0	0	0	0	0	0	0	0	0	0	0	0	0	0	0	0	0	0	0	0	0	0	0	0	0	0	0	0	0	0	0	0	0	0	0	0	0	0	0	0	0	0	0	0	0	0	0	0	0	0	0	0	0	0	0	0	0	0	0	0
com.camerasideas.instagramfit.apk	2015-10-22	0	0	0	0	0	0	0	0	0	0	0	0	0	0	0	0	0	0	0	0	0	0	0	0	0	0	0	0	0	0	0	0	0	0	0	0	0	0	0	0	0	0	0	0	0	0	0	0	0	0	0	0	0	0	0	0	0	0	0	0	0	0	0	0	0	0	0	0	0	0	0	0	0	0	0	0	0	0	0	0	0	0	0	0	0	0
vk.com.eyemakeupapp.apk	2015-01-30	0	0	0	0	0	0	0	0	0	0	0	0	0	0	0	0	0	0	0	0	0	0	0	0	0	0	0	0	0	0	0	0	0	0	0	0	0	0	0	0	0	0	0	0	0	0	0	0	0	0	0	0	0	0	0	0	0	0	0	0	0	0	0	0	0	0	0	0	0	0	0	0	0	0	0	0	0	0	0	0	0	0	0	0	0	0
com.yahoo.mobile.client.android.search.apk	2015-11-07	0	0	0	0	0	0	0	0	0	0	0	0	0	0	0	0	0	0	0	0	0	0	0	0	0	0	0	0	0	0	0	0	0	0	0	0	0	0	0	0	0	0	0	0	0	0	0	0	0	0	0	0	0	0	0	0	0	0	0	0	0	0	0	0	0	0	0	0	0	0	0	0	0	0	0	0	0	0	0	0	0	0	0	0	0	0
com.yahoo.mobile.client.android.search.apk	2015-11-07	0	0	0	0	0	0	0	0	0	0	0	0	0	0	0	0	0	0	0	0	0	0	0	0	0	0	0	0	0	0	0	0	0	0	0	0	0	0	0	0	0	0	0	0	0	0	0	0	0	0	0	0	0	0	0	0	0	0	0	0	0	0	0	0	0	0	0	0	0	0	0	0	0	0	0	0	0	0	0	0	0	0	0	0	0	0
com.yahoo.mobile.client.android.search.apk	2015-11-07	0	0	0	0	0	0	0	0	0	0	0	0	0	0	0	0	0	0	0	0	0	0	0	0	0	0	0	0	0	0	0	0	0	0	0	0	0	0	0	0	0	0	0	0	0	0	0	0	0	0	0	0	0	0	0	0	0	0	0	0	0	0	0	0	0	0	0	0	0	0	0	0	0	0	0	0	0	0	0	0	0	0	0	0	0	0
com.crazyapps.phonenumberlocator.apk	2015-04-11	0	0	0	0	0	0	0	0	0	0	0	0	0	0	0	0	0	0	0	0	0	0	0	0	0	0	0	0	0	0	0	0	0	0	0	0	0	0	0	0	0	0	0	0	0	0	0	0	0	0	0	0	0	0	0	0	0	0	0	0	0	0	0	0	0	0	0	0	0	0	0	0	0	0	0	0	0	0	0	0	0	0	0	0	0	0
com.lmi.samsung.rescuesecurity.signed.apk	2015-01-09	0	0	0	0	0	0	0	0	0	0	0	0	0	0	0	0	0	0	0	0	0	0	0	0	0	0	0	0	0	0	0	0	0	0	0	0	0	0	0	0	0	0	0	0	0	0	0	0	0	0	0	0	0	0	0	0	0	0	0	0	0	0	0	0	0	0	0	0	0	0	0	0	0	0	0	0	0	0	0	0	0	0	0	0	0	0
com.voltage.mobile.securemail.ui.apk	2015-07-07	0.1631	0.0448	0.4304	0.0207	0.2857	0.52	0.0158	0.4794	0	0	0	0	0	0	0	0	0	0	0	0	1	1	1	1	0	0	0	0	0.68	0.9761	0.8462	0.9937	0.04	0.003	0.0769	0.0059	0.08	0.0117	0	0	0	0	0	0	0.16	0.0088	0	0	0.04	0.0004	0.0769	0.0004	0.0251	0.0179	0.0008	0.0204	0.7857	0.827	0.1429	0.0162	0.0714	0.1568	0	0	0	0	0	0	0.1	0.0004	0	0	0	0	0	0	0	0	0	0	0.9	0.9996	0	0	0	0
com.crazyapps.phonenumberlocator.apk	2015-04-11	0	0	0	0	0	0	0	0	0	0	0	0	0	0	0	0	0	0	0	0	0	0	0	0	0	0	0	0	0	0	0	0	0	0	0	0	0	0	0	0	0	0	0	0	0	0	0	0	0	0	0	0	0	0	0	0	0	0	0	0	0	0	0	0	0	0	0	0	0	0	0	0	0	0	0	0	0	0	0	0	0	0	0	0	0	0
com.lmi.samsung.rescuesecurity.signed.apk	2015-01-09	0	0	0	0	0	0	0	0	0	0	0	0	0	0	0	0	0	0	0	0	0	0	0	0	0	0	0	0	0	0	0	0	0	0	0	0	0	0	0	0	0	0	0	0	0	0	0	0	0	0	0	0	0	0	0	0	0	0	0	0	0	0	0	0	0	0	0	0	0	0	0	0	0	0	0	0	0	0	0	0	0	0	0	0	0	0
com.voltage.mobile.securemail.ui.apk	2015-07-07	0.1637	0.045	0.4423	0.0155	0.2857	0.52	0.0126	0.4928	0	0	0	0	0	0	0	0	0	0	0	0	1	1	1	1	0	0	0	0	0.68	0.9736	0.8462	0.9917	0.04	0.0041	0.0769	0.0077	0.08	0.0112	0	0	0	0	0	0	0.16	0.0106	0	0	0.04	0.0006	0.0769	0.0006	0.0252	0.018	0.0006	0.0215	0.7857	0.7887	0.1429	0.0211	0.0714	0.1901	0	0	0	0	0	0	0.1	0.0004	0	0	0	0	0	0	0	0	0	0	0.9	0.9996	0	0	0	0
com.crazyapps.phonenumberlocator.apk	2015-04-11	0	0	0	0	0	0	0	0	0	0	0	0	0	0	0	0	0	0	0	0	0	0	0	0	0	0	0	0	0	0	0	0	0	0	0	0	0	0	0	0	0	0	0	0	0	0	0	0	0	0	0	0	0	0	0	0	0	0	0	0	0	0	0	0	0	0	0	0	0	0	0	0	0	0	0	0	0	0	0	0	0	0	0	0	0	0
com.lmi.samsung.rescuesecurity.signed.apk	2015-01-09	0	0	0	0	0	0	0	0	0	0	0	0	0	0	0	0	0	0	0	0	0	0	0	0	0	0	0	0	0	0	0	0	0	0	0	0	0	0	0	0	0	0	0	0	0	0	0	0	0	0	0	0	0	0	0	0	0	0	0	0	0	0	0	0	0	0	0	0	0	0	0	0	0	0	0	0	0	0	0	0	0	0	0	0	0	0
com.voltage.mobile.securemail.ui.apk	2015-07-07	0.1622	0.045	0.4082	0.0351	0.2889	0.52	0.0156	0.2416	0	0	0	0	0	0	0	0	0	0	0	0	1	1	1	1	0	0	0	0	0.68	0.9784	0.8462	0.9953	0.04	0.0011	0.0769	0.0043	0.08	0.0115	0	0	0	0	0	0	0.16	0.0087	0	0	0.04	0.0002	0.0769	0.0005	0.0252	0.0144	0.0009	0.0175	0.7857	0.9031	0.1429	0.0132	0.0714	0.0837	0	0	0	0	0	0	0.125	0.0005	0	0	0	0	0	0	0	0	0	0	0.875	0.9995	0	0	0	0
com.at.meme.maker.apk	2015-08-26	0	0	0	0	0	0	0	0	0	0	0	0	0	0	0	0	0	0	0	0	0	0	0	0	0	0	0	0	0	0	0	0	0	0	0	0	0	0	0	0	0	0	0	0	0	0	0	0	0	0	0	0	0	0	0	0	0	0	0	0	0	0	0	0	0	0	0	0	0	0	0	0	0	0	0	0	0	0	0	0	0	0	0	0	0	0
com.crunchyroll.crmanga.apk	2015-05-11	0.0817	0.021	0.2021	0.0183	0.1551	0.4762	0.009	0.1174	0	0	0	0	0	0	0	0	0	0	0	0	0.9959	1	1	1	0.0041	0	0	0	0.8254	0.7658	0.9	0.969	0.0159	0.0062	0	0	0.0476	0.006	0.0333	0.0025	0.0159	0.0097	0.0333	0.0259	0.0794	0.0168	0.0333	0.0025	0.0159	0.1955	0	0	0.009	0.0167	0.0006	0.0484	0.9259	0.9845	0.0741	0.0155	0	0	0	0	0	0	0.2	0.0004	0	0	0	0	0	0	0	0	0.02	0.0001	0	0	0.6	0.9887	0	0	0.18	0.0108
com.ehraman.anime.girl.live.Wallpaper.apk	2015-08-12	0	0	0	0	0	0	0	0	0	0	0	0	0	0	0	0	0	0	0	0	0	0	0	0	0	0	0	0	0	0	0	0	0	0	0	0	0	0	0	0	0	0	0	0	0	0	0	0	0	0	0	0	0	0	0	0	0	0	0	0	0	0	0	0	0	0	0	0	0	0	0	0	0	0	0	0	0	0	0	0	0	0	0	0	0	0
com.tmarki.comics.apk	2015-10-23	0	0	0	0	0	0	0	0	0	0	0	0	0	0	0	0	0	0	0	0	0	0	0	0	0	0	0	0	0	0	0	0	0	0	0	0	0	0	0	0	0	0	0	0	0	0	0	0	0	0	0	0	0	0	0	0	0	0	0	0	0	0	0	0	0	0	0	0	0	0	0	0	0	0	0	0	0	0	0	0	0	0	0	0	0	0
com.vizmanga.android.apk	2015-09-04	0.1228	0.0194	0.1851	0.0117	0.2281	1	0.0869	0.918	0	0	0	0	0.0351	0.0196	0.0769	0.1125	0	0	0	0	0.9474	0.9608	0.9231	0.8875	0.0175	0.0196	0	0	1	1	1	1	0	0	0	0	0	0	0	0	0	0	0	0	0	0	0	0	0	0	0	0	0.0108	0.0086	0.0027	0.0244	0.8	0.9979	0	0	0	0	0.2	0.0021	0	0	0	0	0	0	0	0	0	0	0	0	0	0	0	0	1	1	0	0	0	0
com.zach.wilson.magic.app.apk	2015-12-20	0.1365	0.0448	0.1585	0.0551	0.2969	0.4762	0.1347	0.1907	0	0	0	0	0.0312	0.0172	0.1053	0.0016	0	0	0	0	0.9688	0.9828	0.8947	0.9984	0	0	0	0	0.8571	0.92	0.8	0.8624	0	0	0	0	0.0476	0.0281	0.1	0.136	0.0476	0.0269	0	0	0	0	0	0	0.0476	0.025	0.1	0.0017	0.0043	0.0021	0.0016	0.0016	1	1	0	0	0	0	0	0	0	0	0	0	1	1	0	0	0	0	0	0	0	0	0	0	0	0	0	0	0	0
uk.xeeleestudios.cyanide.apk	2015-10-03	0.0769	0.0189	0.1889	0.011	0.2231	0.6562	0.0568	0.5845	0	0	0	0	0	0	0	0	0	0	0	0	1	1	1	1	0	0	0	0	0.8438	0.8383	0.9048	0.9602	0.0312	0.0131	0	0	0.0625	0.0605	0.0476	0.0249	0.0312	0.0126	0.0476	0.0149	0	0	0	0	0.0312	0.0755	0	0	0.0124	0.0124	0.0013	0.0027	1	1	0	0	0	0	0	0	0	0	0	0	0	0	0	0	0	0	0	0	0	0	0	0	1	1	0	0	0	0
com.at.meme.maker.apk	2015-08-26	0	0	0	0	0	0	0	0	0	0	0	0	0	0	0	0	0	0	0	0	0	0	0	0	0	0	0	0	0	0	0	0	0	0	0	0	0	0	0	0	0	0	0	0	0	0	0	0	0	0	0	0	0	0	0	0	0	0	0	0	0	0	0	0	0	0	0	0	0	0	0	0	0	0	0	0	0	0	0	0	0	0	0	0	0	0
com.crunchyroll.crmanga.apk	2015-05-11	0.0777	0.0231	0.2128	0.0146	0.1807	0.473	0.0028	0.0671	0	0	0	0	0	0	0	0	0	0	0	0	0.996	1	1	1	0.004	0	0	0	0.8378	0.9139	0.9143	0.8897	0.0135	0.0037	0	0	0.0541	0.0064	0.0286	0.0129	0.0135	0.015	0.0286	0.0939	0.0676	0.0116	0.0286	0.0034	0.0135	0.0493	0	0	0.0084	0.0156	0.0003	0.0316	0.9259	0.9711	0.0741	0.0289	0	0	0	0	0	0	0.2	0.0002	0	0	0	0	0	0	0	0	0.02	0.0003	0	0	0.62	0.9929	0	0	0.16	0.0067
com.ehraman.anime.girl.live.Wallpaper.apk	2015-08-12	0	0	0	0	0	0	0	0	0	0	0	0	0	0	0	0	0	0	0	0	0	0	0	0	0	0	0	0	0	0	0	0	0	0	0	0	0	0	0	0	0	0	0	0	0	0	0	0	0	0	0	0	0	0	0	0	0	0	0	0	0	0	0	0	0	0	0	0	0	0	0	0	0	0	0	0	0	0	0	0	0	0	0	0	0	0
com.tmarki.comics.apk	2015-10-23	0	0	0	0	0	0	0	0	0	0	0	0	0	0	0	0	0	0	0	0	0	0	0	0	0	0	0	0	0	0	0	0	0	0	0	0	0	0	0	0	0	0	0	0	0	0	0	0	0	0	0	0	0	0	0	0	0	0	0	0	0	0	0	0	0	0	0	0	0	0	0	0	0	0	0	0	0	0	0	0	0	0	0	0	0	0
com.vizmanga.android.apk	2015-09-04	0.1228	0.0194	0.1851	0.0117	0.2281	1	0.087	0.9186	0	0	0	0	0.0351	0.0196	0.0769	0.1124	0	0	0	0	0.9474	0.9608	0.9231	0.8876	0.0175	0.0196	0	0	1	1	1	1	0	0	0	0	0	0	0	0	0	0	0	0	0	0	0	0	0	0	0	0	0.0108	0.0086	0.0027	0.0244	0.8	0.9981	0	0	0	0	0.2	0.0019	0	0	0	0	0	0	0	0	0	0	0	0	0	0	0	0	1	1	0	0	0	0
com.zach.wilson.magic.app.apk	2015-12-20	0.1407	0.0494	0.1618	0.0562	0.3333	0.5	0.1666	0.2366	0	0	0	0	0.0351	0.0172	0.1053	0.1025	0	0	0	0	0.9649	0.9828	0.8947	0.8975	0	0	0	0	0.85	0.9205	0.7	0.6999	0	0	0	0	0.05	0.0282	0.1	0.1174	0.05	0.0266	0.1	0.0788	0	0	0	0	0.05	0.0248	0.1	0.1039	0.0049	0.0025	0.0016	0.0016	1	1	0	0	0	0	0	0	0	0	0	0	1	1	0	0	0	0	0	0	0	0	0	0	0	0	0	0	0	0
uk.xeeleestudios.cyanide.apk	2015-10-03	0.0778	0.018	0.1809	0.0106	0.2164	0.6774	0.0567	0.5906	0	0	0	0	0	0	0	0	0	0	0	0	1	1	1	1	0	0	0	0	0.8387	0.8298	0.9048	0.9521	0.0323	0.0129	0	0	0.0645	0.067	0.0476	0.0252	0.0323	0.0149	0.0476	0.0227	0	0	0	0	0.0323	0.0754	0	0	0.0122	0.0122	0.0013	0.0026	1	1	0	0	0	0	0	0	0	0	0	0	0	0	0	0	0	0	0	0	0	0	0	0	1	1	0	0	0	0
com.at.meme.maker.apk	2015-08-26	0	0	0	0	0	0	0	0	0	0	0	0	0	0	0	0	0	0	0	0	0	0	0	0	0	0	0	0	0	0	0	0	0	0	0	0	0	0	0	0	0	0	0	0	0	0	0	0	0	0	0	0	0	0	0	0	0	0	0	0	0	0	0	0	0	0	0	0	0	0	0	0	0	0	0	0	0	0	0	0	0	0	0	0	0	0
com.crunchyroll.crmanga.apk	2015-05-11	0.078	0.0222	0.2009	0.0134	0.1807	0.4507	0.0103	0.1373	0	0	0	0	0	0	0	0	0	0	0	0	0.996	1	1	1	0.004	0	0	0	0.831	0.8771	0.9062	0.9573	0.0141	0.0047	0	0	0.0563	0.009	0.0312	0.0068	0.0141	0.0146	0.0312	0.0322	0.0704	0.016	0.0312	0.0037	0.0141	0.0786	0	0	0.0085	0.0163	0.0003	0.0385	0.9259	0.9575	0.0741	0.0425	0	0	0	0	0	0	0.1923	0.0003	0	0	0	0	0	0	0	0	0.0192	0.0004	0	0	0.6154	0.9899	0	0	0.1731	0.0094
com.ehraman.anime.girl.live.Wallpaper.apk	2015-08-12	0	0	0	0	0	0	0	0	0	0	0	0	0	0	0	0	0	0	0	0	0	0	0	0	0	0	0	0	0	0	0	0	0	0	0	0	0	0	0	0	0	0	0	0	0	0	0	0	0	0	0	0	0	0	0	0	0	0	0	0	0	0	0	0	0	0	0	0	0	0	0	0	0	0	0	0	0	0	0	0	0	0	0	0	0	0
com.tmarki.comics.apk	2015-10-23	0	0	0	0	0	0	0	0	0	0	0	0	0	0	0	0	0	0	0	0	0	0	0	0	0	0	0	0	0	0	0	0	0	0	0	0	0	0	0	0	0	0	0	0	0	0	0	0	0	0	0	0	0	0	0	0	0	0	0	0	0	0	0	0	0	0	0	0	0	0	0	0	0	0	0	0	0	0	0	0	0	0	0	0	0	0
com.vizmanga.android.apk	2015-09-04	0.1228	0.0194	0.1851	0.0117	0.2281	1	0.0869	0.9179	0	0	0	0	0.0351	0.0195	0.0769	0.1119	0	0	0	0	0.9474	0.961	0.9231	0.8881	0.0175	0.0195	0	0	1	1	1	1	0	0	0	0	0	0	0	0	0	0	0	0	0	0	0	0	0	0	0	0	0.0108	0.0086	0.0027	0.0243	0.8	0.9976	0	0	0	0	0.2	0.0024	0	0	0	0	0	0	0	0	0	0	0	0	0	0	0	0	1	1	0	0	0	0
com.zach.wilson.magic.app.apk	2015-12-20	0.1365	0.0448	0.1602	0.0557	0.3281	0.5238	0.1675	0.2252	0	0	0	0	0.0312	0.0176	0.0952	0.1037	0	0	0	0	0.9688	0.9824	0.9048	0.8963	0	0	0	0	0.8571	0.9203	0.7273	0.7329	0	0	0	0	0.0476	0.0283	0.0909	0.1183	0.0476	0.0263	0.0909	0.0379	0	0	0	0	0.0476	0.0251	0.0909	0.1109	0.0043	0.0021	0.0016	0.0016	1	1	0	0	0	0	0	0	0	0	0	0	1	1	0	0	0	0	0	0	0	0	0	0	0	0	0	0	0	0
uk.xeeleestudios.cyanide.apk	2015-10-03	0.0774	0.0185	0.1883	0.0109	0.2239	0.6562	0.053	0.6093	0	0	0	0	0	0	0	0	0	0	0	0	1	1	1	1	0	0	0	0	0.8438	0.8393	0.9048	0.9578	0.0312	0.0121	0	0	0.0625	0.0668	0.0476	0.0238	0.0312	0.0136	0.0476	0.0184	0	0	0	0	0.0312	0.0682	0	0	0.0121	0.0121	0.0013	0.0026	1	1	0	0	0	0	0	0	0	0	0	0	0	0	0	0	0	0	0	0	0	0	0	0	1	1	0	0	0	0
com.google.android.apps.hangoutsdialer.apk	2015-09-01	0.2069	0.0345	0.3288	0.036	0.1667	1	0.1075	0.98	0	0	0	0	0	0	0	0	0	0	0	0	1	1	1	1	0	0	0	0	1	1	1	1	0	0	0	0	0	0	0	0	0	0	0	0	0	0	0	0	0	0	0	0	0.069	0.1034	0.0368	0.0375	1	1	0	0	0	0	0	0	0	0	0	0	0.3333	0.9615	0	0	0	0	0	0	0	0	0	0	0	0	0	0	0.6667	0.0385
com.moplus.moplusapp.apk	2015-12-04	0	0	0	0	0	0	0	0	0	0	0	0	0	0	0	0	0	0	0	0	0	0	0	0	0	0	0	0	0	0	0	0	0	0	0	0	0	0	0	0	0	0	0	0	0	0	0	0	0	0	0	0	0	0	0	0	0	0	0	0	0	0	0	0	0	0	0	0	0	0	0	0	0	0	0	0	0	0	0	0	0	0	0	0	0	0
com.stt.mobilehotspot.apk	2015-04-03	0	0	0	0	0	0	0	0	0	0	0	0	0	0	0	0	0	0	0	0	0	0	0	0	0	0	0	0	0	0	0	0	0	0	0	0	0	0	0	0	0	0	0	0	0	0	0	0	0	0	0	0	0	0	0	0	0	0	0	0	0	0	0	0	0	0	0	0	0	0	0	0	0	0	0	0	0	0	0	0	0	0	0	0	0	0
com.voxofon.apk	2015-10-23	0	0	0	0	0	0	0	0	0	0	0	0	0	0	0	0	0	0	0	0	0	0	0	0	0	0	0	0	0	0	0	0	0	0	0	0	0	0	0	0	0	0	0	0	0	0	0	0	0	0	0	0	0	0	0	0	0	0	0	0	0	0	0	0	0	0	0	0	0	0	0	0	0	0	0	0	0	0	0	0	0	0	0	0	0	0
com.google.android.apps.hangoutsdialer.apk	2015-09-01	0.2069	0.0345	0.3273	0.0355	0.1667	1	0.1062	0.9796	0	0	0	0	0	0	0	0	0	0	0	0	1	1	1	1	0	0	0	0	1	1	1	1	0	0	0	0	0	0	0	0	0	0	0	0	0	0	0	0	0	0	0	0	0.069	0.1034	0.0362	0.0369	1	1	0	0	0	0	0	0	0	0	0	0	0.3333	0.9608	0	0	0	0	0	0	0	0	0	0	0	0	0	0	0.6667	0.0392
com.moplus.moplusapp.apk	2015-12-04	0	0	0	0	0	0	0	0	0	0	0	0	0	0	0	0	0	0	0	0	0	0	0	0	0	0	0	0	0	0	0	0	0	0	0	0	0	0	0	0	0	0	0	0	0	0	0	0	0	0	0	0	0	0	0	0	0	0	0	0	0	0	0	0	0	0	0	0	0	0	0	0	0	0	0	0	0	0	0	0	0	0	0	0	0	0
com.stt.mobilehotspot.apk	2015-04-03	0	0	0	0	0	0	0	0	0	0	0	0	0	0	0	0	0	0	0	0	0	0	0	0	0	0	0	0	0	0	0	0	0	0	0	0	0	0	0	0	0	0	0	0	0	0	0	0	0	0	0	0	0	0	0	0	0	0	0	0	0	0	0	0	0	0	0	0	0	0	0	0	0	0	0	0	0	0	0	0	0	0	0	0	0	0
com.voxofon.apk	2015-10-23	0	0	0	0	0	0	0	0	0	0	0	0	0	0	0	0	0	0	0	0	0	0	0	0	0	0	0	0	0	0	0	0	0	0	0	0	0	0	0	0	0	0	0	0	0	0	0	0	0	0	0	0	0	0	0	0	0	0	0	0	0	0	0	0	0	0	0	0	0	0	0	0	0	0	0	0	0	0	0	0	0	0	0	0	0	0
com.google.android.apps.hangoutsdialer.apk	2015-09-01	0.2069	0.0345	0.3278	0.0358	0.1667	1	0.1068	0.9778	0	0	0	0	0	0	0	0	0	0	0	0	1	1	1	1	0	0	0	0	1	1	1	1	0	0	0	0	0	0	0	0	0	0	0	0	0	0	0	0	0	0	0	0	0.069	0.1034	0.0366	0.0374	1	1	0	0	0	0	0	0	0	0	0	0	0.3333	0.9574	0	0	0	0	0	0	0	0	0	0	0	0	0	0	0.6667	0.0426
com.moplus.moplusapp.apk	2015-12-04	0	0	0	0	0	0	0	0	0	0	0	0	0	0	0	0	0	0	0	0	0	0	0	0	0	0	0	0	0	0	0	0	0	0	0	0	0	0	0	0	0	0	0	0	0	0	0	0	0	0	0	0	0	0	0	0	0	0	0	0	0	0	0	0	0	0	0	0	0	0	0	0	0	0	0	0	0	0	0	0	0	0	0	0	0	0
com.stt.mobilehotspot.apk	2015-04-03	0	0	0	0	0	0	0	0	0	0	0	0	0	0	0	0	0	0	0	0	0	0	0	0	0	0	0	0	0	0	0	0	0	0	0	0	0	0	0	0	0	0	0	0	0	0	0	0	0	0	0	0	0	0	0	0	0	0	0	0	0	0	0	0	0	0	0	0	0	0	0	0	0	0	0	0	0	0	0	0	0	0	0	0	0	0
com.voxofon.apk	2015-10-23	0	0	0	0	0	0	0	0	0	0	0	0	0	0	0	0	0	0	0	0	0	0	0	0	0	0	0	0	0	0	0	0	0	0	0	0	0	0	0	0	0	0	0	0	0	0	0	0	0	0	0	0	0	0	0	0	0	0	0	0	0	0	0	0	0	0	0	0	0	0	0	0	0	0	0	0	0	0	0	0	0	0	0	0	0	0
com.QueContactoscom.QC.apk	2015-11-17	0.0927	0.0289	0.1258	0.0059	0.2951	0.5526	0.019	0.1816	0.0164	0.0007	0	0	0.0164	0.0007	0	0	0	0	0	0	0.9672	0.9987	1	1	0	0	0	0	0.7368	0.4217	0.8095	0.9234	0.0263	0.0438	0	0	0.0526	0.0139	0.0952	0.046	0	0	0	0	0.1053	0.0042	0	0	0.0789	0.5164	0.0952	0.0307	0.0251	0.0388	0.0014	0.0161	0.9394	0.9914	0.0606	0.0086	0	0	0	0	0	0	0	0	0	0	0	0	0	0	0	0	0.3529	0.7415	0	0	0.451	0.1762	0	0	0.1961	0.0823
com.QueContactoscom.QC.apk	2015-11-17	0.1026	0.0357	0.149	0.0074	0.2911	0.4727	0.0231	0.2064	0.0127	0.0005	0	0	0.019	0.0005	0	0	0	0	0	0	0.9684	0.999	1	1	0	0	0	0	0.8182	0.4659	0.8462	0.9604	0.0182	0.0477	0	0	0.0364	0.0089	0.0769	0.0297	0	0	0	0	0.0727	0.0136	0	0	0.0545	0.4639	0.0769	0.0099	0.0234	0.0338	0.002	0.0204	0.9444	0.9924	0.0556	0.0076	0	0	0	0	0	0	0	0	0	0	0	0	0	0	0	0	0.3462	0.7271	0	0	0.4615	0.1889	0	0	0.1923	0.084
com.QueContactoscom.QC.apk	2015-11-17	0.1001	0.032	0.159	0.0085	0.2721	0.4681	0.0241	0.2083	0.0136	0.0003	0	0	0.0136	0.0004	0	0	0	0	0	0	0.9728	0.9993	1	1	0	0	0	0	0.7872	0.433	0.8636	0.9692	0.0213	0.0532	0	0	0.0426	0.0064	0.0455	0.0176	0	0	0	0	0.0851	0.0128	0	0	0.0638	0.4945	0.0909	0.0132	0.0232	0.0354	0.0026	0.0236	0.9412	0.9909	0.0588	0.0091	0	0	0	0	0	0	0	0	0	0	0	0	0	0	0	0	0.3462	0.7474	0	0	0.4615	0.1699	0	0	0.1923	0.0826
com.blackboard.android.apk	2015-02-10	0.0895	0.0156	0.1373	0.0038	0.0777	0.2222	0.0018	0.0374	0	0	0	0	0	0	0	0	0	0	0	0	0.9903	0.9994	0.875	0.9916	0.0097	0.0006	0.125	0.0084	0.6667	0.7995	0.75	0.7714	0.0556	0.0209	0	0	0.1111	0.0824	0	0	0.0556	0.0727	0	0	0	0	0	0	0.1111	0.0246	0.25	0.2286	0.0104	0.0122	0.0002	0.0008	0.8333	0.6038	0.1667	0.3962	0	0	0	0	0	0	0.2857	0.0101	0.5	0.9824	0	0	0	0	0	0	0	0	0	0	0.1429	0.005	0.0714	0.0025	0	0
com.brainpop.brainpopfeaturedmovieandroid.apk	2015-12-28	0.0872	0.0444	0.1365	0.0401	0.2727	0.6429	0.0452	0.1259	0	0	0	0	0.0182	0.0001	0	0	0	0	0	0	0.9727	0.9995	1	1	0.0091	0.0004	0	0	0.8571	0.9412	0.8889	0.8505	0.0179	0.0152	0.0278	0.1201	0.0714	0.0247	0.0278	0.0282	0	0	0	0	0.0179	0.0002	0.0278	0.0006	0.0357	0.0188	0.0278	0.0006	0.0301	0.0071	0.0005	0.013	0.9211	0.9735	0.0526	0.0199	0.0263	0.0066	0	0	0	0	0	0	0	0	0	0	0	0	0	0	0.1111	0.0005	0	0	0.8889	0.9995	0	0	0	0
com.infomarvel.istorybooks.apk	2015-05-28	0	0	0	0	0	0	0	0	0	0	0	0	0	0	0	0	0	0	0	0	0	0	0	0	0	0	0	0	0	0	0	0	0	0	0	0	0	0	0	0	0	0	0	0	0	0	0	0	0	0	0	0	0	0	0	0	0	0	0	0	0	0	0	0	0	0	0	0	0	0	0	0	0	0	0	0	0	0	0	0	0	0	0	0	0	0
com.skibler.cursodeingles.apk	2015-04-13	0.0993	0.012	0.1367	0.0131	0.069	0.4286	0.0457	0.4082	0	0	0	0	0	0	0	0	0	0	0	0	1	1	1	1	0	0	0	0	0.7143	0.8553	1	1	0	0	0	0	0.1429	0.1093	0	0	0.1429	0.0354	0	0	0	0	0	0	0	0	0	0	0.0103	0.0051	0.0027	0.009	0.5	0.6646	0.3333	0.3333	0	0	0.1667	0.0021	0	0	0	0	0	0	0	0	0	0	0	0	0.3333	0.1004	0	0	0.6667	0.8996	0	0	0	0
no.mobitroll.kahoot.android.apk	2015-09-22	0.1034	0.0747	0.1387	0.0127	0.4167	0.8462	0.0938	0.6481	0	0	0	0	0	0	0	0	0	0	0	0	1	1	1	1	0	0	0	0	0.9231	0.9076	0.9545	0.9746	0	0	0	0	0.0385	0.019	0.0455	0.0254	0	0	0	0	0	0	0	0	0.0385	0.0734	0	0	0.0259	0.0201	0.0023	0.0029	1	1	0	0	0	0	0	0	0	0	0	0	1	1	0	0	0	0	0	0	0	0	0	0	0	0	0	0	0	0
com.blackboard.android.apk	2015-02-10	0.0892	0.0139	0.1372	0.0039	0.0777	0.25	0.0024	0.0565	0	0	0	0	0	0	0	0	0	0	0	0	0.9903	0.9994	0.875	0.9943	0.0097	0.0006	0.125	0.0057	0.625	0.7994	0.75	0.839	0.0625	0.0172	0	0	0.125	0.0804	0	0	0.0625	0.0761	0	0	0	0	0	0	0.125	0.0268	0.25	0.161	0.0139	0.0147	0.0002	0.0007	0.875	0.5818	0.125	0.4182	0	0	0	0	0	0	0.3529	0.0157	0.5294	0.979	0	0	0	0	0	0	0	0	0	0	0.0588	0.0026	0.0588	0.0026	0	0
com.brainpop.brainpopfeaturedmovieandroid.apk	2015-12-28	0.0863	0.0424	0.1384	0.0423	0.2727	0.6667	0.0479	0.2472	0	0	0	0	0.0182	0.0002	0	0	0	0	0	0	0.9727	0.9995	1	1	0.0091	0.0004	0	0	0.8519	0.9394	0.8889	0.9126	0.0185	0.0186	0.0278	0.0747	0.0741	0.0193	0.0278	0.0117	0	0	0	0	0.0185	0.0003	0.0278	0.0005	0.037	0.0224	0.0278	0.0005	0.029	0.0078	0.0005	0.0104	0.9189	0.96	0.0541	0.03	0.027	0.01	0	0	0	0	0	0	0	0	0	0	0	0	0	0	0.1	0.001	0	0	0.9	0.999	0	0	0	0
com.infomarvel.istorybooks.apk	2015-05-28	0	0	0	0	0	0	0	0	0	0	0	0	0	0	0	0	0	0	0	0	0	0	0	0	0	0	0	0	0	0	0	0	0	0	0	0	0	0	0	0	0	0	0	0	0	0	0	0	0	0	0	0	0	0	0	0	0	0	0	0	0	0	0	0	0	0	0	0	0	0	0	0	0	0	0	0	0	0	0	0	0	0	0	0	0	0
com.skibler.cursodeingles.apk	2015-04-13	0.0958	0.0122	0.1368	0.0132	0.0727	0.4286	0.0461	0.4096	0	0	0	0	0	0	0	0	0	0	0	0	1	1	1	1	0	0	0	0	0.7143	0.856	1	1	0	0	0	0	0.1429	0.109	0	0	0.1429	0.0351	0	0	0	0	0	0	0	0	0	0	0.0105	0.0052	0.0027	0.009	0.5	0.6646	0.3333	0.3333	0	0	0.1667	0.002	0	0	0	0	0	0	0	0	0	0	0	0	0.3333	0.1004	0	0	0.6667	0.8996	0	0	0	0
no.mobitroll.kahoot.android.apk	2015-09-22	0.1047	0.0756	0.1412	0.0119	0.4167	0.8462	0.0862	0.6472	0	0	0	0	0	0	0	0	0	0	0	0	1	1	1	1	0	0	0	0	0.9231	0.9048	0.9545	0.9745	0	0	0	0	0.0385	0.019	0.0455	0.0255	0	0	0	0	0	0	0	0	0.0385	0.0761	0	0	0.0262	0.0174	0.0024	0.003	1	1	0	0	0	0	0	0	0	0	0	0	1	1	0	0	0	0	0	0	0	0	0	0	0	0	0	0	0	0
com.blackboard.android.apk	2015-02-10	0.0905	0.0154	0.1377	0.0038	0.0755	0.2222	0.0024	0.0511	0	0	0	0	0	0	0	0	0	0	0	0	0.9906	0.9994	0.875	0.9948	0.0094	0.0006	0.125	0.0052	0.6667	0.7786	0.75	0.7699	0.0556	0.0244	0	0	0.1111	0.084	0	0	0.0556	0.0709	0	0	0	0	0	0	0.1111	0.042	0.25	0.2301	0.0102	0.012	0.0002	0.001	0.8333	0.608	0.1667	0.392	0	0	0	0	0	0	0.2857	0.0069	0.5	0.9878	0	0	0	0	0	0	0	0	0	0	0.1429	0.0035	0.0714	0.0017	0	0
com.brainpop.brainpopfeaturedmovieandroid.apk	2015-12-28	0.0818	0.0438	0.1371	0.0374	0.2857	0.6833	0.0274	0.1815	0	0	0	0	0.0179	0.0002	0	0	0	0	0	0	0.9732	0.9992	1	1	0.0089	0.0005	0	0	0.8667	0.9316	0.9024	0.8815	0.0167	0.0178	0.0244	0.0977	0.0667	0.027	0.0244	0.0178	0	0	0	0	0.0167	0.0004	0.0244	0.0015	0.0333	0.0232	0.0244	0.0015	0.0307	0.0073	0.0006	0.0138	0.9286	0.9524	0.0476	0.0417	0.0238	0.006	0	0	0	0	0	0	0	0	0	0	0	0	0	0	0.1	0.0015	0	0	0.9	0.9985	0	0	0	0
com.infomarvel.istorybooks.apk	2015-05-28	0	0	0	0	0	0	0	0	0	0	0	0	0	0	0	0	0	0	0	0	0	0	0	0	0	0	0	0	0	0	0	0	0	0	0	0	0	0	0	0	0	0	0	0	0	0	0	0	0	0	0	0	0	0	0	0	0	0	0	0	0	0	0	0	0	0	0	0	0	0	0	0	0	0	0	0	0	0	0	0	0	0	0	0	0	0
com.skibler.cursodeingles.apk	2015-04-13	0.0993	0.012	0.1374	0.0129	0.069	0.4286	0.046	0.4211	0	0	0	0	0	0	0	0	0	0	0	0	1	1	1	1	0	0	0	0	0.7143	0.8751	1	1	0	0	0	0	0.1429	0.0942	0	0	0.1429	0.0307	0	0	0	0	0	0	0	0	0	0	0.0103	0.0051	0.0027	0.0091	0.5	0.6647	0.3333	0.3333	0	0	0.1667	0.002	0	0	0	0	0	0	0	0	0	0	0	0	0.3333	0.1004	0	0	0.6667	0.8996	0	0	0	0
no.mobitroll.kahoot.android.apk	2015-09-22	0.1047	0.0756	0.1422	0.0126	0.4167	0.8462	0.0362	0.3653	0	0	0	0	0	0	0	0	0	0	0	0	1	1	1	1	0	0	0	0	0.9231	0.8824	0.9545	0.9619	0	0	0	0	0.0385	0.017	0.0455	0.0381	0	0	0	0	0	0	0	0	0.0385	0.1006	0	0	0.0262	0.0174	0.002	0.0024	1	1	0	0	0	0	0	0	0	0	0	0	1	1	0	0	0	0	0	0	0	0	0	0	0	0	0	0	0	0
com.fox.now.apk	2015-12-04	0	0	0	0	0	0	0	0	0	0	0	0	0	0	0	0	0	0	0	0	0	0	0	0	0	0	0	0	0	0	0	0	0	0	0	0	0	0	0	0	0	0	0	0	0	0	0	0	0	0	0	0	0	0	0	0	0	0	0	0	0	0	0	0	0	0	0	0	0	0	0	0	0	0	0	0	0	0	0	0	0	0	0	0	0	0
com.gotv.crackle.handset.apk	2015-11-05	0	0	0	0	0	0	0	0	0	0	0	0	0	0	0	0	0	0	0	0	0	0	0	0	0	0	0	0	0	0	0	0	0	0	0	0	0	0	0	0	0	0	0	0	0	0	0	0	0	0	0	0	0	0	0	0	0	0	0	0	0	0	0	0	0	0	0	0	0	0	0	0	0	0	0	0	0	0	0	0	0	0	0	0	0	0
com.fox.now.apk	2015-12-04	0	0	0	0	0	0	0	0	0	0	0	0	0	0	0	0	0	0	0	0	0	0	0	0	0	0	0	0	0	0	0	0	0	0	0	0	0	0	0	0	0	0	0	0	0	0	0	0	0	0	0	0	0	0	0	0	0	0	0	0	0	0	0	0	0	0	0	0	0	0	0	0	0	0	0	0	0	0	0	0	0	0	0	0	0	0
com.gotv.crackle.handset.apk	2015-11-05	0	0	0	0	0	0	0	0	0	0	0	0	0	0	0	0	0	0	0	0	0	0	0	0	0	0	0	0	0	0	0	0	0	0	0	0	0	0	0	0	0	0	0	0	0	0	0	0	0	0	0	0	0	0	0	0	0	0	0	0	0	0	0	0	0	0	0	0	0	0	0	0	0	0	0	0	0	0	0	0	0	0	0	0	0	0
com.fox.now.apk	2015-12-04	0	0	0	0	0	0	0	0	0	0	0	0	0	0	0	0	0	0	0	0	0	0	0	0	0	0	0	0	0	0	0	0	0	0	0	0	0	0	0	0	0	0	0	0	0	0	0	0	0	0	0	0	0	0	0	0	0	0	0	0	0	0	0	0	0	0	0	0	0	0	0	0	0	0	0	0	0	0	0	0	0	0	0	0	0	0
com.gotv.crackle.handset.apk	2015-11-05	0	0	0	0	0	0	0	0	0	0	0	0	0	0	0	0	0	0	0	0	0	0	0	0	0	0	0	0	0	0	0	0	0	0	0	0	0	0	0	0	0	0	0	0	0	0	0	0	0	0	0	0	0	0	0	0	0	0	0	0	0	0	0	0	0	0	0	0	0	0	0	0	0	0	0	0	0	0	0	0	0	0	0	0	0	0
com.coinbase.android.apk	2015-01-31	0	0	0	0	0	0	0	0	0	0	0	0	0	0	0	0	0	0	0	0	0	0	0	0	0	0	0	0	0	0	0	0	0	0	0	0	0	0	0	0	0	0	0	0	0	0	0	0	0	0	0	0	0	0	0	0	0	0	0	0	0	0	0	0	0	0	0	0	0	0	0	0	0	0	0	0	0	0	0	0	0	0	0	0	0	0
com.merrickbank.smartclient.prod.apk	2015-09-22	0.1308	0.0416	0.17	0.0195	0.3523	0.75	0.0184	0.1985	0	0	0	0	0	0	0	0	0	0	0	0	0.9886	0.9944	1	1	0.0114	0.0056	0	0	0.8571	0.593	0.8095	0.6845	0	0	0	0	0.0714	0.3467	0.0952	0.0149	0	0	0	0	0	0	0	0	0.0714	0.0602	0.0952	0.3006	0.0163	0.0163	0.0011	0.0048	0.8182	0.9895	0	0	0.1818	0.0105	0	0	0	0	0	0	0	0	0	0	0	0	0	0	0.8182	0.6279	0	0	0.1818	0.3721	0	0	0	0
com.tdameritrade.mobile3.apk	2015-08-14	0.057	0.0063	0.0467	0.0047	0.0556	0.5	0.0333	0.3325	0	0	0	0	0	0	0	0	0	0	0	0	1	1	1	1	0	0	0	0	0.5	0.6662	1	1	0	0	0	0	0.5	0.3338	0	0	0	0	0	0	0	0	0	0	0	0	0	0	0.0095	0.0032	0.0016	0.0016	0	0	0.6667	0.9961	0	0	0.3333	0.0039	0	0	0	0	1	1	0	0	0	0	0	0	0	0	0	0	0	0	0	0	0	0
com.coinbase.android.apk	2015-01-31	0	0	0	0	0	0	0	0	0	0	0	0	0	0	0	0	0	0	0	0	0	0	0	0	0	0	0	0	0	0	0	0	0	0	0	0	0	0	0	0	0	0	0	0	0	0	0	0	0	0	0	0	0	0	0	0	0	0	0	0	0	0	0	0	0	0	0	0	0	0	0	0	0	0	0	0	0	0	0	0	0	0	0	0	0	0
com.merrickbank.smartclient.prod.apk	2015-09-22	0.1333	0.0424	0.1747	0.0194	0.2955	0.75	0.0174	0.2091	0	0	0	0	0	0	0	0	0	0	0	0	0.9886	0.9943	1	1	0.0114	0.0057	0	0	0.8571	0.601	0.8095	0.684	0	0	0	0	0.0714	0.3402	0.0952	0.0372	0	0	0	0	0	0	0	0	0.0714	0.0588	0.0952	0.2788	0.0167	0.0152	0.0012	0.0046	0.8182	0.9915	0	0	0.1818	0.0085	0	0	0	0	0	0	0	0	0	0	0	0	0	0	0.8	0.6469	0	0	0.2	0.3531	0	0	0	0
com.tdameritrade.mobile3.apk	2015-08-14	0.057	0.0063	0.0467	0.0047	0.0556	0.5	0.0332	0.3322	0	0	0	0	0	0	0	0	0	0	0	0	1	1	1	1	0	0	0	0	0.5	0.6661	1	1	0	0	0	0	0.5	0.3339	0	0	0	0	0	0	0	0	0	0	0	0	0	0	0.0095	0.0032	0.0016	0.0016	0	0	0.6667	0.9949	0	0	0.3333	0.0051	0	0	0	0	1	1	0	0	0	0	0	0	0	0	0	0	0	0	0	0	0	0
com.coinbase.android.apk	2015-01-31	0	0	0	0	0	0	0	0	0	0	0	0	0	0	0	0	0	0	0	0	0	0	0	0	0	0	0	0	0	0	0	0	0	0	0	0	0	0	0	0	0	0	0	0	0	0	0	0	0	0	0	0	0	0	0	0	0	0	0	0	0	0	0	0	0	0	0	0	0	0	0	0	0	0	0	0	0	0	0	0	0	0	0	0	0	0
com.merrickbank.smartclient.prod.apk	2015-09-22	0.1354	0.0431	0.165	0.0176	0.3409	0.75	0.0198	0.2036	0	0	0	0	0	0	0	0	0	0	0	0	0.9886	0.9948	1	1	0.0114	0.0052	0	0	0.8571	0.5964	0.8095	0.757	0	0	0	0	0.0714	0.3602	0.0952	0.032	0	0	0	0	0	0	0	0	0.0714	0.0435	0.0952	0.211	0.0169	0.0154	0.001	0.0034	0.8182	0.9912	0	0	0.1818	0.0088	0	0	0	0	0	0	0	0	0	0	0	0	0	0	0.8	0.6667	0	0	0.2	0.3333	0	0	0	0
com.tdameritrade.mobile3.apk	2015-08-14	0.057	0.0063	0.0467	0.0047	0.0556	0.5	0.0332	0.332	0	0	0	0	0	0	0	0	0	0	0	0	1	1	1	1	0	0	0	0	0.5	0.666	1	1	0	0	0	0	0.5	0.334	0	0	0	0	0	0	0	0	0	0	0	0	0	0	0.0095	0.0032	0.0016	0.0016	0	0	0.6667	0.994	0	0	0.3333	0.006	0	0	0	0	1	1	0	0	0	0	0	0	0	0	0	0	0	0	0	0	0	0
com.zalebox.apartment.decorating.ideas.h1.apk	2015-03-27	0	0	0	0	0	0	0	0	0	0	0	0	0	0	0	0	0	0	0	0	0	0	0	0	0	0	0	0	0	0	0	0	0	0	0	0	0	0	0	0	0	0	0	0	0	0	0	0	0	0	0	0	0	0	0	0	0	0	0	0	0	0	0	0	0	0	0	0	0	0	0	0	0	0	0	0	0	0	0	0	0	0	0	0	0	0
com.zalebox.bathroom.decorating.ideas.s1.apk	2015-04-09	0	0	0	0	0	0	0	0	0	0	0	0	0	0	0	0	0	0	0	0	0	0	0	0	0	0	0	0	0	0	0	0	0	0	0	0	0	0	0	0	0	0	0	0	0	0	0	0	0	0	0	0	0	0	0	0	0	0	0	0	0	0	0	0	0	0	0	0	0	0	0	0	0	0	0	0	0	0	0	0	0	0	0	0	0	0
com.zalebox.bedroom.decorating.ideas.p1.apk	2015-04-07	0	0	0	0	0	0	0	0	0	0	0	0	0	0	0	0	0	0	0	0	0	0	0	0	0	0	0	0	0	0	0	0	0	0	0	0	0	0	0	0	0	0	0	0	0	0	0	0	0	0	0	0	0	0	0	0	0	0	0	0	0	0	0	0	0	0	0	0	0	0	0	0	0	0	0	0	0	0	0	0	0	0	0	0	0	0
com.zalebox.headboard.ideas.s1.apk	2015-05-12	0	0	0	0	0	0	0	0	0	0	0	0	0	0	0	0	0	0	0	0	0	0	0	0	0	0	0	0	0	0	0	0	0	0	0	0	0	0	0	0	0	0	0	0	0	0	0	0	0	0	0	0	0	0	0	0	0	0	0	0	0	0	0	0	0	0	0	0	0	0	0	0	0	0	0	0	0	0	0	0	0	0	0	0	0	0
com.zalebox.kitchen.decorating.ideas.p1.apk	2015-03-16	0	0	0	0	0	0	0	0	0	0	0	0	0	0	0	0	0	0	0	0	0	0	0	0	0	0	0	0	0	0	0	0	0	0	0	0	0	0	0	0	0	0	0	0	0	0	0	0	0	0	0	0	0	0	0	0	0	0	0	0	0	0	0	0	0	0	0	0	0	0	0	0	0	0	0	0	0	0	0	0	0	0	0	0	0	0
com.zalebox.kitchen.island.ideas.ki1.apk	2015-06-28	0	0	0	0	0	0	0	0	0	0	0	0	0	0	0	0	0	0	0	0	0	0	0	0	0	0	0	0	0	0	0	0	0	0	0	0	0	0	0	0	0	0	0	0	0	0	0	0	0	0	0	0	0	0	0	0	0	0	0	0	0	0	0	0	0	0	0	0	0	0	0	0	0	0	0	0	0	0	0	0	0	0	0	0	0	0
com.zalebox.living.room.decorating.ideas.s1.apk	2015-04-07	0	0	0	0	0	0	0	0	0	0	0	0	0	0	0	0	0	0	0	0	0	0	0	0	0	0	0	0	0	0	0	0	0	0	0	0	0	0	0	0	0	0	0	0	0	0	0	0	0	0	0	0	0	0	0	0	0	0	0	0	0	0	0	0	0	0	0	0	0	0	0	0	0	0	0	0	0	0	0	0	0	0	0	0	0	0
com.zalebox.room.painting.ideas.s1.apk	2015-03-25	0	0	0	0	0	0	0	0	0	0	0	0	0	0	0	0	0	0	0	0	0	0	0	0	0	0	0	0	0	0	0	0	0	0	0	0	0	0	0	0	0	0	0	0	0	0	0	0	0	0	0	0	0	0	0	0	0	0	0	0	0	0	0	0	0	0	0	0	0	0	0	0	0	0	0	0	0	0	0	0	0	0	0	0	0	0
com.zalebox.wall.decorating.ideas.s1.apk	2015-03-25	0	0	0	0	0	0	0	0	0	0	0	0	0	0	0	0	0	0	0	0	0	0	0	0	0	0	0	0	0	0	0	0	0	0	0	0	0	0	0	0	0	0	0	0	0	0	0	0	0	0	0	0	0	0	0	0	0	0	0	0	0	0	0	0	0	0	0	0	0	0	0	0	0	0	0	0	0	0	0	0	0	0	0	0	0	0
com.zalebox.apartment.decorating.ideas.h1.apk	2015-03-27	0	0	0	0	0	0	0	0	0	0	0	0	0	0	0	0	0	0	0	0	0	0	0	0	0	0	0	0	0	0	0	0	0	0	0	0	0	0	0	0	0	0	0	0	0	0	0	0	0	0	0	0	0	0	0	0	0	0	0	0	0	0	0	0	0	0	0	0	0	0	0	0	0	0	0	0	0	0	0	0	0	0	0	0	0	0
com.zalebox.bathroom.decorating.ideas.s1.apk	2015-04-09	0	0	0	0	0	0	0	0	0	0	0	0	0	0	0	0	0	0	0	0	0	0	0	0	0	0	0	0	0	0	0	0	0	0	0	0	0	0	0	0	0	0	0	0	0	0	0	0	0	0	0	0	0	0	0	0	0	0	0	0	0	0	0	0	0	0	0	0	0	0	0	0	0	0	0	0	0	0	0	0	0	0	0	0	0	0
com.zalebox.bedroom.decorating.ideas.p1.apk	2015-04-07	0	0	0	0	0	0	0	0	0	0	0	0	0	0	0	0	0	0	0	0	0	0	0	0	0	0	0	0	0	0	0	0	0	0	0	0	0	0	0	0	0	0	0	0	0	0	0	0	0	0	0	0	0	0	0	0	0	0	0	0	0	0	0	0	0	0	0	0	0	0	0	0	0	0	0	0	0	0	0	0	0	0	0	0	0	0
com.zalebox.headboard.ideas.s1.apk	2015-05-12	0	0	0	0	0	0	0	0	0	0	0	0	0	0	0	0	0	0	0	0	0	0	0	0	0	0	0	0	0	0	0	0	0	0	0	0	0	0	0	0	0	0	0	0	0	0	0	0	0	0	0	0	0	0	0	0	0	0	0	0	0	0	0	0	0	0	0	0	0	0	0	0	0	0	0	0	0	0	0	0	0	0	0	0	0	0
com.zalebox.kitchen.decorating.ideas.p1.apk	2015-03-16	0	0	0	0	0	0	0	0	0	0	0	0	0	0	0	0	0	0	0	0	0	0	0	0	0	0	0	0	0	0	0	0	0	0	0	0	0	0	0	0	0	0	0	0	0	0	0	0	0	0	0	0	0	0	0	0	0	0	0	0	0	0	0	0	0	0	0	0	0	0	0	0	0	0	0	0	0	0	0	0	0	0	0	0	0	0
com.zalebox.kitchen.island.ideas.ki1.apk	2015-06-28	0	0	0	0	0	0	0	0	0	0	0	0	0	0	0	0	0	0	0	0	0	0	0	0	0	0	0	0	0	0	0	0	0	0	0	0	0	0	0	0	0	0	0	0	0	0	0	0	0	0	0	0	0	0	0	0	0	0	0	0	0	0	0	0	0	0	0	0	0	0	0	0	0	0	0	0	0	0	0	0	0	0	0	0	0	0
com.zalebox.living.room.decorating.ideas.s1.apk	2015-04-07	0	0	0	0	0	0	0	0	0	0	0	0	0	0	0	0	0	0	0	0	0	0	0	0	0	0	0	0	0	0	0	0	0	0	0	0	0	0	0	0	0	0	0	0	0	0	0	0	0	0	0	0	0	0	0	0	0	0	0	0	0	0	0	0	0	0	0	0	0	0	0	0	0	0	0	0	0	0	0	0	0	0	0	0	0	0
com.zalebox.room.painting.ideas.s1.apk	2015-03-25	0	0	0	0	0	0	0	0	0	0	0	0	0	0	0	0	0	0	0	0	0	0	0	0	0	0	0	0	0	0	0	0	0	0	0	0	0	0	0	0	0	0	0	0	0	0	0	0	0	0	0	0	0	0	0	0	0	0	0	0	0	0	0	0	0	0	0	0	0	0	0	0	0	0	0	0	0	0	0	0	0	0	0	0	0	0
com.zalebox.wall.decorating.ideas.s1.apk	2015-03-25	0	0	0	0	0	0	0	0	0	0	0	0	0	0	0	0	0	0	0	0	0	0	0	0	0	0	0	0	0	0	0	0	0	0	0	0	0	0	0	0	0	0	0	0	0	0	0	0	0	0	0	0	0	0	0	0	0	0	0	0	0	0	0	0	0	0	0	0	0	0	0	0	0	0	0	0	0	0	0	0	0	0	0	0	0	0
com.zalebox.apartment.decorating.ideas.h1.apk	2015-03-27	0	0	0	0	0	0	0	0	0	0	0	0	0	0	0	0	0	0	0	0	0	0	0	0	0	0	0	0	0	0	0	0	0	0	0	0	0	0	0	0	0	0	0	0	0	0	0	0	0	0	0	0	0	0	0	0	0	0	0	0	0	0	0	0	0	0	0	0	0	0	0	0	0	0	0	0	0	0	0	0	0	0	0	0	0	0
com.zalebox.bathroom.decorating.ideas.s1.apk	2015-04-09	0	0	0	0	0	0	0	0	0	0	0	0	0	0	0	0	0	0	0	0	0	0	0	0	0	0	0	0	0	0	0	0	0	0	0	0	0	0	0	0	0	0	0	0	0	0	0	0	0	0	0	0	0	0	0	0	0	0	0	0	0	0	0	0	0	0	0	0	0	0	0	0	0	0	0	0	0	0	0	0	0	0	0	0	0	0
com.zalebox.bedroom.decorating.ideas.p1.apk	2015-04-07	0	0	0	0	0	0	0	0	0	0	0	0	0	0	0	0	0	0	0	0	0	0	0	0	0	0	0	0	0	0	0	0	0	0	0	0	0	0	0	0	0	0	0	0	0	0	0	0	0	0	0	0	0	0	0	0	0	0	0	0	0	0	0	0	0	0	0	0	0	0	0	0	0	0	0	0	0	0	0	0	0	0	0	0	0	0
com.zalebox.headboard.ideas.s1.apk	2015-05-12	0	0	0	0	0	0	0	0	0	0	0	0	0	0	0	0	0	0	0	0	0	0	0	0	0	0	0	0	0	0	0	0	0	0	0	0	0	0	0	0	0	0	0	0	0	0	0	0	0	0	0	0	0	0	0	0	0	0	0	0	0	0	0	0	0	0	0	0	0	0	0	0	0	0	0	0	0	0	0	0	0	0	0	0	0	0
com.zalebox.kitchen.decorating.ideas.p1.apk	2015-03-16	0	0	0	0	0	0	0	0	0	0	0	0	0	0	0	0	0	0	0	0	0	0	0	0	0	0	0	0	0	0	0	0	0	0	0	0	0	0	0	0	0	0	0	0	0	0	0	0	0	0	0	0	0	0	0	0	0	0	0	0	0	0	0	0	0	0	0	0	0	0	0	0	0	0	0	0	0	0	0	0	0	0	0	0	0	0
com.zalebox.kitchen.island.ideas.ki1.apk	2015-06-28	0	0	0	0	0	0	0	0	0	0	0	0	0	0	0	0	0	0	0	0	0	0	0	0	0	0	0	0	0	0	0	0	0	0	0	0	0	0	0	0	0	0	0	0	0	0	0	0	0	0	0	0	0	0	0	0	0	0	0	0	0	0	0	0	0	0	0	0	0	0	0	0	0	0	0	0	0	0	0	0	0	0	0	0	0	0
com.zalebox.living.room.decorating.ideas.s1.apk	2015-04-07	0	0	0	0	0	0	0	0	0	0	0	0	0	0	0	0	0	0	0	0	0	0	0	0	0	0	0	0	0	0	0	0	0	0	0	0	0	0	0	0	0	0	0	0	0	0	0	0	0	0	0	0	0	0	0	0	0	0	0	0	0	0	0	0	0	0	0	0	0	0	0	0	0	0	0	0	0	0	0	0	0	0	0	0	0	0
com.zalebox.room.painting.ideas.s1.apk	2015-03-25	0	0	0	0	0	0	0	0	0	0	0	0	0	0	0	0	0	0	0	0	0	0	0	0	0	0	0	0	0	0	0	0	0	0	0	0	0	0	0	0	0	0	0	0	0	0	0	0	0	0	0	0	0	0	0	0	0	0	0	0	0	0	0	0	0	0	0	0	0	0	0	0	0	0	0	0	0	0	0	0	0	0	0	0	0	0
com.zalebox.wall.decorating.ideas.s1.apk	2015-03-25	0	0	0	0	0	0	0	0	0	0	0	0	0	0	0	0	0	0	0	0	0	0	0	0	0	0	0	0	0	0	0	0	0	0	0	0	0	0	0	0	0	0	0	0	0	0	0	0	0	0	0	0	0	0	0	0	0	0	0	0	0	0	0	0	0	0	0	0	0	0	0	0	0	0	0	0	0	0	0	0	0	0	0	0	0	0
com.modsgang.craftingmodsmlp.apk	2015-09-04	0.0877	0.0142	0.0907	0.0107	0.1351	0.3333	0.0577	0.1962	0	0	0	0	0	0	0	0	0	0	0	0	1	1	1	1	0	0	0	0	0.6667	0.6117	0.5	0.5	0	0	0	0	0.3333	0.3883	0.5	0.5	0	0	0	0	0	0	0	0	0	0	0	0	0.0166	0.0071	0.0024	0.0024	1	1	0	0	0	0	0	0	0	0	0	0	0	0	0	0	0	0	0	0	0	0	0	0	1	1	0	0	0	0
com.mxtech.ffmpeg.v5te.apk	2015-06-06	0	0	0	0	0	0	0	0	0	0	0	0	0	0	0	0	0	0	0	0	0	0	0	0	0	0	0	0	0	0	0	0	0	0	0	0	0	0	0	0	0	0	0	0	0	0	0	0	0	0	0	0	0	0	0	0	0	0	0	0	0	0	0	0	0	0	0	0	0	0	0	0	0	0	0	0	0	0	0	0	0	0	0	0	0	0
com.mxtech.ffmpeg.v6.apk	2015-06-06	0	0	0	0	0	0	0	0	0	0	0	0	0	0	0	0	0	0	0	0	0	0	0	0	0	0	0	0	0	0	0	0	0	0	0	0	0	0	0	0	0	0	0	0	0	0	0	0	0	0	0	0	0	0	0	0	0	0	0	0	0	0	0	0	0	0	0	0	0	0	0	0	0	0	0	0	0	0	0	0	0	0	0	0	0	0
com.mxtech.ffmpeg.v6_vfp.apk	2015-06-06	0	0	0	0	0	0	0	0	0	0	0	0	0	0	0	0	0	0	0	0	0	0	0	0	0	0	0	0	0	0	0	0	0	0	0	0	0	0	0	0	0	0	0	0	0	0	0	0	0	0	0	0	0	0	0	0	0	0	0	0	0	0	0	0	0	0	0	0	0	0	0	0	0	0	0	0	0	0	0	0	0	0	0	0	0	0
com.tomdxs.drone.apk	2015-11-27	0.2222	0	0.2852	0	0	0	0	0	0	0	0	0	0	0	0	0	0	0	0	0	1	1	0	0	0	0	0	0	0	0	0	0	0	0	0	0	0	0	0	0	0	0	0	0	0	0	0	0	0	0	0	0	0.2222	0.1111	0.1434	0.1426	0	0	1	1	0	0	0	0	0	0	0	0	0	0	0	0	0	0	0	0	1	1	0	0	0	0	0	0	0	0
com.xiafy.magictricks.apk	2015-12-05	0.0968	0.0232	0.1552	0.0134	0.1875	0.5217	0.0452	0.4004	0	0	0	0	0.0312	0.0001	0.1667	0.0014	0	0	0	0	0.9479	0.995	0.8333	0.9986	0.0208	0.0048	0	0	0.8261	0.8031	0.75	0.6826	0	0	0	0	0.1304	0.1964	0.1667	0.3168	0	0	0	0	0	0	0	0	0.0435	0.0005	0.0833	0.0006	0.0071	0.003	0.0016	0.0227	1	1	0	0	0	0	0	0	0	0	0	0	0	0	0	0	0	0	0	0	1	1	0	0	0	0	0	0	0	0
org.opencv.engine.apk	2015-09-22	0.2766	0.1277	0.2812	0.1404	0.4615	1	0.2211	0.4378	0	0	0	0	0	0	0	0	0	0	0	0	1	1	1	1	0	0	0	0	0.5	0.2264	0.5	0.25	0	0	0	0	0.5	0.7736	0.5	0.75	0	0	0	0	0	0	0	0	0	0	0	0	0.1277	0.0426	0.0175	0.0161	0.3333	0.48	0.3333	0.48	0	0	0	0	0.3333	0.04	0	0	0	0	0	0	0	0	0	0	0.5	0.5	0	0	0.5	0.5	0	0	0	0
com.modsgang.craftingmodsmlp.apk	2015-09-04	0.0845	0.0145	0.0899	0.0105	0.1429	0.3333	0.0587	0.1997	0	0	0	0	0	0	0	0	0	0	0	0	1	1	1	1	0	0	0	0	0.6667	0.6113	0.5	0.4966	0	0	0	0	0.3333	0.3887	0.5	0.5034	0	0	0	0	0	0	0	0	0	0	0	0	0.0169	0.0072	0.0025	0.0024	1	1	0	0	0	0	0	0	0	0	0	0	0	0	0	0	0	0	0	0	0	0	0	0	1	1	0	0	0	0
com.mxtech.ffmpeg.v5te.apk	2015-06-06	0	0	0	0	0	0	0	0	0	0	0	0	0	0	0	0	0	0	0	0	0	0	0	0	0	0	0	0	0	0	0	0	0	0	0	0	0	0	0	0	0	0	0	0	0	0	0	0	0	0	0	0	0	0	0	0	0	0	0	0	0	0	0	0	0	0	0	0	0	0	0	0	0	0	0	0	0	0	0	0	0	0	0	0	0	0
com.mxtech.ffmpeg.v6.apk	2015-06-06	0	0	0	0	0	0	0	0	0	0	0	0	0	0	0	0	0	0	0	0	0	0	0	0	0	0	0	0	0	0	0	0	0	0	0	0	0	0	0	0	0	0	0	0	0	0	0	0	0	0	0	0	0	0	0	0	0	0	0	0	0	0	0	0	0	0	0	0	0	0	0	0	0	0	0	0	0	0	0	0	0	0	0	0	0	0
com.mxtech.ffmpeg.v6_vfp.apk	2015-06-06	0	0	0	0	0	0	0	0	0	0	0	0	0	0	0	0	0	0	0	0	0	0	0	0	0	0	0	0	0	0	0	0	0	0	0	0	0	0	0	0	0	0	0	0	0	0	0	0	0	0	0	0	0	0	0	0	0	0	0	0	0	0	0	0	0	0	0	0	0	0	0	0	0	0	0	0	0	0	0	0	0	0	0	0	0	0
com.tomdxs.drone.apk	2015-11-27	0.2222	0	0.2852	0	0	0	0	0	0	0	0	0	0	0	0	0	0	0	0	0	1	1	0	0	0	0	0	0	0	0	0	0	0	0	0	0	0	0	0	0	0	0	0	0	0	0	0	0	0	0	0	0	0.2222	0.1111	0.1435	0.1426	0	0	1	1	0	0	0	0	0	0	0	0	0	0	0	0	0	0	0	0	1	1	0	0	0	0	0	0	0	0
com.xiafy.magictricks.apk	2015-12-05	0.0968	0.0232	0.1573	0.0135	0.1875	0.5217	0.0429	0.3785	0	0	0	0	0.0312	0.0001	0.1667	0.0012	0	0	0	0	0.9479	0.9947	0.8333	0.9988	0.0208	0.0052	0	0	0.8261	0.7956	0.75	0.6672	0	0	0	0	0.1304	0.204	0.1667	0.3323	0	0	0	0	0	0	0	0	0.0435	0.0004	0.0833	0.0005	0.0071	0.003	0.0015	0.0226	1	1	0	0	0	0	0	0	0	0	0	0	0	0	0	0	0	0	0	0	1	1	0	0	0	0	0	0	0	0
org.opencv.engine.apk	2015-09-22	0.2766	0.1277	0.2685	0.1437	0.4615	1	0.2447	0.4512	0	0	0	0	0	0	0	0	0	0	0	0	1	1	1	1	0	0	0	0	0.5	0.1677	0.5	0.1757	0	0	0	0	0.5	0.8323	0.5	0.8243	0	0	0	0	0	0	0	0	0	0	0	0	0.1277	0.0426	0.014	0.0123	0.3333	0.4688	0.3333	0.4688	0	0	0	0	0.3333	0.0625	0	0	0	0	0	0	0	0	0	0	0.5	0.5	0	0	0.5	0.5	0	0	0	0
com.modsgang.craftingmodsmlp.apk	2015-09-04	0.0845	0.0145	0.0898	0.0106	0.1429	0.3333	0.0589	0.1995	0	0	0	0	0	0	0	0	0	0	0	0	1	1	1	1	0	0	0	0	0.6667	0.6118	0.5	0.4966	0	0	0	0	0.3333	0.3882	0.5	0.5034	0	0	0	0	0	0	0	0	0	0	0	0	0.0169	0.0072	0.0025	0.0025	1	1	0	0	0	0	0	0	0	0	0	0	0	0	0	0	0	0	0	0	0	0	0	0	1	1	0	0	0	0
com.mxtech.ffmpeg.v5te.apk	2015-06-06	0	0	0	0	0	0	0	0	0	0	0	0	0	0	0	0	0	0	0	0	0	0	0	0	0	0	0	0	0	0	0	0	0	0	0	0	0	0	0	0	0	0	0	0	0	0	0	0	0	0	0	0	0	0	0	0	0	0	0	0	0	0	0	0	0	0	0	0	0	0	0	0	0	0	0	0	0	0	0	0	0	0	0	0	0	0
com.mxtech.ffmpeg.v6.apk	2015-06-06	0	0	0	0	0	0	0	0	0	0	0	0	0	0	0	0	0	0	0	0	0	0	0	0	0	0	0	0	0	0	0	0	0	0	0	0	0	0	0	0	0	0	0	0	0	0	0	0	0	0	0	0	0	0	0	0	0	0	0	0	0	0	0	0	0	0	0	0	0	0	0	0	0	0	0	0	0	0	0	0	0	0	0	0	0	0
com.mxtech.ffmpeg.v6_vfp.apk	2015-06-06	0	0	0	0	0	0	0	0	0	0	0	0	0	0	0	0	0	0	0	0	0	0	0	0	0	0	0	0	0	0	0	0	0	0	0	0	0	0	0	0	0	0	0	0	0	0	0	0	0	0	0	0	0	0	0	0	0	0	0	0	0	0	0	0	0	0	0	0	0	0	0	0	0	0	0	0	0	0	0	0	0	0	0	0	0	0
com.tomdxs.drone.apk	2015-11-27	0.2222	0	0.2853	0	0	0	0	0	0	0	0	0	0	0	0	0	0	0	0	0	1	1	0	0	0	0	0	0	0	0	0	0	0	0	0	0	0	0	0	0	0	0	0	0	0	0	0	0	0	0	0	0	0.2222	0.1111	0.1433	0.1427	0	0	1	1	0	0	0	0	0	0	0	0	0	0	0	0	0	0	0	0	1	1	0	0	0	0	0	0	0	0
com.xiafy.magictricks.apk	2015-12-05	0.0968	0.0232	0.1561	0.0134	0.1875	0.5217	0.0422	0.3908	0	0	0	0	0.0312	0.0001	0.1667	0.0014	0	0	0	0	0.9479	0.9946	0.8333	0.9986	0.0208	0.0053	0	0	0.8261	0.7864	0.75	0.6816	0	0	0	0	0.1304	0.2131	0.1667	0.3178	0	0	0	0	0	0	0	0	0.0435	0.0005	0.0833	0.0006	0.0071	0.003	0.0016	0.0222	1	1	0	0	0	0	0	0	0	0	0	0	0	0	0	0	0	0	0	0	1	1	0	0	0	0	0	0	0	0
org.opencv.engine.apk	2015-09-22	0.2766	0.1277	0.282	0.1401	0.4615	1	0.2439	0.4352	0	0	0	0	0	0	0	0	0	0	0	0	1	1	1	1	0	0	0	0	0.5	0.2315	0.5	0.2553	0	0	0	0	0.5	0.7685	0.5	0.7447	0	0	0	0	0	0	0	0	0	0	0	0	0.1277	0.0426	0.0182	0.0164	0.3333	0.4762	0.3333	0.4762	0	0	0	0	0.3333	0.0476	0	0	0	0	0	0	0	0	0	0	0.5	0.5	0	0	0.5	0.5	0	0	0	0
com.ellisapps.bedtimefan.apk	2015-10-25	0.0764	0.0143	0.1466	0.0079	0.125	0.1667	0.0268	0.1244	0	0	0	0	0	0	0	0	0	0	0	0	1	1	1	1	0	0	0	0	0.6667	0.5504	0	0	0	0	0	0	0.3333	0.4496	1	1	0	0	0	0	0	0	0	0	0	0	0	0	0.0095	0.0048	0.002	0.002	0.5	0.5	0.5	0.5	0	0	0	0	0	0	0	0	0	0	0	0	0	0	0	0	0.5	0.5	0	0	0.5	0.5	0	0	0	0
com.kbb.mobile.apk	2015-03-30	0	0	0	0	0	0	0	0	0	0	0	0	0	0	0	0	0	0	0	0	0	0	0	0	0	0	0	0	0	0	0	0	0	0	0	0	0	0	0	0	0	0	0	0	0	0	0	0	0	0	0	0	0	0	0	0	0	0	0	0	0	0	0	0	0	0	0	0	0	0	0	0	0	0	0	0	0	0	0	0	0	0	0	0	0	0
com.nissan.nissanconnect.apk	2015-11-17	0	0	0	0	0	0	0	0	0	0	0	0	0	0	0	0	0	0	0	0	0	0	0	0	0	0	0	0	0	0	0	0	0	0	0	0	0	0	0	0	0	0	0	0	0	0	0	0	0	0	0	0	0.2222	0.1111	0.1007	0.1001	0	0	1	1	0	0	0	0	0	0	0	0	0	0	0	0	0	0	0	0	1	1	0	0	0	0	0	0	0	0
com.scripps.android.foodnetwork.apk	2015-09-22	0	0	0	0	0	0	0	0	0	0	0	0	0	0	0	0	0	0	0	0	0	0	0	0	0	0	0	0	0	0	0	0	0	0	0	0	0	0	0	0	0	0	0	0	0	0	0	0	0	0	0	0	0	0	0	0	0	0	0	0	0	0	0	0	0	0	0	0	0	0	0	0	0	0	0	0	0	0	0	0	0	0	0	0	0	0
joelosteen.android.phone.JOMApp.apk	2015-10-11	0.0826	0	0.1892	0	0	0	0	0	0	0	0	0	0	0	0	0	0	0	0	0	1	1	0	0	0	0	0	0	0	0	0	0	0	0	0	0	0	0	0	0	0	0	0	0	0	0	0	0	0	0	0	0	0.0183	0.0092	0.0058	0.0058	0	0	1	1	0	0	0	0	0	0	0	0	0	0	0	0	0	0	0	0	1	1	0	0	0	0	0	0	0	0
com.ellisapps.bedtimefan.apk	2015-10-25	0.0764	0.0143	0.1484	0.0079	0.125	0.1667	0.0261	0.1226	0	0	0	0	0	0	0	0	0	0	0	0	1	1	1	1	0	0	0	0	0.6667	0.5511	0	0	0	0	0	0	0.3333	0.4489	1	1	0	0	0	0	0	0	0	0	0	0	0	0	0.0095	0.0048	0.002	0.002	0.5	0.5	0.5	0.5	0	0	0	0	0	0	0	0	0	0	0	0	0	0	0	0	0.5	0.5	0	0	0.5	0.5	0	0	0	0
com.kbb.mobile.apk	2015-03-30	0	0	0	0	0	0	0	0	0	0	0	0	0	0	0	0	0	0	0	0	0	0	0	0	0	0	0	0	0	0	0	0	0	0	0	0	0	0	0	0	0	0	0	0	0	0	0	0	0	0	0	0	0	0	0	0	0	0	0	0	0	0	0	0	0	0	0	0	0	0	0	0	0	0	0	0	0	0	0	0	0	0	0	0	0	0
com.nissan.nissanconnect.apk	2015-11-17	0	0	0	0	0	0	0	0	0	0	0	0	0	0	0	0	0	0	0	0	0	0	0	0	0	0	0	0	0	0	0	0	0	0	0	0	0	0	0	0	0	0	0	0	0	0	0	0	0	0	0	0	0.2222	0.1111	0.1005	0.1	0	0	1	1	0	0	0	0	0	0	0	0	0	0	0	0	0	0	0	0	1	1	0	0	0	0	0	0	0	0
com.scripps.android.foodnetwork.apk	2015-09-22	0	0	0	0	0	0	0	0	0	0	0	0	0	0	0	0	0	0	0	0	0	0	0	0	0	0	0	0	0	0	0	0	0	0	0	0	0	0	0	0	0	0	0	0	0	0	0	0	0	0	0	0	0	0	0	0	0	0	0	0	0	0	0	0	0	0	0	0	0	0	0	0	0	0	0	0	0	0	0	0	0	0	0	0	0	0
joelosteen.android.phone.JOMApp.apk	2015-10-11	0.0826	0	0.1893	0	0	0	0	0	0	0	0	0	0	0	0	0	0	0	0	0	1	1	0	0	0	0	0	0	0	0	0	0	0	0	0	0	0	0	0	0	0	0	0	0	0	0	0	0	0	0	0	0	0.0183	0.0092	0.0058	0.0058	0	0	1	1	0	0	0	0	0	0	0	0	0	0	0	0	0	0	0	0	1	1	0	0	0	0	0	0	0	0
com.ellisapps.bedtimefan.apk	2015-10-25	0.0764	0.0143	0.15	0.008	0.125	0.1667	0.0253	0.1195	0	0	0	0	0	0	0	0	0	0	0	0	1	1	1	1	0	0	0	0	0.6667	0.5525	0	0	0	0	0	0	0.3333	0.4475	1	1	0	0	0	0	0	0	0	0	0	0	0	0	0.0095	0.0048	0.0019	0.0019	0.5	0.5	0.5	0.5	0	0	0	0	0	0	0	0	0	0	0	0	0	0	0	0	0.5	0.5	0	0	0.5	0.5	0	0	0	0
com.kbb.mobile.apk	2015-03-30	0	0	0	0	0	0	0	0	0	0	0	0	0	0	0	0	0	0	0	0	0	0	0	0	0	0	0	0	0	0	0	0	0	0	0	0	0	0	0	0	0	0	0	0	0	0	0	0	0	0	0	0	0	0	0	0	0	0	0	0	0	0	0	0	0	0	0	0	0	0	0	0	0	0	0	0	0	0	0	0	0	0	0	0	0	0
com.nissan.nissanconnect.apk	2015-11-17	0	0	0	0	0	0	0	0	0	0	0	0	0	0	0	0	0	0	0	0	0	0	0	0	0	0	0	0	0	0	0	0	0	0	0	0	0	0	0	0	0	0	0	0	0	0	0	0	0	0	0	0	0.2222	0.1111	0.1005	0.1	0	0	1	1	0	0	0	0	0	0	0	0	0	0	0	0	0	0	0	0	1	1	0	0	0	0	0	0	0	0
com.scripps.android.foodnetwork.apk	2015-09-22	0	0	0	0	0	0	0	0	0	0	0	0	0	0	0	0	0	0	0	0	0	0	0	0	0	0	0	0	0	0	0	0	0	0	0	0	0	0	0	0	0	0	0	0	0	0	0	0	0	0	0	0	0	0	0	0	0	0	0	0	0	0	0	0	0	0	0	0	0	0	0	0	0	0	0	0	0	0	0	0	0	0	0	0	0	0
joelosteen.android.phone.JOMApp.apk	2015-10-11	0.0826	0	0.1892	0	0	0	0	0	0	0	0	0	0	0	0	0	0	0	0	0	1	1	0	0	0	0	0	0	0	0	0	0	0	0	0	0	0	0	0	0	0	0	0	0	0	0	0	0	0	0	0	0	0.0183	0.0092	0.0058	0.0058	0	0	1	1	0	0	0	0	0	0	0	0	0	0	0	0	0	0	0	0	1	1	0	0	0	0	0	0	0	0
com.friendmapper.apk	2015-04-15	0	0	0	0	0	0	0	0	0	0	0	0	0	0	0	0	0	0	0	0	0	0	0	0	0	0	0	0	0	0	0	0	0	0	0	0	0	0	0	0	0	0	0	0	0	0	0	0	0	0	0	0	0	0	0	0	0	0	0	0	0	0	0	0	0	0	0	0	0	0	0	0	0	0	0	0	0	0	0	0	0	0	0	0	0	0
com.macropoint.application.apk	2015-07-29	0.1238	0.0554	0.2153	0.0545	0.3684	0.7647	0.3804	0.817	0	0	0	0	0.0526	0.3572	0.1429	0.9383	0.0263	0.0076	0	0	0.8947	0.6316	0.8571	0.0617	0.0263	0.0036	0	0	0.7059	0.172	0.6154	0.1117	0	0	0	0	0.1176	0.7764	0.1538	0.8629	0	0	0	0	0	0	0	0	0.1765	0.0516	0.2308	0.0254	0.0261	0.0033	0.0038	0.0002	1	1	0	0	0	0	0	0	0	0	0	0	0	0	0	0	0	0	0	0	1	1	0	0	0	0	0	0	0	0
dk.unwire.projects.dart.apk	2015-10-24	0	0	0	0	0	0	0	0	0	0	0	0	0	0	0	0	0	0	0	0	0	0	0	0	0	0	0	0	0	0	0	0	0	0	0	0	0	0	0	0	0	0	0	0	0	0	0	0	0	0	0	0	0	0	0	0	0	0	0	0	0	0	0	0	0	0	0	0	0	0	0	0	0	0	0	0	0	0	0	0	0	0	0	0	0	0
com.friendmapper.apk	2015-04-15	0	0	0	0	0	0	0	0	0	0	0	0	0	0	0	0	0	0	0	0	0	0	0	0	0	0	0	0	0	0	0	0	0	0	0	0	0	0	0	0	0	0	0	0	0	0	0	0	0	0	0	0	0	0	0	0	0	0	0	0	0	0	0	0	0	0	0	0	0	0	0	0	0	0	0	0	0	0	0	0	0	0	0	0	0	0
com.macropoint.application.apk	2015-07-29	0.1238	0.0554	0.2218	0.0561	0.3684	0.7647	0.3976	0.8636	0	0	0	0	0.0526	0.3777	0.1429	0.9496	0.0263	0.0076	0	0	0.8947	0.6126	0.8571	0.0504	0.0263	0.0021	0	0	0.7059	0.1515	0.6154	0.1154	0	0	0	0	0.1176	0.8007	0.1538	0.8652	0	0	0	0	0	0	0	0	0.1765	0.0478	0.2308	0.0194	0.0261	0.0033	0.0042	0.0003	1	1	0	0	0	0	0	0	0	0	0	0	0	0	0	0	0	0	0	0	1	1	0	0	0	0	0	0	0	0
dk.unwire.projects.dart.apk	2015-10-24	0	0	0	0	0	0	0	0	0	0	0	0	0	0	0	0	0	0	0	0	0	0	0	0	0	0	0	0	0	0	0	0	0	0	0	0	0	0	0	0	0	0	0	0	0	0	0	0	0	0	0	0	0	0	0	0	0	0	0	0	0	0	0	0	0	0	0	0	0	0	0	0	0	0	0	0	0	0	0	0	0	0	0	0	0	0
com.friendmapper.apk	2015-04-15	0	0	0	0	0	0	0	0	0	0	0	0	0	0	0	0	0	0	0	0	0	0	0	0	0	0	0	0	0	0	0	0	0	0	0	0	0	0	0	0	0	0	0	0	0	0	0	0	0	0	0	0	0	0	0	0	0	0	0	0	0	0	0	0	0	0	0	0	0	0	0	0	0	0	0	0	0	0	0	0	0	0	0	0	0	0
com.macropoint.application.apk	2015-07-29	0.1238	0.0554	0.2168	0.0555	0.3684	0.7647	0.3809	0.8183	0	0	0	0	0.0526	0.3567	0.1429	0.936	0.0263	0.0068	0	0	0.8947	0.6327	0.8571	0.064	0.0263	0.0038	0	0	0.7059	0.183	0.6154	0.1195	0	0	0	0	0.1176	0.7658	0.1538	0.8513	0	0	0	0	0	0	0	0	0.1765	0.0512	0.2308	0.0292	0.0261	0.0033	0.0039	0.0004	1	1	0	0	0	0	0	0	0	0	0	0	0	0	0	0	0	0	0	0	1	1	0	0	0	0	0	0	0	0
dk.unwire.projects.dart.apk	2015-10-24	0	0	0	0	0	0	0	0	0	0	0	0	0	0	0	0	0	0	0	0	0	0	0	0	0	0	0	0	0	0	0	0	0	0	0	0	0	0	0	0	0	0	0	0	0	0	0	0	0	0	0	0	0	0	0	0	0	0	0	0	0	0	0	0	0	0	0	0	0	0	0	0	0	0	0	0	0	0	0	0	0	0	0	0	0	0
bacterial.vaginosis.symptoms.apk	2015-02-06	0.1077	0.0725	0.1388	0.0886	0.4038	0.7714	0.1092	0.1634	0	0	0	0	0	0	0	0	0	0	0	0	1	1	1	1	0	0	0	0	0.8	0.5389	0.8519	0.2173	0	0	0	0	0.1714	0.3371	0.1111	0.0268	0	0	0	0	0	0	0	0	0.0286	0.124	0.037	0.756	0.0186	0.0207	0.0045	0.0437	1	1	0	0	0	0	0	0	0	0	0	0	0.8	0.572	0	0	0	0	0	0	0	0	0	0	0.2	0.428	0	0	0	0
com.AnatomyLearning.Anatomy3DViewer3.apk	2015-04-01	0.0762	0.0127	0.1094	0.0015	0.0417	0.25	0.0007	0.0517	0	0	0	0	0	0	0	0	0	0	0	0	1	1	1	1	0	0	0	0	0.5	0.681	1	1	0	0	0	0	0.5	0.319	0	0	0	0	0	0	0	0	0	0	0	0	0	0	0	0	0	0	0	0	0	0	0	0	0	0	0	0	0	0	0	0	0	0	0	0	0	0	0	0	0	0	0	0	0	0	0	0
com.ecare.ovulationcalculator.apk	2015-12-19	0.1045	0.0624	0.141	0.0549	0.2778	0.6977	0.1761	0.5913	0	0	0	0	0	0	0	0	0.0278	0.0093	0	0	0.9583	0.9903	1	1	0.0139	0.0004	0	0	0.8605	0.8967	0.9333	0.9802	0	0	0	0	0.1163	0.0871	0.0667	0.0198	0	0	0	0	0	0	0	0	0.0233	0.0162	0	0	0.0319	0.0189	0.0049	0.0057	0.9091	0.9937	0.0909	0.0063	0	0	0	0	0	0	0	0	0	0	0	0	0	0	0	0	0.0769	0.0036	0	0	0.6154	0.722	0.3077	0.2744	0	0
com.hssn.anatomyfree.apk	2015-09-11	0	0	0	0	0	0	0	0	0	0	0	0	0	0	0	0	0	0	0	0	0	0	0	0	0	0	0	0	0	0	0	0	0	0	0	0	0	0	0	0	0	0	0	0	0	0	0	0	0	0	0	0	0	0	0	0	0	0	0	0	0	0	0	0	0	0	0	0	0	0	0	0	0	0	0	0	0	0	0	0	0	0	0	0	0	0
com.liberathor.diapason.apk	2015-06-01	0.0943	0.0125	0.1488	0.0083	0.1176	0.3333	0.0389	0.2789	0	0	0	0	0.0294	0.008	0.125	0.1021	0	0	0	0	0.9559	0.9892	0.875	0.8979	0.0147	0.0028	0	0	0.6667	0.6435	0.6667	0.5058	0	0	0	0	0.3333	0.3565	0.3333	0.4942	0	0	0	0	0	0	0	0	0	0	0	0	0.0083	0.0069	0.0023	0.0193	0.6667	0.7496	0.3333	0.2504	0	0	0	0	0	0	0	0	0	0	0	0	0	0	0	0	0.2	0.0298	0	0	0.6	0.97	0.2	0.0002	0	0
com.mobincube.android.sc_3H53X5.apk	2015-04-15	0	0	0	0	0	0	0	0	0	0	0	0	0	0	0	0	0	0	0	0	0	0	0	0	0	0	0	0	0	0	0	0	0	0	0	0	0	0	0	0	0	0	0	0	0	0	0	0	0	0	0	0	0	0	0	0	0	0	0	0	0	0	0	0	0	0	0	0	0	0	0	0	0	0	0	0	0	0	0	0	0	0	0	0	0	0
com.mobincube.android.sc_9Y7S3.apk	2015-04-06	0	0	0	0	0	0	0	0	0	0	0	0	0	0	0	0	0	0	0	0	0	0	0	0	0	0	0	0	0	0	0	0	0	0	0	0	0	0	0	0	0	0	0	0	0	0	0	0	0	0	0	0	0	0	0	0	0	0	0	0	0	0	0	0	0	0	0	0	0	0	0	0	0	0	0	0	0	0	0	0	0	0	0	0	0	0
com.zlamanit.blood.pressure.apk	2015-11-16	0.0829	0.0286	0.2411	0.0228	0.3649	0.6471	0.0215	0.2258	0	0	0	0	0.0338	0.0225	0.0185	0.0004	0	0	0	0	0.9662	0.9775	0.9815	0.9996	0	0	0	0	0.8627	0.9576	0.9394	0.9991	0.0196	0.0004	0	0	0.0784	0.0055	0.0303	0.0004	0	0	0	0	0	0	0	0	0.0392	0.0365	0.0303	0.0004	0.0123	0.0207	0.0001	0.0174	0.9545	0.975	0	0	0.0455	0.025	0	0	0	0	0	0	0	0	0	0	0	0	0	0	0.027	0.0001	0.027	0.0001	0.8919	0.9984	0.0541	0.0014	0	0
dpapps.pregnancy.scanner.test.apk	2015-12-03	0.0775	0.015	0.1562	0.0091	0.0323	0.1667	0.0144	0.2485	0	0	0	0	0	0	0	0	0	0	0	0	1	1	1	1	0	0	0	0	0.6667	0.5534	0	0	0	0	0	0	0.3333	0.4466	1	1	0	0	0	0	0	0	0	0	0	0	0	0	0.005	0.0025	0.0012	0.0012	1	1	0	0	0	0	0	0	0	0	0	0	0	0	0	0	0	0	0	0	0	0	0	0	1	1	0	0	0	0
bacterial.vaginosis.symptoms.apk	2015-02-06	0.1077	0.0725	0.1293	0.0904	0.4038	0.8	0.1118	0.1499	0	0	0	0	0	0	0	0	0	0	0	0	1	1	1	1	0	0	0	0	0.8	0.5663	0.8214	0.3128	0	0	0	0	0.1714	0.3336	0.1429	0.0223	0	0	0	0	0	0	0	0	0.0286	0.1	0.0357	0.6648	0.0186	0.0207	0.0056	0.0392	1	1	0	0	0	0	0	0	0	0	0	0	0.8	0.6014	0	0	0	0	0	0	0	0	0	0	0.2	0.3986	0	0	0	0
com.AnatomyLearning.Anatomy3DViewer3.apk	2015-04-01	0.0762	0.0127	0.1094	0.0014	0.0417	0.25	0.0007	0.0517	0	0	0	0	0	0	0	0	0	0	0	0	1	1	1	1	0	0	0	0	0.5	0.681	1	1	0	0	0	0	0.5	0.319	0	0	0	0	0	0	0	0	0	0	0	0	0	0	0	0	0	0	0	0	0	0	0	0	0	0	0	0	0	0	0	0	0	0	0	0	0	0	0	0	0	0	0	0	0	0	0	0
com.ecare.ovulationcalculator.apk	2015-12-19	0.1045	0.0624	0.1401	0.0545	0.2778	0.6977	0.1738	0.5672	0	0	0	0	0	0	0	0	0.0278	0.0093	0	0	0.9583	0.9902	1	1	0.0139	0.0005	0	0	0.8605	0.896	0.9333	0.9795	0	0	0	0	0.1163	0.0879	0.0667	0.0205	0	0	0	0	0	0	0	0	0.0233	0.0161	0	0	0.0319	0.0189	0.0049	0.0057	0.9091	0.9932	0.0909	0.0068	0	0	0	0	0	0	0	0	0	0	0	0	0	0	0	0	0.0769	0.0039	0	0	0.6154	0.7209	0.3077	0.2752	0	0
com.hssn.anatomyfree.apk	2015-09-11	0	0	0	0	0	0	0	0	0	0	0	0	0	0	0	0	0	0	0	0	0	0	0	0	0	0	0	0	0	0	0	0	0	0	0	0	0	0	0	0	0	0	0	0	0	0	0	0	0	0	0	0	0	0	0	0	0	0	0	0	0	0	0	0	0	0	0	0	0	0	0	0	0	0	0	0	0	0	0	0	0	0	0	0	0	0
com.liberathor.diapason.apk	2015-06-01	0.0943	0.0125	0.1537	0.0085	0.1176	0.3333	0.0353	0.2558	0	0	0	0	0.0294	0.0073	0.125	0.1024	0	0	0	0	0.9559	0.9895	0.875	0.8976	0.0147	0.0033	0	0	0.6667	0.6332	0.6667	0.5081	0	0	0	0	0.3333	0.3668	0.3333	0.4919	0	0	0	0	0	0	0	0	0	0	0	0	0.0083	0.0069	0.0022	0.0182	0.6667	0.7494	0.3333	0.2506	0	0	0	0	0	0	0	0	0	0	0	0	0	0	0	0	0.2	0.0303	0	0	0.6	0.9695	0.2	0.0003	0	0
com.mobincube.android.sc_3H53X5.apk	2015-04-15	0	0	0	0	0	0	0	0	0	0	0	0	0	0	0	0	0	0	0	0	0	0	0	0	0	0	0	0	0	0	0	0	0	0	0	0	0	0	0	0	0	0	0	0	0	0	0	0	0	0	0	0	0	0	0	0	0	0	0	0	0	0	0	0	0	0	0	0	0	0	0	0	0	0	0	0	0	0	0	0	0	0	0	0	0	0
com.mobincube.android.sc_9Y7S3.apk	2015-04-06	0	0	0	0	0	0	0	0	0	0	0	0	0	0	0	0	0	0	0	0	0	0	0	0	0	0	0	0	0	0	0	0	0	0	0	0	0	0	0	0	0	0	0	0	0	0	0	0	0	0	0	0	0	0	0	0	0	0	0	0	0	0	0	0	0	0	0	0	0	0	0	0	0	0	0	0	0	0	0	0	0	0	0	0	0	0
com.zlamanit.blood.pressure.apk	2015-11-16	0.0792	0.0269	0.3068	0.0346	0.3403	0.5918	0.0194	0.17	0	0	0	0	0.0278	0.0033	0.0408	0.001	0	0	0	0	0.9722	0.9967	0.9592	0.999	0	0	0	0	0.8571	0.9563	0.931	0.9801	0.0204	0.001	0	0	0.0816	0.0042	0.0345	0.0194	0	0	0	0	0	0	0	0	0.0408	0.0385	0.0345	0.0005	0.0121	0.0231	0.0003	0.0227	0.9545	0.9884	0	0	0.0455	0.0116	0	0	0	0	0	0	0	0	0	0	0	0	0	0	0.0238	0.0001	0.0476	0.0003	0.8571	0.9979	0.0714	0.0017	0	0
dpapps.pregnancy.scanner.test.apk	2015-12-03	0.0775	0.015	0.1598	0.0092	0.0323	0.1667	0.0133	0.23	0	0	0	0	0	0	0	0	0	0	0	0	1	1	1	1	0	0	0	0	0.6667	0.5567	0	0	0	0	0	0	0.3333	0.4433	1	1	0	0	0	0	0	0	0	0	0	0	0	0	0.005	0.0025	0.0011	0.0011	1	1	0	0	0	0	0	0	0	0	0	0	0	0	0	0	0	0	0	0	0	0	0	0	1	1	0	0	0	0
bacterial.vaginosis.symptoms.apk	2015-02-06	0.11	0.0713	0.1272	0.08	0.4259	0.8286	0.1151	0.1724	0	0	0	0	0	0	0	0	0	0	0	0	1	1	1	1	0	0	0	0	0.8	0.5617	0.8276	0.2418	0	0	0	0	0.1714	0.3132	0.1379	0.0359	0	0	0	0	0	0	0	0	0.0286	0.1251	0.0345	0.7222	0.0183	0.0204	0.0038	0.0401	1	1	0	0	0	0	0	0	0	0	0	0	0.8	0.5652	0	0	0	0	0	0	0	0	0	0	0.2	0.4348	0	0	0	0
com.AnatomyLearning.Anatomy3DViewer3.apk	2015-04-01	0.0762	0.0127	0.1095	0.0009	0.0417	0.25	0.0004	0.0508	0	0	0	0	0	0	0	0	0	0	0	0	1	1	1	1	0	0	0	0	0.5	0.678	1	1	0	0	0	0	0.5	0.322	0	0	0	0	0	0	0	0	0	0	0	0	0	0	0	0	0	0	0	0	0	0	0	0	0	0	0	0	0	0	0	0	0	0	0	0	0	0	0	0	0	0	0	0	0	0	0	0
com.ecare.ovulationcalculator.apk	2015-12-19	0.1039	0.062	0.1438	0.0559	0.2639	0.7209	0.194	0.6196	0	0	0	0	0	0	0	0	0.0278	0.0088	0	0	0.9583	0.9908	1	1	0.0139	0.0004	0	0	0.8605	0.8973	0.9355	0.9905	0	0	0	0	0.1163	0.0862	0.0645	0.0095	0	0	0	0	0	0	0	0	0.0233	0.0164	0	0	0.0317	0.0202	0.005	0.0058	0.9091	0.9938	0.0909	0.0062	0	0	0	0	0	0	0	0	0	0	0	0	0	0	0	0	0.0714	0.0036	0	0	0.6429	0.7161	0.2857	0.2804	0	0
com.hssn.anatomyfree.apk	2015-09-11	0	0	0	0	0	0	0	0	0	0	0	0	0	0	0	0	0	0	0	0	0	0	0	0	0	0	0	0	0	0	0	0	0	0	0	0	0	0	0	0	0	0	0	0	0	0	0	0	0	0	0	0	0	0	0	0	0	0	0	0	0	0	0	0	0	0	0	0	0	0	0	0	0	0	0	0	0	0	0	0	0	0	0	0	0	0
com.liberathor.diapason.apk	2015-06-01	0.0943	0.0125	0.1542	0.0084	0.1176	0.3333	0.0353	0.2591	0	0	0	0	0.0294	0.0072	0.125	0.1013	0	0	0	0	0.9559	0.9896	0.875	0.8988	0.0147	0.0032	0	0	0.6667	0.634	0.6667	0.5078	0	0	0	0	0.3333	0.366	0.3333	0.4922	0	0	0	0	0	0	0	0	0	0	0	0	0.0083	0.0069	0.0022	0.0181	0.6667	0.7496	0.3333	0.2504	0	0	0	0	0	0	0	0	0	0	0	0	0	0	0	0	0.2	0.03	0	0	0.6	0.9698	0.2	0.0002	0	0
com.mobincube.android.sc_3H53X5.apk	2015-04-15	0	0	0	0	0	0	0	0	0	0	0	0	0	0	0	0	0	0	0	0	0	0	0	0	0	0	0	0	0	0	0	0	0	0	0	0	0	0	0	0	0	0	0	0	0	0	0	0	0	0	0	0	0	0	0	0	0	0	0	0	0	0	0	0	0	0	0	0	0	0	0	0	0	0	0	0	0	0	0	0	0	0	0	0	0	0
com.mobincube.android.sc_9Y7S3.apk	2015-04-06	0	0	0	0	0	0	0	0	0	0	0	0	0	0	0	0	0	0	0	0	0	0	0	0	0	0	0	0	0	0	0	0	0	0	0	0	0	0	0	0	0	0	0	0	0	0	0	0	0	0	0	0	0	0	0	0	0	0	0	0	0	0	0	0	0	0	0	0	0	0	0	0	0	0	0	0	0	0	0	0	0	0	0	0	0	0
com.zlamanit.blood.pressure.apk	2015-11-16	0.0839	0.0315	0.4103	0.0331	0.2833	0.5556	0.0099	0.0793	0	0	0	0	0.0333	0.0005	0.0294	0.0018	0	0	0	0	0.9667	0.9995	0.9706	0.9982	0	0	0	0	0.8444	0.9913	0.92	0.9958	0.0222	0.0003	0	0	0.0889	0.0012	0.04	0.0028	0	0	0	0	0	0	0	0	0.0444	0.0071	0.04	0.0014	0.0112	0.021	0.0001	0.0208	0.9375	0.963	0	0	0.0625	0.037	0	0	0	0	0	0	0	0	0	0	0	0	0	0	0.0333	0.0002	0.0333	0.0002	0.9	0.9989	0.0333	0.0007	0	0
dpapps.pregnancy.scanner.test.apk	2015-12-03	0.0775	0.015	0.1584	0.0092	0.0323	0.1667	0.0136	0.234	0	0	0	0	0	0	0	0	0	0	0	0	1	1	1	1	0	0	0	0	0.6667	0.5553	0	0	0	0	0	0	0.3333	0.4447	1	1	0	0	0	0	0	0	0	0	0	0	0	0	0.005	0.0025	0.0011	0.0011	1	1	0	0	0	0	0	0	0	0	0	0	0	0	0	0	0	0	0	0	0	0	0	0	1	1	0	0	0	0
com.jrtstudio.music.apk	2015-09-14	0.1159	0.0379	0.1044	0.025	0.2885	0.5588	0.1309	0.4202	0	0	0	0	0	0	0	0	0	0	0	0	1	1	1	1	0	0	0	0	0.8235	0.9684	0.9474	0.9358	0	0	0	0	0.0882	0.0029	0	0	0.0294	0.0007	0	0	0	0	0	0	0.0588	0.028	0.0526	0.0642	0.0412	0.0624	0.0054	0.0184	0.8919	0.9185	0.0541	0.005	0.027	0.0749	0	0	0.027	0.0017	0.1786	0.0049	0	0	0	0	0	0	0	0	0.2143	0.3727	0	0	0.6071	0.6224	0	0	0	0
com.jrtstudio.music.apk	2015-09-14	0.118	0.0446	0.1032	0.0241	0.2963	0.5098	0.12	0.4191	0	0	0	0	0	0	0	0	0	0	0	0	1	1	1	1	0	0	0	0	0.8235	0.9222	0.8846	0.9056	0.0392	0.0017	0.0385	0.0005	0.0588	0.0017	0	0	0.0196	0.0004	0	0	0.0392	0.0008	0.0385	0.0005	0.0196	0.0732	0.0385	0.0934	0.0455	0.0603	0.0053	0.0086	0.8462	0.8983	0.0769	0.0058	0.0192	0.0931	0	0	0.0577	0.0029	0.1449	0.0059	0	0	0	0	0	0	0	0	0.2319	0.529	0	0	0.6232	0.465	0	0	0	0
com.jrtstudio.music.apk	2015-09-14	0.1123	0.0361	0.0969	0.0226	0.2786	0.5333	0.1399	0.4675	0	0	0	0	0	0	0	0	0	0	0	0	1	1	1	1	0	0	0	0	0.8667	0.9487	0.9167	0.9319	0.0222	0.0003	0.0417	0.0003	0.0444	0.0008	0	0	0.0222	0.0042	0	0	0.0222	0.0006	0	0	0.0222	0.0454	0.0417	0.0678	0.0385	0.0537	0.005	0.0074	0.8542	0.901	0.0833	0.0038	0.0208	0.094	0	0	0.0417	0.0013	0.1493	0.0043	0	0	0	0	0	0	0	0	0.209	0.5704	0	0	0.6418	0.4253	0	0	0	0
com.breitbart.app.apk	2015-09-03	0	0	0	0	0	0	0	0	0	0	0	0	0	0	0	0	0	0	0	0	0	0	0	0	0	0	0	0	0	0	0	0	0	0	0	0	0	0	0	0	0	0	0	0	0	0	0	0	0	0	0	0	0	0	0	0	0	0	0	0	0	0	0	0	0	0	0	0	0	0	0	0	0	0	0	0	0	0	0	0	0	0	0	0	0	0
com.mylottos.mmpbfree.apk	2015-10-01	0.0722	0.0218	0.2983	0.0371	0.1914	0.5714	0.069	0.1475	0	0	0	0	0.0123	0.0003	0.0323	0.0002	0	0	0	0	0.9815	0.9997	0.9677	0.9998	0.0062	0	0	0	0.8571	0.7093	0.8571	0.9738	0.0204	0.0032	0	0	0.0408	0.0056	0.0357	0.0248	0.0204	0.0007	0.0357	0.001	0	0	0	0	0.0612	0.2812	0.0714	0.0004	0.016	0.0125	0.0008	0.0306	0.9722	0.9985	0	0	0.0278	0.0015	0	0	0	0	0	0	0.6071	0.9729	0	0	0	0	0	0	0	0	0	0	0.25	0.027	0.0714	0.0001	0.0714	0.0001
com.mylottos.results.apk	2015-12-11	0.0613	0.0206	0.2739	0.0604	0.1803	0.6098	0.0537	0.0744	0	0	0	0	0.0164	0.0001	0.0455	0.0004	0	0	0	0	0.9836	0.9999	0.9545	0.9996	0	0	0	0	0.8537	0.9787	0.92	0.9783	0.0244	0.0015	0	0	0.0488	0.0032	0.04	0.0212	0.0244	0.0005	0.04	0.0005	0	0	0	0	0.0488	0.0162	0	0	0.0136	0.0261	0.0006	0.0628	0.963	0.9982	0	0	0.037	0.0018	0	0	0	0	0	0	0	0	0	0	0	0	0	0	0.3269	0.9353	0	0	0.4038	0.0398	0.0192	0	0.25	0.0249
com.breitbart.app.apk	2015-09-03	0	0	0	0	0	0	0	0	0	0	0	0	0	0	0	0	0	0	0	0	0	0	0	0	0	0	0	0	0	0	0	0	0	0	0	0	0	0	0	0	0	0	0	0	0	0	0	0	0	0	0	0	0	0	0	0	0	0	0	0	0	0	0	0	0	0	0	0	0	0	0	0	0	0	0	0	0	0	0	0	0	0	0	0	0	0
com.mylottos.mmpbfree.apk	2015-10-01	0.073	0.0207	0.2927	0.0386	0.1965	0.5306	0.0673	0.1466	0	0	0	0	0.0116	0.0007	0.0588	0.0009	0	0	0	0	0.9827	0.9993	0.9412	0.9991	0.0058	0	0	0	0.8571	0.727	0.8462	0.9775	0.0204	0.004	0	0	0.0408	0.0058	0.0385	0.0216	0.0204	0.0007	0.0385	0.0004	0	0	0	0	0.0612	0.2625	0.0769	0.0004	0.0165	0.0135	0.0009	0.0304	0.9744	0.9986	0	0	0.0256	0.0014	0	0	0	0	0	0	0.5625	0.9804	0	0	0	0	0	0	0	0	0	0	0.25	0.0193	0.0625	0.0001	0.125	0.0002
com.mylottos.results.apk	2015-12-11	0.0588	0.0183	0.2758	0.0666	0.197	0.561	0.039	0.061	0	0	0	0	0	0	0	0	0	0	0	0	0.9924	1	1	1	0.0076	0	0	0	0.8537	0.9826	0.8696	0.9798	0.0244	0.0012	0	0	0.0488	0.0021	0.0435	0.0168	0.0244	0.0004	0.0435	0.0031	0	0	0	0	0.0488	0.0137	0.0435	0.0003	0.0125	0.0241	0.0005	0.0658	0.9643	0.9977	0	0	0.0357	0.0023	0	0	0	0	0	0	0	0	0	0	0	0	0	0	0.3148	0.936	0	0	0.4259	0.039	0.0185	0	0.2407	0.025
com.breitbart.app.apk	2015-09-03	0	0	0	0	0	0	0	0	0	0	0	0	0	0	0	0	0	0	0	0	0	0	0	0	0	0	0	0	0	0	0	0	0	0	0	0	0	0	0	0	0	0	0	0	0	0	0	0	0	0	0	0	0	0	0	0	0	0	0	0	0	0	0	0	0	0	0	0	0	0	0	0	0	0	0	0	0	0	0	0	0	0	0	0	0	0
com.mylottos.mmpbfree.apk	2015-10-01	0.0702	0.0199	0.2919	0.0371	0.185	0.551	0.0574	0.1435	0	0	0	0	0.0116	0.0004	0.0312	0.0006	0	0	0	0	0.9769	0.9996	0.9688	0.9994	0.0116	0	0	0	0.8571	0.7443	0.8519	0.9687	0.0204	0.0027	0	0	0.0408	0.0068	0.037	0.0302	0.0204	0.0009	0.037	0.0005	0	0	0	0	0.0612	0.2453	0.0741	0.0007	0.015	0.0114	0.0007	0.0319	0.973	0.9983	0	0	0.027	0.0017	0	0	0	0	0	0	0.6071	0.9674	0	0	0	0	0	0	0	0	0	0	0.2143	0.0324	0.0714	0.0001	0.1071	0.0001
com.mylottos.results.apk	2015-12-11	0.0607	0.0201	0.2468	0.0808	0.189	0.5714	0.061	0.2623	0	0	0	0	0.0157	0.0004	0.0417	0.0003	0	0	0	0	0.9843	0.9996	0.9583	0.9997	0	0	0	0	0.8571	0.9817	0.875	0.9964	0.0238	0.0007	0	0	0.0476	0.0017	0.0417	0.0032	0.0238	0.0004	0.0417	0.0003	0	0	0	0	0.0476	0.0155	0.0417	0.0001	0.0134	0.0253	0.0004	0.0815	0.9643	0.9968	0	0	0.0357	0.0032	0	0	0	0	0	0	0	0	0	0	0	0	0	0	0.3208	0.9404	0	0	0.3962	0.0374	0.0377	0	0.2453	0.0222
com.dilmeapps.kickme.apk	2015-12-10	0.0691	0.023	0.143	0.0109	0.2	0.4	0.0208	0.2594	0	0	0	0	0.0333	0.132	0.0556	0.0018	0	0	0	0	0.9667	0.868	0.9444	0.9982	0	0	0	0	0.9	0.9159	0.8333	0.8301	0	0	0	0	0.0667	0.0686	0.0833	0.1197	0.0333	0.0155	0.0833	0.0502	0	0	0	0	0	0	0	0	0.0031	0.0031	0.0004	0.0004	1	1	0	0	0	0	0	0	0	0	0	0	0	0	0	0	0	0	0	0	0	0	0	0	1	1	0	0	0	0
com.jamesots.android.contractiontimer.apk	2015-03-27	0.1432	0.0716	0.2085	0.1163	0.4516	0.6452	0.0445	0.0012	0	0	0	0	0.0484	0.2155	0.1071	0.9311	0	0	0	0	0.9516	0.7845	0.8929	0.0689	0	0	0	0	0.8387	0.9116	0.8	0.5556	0	0	0	0	0.0645	0.0008	0.05	0.3399	0	0	0	0	0	0	0	0	0.0968	0.0875	0.15	0.1046	0.0139	0.0208	0.0001	0.0063	1	1	0	0	0	0	0	0	0	0	0	0	0	0	0	0	0	0	0	0	0	0	0	0	0.8889	0.999	0	0	0.1111	0.001
com.dilmeapps.kickme.apk	2015-12-10	0.0697	0.023	0.1121	0.0106	0.2045	0.4138	0.0238	0.318	0	0	0	0	0.0341	0.0499	0.0556	0.0019	0	0	0	0	0.9659	0.9501	0.9444	0.9981	0	0	0	0	0.8966	0.8798	0.8333	0.9006	0	0	0	0	0.069	0.1011	0.0833	0.0467	0.0345	0.0192	0.0833	0.0527	0	0	0	0	0	0	0	0	0.0032	0.0032	0.0005	0.0005	1	1	0	0	0	0	0	0	0	0	0	0	0	0	0	0	0	0	0	0	0	0	0	0	1	1	0	0	0	0
com.jamesots.android.contractiontimer.apk	2015-03-27	0.1259	0.0723	0.2198	0.105	0.5	0.6129	0.0645	0.002	0	0	0	0	0.0556	0.1669	0.1111	0.4928	0	0	0	0	0.9444	0.8331	0.8889	0.5072	0	0	0	0	0.8387	0.8997	0.7895	0.5839	0	0	0	0	0.0645	0.0012	0.0526	0.2953	0	0	0	0	0	0	0	0	0.0968	0.099	0.1579	0.1208	0.021	0.0256	0.0002	0.0074	1	1	0	0	0	0	0	0	0	0	0	0	0	0	0	0	0	0	0	0	0	0	0	0	0.9091	0.9996	0	0	0.0909	0.0004
com.dilmeapps.kickme.apk	2015-12-10	0.0686	0.024	0.1063	0.0113	0.2048	0.3793	0.0351	0.3193	0	0	0	0	0.0361	0.04	0.0588	0.0013	0	0	0	0	0.9639	0.96	0.9412	0.9987	0	0	0	0	0.8966	0.8934	0.8182	0.8472	0	0	0	0	0.069	0.089	0.0909	0.1072	0.0345	0.0176	0.0909	0.0456	0	0	0	0	0	0	0	0	0.0033	0.0033	0.0005	0.0005	1	1	0	0	0	0	0	0	0	0	0	0	0	0	0	0	0	0	0	0	0	0	0	0	1	1	0	0	0	0
com.jamesots.android.contractiontimer.apk	2015-03-27	0.1179	0.0732	0.2047	0.1188	0.6034	0.6944	0.0398	0.001	0	0	0	0	0.069	0.2362	0.1143	0.6276	0	0	0	0	0.931	0.7638	0.8857	0.3724	0	0	0	0	0.8611	0.9186	0.84	0.6515	0	0	0	0	0.0556	0.0005	0.04	0.2424	0	0	0	0	0	0	0	0	0.0833	0.0808	0.12	0.1061	0.0122	0.0224	0.0001	0.0061	1	1	0	0	0	0	0	0	0	0	0	0	0	0	0	0	0	0	0	0	0	0	0	0	0.7273	0.9968	0	0	0.2727	0.0032
com.appsgoof.sparklywallpaper.apk	2015-11-10	0	0	0	0	0	0	0	0	0	0	0	0	0	0	0	0	0	0	0	0	0	0	0	0	0	0	0	0	0	0	0	0	0	0	0	0	0	0	0	0	0	0	0	0	0	0	0	0	0	0	0	0	0	0	0	0	0	0	0	0	0	0	0	0	0	0	0	0	0	0	0	0	0	0	0	0	0	0	0	0	0	0	0	0	0	0
com.GameZone.GrimReaper.apk	2015-11-02	0	0	0	0	0	0	0	0	0	0	0	0	0	0	0	0	0	0	0	0	0	0	0	0	0	0	0	0	0	0	0	0	0	0	0	0	0	0	0	0	0	0	0	0	0	0	0	0	0	0	0	0	0	0	0	0	0	0	0	0	0	0	0	0	0	0	0	0	0	0	0	0	0	0	0	0	0	0	0	0	0	0	0	0	0	0
com.appsgoof.sparklywallpaper.apk	2015-11-10	0	0	0	0	0	0	0	0	0	0	0	0	0	0	0	0	0	0	0	0	0	0	0	0	0	0	0	0	0	0	0	0	0	0	0	0	0	0	0	0	0	0	0	0	0	0	0	0	0	0	0	0	0	0	0	0	0	0	0	0	0	0	0	0	0	0	0	0	0	0	0	0	0	0	0	0	0	0	0	0	0	0	0	0	0	0
com.GameZone.GrimReaper.apk	2015-11-02	0	0	0	0	0	0	0	0	0	0	0	0	0	0	0	0	0	0	0	0	0	0	0	0	0	0	0	0	0	0	0	0	0	0	0	0	0	0	0	0	0	0	0	0	0	0	0	0	0	0	0	0	0	0	0	0	0	0	0	0	0	0	0	0	0	0	0	0	0	0	0	0	0	0	0	0	0	0	0	0	0	0	0	0	0	0
com.appsgoof.sparklywallpaper.apk	2015-11-10	0	0	0	0	0	0	0	0	0	0	0	0	0	0	0	0	0	0	0	0	0	0	0	0	0	0	0	0	0	0	0	0	0	0	0	0	0	0	0	0	0	0	0	0	0	0	0	0	0	0	0	0	0	0	0	0	0	0	0	0	0	0	0	0	0	0	0	0	0	0	0	0	0	0	0	0	0	0	0	0	0	0	0	0	0	0
com.GameZone.GrimReaper.apk	2015-11-02	0	0	0	0	0	0	0	0	0	0	0	0	0	0	0	0	0	0	0	0	0	0	0	0	0	0	0	0	0	0	0	0	0	0	0	0	0	0	0	0	0	0	0	0	0	0	0	0	0	0	0	0	0	0	0	0	0	0	0	0	0	0	0	0	0	0	0	0	0	0	0	0	0	0	0	0	0	0	0	0	0	0	0	0	0	0
com.handycloset.android.eraser.apk	2015-07-12	0.0804	0	0.0306	0	0	0	0	0	0	0	0	0	0	0	0	0	0	0	0	0	1	1	0	0	0	0	0	0	0	0	0	0	0	0	0	0	0	0	0	0	0	0	0	0	0	0	0	0	0	0	0	0	0.0179	0.0089	0.0021	0.002	0	0	1	1	0	0	0	0	0	0	0	0	0	0	0	0	0	0	0	0	1	1	0	0	0	0	0	0	0	0
com.pixlr.express.apk	2015-12-29	0.3333	0	0.3996	0	0	0	0	0	0	0	0	0	0	0	0	0	0	0	0	0	1	1	0	0	0	0	0	0	0	0	0	0	0	0	0	0	0	0	0	0	0	0	0	0	0	0	0	0	0	0	0	0	0.1667	0.0833	0.1004	0.0999	0	0	1	1	0	0	0	0	0	0	0	0	1	1	0	0	0	0	0	0	0	0	0	0	0	0	0	0	0	0
com.yahoo.mobile.client.android.flickr.apk	2015-11-25	0.097	0.0075	0.0369	0.0088	0.1538	1	0.0004	0.0009	0	0	0	0	0	0	0	0	0	0	0	0	1	1	1	1	0	0	0	0	1	1	1	1	0	0	0	0	0	0	0	0	0	0	0	0	0	0	0	0	0	0	0	0	0.0299	0.0075	0.003	0.0015	0	0	0.75	0.9973	0	0	0.25	0.0027	0	0	0	0	0	0	0	0	0	0	0	0	1	1	0	0	0	0	0	0	0	0
pixelate.color.splash.effect.apk	2015-12-21	0.1022	0.0281	0.1235	0.0234	0.2417	0.5455	0.0606	0.1395	0	0	0	0	0	0	0	0	0	0	0	0	0.9917	0.9977	0.9655	0.9997	0.0083	0.0023	0.0345	0.0003	0.9394	0.8915	0.8889	0.9146	0	0	0	0	0.0606	0.1085	0.1111	0.0854	0	0	0	0	0	0	0	0	0	0	0	0	0.006	0.0034	0.001	0.0539	0.7143	0.7539	0.2857	0.2461	0	0	0	0	0	0	0	0	0	0	0	0	0	0	0	0	0.5	0.0097	0	0	0.5	0.9903	0	0	0	0
com.handycloset.android.eraser.apk	2015-07-12	0.0804	0	0.0306	0	0	0	0	0	0	0	0	0	0	0	0	0	0	0	0	0	1	1	0	0	0	0	0	0	0	0	0	0	0	0	0	0	0	0	0	0	0	0	0	0	0	0	0	0	0	0	0	0	0.0179	0.0089	0.0021	0.002	0	0	1	1	0	0	0	0	0	0	0	0	0	0	0	0	0	0	0	0	1	1	0	0	0	0	0	0	0	0
com.pixlr.express.apk	2015-12-29	0.3333	0	0.3995	0	0	0	0	0	0	0	0	0	0	0	0	0	0	0	0	0	1	1	0	0	0	0	0	0	0	0	0	0	0	0	0	0	0	0	0	0	0	0	0	0	0	0	0	0	0	0	0	0	0.1667	0.0833	0.1005	0.0999	0	0	1	1	0	0	0	0	0	0	0	0	1	1	0	0	0	0	0	0	0	0	0	0	0	0	0	0	0	0
com.yahoo.mobile.client.android.flickr.apk	2015-11-25	0.097	0.0075	0.0369	0.0088	0.1538	1	0.0005	0.0011	0	0	0	0	0	0	0	0	0	0	0	0	1	1	1	1	0	0	0	0	1	1	1	1	0	0	0	0	0	0	0	0	0	0	0	0	0	0	0	0	0	0	0	0	0.0299	0.0075	0.003	0.0015	0	0	0.75	0.9968	0	0	0.25	0.0032	0	0	0	0	0	0	0	0	0	0	0	0	1	1	0	0	0	0	0	0	0	0
pixelate.color.splash.effect.apk	2015-12-21	0.1022	0.0281	0.1255	0.0229	0.2333	0.5455	0.0587	0.1333	0	0	0	0	0	0	0	0	0	0	0	0	0.9917	0.9978	0.9643	0.9997	0.0083	0.0022	0.0357	0.0003	0.9394	0.8882	0.8889	0.9054	0	0	0	0	0.0606	0.1118	0.1111	0.0946	0	0	0	0	0	0	0	0	0	0	0	0	0.006	0.0034	0.0011	0.0526	0.7143	0.749	0.2857	0.251	0	0	0	0	0	0	0	0	0	0	0	0	0	0	0	0	0.5	0.0096	0	0	0.5	0.9904	0	0	0	0
com.handycloset.android.eraser.apk	2015-07-12	0.0804	0	0.0306	0	0	0	0	0	0	0	0	0	0	0	0	0	0	0	0	0	1	1	0	0	0	0	0	0	0	0	0	0	0	0	0	0	0	0	0	0	0	0	0	0	0	0	0	0	0	0	0	0	0.0179	0.0089	0.0021	0.002	0	0	1	1	0	0	0	0	0	0	0	0	0	0	0	0	0	0	0	0	1	1	0	0	0	0	0	0	0	0
com.pixlr.express.apk	2015-12-29	0.3333	0	0.3996	0	0	0	0	0	0	0	0	0	0	0	0	0	0	0	0	0	1	1	0	0	0	0	0	0	0	0	0	0	0	0	0	0	0	0	0	0	0	0	0	0	0	0	0	0	0	0	0	0	0.1667	0.0833	0.1004	0.0999	0	0	1	1	0	0	0	0	0	0	0	0	1	1	0	0	0	0	0	0	0	0	0	0	0	0	0	0	0	0
com.yahoo.mobile.client.android.flickr.apk	2015-11-25	0.097	0.0075	0.0369	0.0088	0.1538	1	0.0005	0.0011	0	0	0	0	0	0	0	0	0	0	0	0	1	1	1	1	0	0	0	0	1	1	1	1	0	0	0	0	0	0	0	0	0	0	0	0	0	0	0	0	0	0	0	0	0.0299	0.0075	0.003	0.0015	0	0	0.75	0.9968	0	0	0.25	0.0032	0	0	0	0	0	0	0	0	0	0	0	0	1	1	0	0	0	0	0	0	0	0
pixelate.color.splash.effect.apk	2015-12-21	0.1022	0.0281	0.1243	0.0234	0.2417	0.5455	0.0636	0.1392	0	0	0	0	0	0	0	0	0	0	0	0	0.9917	0.9977	0.9655	0.9997	0.0083	0.0023	0.0345	0.0003	0.9394	0.8921	0.8889	0.9103	0	0	0	0	0.0606	0.1079	0.1111	0.0897	0	0	0	0	0	0	0	0	0	0	0	0	0.006	0.0034	0.001	0.0532	0.7143	0.7542	0.2857	0.2458	0	0	0	0	0	0	0	0	0	0	0	0	0	0	0	0	0.5	0.0097	0	0	0.5	0.9903	0	0	0	0
com.alarmclock.xtreme.free.apk	2015-04-02	0	0	0	0	0	0	0	0	0	0	0	0	0	0	0	0	0	0	0	0	0	0	0	0	0	0	0	0	0	0	0	0	0	0	0	0	0	0	0	0	0	0	0	0	0	0	0	0	0	0	0	0	0	0	0	0	0	0	0	0	0	0	0	0	0	0	0	0	0	0	0	0	0	0	0	0	0	0	0	0	0	0	0	0	0	0
com.alarmclock.xtreme.free.apk	2015-04-02	0	0	0	0	0	0	0	0	0	0	0	0	0	0	0	0	0	0	0	0	0	0	0	0	0	0	0	0	0	0	0	0	0	0	0	0	0	0	0	0	0	0	0	0	0	0	0	0	0	0	0	0	0	0	0	0	0	0	0	0	0	0	0	0	0	0	0	0	0	0	0	0	0	0	0	0	0	0	0	0	0	0	0	0	0	0
com.alarmclock.xtreme.free.apk	2015-04-02	0	0	0	0	0	0	0	0	0	0	0	0	0	0	0	0	0	0	0	0	0	0	0	0	0	0	0	0	0	0	0	0	0	0	0	0	0	0	0	0	0	0	0	0	0	0	0	0	0	0	0	0	0	0	0	0	0	0	0	0	0	0	0	0	0	0	0	0	0	0	0	0	0	0	0	0	0	0	0	0	0	0	0	0	0	0
com.mobileapps.freestufftimes.apk	2015-09-26	0.0893	0.0284	0.1515	0.0148	0.2019	0.5455	0.0425	0.3183	0	0	0	0	0.0192	0.0046	0	0	0	0	0	0	0.9615	0.9826	0.9524	0.9995	0.0192	0.0129	0.0476	0.0005	0.7879	0.8222	0.8333	0.9124	0	0	0	0	0.1212	0.11	0.0556	0.0142	0	0	0	0	0	0	0	0	0.0909	0.0678	0.1111	0.0735	0.0052	0.0034	0.001	0.02	0.6667	0.8113	0.3333	0.1887	0	0	0	0	0	0	0	0	0	0	0	0	0	0	0	0	1	1	0	0	0	0	0	0	0	0
com.overstock.apk	2015-10-04	0.0379	0.0025	0.089	0.0028	0.0667	1	0	0.0014	0	0	0	0	0	0	0	0	0	0	0	0	0.9333	0.691	1	1	0.0667	0.309	0	0	0	0	0	0	0	0	0	0	1	1	1	1	0	0	0	0	0	0	0	0	0	0	0	0	0.0051	0	0.0006	0	0	0	0	0	0	0	1	1	0	0	0	0	0	0	0	0	0	0	0	0	0	0	0	0	0	0	0	0	0	0
com.wishabi.flipp.apk	2015-12-21	0.1044	0.0049	0.0832	0.0035	0	0	0	0	0	0	0	0	0.0698	0.044	0	0	0	0	0	0	0.9302	0.956	0	0	0	0	0	0	0.5	0.3182	0	0	0	0	0	0	0.5	0.6818	0	0	0	0	0	0	0	0	0	0	0	0	0	0	0.0146	0.0049	0.0008	0.0008	0	0	0.3333	0.9718	0	0	0.6667	0.0282	0	0	0.5	0.0072	0.5	0.9928	0	0	0	0	0	0	0	0	0	0	0	0	0	0	0	0
com.mobileapps.freestufftimes.apk	2015-09-26	0.0908	0.0277	0.1577	0.0142	0.2037	0.5455	0.0374	0.3283	0	0	0	0	0.0185	0.0033	0	0	0	0	0	0	0.963	0.9853	0.9545	0.9996	0.0185	0.0114	0.0455	0.0004	0.7879	0.8313	0.8333	0.8928	0	0	0	0	0.1212	0.1029	0.0556	0.0408	0	0	0	0	0	0	0	0	0.0909	0.0658	0.1111	0.0664	0.005	0.0034	0.0012	0.021	0.6667	0.7912	0.3333	0.2088	0	0	0	0	0	0	0	0	0	0	0	0	0	0	0	0	1	1	0	0	0	0	0	0	0	0
com.overstock.apk	2015-10-04	0.0379	0.0025	0.0903	0.0029	0.0667	1	0	0.0015	0	0	0	0	0	0	0	0	0	0	0	0	0.9333	0.6916	1	1	0.0667	0.3084	0	0	0	0	0	0	0	0	0	0	1	1	1	1	0	0	0	0	0	0	0	0	0	0	0	0	0.0051	0	0.0006	0	0	0	0	0	0	0	1	1	0	0	0	0	0	0	0	0	0	0	0	0	0	0	0	0	0	0	0	0	0	0
com.wishabi.flipp.apk	2015-12-21	0.1044	0.0049	0.0835	0.0034	0	0	0	0	0	0	0	0	0.0698	0.0437	0	0	0	0	0	0	0.9302	0.9563	0	0	0	0	0	0	0.5	0.3078	0	0	0	0	0	0	0.5	0.6922	0	0	0	0	0	0	0	0	0	0	0	0	0	0	0.0146	0.0049	0.0008	0.0008	0	0	0.3333	0.9773	0	0	0.6667	0.0227	0	0	0.5	0.0058	0.5	0.9942	0	0	0	0	0	0	0	0	0	0	0	0	0	0	0	0
com.mobileapps.freestufftimes.apk	2015-09-26	0.0893	0.0284	0.1456	0.0156	0.2019	0.5152	0.0506	0.3215	0	0	0	0	0.0192	0.005	0	0	0	0	0	0	0.9615	0.9804	0.9524	0.9996	0.0192	0.0146	0.0476	0.0004	0.7879	0.8145	0.8235	0.7618	0	0	0	0	0.1212	0.112	0.0588	0.159	0	0	0	0	0	0	0	0	0.0909	0.0735	0.1176	0.0792	0.0052	0.0034	0.001	0.0216	0.6667	0.8203	0.3333	0.1797	0	0	0	0	0	0	0	0	0	0	0	0	0	0	0	0	1	1	0	0	0	0	0	0	0	0
com.overstock.apk	2015-10-04	0.0379	0.0025	0.0902	0.0031	0.0667	1	0	0.0012	0	0	0	0	0	0	0	0	0	0	0	0	0.9333	0.693	1	1	0.0667	0.307	0	0	0	0	0	0	0	0	0	0	1	1	1	1	0	0	0	0	0	0	0	0	0	0	0	0	0.0051	0	0.0006	0	0	0	0	0	0	0	1	1	0	0	0	0	0	0	0	0	0	0	0	0	0	0	0	0	0	0	0	0	0	0
com.wishabi.flipp.apk	2015-12-21	0.1044	0.0049	0.0862	0.0035	0	0	0	0	0	0	0	0	0.0698	0.0434	0	0	0	0	0	0	0.9302	0.9566	0	0	0	0	0	0	0.5	0.3211	0	0	0	0	0	0	0.5	0.6789	0	0	0	0	0	0	0	0	0	0	0	0	0	0	0.0146	0.0049	0.0008	0.0008	0	0	0.3333	0.977	0	0	0.6667	0.023	0	0	0.5	0.0059	0.5	0.9941	0	0	0	0	0	0	0	0	0	0	0	0	0	0	0	0
mobi.jackd.android.apk	2015-09-21	0	0	0	0	0	0	0	0	0	0	0	0	0	0	0	0	0	0	0	0	0	0	0	0	0	0	0	0	0	0	0	0	0	0	0	0	0	0	0	0	0	0	0	0	0	0	0	0	0	0	0	0	0	0	0	0	0	0	0	0	0	0	0	0	0	0	0	0	0	0	0	0	0	0	0	0	0	0	0	0	0	0	0	0	0	0
mobi.jackd.android.apk	2015-09-21	0	0	0	0	0	0	0	0	0	0	0	0	0	0	0	0	0	0	0	0	0	0	0	0	0	0	0	0	0	0	0	0	0	0	0	0	0	0	0	0	0	0	0	0	0	0	0	0	0	0	0	0	0	0	0	0	0	0	0	0	0	0	0	0	0	0	0	0	0	0	0	0	0	0	0	0	0	0	0	0	0	0	0	0	0	0
mobi.jackd.android.apk	2015-09-21	0	0	0	0	0	0	0	0	0	0	0	0	0	0	0	0	0	0	0	0	0	0	0	0	0	0	0	0	0	0	0	0	0	0	0	0	0	0	0	0	0	0	0	0	0	0	0	0	0	0	0	0	0	0	0	0	0	0	0	0	0	0	0	0	0	0	0	0	0	0	0	0	0	0	0	0	0	0	0	0	0	0	0	0	0	0
com.topgolf.mobile.apk	2015-09-24	0.1077	0.0154	0.0325	0.0036	0.1429	1	0.1106	0.9939	0	0	0	0	0	0	0	0	0	0	0	0	1	1	1	1	0	0	0	0	1	1	1	1	0	0	0	0	0	0	0	0	0	0	0	0	0	0	0	0	0	0	0	0	0	0	0	0	0	0	0	0	0	0	0	0	0	0	0	0	0	0	0	0	0	0	0	0	0	0	0	0	0	0	0	0	0	0
de.perished.android.apps.fishingknots.apk	2015-10-12	0.1265	0.0122	0.0355	0.0029	0.0645	0.3333	0.0359	0.2191	0	0	0	0	0	0	0	0	0	0	0	0	0.9677	0.9804	1	1	0.0323	0.0196	0	0	1	1	1	1	0	0	0	0	0	0	0	0	0	0	0	0	0	0	0	0	0	0	0	0	0.0245	0.0571	0.0021	0.0369	1	1	0	0	0	0	0	0	0	0	0	0	0	0	0	0	0	0	0	0	0	0	0	0	0.7143	0.9216	0	0	0.2857	0.0784
com.topgolf.mobile.apk	2015-09-24	0.1077	0.0154	0.0325	0.0036	0.1429	1	0.1105	0.9931	0	0	0	0	0	0	0	0	0	0	0	0	1	1	1	1	0	0	0	0	1	1	1	1	0	0	0	0	0	0	0	0	0	0	0	0	0	0	0	0	0	0	0	0	0	0	0	0	0	0	0	0	0	0	0	0	0	0	0	0	0	0	0	0	0	0	0	0	0	0	0	0	0	0	0	0	0	0
de.perished.android.apps.fishingknots.apk	2015-10-12	0.1265	0.0122	0.035	0.0029	0.0645	0.3333	0.0203	0.213	0	0	0	0	0	0	0	0	0	0	0	0	0.9677	0.9794	1	1	0.0323	0.0206	0	0	1	1	1	1	0	0	0	0	0	0	0	0	0	0	0	0	0	0	0	0	0	0	0	0	0.0245	0.0571	0.0021	0.0378	1	1	0	0	0	0	0	0	0	0	0	0	0	0	0	0	0	0	0	0	0	0	0	0	0.7143	0.9253	0	0	0.2857	0.0747
com.topgolf.mobile.apk	2015-09-24	0.1077	0.0154	0.032	0.0036	0.1429	1	0.1106	0.9946	0	0	0	0	0	0	0	0	0	0	0	0	1	1	1	1	0	0	0	0	1	1	1	1	0	0	0	0	0	0	0	0	0	0	0	0	0	0	0	0	0	0	0	0	0	0	0	0	0	0	0	0	0	0	0	0	0	0	0	0	0	0	0	0	0	0	0	0	0	0	0	0	0	0	0	0	0	0
de.perished.android.apps.fishingknots.apk	2015-10-12	0.1265	0.0122	0.034	0.0028	0.0645	0.3333	0.0346	0.2121	0	0	0	0	0	0	0	0	0	0	0	0	0.9677	0.9789	1	1	0.0323	0.0211	0	0	1	1	1	1	0	0	0	0	0	0	0	0	0	0	0	0	0	0	0	0	0	0	0	0	0.0245	0.0571	0.002	0.0377	1	1	0	0	0	0	0	0	0	0	0	0	0	0	0	0	0	0	0	0	0	0	0	0	0.7143	0.9293	0	0	0.2857	0.0707
com.google.android.apps.adm.apk	2015-04-08	0.0872	0.0275	0.0734	0.0182	0.2237	0.375	0.1335	0.2275	0.0132	0.0138	0	0	0	0	0	0	0	0	0	0	0.9868	0.9862	1	1	0	0	0	0	0.7083	0.416	0.6667	0.6367	0.0417	0.1448	0	0	0.125	0.1681	0.1111	0.351	0	0	0	0	0.0417	0.0019	0.1111	0.0041	0.0833	0.2693	0.1111	0.0082	0.0298	0.0218	0.0166	0.1259	0.9615	0.999	0	0	0.0385	0.001	0	0	0	0	0	0	0	0	0	0	0	0	0	0	0.9474	0.9999	0	0	0	0	0	0	0.0526	0.0001
com.google.android.apps.translate.apk	2015-10-14	0	0	0	0	0	0	0	0	0	0	0	0	0	0	0	0	0	0	0	0	0	0	0	0	0	0	0	0	0	0	0	0	0	0	0	0	0	0	0	0	0	0	0	0	0	0	0	0	0	0	0	0	0	0	0	0	0	0	0	0	0	0	0	0	0	0	0	0	0	0	0	0	0	0	0	0	0	0	0	0	0	0	0	0	0	0
com.google.android.launcher.apk	2015-10-26	0.2051	0.0513	0.3297	0.0427	0.5	1	0.1277	0.9545	0	0	0	0	0	0	0	0	0	0	0	0	1	1	1	1	0	0	0	0	0	0	0	0	0	0	0	0	1	1	1	1	0	0	0	0	0	0	0	0	0	0	0	0	0.0769	0.0256	0.0421	0.0408	0.6667	0.9846	0	0	0	0	0.3333	0.0154	0	0	0	0	1	1	0	0	0	0	0	0	0	0	0	0	0	0	0	0	0	0
com.tmobile.pr.mytmobile.apk	2015-09-25	0	0	0	0	0	0	0	0	0	0	0	0	0	0	0	0	0	0	0	0	0	0	0	0	0	0	0	0	0	0	0	0	0	0	0	0	0	0	0	0	0	0	0	0	0	0	0	0	0	0	0	0	0	0	0	0	0	0	0	0	0	0	0	0	0	0	0	0	0	0	0	0	0	0	0	0	0	0	0	0	0	0	0	0	0	0
com.google.android.apps.adm.apk	2015-04-08	0.0886	0.0295	0.0795	0.0181	0.2308	0.3846	0.1433	0.2774	0.0128	0.0121	0	0	0	0	0	0	0	0	0	0	0.9872	0.9879	1	1	0	0	0	0	0.7308	0.5027	0.7	0.7227	0.0385	0.1376	0	0	0.1154	0.1571	0.1	0.2656	0	0	0	0	0.0385	0.0022	0.1	0.0039	0.0769	0.2004	0.1	0.0078	0.0295	0.0216	0.0157	0.116	0.9615	0.9988	0	0	0.0385	0.0012	0	0	0	0	0	0	0	0	0	0	0	0	0	0	0.9474	0.9998	0	0	0	0	0	0	0.0526	0.0002
com.google.android.apps.translate.apk	2015-10-14	0	0	0	0	0	0	0	0	0	0	0	0	0	0	0	0	0	0	0	0	0	0	0	0	0	0	0	0	0	0	0	0	0	0	0	0	0	0	0	0	0	0	0	0	0	0	0	0	0	0	0	0	0	0	0	0	0	0	0	0	0	0	0	0	0	0	0	0	0	0	0	0	0	0	0	0	0	0	0	0	0	0	0	0	0	0
com.google.android.launcher.apk	2015-10-26	0.2051	0.0513	0.3294	0.0428	0.5	1	0.1279	0.9516	0	0	0	0	0	0	0	0	0	0	0	0	1	1	1	1	0	0	0	0	0	0	0	0	0	0	0	0	1	1	1	1	0	0	0	0	0	0	0	0	0	0	0	0	0.0769	0.0256	0.0421	0.0407	0.6667	0.9836	0	0	0	0	0.3333	0.0164	0	0	0	0	1	1	0	0	0	0	0	0	0	0	0	0	0	0	0	0	0	0
com.tmobile.pr.mytmobile.apk	2015-09-25	0	0	0	0	0	0	0	0	0	0	0	0	0	0	0	0	0	0	0	0	0	0	0	0	0	0	0	0	0	0	0	0	0	0	0	0	0	0	0	0	0	0	0	0	0	0	0	0	0	0	0	0	0	0	0	0	0	0	0	0	0	0	0	0	0	0	0	0	0	0	0	0	0	0	0	0	0	0	0	0	0	0	0	0	0	0
com.google.android.apps.adm.apk	2015-04-08	0.0918	0.0302	0.0787	0.0222	0.2278	0.3846	0.1495	0.2322	0.0127	0.0114	0	0	0	0	0	0	0	0	0	0	0.9873	0.9886	1	1	0	0	0	0	0.7308	0.4074	0.7	0.7217	0.0385	0.1128	0	0	0.1154	0.1358	0.1	0.2642	0	0	0	0	0.0385	0.0022	0.1	0.0047	0.0769	0.3417	0.1	0.0094	0.0302	0.0221	0.0158	0.1262	0.9615	0.9985	0	0	0.0385	0.0015	0	0	0	0	0	0	0	0	0	0	0	0	0	0	0.9474	0.9998	0	0	0	0	0	0	0.0526	0.0002
com.google.android.apps.translate.apk	2015-10-14	0	0	0	0	0	0	0	0	0	0	0	0	0	0	0	0	0	0	0	0	0	0	0	0	0	0	0	0	0	0	0	0	0	0	0	0	0	0	0	0	0	0	0	0	0	0	0	0	0	0	0	0	0	0	0	0	0	0	0	0	0	0	0	0	0	0	0	0	0	0	0	0	0	0	0	0	0	0	0	0	0	0	0	0	0	0
com.google.android.launcher.apk	2015-10-26	0.2051	0.0513	0.3293	0.0429	0.5	1	0.128	0.95	0	0	0	0	0	0	0	0	0	0	0	0	1	1	1	1	0	0	0	0	0	0	0	0	0	0	0	0	1	1	1	1	0	0	0	0	0	0	0	0	0	0	0	0	0.0769	0.0256	0.0421	0.0407	0.6667	0.9831	0	0	0	0	0.3333	0.0169	0	0	0	0	1	1	0	0	0	0	0	0	0	0	0	0	0	0	0	0	0	0
com.tmobile.pr.mytmobile.apk	2015-09-25	0	0	0	0	0	0	0	0	0	0	0	0	0	0	0	0	0	0	0	0	0	0	0	0	0	0	0	0	0	0	0	0	0	0	0	0	0	0	0	0	0	0	0	0	0	0	0	0	0	0	0	0	0	0	0	0	0	0	0	0	0	0	0	0	0	0	0	0	0	0	0	0	0	0	0	0	0	0	0	0	0	0	0	0	0	0
com.flightview.flightview_free.apk	2015-11-16	0.0882	0.0098	0.0757	0.0054	0	0	0	0	0	0	0	0	0	0	0	0	0	0	0	0	1	1	0	0	0	0	0	0	0	0	0	0	0	0	0	0	1	1	0	0	0	0	0	0	0	0	0	0	0	0	0	0	0.0196	0.0098	0.0055	0.0054	1	1	0	0	0	0	0	0	0	0	0	0	0	0	0	0	0	0	0	0	0	0	0	0	1	1	0	0	0	0
com.hoteltonight.android.prod.apk	2015-10-29	0	0	0	0	0	0	0	0	0	0	0	0	0	0	0	0	0	0	0	0	0	0	0	0	0	0	0	0	0	0	0	0	0	0	0	0	0	0	0	0	0	0	0	0	0	0	0	0	0	0	0	0	0	0	0	0	0	0	0	0	0	0	0	0	0	0	0	0	0	0	0	0	0	0	0	0	0	0	0	0	0	0	0	0	0	0
com.paybyphone.apk	2015-06-24	0.1532	0.0723	0.1151	0.017	0.3396	0.8	0.0113	0.1068	0	0	0	0	0	0	0	0	0	0	0	0	1	1	1	1	0	0	0	0	0.92	0.8297	0.9	0.9844	0	0	0	0	0.04	0.0017	0.05	0.0104	0	0	0	0	0	0	0	0	0.04	0.1686	0.05	0.0052	0.0289	0.0231	0.0015	0.0077	0.8	0.9814	0.2	0.0186	0	0	0	0	0	0	0	0	0	0	0	0	0	0	0	0	0.125	0.0025	0	0	0.875	0.9975	0	0	0	0
com.radarbeep.apk	2015-10-24	0	0	0	0	0	0	0	0	0	0	0	0	0	0	0	0	0	0	0	0	0	0	0	0	0	0	0	0	0	0	0	0	0	0	0	0	0	0	0	0	0	0	0	0	0	0	0	0	0	0	0	0	0	0	0	0	0	0	0	0	0	0	0	0	0	0	0	0	0	0	0	0	0	0	0	0	0	0	0	0	0	0	0	0	0	0
com.streetviewlive.apk	2015-10-29	0	0	0	0	0	0	0	0	0	0	0	0	0	0	0	0	0	0	0	0	0	0	0	0	0	0	0	0	0	0	0	0	0	0	0	0	0	0	0	0	0	0	0	0	0	0	0	0	0	0	0	0	0	0	0	0	0	0	0	0	0	0	0	0	0	0	0	0	0	0	0	0	0	0	0	0	0	0	0	0	0	0	0	0	0	0
com.vinternete.livecams.apk	2015-05-01	0	0	0	0	0	0	0	0	0	0	0	0	0	0	0	0	0	0	0	0	0	0	0	0	0	0	0	0	0	0	0	0	0	0	0	0	0	0	0	0	0	0	0	0	0	0	0	0	0	0	0	0	0	0	0	0	0	0	0	0	0	0	0	0	0	0	0	0	0	0	0	0	0	0	0	0	0	0	0	0	0	0	0	0	0	0
com.flightview.flightview_free.apk	2015-11-16	0.0882	0.0098	0.0757	0.0054	0	0	0	0	0	0	0	0	0	0	0	0	0	0	0	0	1	1	0	0	0	0	0	0	0	0	0	0	0	0	0	0	1	1	0	0	0	0	0	0	0	0	0	0	0	0	0	0	0.0196	0.0098	0.0054	0.0054	1	1	0	0	0	0	0	0	0	0	0	0	0	0	0	0	0	0	0	0	0	0	0	0	1	1	0	0	0	0
com.hoteltonight.android.prod.apk	2015-10-29	0	0	0	0	0	0	0	0	0	0	0	0	0	0	0	0	0	0	0	0	0	0	0	0	0	0	0	0	0	0	0	0	0	0	0	0	0	0	0	0	0	0	0	0	0	0	0	0	0	0	0	0	0	0	0	0	0	0	0	0	0	0	0	0	0	0	0	0	0	0	0	0	0	0	0	0	0	0	0	0	0	0	0	0	0	0
com.paybyphone.apk	2015-06-24	0.1519	0.0745	0.1027	0.0178	0.3396	0.8462	0.0114	0.0572	0	0	0	0	0	0	0	0	0	0	0	0	1	1	1	1	0	0	0	0	0.9231	0.8278	0.9091	0.97	0	0	0	0	0.0385	0.0017	0.0455	0.02	0	0	0	0	0	0	0	0	0.0385	0.1705	0.0455	0.01	0.0287	0.0229	0.0013	0.0081	0.8	0.9767	0.2	0.0233	0	0	0	0	0	0	0	0	0	0	0	0	0	0	0	0	0.125	0.0025	0	0	0.875	0.9975	0	0	0	0
com.radarbeep.apk	2015-10-24	0	0	0	0	0	0	0	0	0	0	0	0	0	0	0	0	0	0	0	0	0	0	0	0	0	0	0	0	0	0	0	0	0	0	0	0	0	0	0	0	0	0	0	0	0	0	0	0	0	0	0	0	0	0	0	0	0	0	0	0	0	0	0	0	0	0	0	0	0	0	0	0	0	0	0	0	0	0	0	0	0	0	0	0	0	0
com.streetviewlive.apk	2015-10-29	0	0	0	0	0	0	0	0	0	0	0	0	0	0	0	0	0	0	0	0	0	0	0	0	0	0	0	0	0	0	0	0	0	0	0	0	0	0	0	0	0	0	0	0	0	0	0	0	0	0	0	0	0	0	0	0	0	0	0	0	0	0	0	0	0	0	0	0	0	0	0	0	0	0	0	0	0	0	0	0	0	0	0	0	0	0
com.vinternete.livecams.apk	2015-05-01	0	0	0	0	0	0	0	0	0	0	0	0	0	0	0	0	0	0	0	0	0	0	0	0	0	0	0	0	0	0	0	0	0	0	0	0	0	0	0	0	0	0	0	0	0	0	0	0	0	0	0	0	0	0	0	0	0	0	0	0	0	0	0	0	0	0	0	0	0	0	0	0	0	0	0	0	0	0	0	0	0	0	0	0	0	0
com.flightview.flightview_free.apk	2015-11-16	0.0882	0.0098	0.0757	0.0054	0	0	0	0	0	0	0	0	0	0	0	0	0	0	0	0	1	1	0	0	0	0	0	0	0	0	0	0	0	0	0	0	1	1	0	0	0	0	0	0	0	0	0	0	0	0	0	0	0.0196	0.0098	0.0054	0.0054	1	1	0	0	0	0	0	0	0	0	0	0	0	0	0	0	0	0	0	0	0	0	0	0	1	1	0	0	0	0
com.hoteltonight.android.prod.apk	2015-10-29	0	0	0	0	0	0	0	0	0	0	0	0	0	0	0	0	0	0	0	0	0	0	0	0	0	0	0	0	0	0	0	0	0	0	0	0	0	0	0	0	0	0	0	0	0	0	0	0	0	0	0	0	0	0	0	0	0	0	0	0	0	0	0	0	0	0	0	0	0	0	0	0	0	0	0	0	0	0	0	0	0	0	0	0	0	0
com.paybyphone.apk	2015-06-24	0.1632	0.0742	0.175	0.0193	0.3273	0.84	0.0184	0.25	0	0	0	0	0	0	0	0	0	0	0	0	1	1	1	1	0	0	0	0	0.92	0.9083	0.9048	0.9333	0	0	0	0	0.04	0.0125	0.0476	0.0333	0	0	0	0	0	0	0	0	0.04	0.0792	0.0476	0.0333	0.0297	0.0237	0.0109	0.0209	0.8	0.9704	0.2	0.0296	0	0	0	0	0	0	0	0	0	0	0	0	0	0	0	0	0.125	0.0115	0	0	0.875	0.9885	0	0	0	0
com.radarbeep.apk	2015-10-24	0	0	0	0	0	0	0	0	0	0	0	0	0	0	0	0	0	0	0	0	0	0	0	0	0	0	0	0	0	0	0	0	0	0	0	0	0	0	0	0	0	0	0	0	0	0	0	0	0	0	0	0	0	0	0	0	0	0	0	0	0	0	0	0	0	0	0	0	0	0	0	0	0	0	0	0	0	0	0	0	0	0	0	0	0	0
com.streetviewlive.apk	2015-10-29	0	0	0	0	0	0	0	0	0	0	0	0	0	0	0	0	0	0	0	0	0	0	0	0	0	0	0	0	0	0	0	0	0	0	0	0	0	0	0	0	0	0	0	0	0	0	0	0	0	0	0	0	0	0	0	0	0	0	0	0	0	0	0	0	0	0	0	0	0	0	0	0	0	0	0	0	0	0	0	0	0	0	0	0	0	0
com.vinternete.livecams.apk	2015-05-01	0	0	0	0	0	0	0	0	0	0	0	0	0	0	0	0	0	0	0	0	0	0	0	0	0	0	0	0	0	0	0	0	0	0	0	0	0	0	0	0	0	0	0	0	0	0	0	0	0	0	0	0	0	0	0	0	0	0	0	0	0	0	0	0	0	0	0	0	0	0	0	0	0	0	0	0	0	0	0	0	0	0	0	0	0	0
com.braincandy.tornadosiren.apk	2015-04-24	0	0	0	0	0	0	0	0	0	0	0	0	0	0	0	0	0	0	0	0	0	0	0	0	0	0	0	0	0	0	0	0	0	0	0	0	0	0	0	0	0	0	0	0	0	0	0	0	0	0	0	0	0	0	0	0	0	0	0	0	0	0	0	0	0	0	0	0	0	0	0	0	0	0	0	0	0	0	0	0	0	0	0	0	0	0
com.yahoo.mobile.client.android.weather.apk	2015-09-16	0	0	0	0	0	0	0	0	0	0	0	0	0	0	0	0	0	0	0	0	0	0	0	0	0	0	0	0	0	0	0	0	0	0	0	0	0	0	0	0	0	0	0	0	0	0	0	0	0	0	0	0	0	0	0	0	0	0	0	0	0	0	0	0	0	0	0	0	0	0	0	0	0	0	0	0	0	0	0	0	0	0	0	0	0	0
com.braincandy.tornadosiren.apk	2015-04-24	0	0	0	0	0	0	0	0	0	0	0	0	0	0	0	0	0	0	0	0	0	0	0	0	0	0	0	0	0	0	0	0	0	0	0	0	0	0	0	0	0	0	0	0	0	0	0	0	0	0	0	0	0	0	0	0	0	0	0	0	0	0	0	0	0	0	0	0	0	0	0	0	0	0	0	0	0	0	0	0	0	0	0	0	0	0
com.yahoo.mobile.client.android.weather.apk	2015-09-16	0	0	0	0	0	0	0	0	0	0	0	0	0	0	0	0	0	0	0	0	0	0	0	0	0	0	0	0	0	0	0	0	0	0	0	0	0	0	0	0	0	0	0	0	0	0	0	0	0	0	0	0	0	0	0	0	0	0	0	0	0	0	0	0	0	0	0	0	0	0	0	0	0	0	0	0	0	0	0	0	0	0	0	0	0	0
com.braincandy.tornadosiren.apk	2015-04-24	0	0	0	0	0	0	0	0	0	0	0	0	0	0	0	0	0	0	0	0	0	0	0	0	0	0	0	0	0	0	0	0	0	0	0	0	0	0	0	0	0	0	0	0	0	0	0	0	0	0	0	0	0	0	0	0	0	0	0	0	0	0	0	0	0	0	0	0	0	0	0	0	0	0	0	0	0	0	0	0	0	0	0	0	0	0
com.yahoo.mobile.client.android.weather.apk	2015-09-16	0	0	0	0	0	0	0	0	0	0	0	0	0	0	0	0	0	0	0	0	0	0	0	0	0	0	0	0	0	0	0	0	0	0	0	0	0	0	0	0	0	0	0	0	0	0	0	0	0	0	0	0	0	0	0	0	0	0	0	0	0	0	0	0	0	0	0	0	0	0	0	0	0	0	0	0	0	0	0	0	0	0	0	0	0	0
