134	 760	 2	 1	53511	281	25685	18	17
130	 777	 2	 1	69409	506	705702	1144	1143
64	 732	 5	 8	45486	1307	32781	8	31
134	 760	 2	 1	53511	264	10009	6	5
40	 632	 2	 1	24775	31	2305	18	17
138	 1210	 7	 3	53055	768	7193	10	5
124	 758	 8	 4	41705	488	385119	5971	13261
53	 516	 21	 23	22404	579	740262	41	14202
124	 758	 8	 4	41705	488	372438	5787	13036
133	 854	 0	 0	50398	59	70025	0	0
74	 720	 20	 50	26630	1559	1603985	78	56039
36	 488	 16	 31	12792	539	1013697	296	22446
75	 677	 16	 13	28064	413	69921	58	101
224	 1053	 2	 1	61905	163	289199	1016	1015
100	 740	 6	 6	30404	1134	679497	3934	19143
84	 527	 4	 2	23509	418	2722	6	4
40	 633	 2	 3	24769	25	413	3	110
113	 778	 2	 1	58568	50	1629	3	2
24	 420	 10	 12	14324	524	457207	795	7937
25	 407	 10	 13	14126	472	171989	187	4145
51	 670	 31	 47	45386	1930	81680	104	2762
96	 860	 9	 8	59060	943	515441	3362	13322
205	 1096	 2	 0	57285	107	123449	1109	0
124	 758	 8	 4	41705	488	390464	6017	13536
48	 665	 7	 22	31127	1333	7818	12	87
27	 450	 2	 2	14766	34	74365	88	174
121	 900	 3	 1	54343	435	417723	143	141
49	 686	 18	 51	30549	2159	52085	43	989
82	 608	 5	 2	21705	138	281825	3205	2139
27	 408	 14	 10	11979	510	508298	738	1265
19	 313	 6	 4	8935	35	3323	12	11
85	 619	 2	 1	25652	86	152139	1095	1094
284	 1124	 2	 0	53843	632	2749	2	0
134	 760	 2	 1	53511	74	666	3	2
130	 777	 2	 1	69409	506	634039	1052	1051
64	 732	 12	 15	45486	1933	63790	23	62
134	 760	 2	 1	53511	286	40527	22	21
40	 632	 2	 1	24775	34	4631	43	42
138	 1210	 3	 2	53055	1403	134443	7	15
124	 758	 8	 4	41705	488	379695	5765	13151
53	 516	 12	 10	22404	258	1205391	33	15192
124	 758	 8	 4	41705	488	619696	4696	15955
133	 854	 0	 0	50398	59	79338	0	0
74	 720	 15	 20	26630	904	11235	24	361
36	 488	 16	 31	12792	537	1157805	304	25786
75	 677	 17	 15	28064	435	104609	80	256
224	 1053	 2	 1	61905	163	312020	1118	1117
100	 740	 6	 7	30404	1216	651413	3807	18564
84	 527	 29	 21	23509	1247	735675	1380	2298
40	 633	 2	 3	24769	30	12137	5	1553
113	 778	 2	 1	58568	62	3620	5	4
24	 420	 9	 12	14324	511	424228	793	8045
25	 407	 10	 12	14126	465	151378	158	4280
51	 670	 23	 27	45386	1683	15961	53	315
96	 860	 9	 8	59060	945	584889	3855	15528
205	 1096	 2	 0	57285	119	111357	1010	0
124	 758	 8	 4	41705	488	359787	5304	12265
48	 665	 25	 38	31127	1815	26867	89	288
27	 450	 2	 2	14766	34	103106	66	128
121	 900	 3	 1	54343	435	423098	121	119
124	 758	 8	 4	41705	488	383866	5859	13355
49	 686	 4	 16	30549	1043	10422	7	186
82	 608	 5	 2	21705	138	273739	3078	2054
27	 408	 13	 9	11979	513	450821	770	1324
19	 313	 2	 1	8935	27	2907	3	2
85	 619	 2	 1	25652	86	153314	1108	1107
284	 1124	 1	 0	53843	604	2974	1	0
134	 760	 2	 1	53511	202	9302	8	7
130	 777	 2	 1	69409	506	644606	1047	1046
64	 732	 5	 2	45486	869	8628	7	4
134	 760	 2	 1	53511	227	21984	14	13
40	 632	 2	 1	24775	34	4014	29	28
138	 1210	 3	 1	53055	447	4319	4	2
124	 758	 8	 4	41705	488	354796	5482	12343
53	 516	 12	 10	22404	247	1820330	54	14683
124	 758	 8	 4	41705	488	358071	5666	12464
133	 854	 0	 0	50398	59	84515	0	0
74	 720	 25	 50	26630	1382	297029	50	11444
36	 488	 17	 35	12792	528	1149635	320	26557
75	 677	 10	 9	28064	400	12020	25	311
224	 1053	 2	 1	61905	163	317405	1135	1134
100	 740	 6	 4	30404	394	2743	10	23
84	 527	 43	 27	23509	1845	529537	919	1485
40	 633	 2	 3	24769	30	21075	4	1664
113	 778	 2	 1	58568	50	612	3	2
24	 420	 9	 11	14324	519	429700	736	8098
25	 407	 10	 13	14126	475	162843	172	4449
51	 670	 31	 56	45386	2282	367754	168	5611
96	 860	 9	 8	59060	943	489142	3221	12829
205	 1096	 2	 0	57285	119	114344	1037	0
124	 758	 8	 4	41705	488	180666	2664	6147
48	 665	 7	 5	31127	363	969	12	21
27	 450	 2	 2	14766	34	29694	23	44
121	 900	 3	 1	54343	435	409484	113	111
124	 758	 8	 4	41705	488	411256	6393	14323
49	 686	 4	 11	30549	960	6005	7	127
82	 608	 5	 2	21705	138	278213	3076	2050
27	 408	 14	 9	11979	519	565131	790	1319
19	 313	 2	 1	8935	27	2480	3	2
85	 619	 2	 1	25652	86	147941	1059	1058
284	 1124	 3	 0	53843	801	3770	3	0
19	 369	 4	 3	9275	75	37337	191	363
173	 500	 9	 10	19413	651	440530	782	6008
59	 562	 2	 1	23164	118	291282	1147	1146
62	 542	 4	 7	18750	405	162456	5	7685
197	 500	 9	 10	19461	665	494662	826	6072
82	 628	 9	 5	24990	163	20665	171	187
170	 784	 4	 1	71672	334	392170	268	265
19	 369	 4	 3	9275	75	37338	174	374
173	 500	 9	 10	19413	645	481918	821	6247
59	 562	 2	 1	23164	118	283395	1107	1106
62	 542	 4	 7	18750	431	161917	5	6876
197	 500	 9	 10	19461	630	480120	805	6262
82	 628	 9	 5	24990	163	14671	174	193
170	 784	 4	 1	71672	334	374557	275	272
19	 369	 4	 3	9275	75	45124	153	361
173	 500	 9	 10	19413	643	479959	842	6413
59	 562	 2	 1	23164	118	285641	1125	1124
62	 542	 9	 10	18750	506	164171	14	7376
197	 500	 9	 10	19461	648	487905	819	6473
82	 628	 9	 5	24990	163	18951	179	201
170	 784	 4	 1	71672	334	389725	290	287
85	 611	 11	 10	22350	380	130018	341	5118
52	 476	 7	 10	17516	410	400048	270	3639
79	 567	 8	 4	24215	271	233984	251	233
141	 498	 9	 10	19459	630	496029	806	6689
130	 777	 2	 1	69409	474	538359	857	856
122	 498	 9	 10	19303	654	472589	830	6099
200	 997	 1	 0	72695	176	284059	1	0
64	 732	 12	 30	45486	2656	233390	210	1840
130	 829	 4	 3	36891	634	529534	2983	369
25	 407	 8	 10	14556	431	187622	736	8549
113	 711	 5	 2	36166	283	540986	341	6151
86	 751	 4	 0	38385	592	454541	3197	0
81	 768	 7	 3	50939	577	28504	12	8
54	 611	 33	 34	20042	454	225036	2880	8517
75	 779	 8	 6	40663	442	2587	13	12
119	 889	 1	 0	56042	157	283500	1	0
103	 893	 2	 1	56171	104	188953	1112	1111
76	 583	 4	 1	21087	538	416351	3202	1
49	 529	 21	 31	27106	837	1096977	678	18979
119	 881	 2	 0	52782	169	286857	2	0
49	 551	 4	 2	22454	367	4213	6	4
162	 692	 6	 5	23635	674	4282	10	15
67	 506	 2	 1	18635	354	471044	975	974
59	 503	 9	 10	18900	324	80896	278	4847
59	 529	 6	 8	20168	428	135650	819	7654
28	 373	 6	 0	9601	128	33362	107	0
53	 482	 19	 18	15557	628	496117	2391	3558
52	 506	 15	 18	18704	575	658953	5189	11037
114	 740	 3	 1	46005	315	371001	221	219
94	 651	 35	 19	24122	572	198712	910	801
37	 467	 7	 2	14502	117	26547	365	245
221	 1047	 2	 1	74405	128	258713	1163	1162
177	 1087	 6	 1	58619	553	427670	3165	1054
68	 562	 21	 13	17871	267	149550	852	64240
125	 840	 41	 49	37971	2618	109366	199	854
84	 636	 26	 32	21742	988	595688	464	16923
123	 801	 1	 0	45961	159	277660	1	0
126	 733	 2	 1	31031	7	4732	947	946
55	 515	 5	 8	18388	447	173253	8	6656
30	 457	 8	 12	11798	473	51826	207	8765
45	 566	 8	 6	19149	612	1892008	1019	7268
62	 759	 4	 0	40910	1250	696173	2836	0
85	 611	 11	 10	22350	383	119664	307	5365
52	 476	 7	 10	17516	409	494099	725	8661
79	 567	 8	 4	24215	271	242244	280	254
141	 498	 9	 10	19459	657	476301	796	6333
130	 777	 2	 1	69409	474	573062	911	910
122	 498	 9	 10	19303	641	496773	883	6694
200	 997	 1	 0	72695	176	286014	1	0
64	 732	 19	 35	45486	2925	456187	650	3393
130	 829	 4	 3	36891	634	511703	2842	374
25	 407	 8	 10	14556	453	204512	809	9786
113	 711	 5	 2	36166	283	505284	420	5458
86	 751	 4	 0	38385	592	455210	3134	0
81	 768	 7	 3	50939	546	33417	11	43
54	 611	 38	 36	20042	545	249195	2609	8812
75	 779	 7	 6	40663	1006	14420	14	19
119	 889	 1	 0	56042	157	315272	1	0
103	 893	 2	 1	56171	104	180785	1064	1063
76	 583	 4	 1	21087	538	396798	3010	1
49	 529	 22	 31	27106	853	1138633	568	16601
119	 881	 2	 0	52782	169	295633	2	0
49	 551	 27	 41	22454	1140	152041	1246	8023
162	 692	 28	 22	23635	1123	38087	60	225
67	 506	 2	 1	18635	354	474375	991	990
59	 503	 9	 10	18900	346	97929	216	5434
59	 529	 6	 8	20168	451	199211	731	7994
28	 373	 6	 0	9601	127	26740	86	0
53	 482	 19	 18	15557	626	480743	2542	3828
52	 506	 14	 18	18704	573	679326	5167	11242
114	 740	 3	 1	46005	317	368780	205	203
94	 651	 34	 19	24122	569	209357	890	840
37	 467	 5	 2	14502	107	23858	292	195
221	 1047	 2	 1	74405	128	256768	1164	1163
177	 1087	 6	 1	58619	540	441705	3250	1082
68	 562	 21	 12	17871	266	154596	571	68845
125	 840	 39	 43	37971	2599	69451	162	650
84	 636	 23	 30	21742	827	79400	80	2202
123	 801	 1	 0	45961	159	291805	1	0
126	 733	 2	 1	31031	7	4297	860	859
55	 515	 3	 6	18388	429	114504	4	6727
30	 457	 8	 12	11798	402	52630	174	9586
45	 566	 7	 6	19149	617	1598436	1006	7564
62	 759	 6	 6	40910	1406	668797	2613	20
85	 611	 11	 10	22350	384	183410	286	5372
52	 476	 7	 10	17516	400	482463	481	5437
79	 567	 8	 4	24215	271	231223	261	233
141	 498	 9	 10	19459	649	463474	828	6501
130	 777	 2	 1	69409	474	511258	820	819
122	 498	 9	 10	19303	660	423335	730	6375
200	 997	 1	 0	72695	176	339290	1	0
64	 732	 10	 19	45486	1784	21466	16	67
130	 829	 4	 3	36891	634	537242	2961	403
25	 407	 8	 10	14556	439	215502	816	9402
113	 711	 5	 2	36166	287	521316	457	6777
86	 751	 4	 0	38385	592	444840	2972	0
81	 768	 9	 4	50939	776	61914	20	9
54	 611	 29	 35	20042	471	235407	2625	8704
75	 779	 16	 11	40663	1136	11194	28	26
119	 889	 1	 0	56042	157	288289	1	0
103	 893	 2	 1	56171	104	180628	1066	1065
76	 583	 4	 1	21087	538	414466	3256	1
49	 529	 22	 28	27106	841	1462894	691	18947
119	 881	 2	 0	52782	169	302505	2	0
49	 551	 18	 21	22454	790	14608	31	136
162	 692	 31	 26	23635	1332	134939	118	873
67	 506	 2	 1	18635	354	437450	909	908
59	 503	 9	 9	18900	320	67165	241	4583
59	 529	 6	 8	20168	436	189257	701	7601
28	 373	 4	 0	9601	124	32150	99	0
53	 482	 19	 18	15557	628	481803	2199	3340
52	 506	 14	 18	18704	590	666070	5187	11172
114	 740	 3	 1	46005	315	369530	219	217
94	 651	 35	 18	24122	570	196752	762	688
37	 467	 6	 2	14502	107	23130	313	211
221	 1047	 2	 1	74405	128	241867	1094	1093
177	 1087	 6	 1	58619	548	444592	3225	1075
68	 562	 17	 11	17871	254	75014	139	35161
125	 840	 47	 76	37971	3572	191432	338	1850
84	 636	 23	 30	21742	845	411188	420	12476
123	 801	 1	 0	45961	159	284600	1	0
126	 733	 2	 1	31031	7	5362	1073	1072
55	 515	 4	 7	18388	446	121849	6	6756
30	 457	 8	 12	11798	484	71742	255	7381
45	 566	 7	 6	19149	620	1658318	1093	8332
62	 759	 6	 1	40910	1313	657781	2563	2
23	 404	 9	 11	13662	341	146297	28	6867
257	 1054	 16	 21	50012	1197	8494	29	84
32	 402	 7	 5	10337	72	24701	55	1065
62	 498	 33	 37	20761	1028	44467	97	2619
82	 614	 13	 14	27917	1084	215127	1195	2894
33	 567	 5	 3	19175	46	3521	102	101
31	 525	 7	 12	18032	643	107518	331	856
51	 432	 14	 22	10835	275	47333	39	3354
35	 612	 11	 7	21678	710	334923	1849	37392
30	 567	 19	 36	19354	357	52188	1348	10448
26	 419	 12	 8	12129	436	164463	708	1052
31	 547	 3	 1	19025	15	2809	130	128
70	 649	 11	 16	26990	1155	255186	29	82
26	 403	 4	 7	13877	346	352924	6	2473
25	 419	 9	 9	15206	536	69409	14	7030
30	 543	 20	 37	18961	421	168417	858	22342
54	 569	 12	 9	26461	505	292197	790	1430
102	 882	 2	 1	58467	494	13502	3	2
41	 576	 20	 36	20148	526	354137	375	98916
38	 562	 8	 12	24571	963	40854	97	211
24	 419	 9	 9	14096	347	44924	18	6633
69	 628	 20	 30	28068	1109	30091	39	977
41	 614	 2	 1	22549	21	265	3	2
41	 617	 12	 13	21786	588	5274	20	93
21	 438	 7	 10	13477	692	286832	73	317
49	 633	 29	 44	23266	1394	124084	224	4589
49	 543	 10	 10	18263	718	267546	141	621
44	 676	 14	 19	23684	893	362163	321	5141
127	 734	 25	 30	61374	2201	626264	438	9295
26	 469	 9	 12	15363	268	121970	13	6618
37	 534	 14	 16	20161	747	30766	74	231
24	 403	 6	 4	14066	288	4103	9	12
40	 477	 21	 43	16467	720	23154	53	1084
24	 437	 9	 11	14836	387	140693	247	5462
87	 809	 2	 2	56034	668	12326	3	3
41	 643	 2	 1	26318	151	75801	77	76
48	 575	 6	 4	22436	401	32477	27	61
38	 479	 17	 18	13647	721	1627462	725	1837
148	 878	 22	 48	65968	1955	93514	45	691
28	 464	 3	 2	15684	31	4276	158	157
26	 408	 12	 7	11423	365	143767	793	1177
25	 423	 9	 10	14755	422	497714	17	2758
79	 751	 22	 16	49153	333	189399	521	68893
86	 804	 1	 0	43890	272	10715	1	0
73	 651	 34	 27	22645	848	820664	1086	58666
61	 495	 7	 4	20176	412	55868	288	601
107	 1113	 9	 5	43506	571	560058	3323	3987
24	 403	 5	 9	13904	263	209190	8	8177
97	 640	 5	 3	22824	222	30897	177	102
27	 423	 9	 11	14546	400	210734	822	7519
33	 376	 8	 2	10316	136	140716	284	247
111	 799	 24	 28	58807	918	972273	2644	55827
17	 328	 2	 3	8821	25	8457	196	197
34	 486	 12	 4	16284	142	53063	401	393
68	 500	 15	 19	20344	856	376891	775	14654
118	 822	 9	 16	64210	1562	665067	96	209
25	 407	 8	 10	14345	424	213193	710	7997
80	 713	 29	 66	30264	2717	570241	1405	18065
