Results for family Basebridge ...
295 valid benign app training samples to be used.
339 valid malicious app training samples to be used.
feature vector length=122
0.92452627122	0.809523809524	0.902248845465	0.883591109831	0.895238095238	0.798412698413	0.884856643133	0.869299105912	
0.925396825397	0.803453156387	0.899296767301	0.885714285714	0.897532654398	0.774676803931	0.883394186459	0.852380952381	
0.706349206349	0.596112231183	0.654267436193	0.706349206349	0.636846542794	0.65739399937	0.512397901158	0.571428571429	
0.87619047619	0.584264457541	0.733288776636	0.828571428571	0.769841269841	0.714285714286	0.644982411182	0.755555555556	
0.922222222222	0.773209694651	0.87421458358	0.88253968254	0.877192263382	0.837694794005	0.763460959963	0.84083837981	
0.924578237623	0.796951903383	0.882104614695	0.88253968254	0.892821879062	0.815873015873	0.874016860156	0.865079365079	
0.927604757474	0.809553472961	0.892063492063	0.88253968254	0.894557300898	0.825396825397	0.879365079365	0.868253968254	
Results for family Airpush/StopSMS ...
295 valid benign app training samples to be used.
339 valid malicious app training samples to be used.
feature vector length=122
0.929405241935	0.842857142857	0.893650793651	0.874603174603	0.891591191067	0.785714285714	0.861904761905	0.815987127792	
0.919975186104	0.853968253968	0.894941842432	0.874471153846	0.897795440447	0.611111111111	0.860317460317	0.831842431762	
0.704761904762	0.613941532258	0.653968253968	0.690476190476	0.626984126984	0.24100883995	0.57111119727	0.615256668734	
0.88253968254	0.607614764268	0.788888888889	0.814285714286	0.779365079365	0.674603174603	0.721030552109	0.712698412698	
0.91690058933	0.842857142857	0.873015873016	0.885714285714	0.882014578164	0.74904233871	0.830158730159	0.826984126984	
0.933333333333	0.845964640199	0.882487593052	0.89640353598	0.885290787841	0.758649968983	0.85873015873	0.8365058933	
0.930893300248	0.849206349206	0.888639112903	0.896825396825	0.888466191067	0.785348945409	0.871428571429	0.837969913151	
Results for family Jifake ...
295 valid benign app training samples to be used.
339 valid malicious app training samples to be used.
feature vector length=122
0.91991164973	0.828487226259	0.89160598586	0.869548758813	0.88253968254	0.755555555556	0.834920634921	0.752380952381	
0.926112772756	0.838095238095	0.878975725216	0.879365079365	0.886841754795	0.72380952381	0.846031746032	0.753115103982	
0.703174603175	0.615873015873	0.655555555556	0.698412698413	0.626229247903	0.327743227874	0.558276505081	0.616654998228	
0.874603174603	0.595238095238	0.790476190476	0.80804450254	0.773015873016	0.453968253968	0.702076822147	0.673103509394	
0.919047619048	0.826984126984	0.863421277423	0.866666666667	0.86612682904	0.715873015873	0.815873015873	0.784126984127	
0.926087971169	0.828571428571	0.874412270078	0.895238095238	0.87619047619	0.746031746032	0.849206349206	0.787404781598	
0.926236854543	0.834689149336	0.88253968254	0.884126984127	0.882075886703	0.774603174603	0.849206349206	0.787301587302	
Results for family Crusewind ...
295 valid benign app training samples to be used.
339 valid malicious app training samples to be used.
feature vector length=122
0.93230548909	0.846031746032	0.899241046812	0.880952380952	0.895238095238	0.803174603175	0.860317460317	0.826652733467	
0.931746031746	0.857142857143	0.899165805073	0.893650793651	0.900729905175	0.790476190476	0.863492063492	0.843995332624	
0.704761904762	0.61218985092	0.647619047619	0.695238095238	0.633333333333	0.595796469436	0.572428832368	0.618319732463	
0.892063492063	0.614285714286	0.793650793651	0.81747934637	0.788888888889	0.7	0.722177210111	0.698435112155	
0.92293048909	0.846031746032	0.878849415593	0.877263751034	0.881850407657	0.843974420517	0.833333333333	0.82380952381	
0.938630693903	0.850301151581	0.885202585273	0.892741393911	0.888177138721	0.822222222222	0.863492063492	0.831417838434	
0.929080482689	0.85501425322	0.892063492063	0.894331058726	0.894601623735	0.834920634921	0.874603174603	0.840967249596	
Results for family Pjapps ...
295 valid benign app training samples to be used.
339 valid malicious app training samples to be used.
feature vector length=122
0.921285805368	0.837934477037	0.88993270954	0.869334849738	0.884126984127	0.700252508468	0.850793650794	0.795477913663	
0.922921947005	0.847619047619	0.889931146363	0.88211243058	0.891544086514	0.519047619048	0.855555555556	0.804608602643	
0.700474307279	0.592063492063	0.64837919473	0.684673332939	0.641894127378	0.250654860373	0.567701489818	0.615307699693	
0.869841269841	0.605859784257	0.780952380952	0.815902088503	0.777777777778	0.490476190476	0.714536696502	0.70629307968	
0.915873015873	0.839682539683	0.871127616783	0.887301587302	0.873015873016	0.687301587302	0.82380952381	0.825396825397	
0.92380952381	0.839682539683	0.877527300209	0.883376400705	0.88253968254	0.703174603175	0.855555555556	0.830158730159	
0.922945985466	0.845797380263	0.880952380952	0.892063492063	0.880575532219	0.722498843003	0.861904761905	0.829987826913	
Results for family KMIN ...
295 valid benign app training samples to be used.
339 valid malicious app training samples to be used.
feature vector length=122
0.93237447812	0.844159638525	0.897770774253	0.888191071921	0.893650793651	0.801587301587	0.861573589941	0.820509620308	
0.928571428571	0.855555555556	0.897769211076	0.890476190476	0.899309272717	0.761901758636	0.861904761905	0.841052424278	
0.711111111111	0.612477340088	0.648476874828	0.701587301587	0.631746031746	0.348194345977	0.569262426641	0.615873015873	
0.88516138879	0.612184189019	0.801192125527	0.808311350388	0.780952380952	0.695238095238	0.719101677892	0.718919413919	
0.920634920635	0.844444444444	0.879013758419	0.87619047619	0.880354570385	0.833333333333	0.831746031746	0.826984126984	
0.93222483162	0.848947944976	0.882240364922	0.894363466954	0.88514203986	0.820634920635	0.863160854602	0.841126902891	
0.930785613356	0.85527394984	0.890476190476	0.890476190476	0.893053783134	0.833333333333	0.873015873016	0.838095238095	
Results for family Mania ...
295 valid benign app training samples to be used.
339 valid malicious app training samples to be used.
feature vector length=122
0.927562133207	0.842857142857	0.896208274253	0.88253968254	0.893650793651	0.8	0.858422225176	0.822045755544	
0.934920634921	0.855555555556	0.897769211076	0.88823991197	0.900871772717	0.788914687463	0.861904761905	0.837828181004	
0.707936507937	0.61570314654	0.650089778053	0.701587301587	0.631746031746	0.441280352712	0.570875329867	0.619047619048	
0.885714285714	0.610596887432	0.793276492772	0.812798800662	0.780952380952	0.695238095238	0.716051119579	0.695238095238	
0.928571428571	0.844444444444	0.877451258419	0.877777777778	0.880354570385	0.839682539683	0.838095238095	0.825001797038	
0.940288547698	0.846031746032	0.880677864922	0.892063492063	0.88670453986	0.812698412698	0.867923559415	0.831699173362	
0.935350594746	0.853661046615	0.888888888889	0.895238095238	0.893053783134	0.826984126984	0.871428571429	0.836507936508	
Results for family OpFake ...
295 valid benign app training samples to be used.
339 valid malicious app training samples to be used.
feature vector length=122
0.908660997381	0.814285714286	0.88353386309	0.880258453464	0.871428571429	0.752380952381	0.842857142857	0.795238095238	
0.905535997381	0.83002040746	0.888270966265	0.877777777778	0.882043478475	0.630158730159	0.842857142857	0.830158730159	
0.689480914471	0.590275156072	0.649206349206	0.678292998444	0.612698412698	0.129470932294	0.55873015873	0.604191062074	
0.867699471228	0.594846316318	0.785714285714	0.804639656938	0.760653284887	0.515873015873	0.698661280476	0.648376831502	
0.907936507937	0.828571428571	0.861727852121	0.861904761905	0.855102628107	0.725396825397	0.818730084879	0.76839523268	
0.911958882292	0.819047619048	0.868253968254	0.863492063492	0.863492063492	0.701587301587	0.849206349206	0.79057414136	
0.913373298968	0.830158730159	0.874603174603	0.867525786266	0.856787572866	0.727514327071	0.853968253968	0.803174603175	
Results for family YZHC ...
295 valid benign app training samples to be used.
339 valid malicious app training samples to be used.
feature vector length=122
0.933853957423	0.842857142857	0.911875061542	0.879365079365	0.896825396825	0.801587301587	0.866222945961	0.828410458269	
0.935590142384	0.850793650794	0.912196866753	0.892063492063	0.902545049037	0.788966481547	0.863492063492	0.83335077445	
0.706349206349	0.613954209993	0.651465041455	0.696825396825	0.633333333333	0.442710536551	0.569341176297	0.619831201505	
0.883588783528	0.609523809524	0.798020439462	0.816279614203	0.784126984127	0.696825396825	0.727209409094	0.72030958289	
0.929242462287	0.842857142857	0.87619047619	0.877777777778	0.885230414747	0.833333333333	0.836507936508	0.834920634921	
0.935592468687	0.844292127004	0.894928709284	0.899416159557	0.891630024322	0.819047619048	0.866666666667	0.842676897475	
0.938095238095	0.850518851668	0.897906389086	0.896825396825	0.899493690673	0.833333333333	0.87619047619	0.85051576224	
Results for family GGTracker ...
295 valid benign app training samples to be used.
339 valid malicious app training samples to be used.
feature vector length=122
0.926148516582	0.84577254175	0.897770774253	0.879365079365	0.885714285714	0.801587301587	0.859935085076	0.821946512269	
0.926049273307	0.855555555556	0.897769211076	0.884126984127	0.897696369491	0.788914687463	0.861904761905	0.839390681004	
0.703700876856	0.612527743314	0.646914374828	0.696825396825	0.631746031746	0.589947898204	0.572437829867	0.615873015873	
0.88042352249	0.610596887432	0.792063492063	0.820836151975	0.781292968904	0.652380952381	0.719125716354	0.714285714286	
0.924634093505	0.844444444444	0.877777777778	0.87619047619	0.881942672023	0.833333333333	0.831746031746	0.82380952381	
0.934920634921	0.84733504175	0.882240364922	0.888263913506	0.886754943086	0.820634920635	0.863492063492	0.836338596439	
0.93242411822	0.853661046615	0.890476190476	0.901587301587	0.888341481547	0.833333333333	0.873015873016	0.839682539683	
Results for family FakePlay ...
295 valid benign app training samples to be used.
339 valid malicious app training samples to be used.
feature vector length=122
0.922222222222	0.844444444444	0.897770774253	0.88253968254	0.893650793651	0.795238095238	0.859960686715	0.815873015873	
0.929247914943	0.855555555556	0.897769211076	0.888888888889	0.900871772717	0.777777777778	0.861904761905	0.836215277778	
0.710073358541	0.61570314654	0.650089778053	0.693999455965	0.633333333333	0.441280352712	0.570875329867	0.619047619048	
0.887301587302	0.610596887432	0.794838992772	0.814285714286	0.780952380952	0.655555555556	0.720789022805	0.710932465832	
0.922222222222	0.844444444444	0.879013758419	0.87619047619	0.880354570385	0.831746031746	0.836507936508	0.821775990586	
0.932422518118	0.846031746032	0.882240364922	0.897590799657	0.88670453986	0.812698412698	0.866361059415	0.830136673362	
0.927711016582	0.852048143389	0.890476190476	0.895238095238	0.891440879909	0.825396825397	0.873015873016	0.839682539683	
Results for family Jsmshider/Xsider ...
295 valid benign app training samples to be used.
339 valid malicious app training samples to be used.
feature vector length=122
0.929330800248	0.844351736973	0.896307382134	0.88253968254	0.887301587302	0.774603174603	0.852380952381	0.834796836228	
0.925396825397	0.850793650794	0.891742400744	0.887301587302	0.897771401985	0.72279233871	0.857142857143	0.839682539683	
0.711429900744	0.611111111111	0.655555555556	0.7	0.640438895782	0.300880117866	0.569474255583	0.616821495037	
0.880524193548	0.610816532258	0.785714285714	0.817873759305	0.771750155087	0.573015873016	0.719393610422	0.720163616625	
0.92380952381	0.839613833747	0.874672766749	0.873015873016	0.872637251861	0.787301587302	0.826957971464	0.829633995037	
0.931746031746	0.844402140199	0.880850651365	0.883651519851	0.883778691067	0.779319944169	0.86172146402	0.844248604218	
0.933871743176	0.84742866005	0.888888888889	0.885714285714	0.886954094293	0.795238095238	0.868253968254	0.852188275434	
Results for family FakeInst ...
295 valid benign app training samples to be used.
339 valid malicious app training samples to be used.
feature vector length=122
0.87619047619	0.746517906377	0.831746031746	0.796825396825	0.809505568356	0.645155603805	0.768522403895	0.713270437	
0.88253968254	0.754232689354	0.817270717634	0.822222222222	0.820496561011	0.583705640238	0.765079365079	0.722222222222	
0.662589704203	0.568244330714	0.609523809524	0.649206349206	0.596825396825	0.2083340103	0.607168741876	0.544444444444	
0.826984126984	0.600941943361	0.728571428571	0.734920634921	0.715873015873	0.380952380952	0.623193041278	0.606961639391	
0.863492063492	0.750793650794	0.77169773327	0.814285714286	0.795268657194	0.573015873016	0.72570217417	0.719470833826	
0.869841269841	0.750793650794	0.807994234708	0.798110512919	0.807936507937	0.550793650794	0.76691022687	0.731746031746	
0.863492063492	0.753968253968	0.82380952381	0.795118936843	0.820634920635	0.645354927331	0.782689525976	0.744721212927	
Results for family Coogos ...
295 valid benign app training samples to be used.
339 valid malicious app training samples to be used.
feature vector length=122
0.926005885915	0.844444444444	0.897628143586	0.883491275749	0.893650793651	0.803174603175	0.864514098133	0.825015028654	
0.933842387451	0.857142857143	0.900728305073	0.890476190476	0.903955711627	0.788888888889	0.863492063492	0.839257429399	
0.69704934962	0.618515055733	0.651408176277	0.688888888889	0.630158730159	0.651210452854	0.574016133956	0.620634920635	
0.883289588995	0.612046420202	0.79163270757	0.815742398283	0.787301587302	0.696825396825	0.722177210111	0.712596818504	
0.920634920635	0.846031746032	0.878849415593	0.881900847808	0.88026310607	0.843974420517	0.833333333333	0.826984126984	
0.934920634921	0.850301151581	0.885202585273	0.886340984285	0.889739638721	0.822222222222	0.863492063492	0.839305506322	
0.928571428571	0.85501425322	0.892063492063	0.892063492063	0.894601623735	0.834920634921	0.874603174603	0.844444444444	
Results for family GingerMaster/GingerBreaker ...
295 valid benign app training samples to be used.
339 valid malicious app training samples to be used.
feature vector length=122
0.930158730159	0.844159638525	0.897720371027	0.886576568593	0.893650793651	0.785714285714	0.860011089941	0.823533813856	
0.927684651818	0.855555555556	0.896206711076	0.884126984127	0.899309272717	0.731746031746	0.863492063492	0.833063913014	
0.714663941569	0.612698412698	0.653968253968	0.698412698413	0.637053854524	0.378603713715	0.572462631455	0.616893438103	
0.877777777778	0.61057284897	0.795238095238	0.814438868703	0.78253968254	0.639682539683	0.720738619579	0.714081504293	
0.928571428571	0.844444444444	0.877451258419	0.874102244082	0.880354570385	0.803174603175	0.833040674603	0.826564297038	
0.932424881346	0.847360643389	0.883853268148	0.890476190476	0.888317443086	0.8	0.863211257828	0.836338596439	
0.930912021446	0.85527394984	0.887301587302	0.881812337528	0.893053783134	0.809523809524	0.871428571429	0.842687839714	
Results for family MobileTx ...
295 valid benign app training samples to be used.
339 valid malicious app training samples to be used.
feature vector length=122
0.933804317322	0.84421612214	0.896269447398	0.883363895289	0.893650793651	0.801587301587	0.85999465812	0.830072201544	
0.928571428571	0.853968253968	0.894755024322	0.891478814644	0.897780781047	0.788966481547	0.861904761905	0.834838832762	
0.707936507937	0.593650793651	0.657615761255	0.693650793651	0.625396825397	0.655853974654	0.574079842648	0.622981003092	
0.889718591221	0.609120189846	0.792063492063	0.817846766808	0.779736549293	0.695238095238	0.722470742743	0.714285714286	
0.926984126984	0.842857142857	0.877637313403	0.880952380952	0.877240340305	0.833333333333	0.831637827898	0.823375588345	
0.932417065461	0.845830588542	0.880763076529	0.899391321045	0.882103051518	0.820634920635	0.863222790874	0.84433864075	
0.937128603923	0.850468448442	0.888888888889	0.897556655934	0.88840421787	0.834920634921	0.871428571429	0.852226345563	
Results for family HippoSMS ...
295 valid benign app training samples to be used.
339 valid malicious app training samples to be used.
feature vector length=122
0.926984126984	0.844266525365	0.896195005711	0.875625836977	0.890476190476	0.773015873016	0.85873015873	0.822222222222	
0.929362617669	0.853968253968	0.89629348586	0.888888888889	0.897780781047	0.725804334554	0.860317460317	0.831746031746	
0.7	0.615442268305	0.654515599768	0.687301587302	0.626984126984	0.408896987869	0.575642342648	0.620634920635	
0.883637623577	0.612698412698	0.793650793651	0.81746031746	0.78253968254	0.580952380952	0.720956319666	0.718797486116	
0.92380952381	0.842857142857	0.879175774942	0.873015873016	0.877290743531	0.773015873016	0.831613789436	0.82380952381	
0.933953200697	0.845806550081	0.885714285714	0.892063492063	0.88253968254	0.809523809524	0.863492063492	0.844413082437	
0.929364180846	0.852380952381	0.888888888889	0.888888888889	0.888378616231	0.82380952381	0.871428571429	0.839682539683	
Results for family FakeDoc ...
295 valid benign app training samples to be used.
339 valid malicious app training samples to be used.
feature vector length=122
0.926984126984	0.844266525365	0.899419248986	0.892892431269	0.893650793651	0.780952380952	0.859969056481	0.820634920635	
0.930924354543	0.853968253968	0.894753461145	0.890216407696	0.897755179408	0.704437982492	0.861904761905	0.830050526311	
0.704761904762	0.61866651158	0.657142857143	0.695238095238	0.655555555556	0.376367533676	0.570904439423	0.618241536689	
0.883489503328	0.609120189846	0.793356214798	0.812037964276	0.77619047619	0.590476190476	0.716168013214	0.709343391823	
0.925396825397	0.842857142857	0.873015873016	0.872648994151	0.877265141892	0.796825396825	0.830158730159	0.820634920635	
0.927676835933	0.845830588542	0.882400018217	0.913534478514	0.886840154693	0.78253968254	0.863492063492	0.833198764721	
0.93087627762	0.853694254894	0.890476190476	0.893650793651	0.89475422427	0.812314006558	0.871428571429	0.838095238095	
Results for family BackFlash/Crosate ...
295 valid benign app training samples to be used.
339 valid malicious app training samples to be used.
feature vector length=122
0.92380952381	0.842714795285	0.891617555831	0.875735887097	0.892063492063	0.750793650794	0.85873015873	0.812886166253	
0.92779233871	0.853968253968	0.89335530397	0.885714285714	0.896208901985	0.596825396825	0.860317460317	0.828642990074	
0.7	0.617143300248	0.651508219603	0.688888888889	0.642102202233	0.219719292804	0.569498294045	0.613619727047	
0.879365079365	0.609203629032	0.784126984127	0.804970533499	0.784126984127	0.550793650794	0.716093362283	0.715596308933	
0.919047619048	0.842857142857	0.873035825062	0.875959212159	0.88050248139	0.688888888889	0.826984126984	0.830158730159	
0.926354683623	0.845916563275	0.885713399504	0.880952380952	0.888888888889	0.733815911911	0.860317460317	0.841222084367	
0.923325837469	0.849206349206	0.890476190476	0.892063492063	0.887301587302	0.756890508685	0.872514733251	0.845935949132	
Results for family Plankton ...
295 valid benign app training samples to be used.
339 valid malicious app training samples to be used.
feature vector length=122
0.921373343279	0.837938994249	0.899368082634	0.8726481941	0.896218281047	0.768253968254	0.853617486904	0.822222222222	
0.92454950963	0.844444444444	0.897930427547	0.883864074993	0.896218281047	0.581847392079	0.853968253968	0.809159552365	
0.698776574008	0.602862410887	0.631746031746	0.698412698413	0.649698565324	0.326372961716	0.551875295404	0.597673168006	
0.885100880302	0.601587301587	0.780952380952	0.794962939167	0.787301587302	0.577777777778	0.698647839616	0.714108459865	
0.912269745264	0.833333333333	0.863421277423	0.853565557426	0.877777777778	0.754256555496	0.820634920635	0.829600786758	
0.929214534346	0.84126984127	0.883764794793	0.879365079365	0.883715154693	0.763634644925	0.856796779609	0.845626649336	
0.925396825397	0.841039955788	0.890476190476	0.883444552759	0.896219807298	0.784153410434	0.865079365079	0.850266072413	
Results for family Nickispy ...
295 valid benign app training samples to be used.
339 valid malicious app training samples to be used.
feature vector length=122
0.934920634921	0.850301151581	0.902390848399	0.88190237406	0.895238095238	0.803174603175	0.860317460317	0.823477330241	
0.930716624325	0.85873015873	0.89919060666	0.898412698413	0.903930109989	0.790499071941	0.863492063492	0.836082026173	
0.708135696069	0.61531485092	0.65138337469	0.688888888889	0.639682539683	0.652724112805	0.572428832368	0.61746031746	
0.881678248946	0.614285714286	0.799570815609	0.820634920635	0.779365079365	0.698412698413	0.720564306885	0.722171831305	
0.929254130726	0.848788291681	0.879365079365	0.874009979716	0.88182560607	0.838095238095	0.837670890937	0.82380952381	
0.935381649041	0.850301151581	0.88678988686	0.888888888889	0.888177138721	0.822222222222	0.865079365079	0.839330307909	
0.930693385915	0.856626356395	0.890476190476	0.886643403639	0.894601623735	0.833333333333	0.874603174603	0.842554551184	
Results for family GoldDream ...
295 valid benign app training samples to be used.
339 valid malicious app training samples to be used.
feature vector length=122
0.927500824668	0.830024924672	0.894557300898	0.869371984422	0.880487058864	0.757142857143	0.845753820552	0.826797555044	
0.923035086553	0.839503057426	0.880513423628	0.884126984127	0.896117474595	0.701707740065	0.844444444444	0.820646072118	
0.700339037083	0.601587301587	0.639682539683	0.688752547855	0.630158730159	0.238095238095	0.556638000217	0.604761904762	
0.877163535389	0.596825396825	0.772735879712	0.800301828548	0.773015873016	0.553968253968	0.705151418922	0.688503621155	
0.919047619048	0.825396825397	0.852282201446	0.861904761905	0.875603398618	0.627349061109	0.825138938123	0.846031746032	
0.932341860648	0.833333333333	0.868011097326	0.89931531618	0.880488585116	0.71746031746	0.844194446906	0.847340359014	
0.927799354543	0.833226692662	0.887301587302	0.88253968254	0.883563945016	0.780952380952	0.859847337922	0.847288392611	
Results for family Gamex ...
295 valid benign app training samples to be used.
339 valid malicious app training samples to be used.
feature vector length=122
0.926984126984	0.842857142857	0.897770774253	0.866666666667	0.892063492063	0.8	0.85873015873	0.82988614656	
0.933985818169	0.855555555556	0.896206711076	0.892063492063	0.896184272717	0.788914687463	0.861904761905	0.842565284178	
0.701587301587	0.612477340088	0.646914374828	0.680952380952	0.633333333333	0.41633470696	0.572437829867	0.615873015873	
0.88253968254	0.610596887432	0.794715674111	0.817736753614	0.78253968254	0.677777777778	0.723914022805	0.720457112332	
0.928571428571	0.844444444444	0.87619047619	0.874603174603	0.878792070385	0.833333333333	0.831454136142	0.828226803438	
0.930158730159	0.847360643389	0.882240364922	0.888139105518	0.88253968254	0.820634920635	0.86474815619	0.844327107704	
0.927686214995	0.853661046615	0.890476190476	0.903174603175	0.888390321596	0.831746031746	0.871428571429	0.849206349206	
Results for family Cosha ...
295 valid benign app training samples to be used.
339 valid malicious app training samples to be used.
feature vector length=122
0.928571428571	0.847151349994	0.897628143586	0.877777777778	0.897578503486	0.803174603175	0.862901194907	0.826602330241	
0.930158730159	0.857142857143	0.899165805073	0.898412698413	0.900780308401	0.790476190476	0.863492063492	0.839257429399	
0.703499399346	0.613777152507	0.647619047619	0.695238095238	0.631746031746	0.651161612805	0.572428832368	0.61746031746	
0.879365079365	0.612046420202	0.797933110796	0.809523809524	0.780952380952	0.7	0.719052210111	0.712596818504	
0.922222222222	0.846031746032	0.878849415593	0.873886734905	0.88026310607	0.843974420517	0.833333333333	0.825396825397	
0.934920634921	0.850301151581	0.88253968254	0.892818161901	0.888177138721	0.822222222222	0.863492063492	0.839305506322	
0.929156487554	0.853401349994	0.892063492063	0.898412698413	0.892988720509	0.833333333333	0.874603174603	0.844444444444	
Results for family ProxyTrojan/NotCompatible/NioServ ...
295 valid benign app training samples to be used.
339 valid malicious app training samples to be used.
feature vector length=122
0.86795680462	0.776362585667	0.839502294301	0.820634920635	0.830158730159	0.609523809524	0.804965253161	0.771428571429	
0.866169416381	0.780952380952	0.834862871224	0.822222222222	0.844337877624	0.639316263933	0.806349206349	0.75873015873	
0.667340457482	0.598412698413	0.638956462444	0.650793650794	0.62380952381	0.204761904762	0.608833956142	0.590476190476	
0.81746031746	0.589147317736	0.714701630135	0.744444444444	0.739682539683	0.374603174603	0.66574930334	0.676993112175	
0.863318144669	0.78253968254	0.809807815392	0.812878522687	0.827124849837	0.549206349206	0.771428571429	0.766666666667	
0.875750718815	0.78253968254	0.819047619048	0.822379893852	0.831561059908	0.54126984127	0.812698412698	0.784617846311	
0.869544906259	0.788888888889	0.828571428571	0.81746031746	0.823545383828	0.547619047619	0.817520308992	0.78253968254	
Results for family GPspy ...
295 valid benign app training samples to be used.
339 valid malicious app training samples to be used.
feature vector length=122
0.929297555044	0.84577254175	0.899333274253	0.889948168991	0.898412698413	0.792063492063	0.85873015873	0.822222222222	
0.932348113356	0.855555555556	0.897769211076	0.895238095238	0.903972734255	0.766713303498	0.861904761905	0.834920634921	
0.710074921718	0.612477340088	0.647619047619	0.693650793651	0.640082700677	0.391839514652	0.570900131455	0.618455938103	
0.880952380952	0.612698412698	0.795238095238	0.825600419965	0.785714285714	0.68253968254	0.719125716354	0.693650793651	
0.926984126984	0.850793650794	0.882189161645	0.879365079365	0.885018031923	0.819047619048	0.833091077829	0.816963682599	
0.935524279708	0.847619047619	0.883802864922	0.896825396825	0.891368001398	0.811111111111	0.861904761905	0.807911250935	
0.935549881346	0.856810848202	0.892063492063	0.896825396825	0.896178783134	0.822222222222	0.873015873016	0.814285714286	
Results for family Geinimi ...
295 valid benign app training samples to be used.
339 valid malicious app training samples to be used.
feature vector length=122
0.927660613356	0.84733504175	0.897770774253	0.880050550928	0.893650793651	0.78253968254	0.861573589941	0.828571428571	
0.93237447812	0.855555555556	0.896206711076	0.895238095238	0.899309272717	0.77619047619	0.861904761905	0.84126984127	
0.701587301587	0.610914840088	0.648476874828	0.687301587302	0.62380952381	0.359649011383	0.570875329867	0.616868636516	
0.877777777778	0.613722650557	0.787301587302	0.815873015873	0.78253968254	0.679365079365	0.719150517941	0.706194562606	
0.920634920635	0.844444444444	0.877451258419	0.879365079365	0.880354570385	0.784126984127	0.834920634921	0.82380952381	
0.937186022982	0.847619047619	0.882240364922	0.894514676632	0.885166078321	0.8	0.863492063492	0.837901096439	
0.928571428571	0.85527394984	0.890476190476	0.903174603175	0.893053783134	0.813968943243	0.871428571429	0.84126984127	
Results for family GingerBreak ...
295 valid benign app training samples to be used.
339 valid malicious app training samples to be used.
feature vector length=122
0.92380952381	0.826984126984	0.896307382134	0.871319789082	0.889930210918	0.787301587302	0.839682539683	0.828571428571	
0.925396825397	0.836436104218	0.880600961538	0.87619047619	0.894521557072	0.734920634921	0.844444444444	0.826984126984	
0.7	0.610665322581	0.661135235732	0.680952380952	0.632374379653	0.302372828784	0.574603174603	0.612304590571	
0.879365079365	0.596550093052	0.761650124069	0.795238095238	0.779365079365	0.508880272953	0.687409274194	0.684126984127	
0.925396825397	0.82380952381	0.858817462779	0.868253968254	0.867798542184	0.783981079404	0.807936507937	0.826984126984	
0.932532568238	0.831746031746	0.880800248139	0.880178349876	0.880952380952	0.78253968254	0.846031746032	0.834920634921	
0.927768300248	0.834748759305	0.888888888889	0.883824441687	0.888516594293	0.796825396825	0.853968253968	0.84127016129	
Results for family DroidKungfu ...
295 valid benign app training samples to be used.
339 valid malicious app training samples to be used.
feature vector length=122
0.919823311769	0.841010636988	0.888295004726	0.87719924229	0.884126984127	0.736399289555	0.853968253968	0.787301587302	
0.920634920635	0.849206349206	0.889906344775	0.887301587302	0.888245401552	0.720969723601	0.853968253968	0.804761904762	
0.705189698295	0.59163756942	0.65873015873	0.679365079365	0.62380952381	0.126000888672	0.57092729627	0.615330938103	
0.878713702292	0.602759585844	0.785315909449	0.819047619048	0.768690636201	0.457142857143	0.706573786876	0.7	
0.923097195144	0.836507936508	0.868253968254	0.867704160759	0.866364185769	0.598412698413	0.822222222222	0.81746031746	
0.926199719859	0.842857142857	0.877528863386	0.900615793257	0.879365079365	0.733333333333	0.855555555556	0.817338180413	
0.924535613356	0.84736144344	0.879365079365	0.887301587302	0.886828621647	0.774603174603	0.865079365079	0.812721995746	
Results for family DroidDream ...
295 valid benign app training samples to be used.
339 valid malicious app training samples to be used.
feature vector length=122
0.930158730159	0.822193703474	0.892063492063	0.861904761905	0.886853287841	0.731746031746	0.861904761905	0.822222222222	
0.928571428571	0.833383219603	0.901587301587	0.87619047619	0.896158498759	0.735325682382	0.85978442928	0.828667028536	
0.687783808933	0.591860266749	0.626984126984	0.673015873016	0.635828163772	0.293262251861	0.552154931762	0.598412698413	
0.869841269841	0.595086073201	0.779043889578	0.801819168734	0.769841269841	0.513525124069	0.697235576923	0.669024503722	
0.91746031746	0.833308777916	0.879365079365	0.886706730769	0.877777777778	0.738095238095	0.834920634921	0.8323867866	
0.926984126984	0.827080490074	0.88253968254	0.88973325062	0.885317152605	0.742857142857	0.873015873016	0.844444444444	
0.930893300248	0.831746031746	0.885714285714	0.88253968254	0.88526674938	0.760317460317	0.874603174603	0.839558777916
