<< ranking by accuracy >>
5   0   0   0   0   0   0   
0   27  0   0   0   0   0   
0   0   11  0   0   0   0   
0   0   0   8   0   0   0   
0   0   0   0   33  0   0   
0   0   0   0   0   136 0   
0   0   0   0   0   0   40  
<< ranking by precision >>
3   0   0   0   0   2   0   
0   13  0   1   1   8   4   
0   1   10  0   0   0   0   
0   1   0   7   0   0   0   
0   1   0   0   26  4   2   
0   1   0   0   0   133 2   
0   10  0   0   3   11  16  
<< ranking by recall >>
3   0   0   0   0   2   0   
1   12  0   0   1   7   6   
0   1   10  0   0   0   0   
0   1   0   7   0   0   0   
0   0   0   0   27  4   2   
0   1   0   0   2   132 1   
0   9   0   0   3   11  17  
<< ranking by f1 >>
2   1   0   0   0   1   1   
0   12  0   1   1   9   4   
0   1   10  0   0   0   0   
0   1   0   7   0   0   0   
0   0   0   0   26  5   2   
0   1   0   0   1   131 3   
0   10  0   0   3   14  13  
