035f69fe5a1c8a7fcd7583f997f10820	2017-01-01	0	0	0	0	0	0	0
03af22217313a92dc325b468e5b66bc4	2017-01-01	0	0	0	0	0	0	0
03f12007cc17e97ba016e29adc10b5f7	2017-01-01	0	0	0	0	0	0	0
047aac156d61ffe31da60f1f111a0398	2017-01-01	0	0	1	0	0	0	0
04ad3a9fa3c1e68b5f508cd6bde883d5	2017-01-01	0	0	1	0	0	0	0
04c0535a547259b45b3f8e1cfc1f50fc	2017-01-01	0	0	0	0	0	0	0
04cd7b45233ba5785c2b9fadfe25a345	2017-01-01	0	0	0	0	0	0	0
075183e4556dcde29fb3f5d7ac5df69c	2017-01-01	0	0	0	0	0	0	0
07ebffe52cf44043d676ab9375015c08	2017-01-01	0	0	0	0	0	0	0
083d21538225fba30b5c2d64f798e612	2017-01-01	0	0	0	0	0	0	0
087226d0213d9e29e0bd42f2fa61ceda	2017-01-01	0	0	0	0	0	0	0
09aa45dbf650056df75e7d454b4ba8ff	2017-01-01	0	0	0	0	0	0	0
09f7dd122f50a8a09812e20f7ecdf3a7	2017-01-01	0	0	0	0	0	0	0
0d1476e068ca69b66e30b332b5aa6b38	2017-01-01	0	0	0	0	0	0	0
0ef03b5ae87858825c8c6312e01501c4	2017-01-01	0	0	0	0	0	0	0
112d0c88d996ff6ea40968394703c34b	2017-01-01	0	0	0	0	0	0	0
1262d65f41c09547114025e844c3bc45	2017-01-01	0	0	1	0	0	0	0
13a06a10a18d7e38dffcf7ac3b3cddc6	2017-01-01	0	0	0	0	0	0	0
14f9c4ebe2ceca39bd88885fe66ca5f2	2017-01-01	0	0	0	0	0	0	0
17b4ca3f674d9be307ab11ee864717f1	2017-01-01	0	0	0	1	1	0	0
193baa60e45ade28c4f08a17dc1acb25	2017-01-01	0	0	0	0	0	0	0
19c0fb56218aa62bf96081b32340dc91	2017-01-01	0	0	0	0	0	0	0
1bdb9793d9efe80ae05d10825b427a39	2017-01-01	0	0	0	0	0	0	0
1c34b33dcbeb8df210f32f7f764c9398	2017-01-01	0	0	0	0	0	0	0
200bd54b98e04122f9ff1803c9b9bd7c	2017-01-01	0	0	0	0	0	0	0
20cd60df2f5fa2be85f2ce54ad376d9e	2017-01-01	0	0	0	0	0	0	0
212745cb30383a3dc3836f961880fe07	2017-01-01	0	0	0	0	0	0	0
22a4cffc6485e2cefa87c8f59fb07fd0	2017-01-01	0	0	0	0	0	0	0
23aeb901b8cd10e6a5b1fe3a4386dc46	2017-01-01	0	0	0	0	0	0	0
240a5b45fb89a25ebd70dfe3d8a7833e	2017-01-01	0	0	0	0	0	0	0
26086983e8b17e8df82724f72f33afbc	2017-01-01	0	0	0	0	0	0	0
26df71a9cd850621eb8b4f9be7420e8b	2017-01-01	0	0	0	0	0	0	0
27bfe7e2cda3ec1e1faa37a17053ed63	2017-01-01	0	0	0	0	0	0	0
2a4551536dd70a78d21b119368377573	2017-01-01	0	0	0	0	0	0	0
2b1b7bc36a13d3bb9931f68dbe353f0f	2017-01-01	0	0	0	0	0	0	0
2b6c498d7e2183f8a5ba0ac239a40515	2017-01-01	0	0	0	0	0	0	0
2b9b094e77b7528ea9a4ba6641d5cf49	2017-01-01	0	0	0	0	0	0	0
2bea848ae0e64fd270cb6b73a5b0bd37	2017-01-01	0	0	0	0	0	0	0
2c0a9e4e42f5004ef5d54e03a9c10054	2017-01-01	0	0	0	1	0	1	0
2e30e1393aa41b452577d6b61f8a1847	2017-01-01	0	0	0	0	0	0	0
2ed677b08eb3ae31b45deda40d4d9685	2017-01-01	0	0	0	0	0	0	0
2ef1cee638cdeaad28a22c93f4853c78	2017-01-01	0	0	0	0	0	0	0
2f74a30f857e54b9cd17c4138a2a1133	2017-01-01	0	0	0	1	0	1	0
337800f152ecfc6e2ffa53ca6c54a4d6	2017-01-01	0	0	0	0	0	0	0
33c718d67a3b3cd353bdcfa141961113	2017-01-01	0	0	0	0	0	0	0
345bfad662aabf624c5a048801b1bd46	2017-01-01	0	0	0	0	0	0	0
34b55bd401d65116dc0c7c6446fb6eae	2017-01-01	0	0	0	0	0	0	0
353bb180f887c57eee9fa8cdbcbbf981	2017-01-01	0	0	0	0	0	0	0
369695a7a17ad29d59daf1a14c6aaeb1	2017-01-01	0	0	0	0	0	0	0
394493e366c89a277b417bb4f6893578	2017-01-01	0	0	1	0	0	0	0
3d18b52018962d329259e28f91aee031	2017-01-01	0	0	0	0	0	0	0
3dc176c3481e5e95e353f03bf1054f52	2017-01-01	0	0	0	0	0	0	0
3dce0ac0876531eea3267af39b610671	2017-01-01	0	0	0	0	0	0	0
3f9df096ec76db87f9a36c1586e7e203	2017-01-01	0	0	1	0	0	0	0
3fdc39a3a6b9f07537b216e4e8568adf	2017-01-01	0	0	0	0	0	0	0
4037fd11cd60f58d3d121536f3f3638e	2017-01-01	0	0	1	0	0	0	0
418cd40680eb00a640c48d381639bb31	2017-01-01	0	0	0	0	0	0	0
43e33715af7de99279db108fc257be03	2017-01-01	0	0	0	0	0	0	0
43e81736c1b31f6852a6e312bb040812	2017-01-01	0	0	0	0	0	0	0
441d4865417e4e3ab05d23ce83a1cfde	2017-01-01	0	0	0	0	0	0	0
44431b9b74af4ab2ff8bcb3ec683d6b4	2017-01-01	0.5	0	0.5	0	0	0	0
453217b395681b212454daee600ae3f1	2017-01-01	0	0	0	0	0	0	0
462678f18ba80104f451650ce7c43780	2017-01-01	0	0	1	0	0	0	0
468f252f43fbd4f29f1dd9b3f16d59c4	2017-01-01	0	0	0	0	0	0	0
47b0c39eb56955f20f304c50d1f2dd1f	2017-01-01	0	0	1	0	0	0	0
4972a42686265b3c1e8d6e9cad3c9ed9	2017-01-01	0	0	0	1	0	1	0
4a396f17839217cfce1ff73628cfa63a	2017-01-01	0	0	0	0	0	0	0
4a5ce020b378b194abf2a3c6b719f364	2017-01-01	0	0	1	0	0	0	0
4ade1d10d5676a928e368e876b9f330a	2017-01-01	0	0	1	0	0	0	0
4ae9e98d866d0044ad091b3245f116ee	2017-01-01	0	0	0	0	0	0	0
4c65baf485e182c5f179b254e13edb9a	2017-01-01	0	0	0	0	0	0	0
4da881d472ee7a409773aafabdd82b1c	2017-01-01	0	0	0	0	0	0	0
4df009a172fd044bd9d83fdb182818e1	2017-01-01	0	0	1	0	0	0	0
4fb22dad0590b9495a4097bcc9b1c75e	2017-01-01	0	0	0	0	0	0	0
5014f90efce518e643376878ee38dd96	2017-01-01	0	0	0	0	0	0	0
52a1e6d2485ea6137c219f519a1763a6	2017-01-01	0	0	0	0	0	0	0
5467a02974773bb8c9ac5b1bf6a5da39	2017-01-01	0	0	0	0	0	0	0
54bc8789a32583db0d5cb4841e7d1644	2017-01-01	0	0	0	0	0	0	0
59d7e941976d9ff74f7c479daa70796f	2017-01-01	0	0	0	0	0	0	0
5b3557a4280e2d61b42fb4371e8304d1	2017-01-01	0	0	0	0	0	0	0
5b92b84285abfd422d65ced45aa59a48	2017-01-01	0	0	0	0	0	0	0
5d5b142783a47e17cefc0450ae7c711b	2017-01-01	0	0	0	0	0	0	0
5de6f388a8cb7f4ca4e0a8929fc5d37a	2017-01-01	0	0	0	0	0	0	0
5fead14db444396b411dcd9e9a3ff111	2017-01-01	0.5	0	0.5	0	0	0	0
60ee9658a99bf6c4ce9ea5f7c9096b0e	2017-01-01	0	0	0	0	0	0	0
61f6dba611db88b909d8998486ccc7ca	2017-01-01	0	0	0	0	0	0	0
63eb6d7bf957c5af3131ad47f003db00	2017-01-01	0	0	0	0	0	0	0
6470019d06e72f0a9b56527560feb3f1	2017-01-01	0	0	0	0	0	0	0
69462195012b706e57a0bdf5d511e3ff	2017-01-01	0	0	0	0	0	0	0
698253614409755139c0eaf52443aaa2	2017-01-01	0	0	0	0	0	0	0
6a7e684f2e98f01c76fc2f2ed2cd9138	2017-01-01	0	0	1	0	0	0	0
6afdc2d061ae77615e514a23835c52c5	2017-01-01	0	0	0	0	0	0	0
6b060a565c827c841278d66fd4bd0ef8	2017-01-01	0	0	0	0	0	0	0
6dff1dba304f32a0fd13e5e33adb9e27	2017-01-01	0	0	0	0	0	0	0
6eb9eea48a6a98b91a0fecfe2b0ca1d9	2017-01-01	0	0	0	0	0	0	0
6fbf83253605fc47e95003e7a77afd9f	2017-01-01	0	0	0	0	0	0	0
709e6a4d0adba32b795383be5f6138bc	2017-01-01	0	0	0	0	0	0	0
70d863d5289bc27dea924008444c9541	2017-01-01	0	0	0	0	0	0	0
7270cb705620cf9f6ae7153b1f763e83	2017-01-01	0	0	0	0	0	0	0
7288b645e664e2da639887a76d6568d3	2017-01-01	0	0	0	0	0	0	0
72eb95c9032312ee71d6f3d6a251d27a	2017-01-01	0	0	0	0	0	0	0
72f24e85e24c953fc243e90d92e217fb	2017-01-01	0	0	0	1	1	0	0
740565eff941c9dc2eb8605da7203a50	2017-01-01	0	0	0	0	0	0	0
749bda7a5de29c0159cfedb62e819e6d	2017-01-01	0	0	0	0	0	0	0
76f96af911881872402e51b2707b2201	2017-01-01	0	0	0	1	1	0	0
79417edd41dea1d0af9df6ce0c817d2c	2017-01-01	0	0	0	0	0	0	0
7e2ada7c155999ca52b5f030a7d2466a	2017-01-01	0	0	1	0	0	0	0
7e7b62f47a70f0a504c3f92dc9f40c8f	2017-01-01	0	0	0	0	0	0	0
7ed833c908a785457ef02fd76ffb9cb3	2017-01-01	0	0	0	0	0	0	0
7f7ecb2771ff665e6ea64b7f38c39d8e	2017-01-01	0	0	0	0	0	0	0
826c0d4534a8ed7e171014c3e079da81	2017-01-01	0	0	0	0	0	0	0
83a968254b1da3e811b34bff51c79cec	2017-01-01	0	0	0	0	0	0	0
8544a0493ff3609ae5dc6b8b52fbb5d4	2017-01-01	0	0	0	0	0	0	0
86fb30d0c247515d0115099437268e61	2017-01-01	0	0	0	0	0	0	0
88229c612c3b7592ee9af58b3fd33663	2017-01-01	0	0	0	0	0	0	0
888377e259eec77d2123a1a81918a6b1	2017-01-01	0	0	0	0	0	0	0
889d7b8d4c4e922965970a7332ef367a	2017-01-01	0	0	0	0	0	0	0
8a02517507c623212c0ef12d064b7268	2017-01-01	0	0	0	0	0	0	0
904253a305e377bd3e04f5344d704fbe	2017-01-01	0	0	1	0	0	0	0
90ef395f1d997653e257402aae864594	2017-01-01	0	0	0	0	0	0	0
91a810af58cb485100a4e5187fc2a000	2017-01-01	0	0	0	0	0	0	0
93335c5dcad8b3ae7b89faa3b0d37a87	2017-01-01	0	0	0	1	0	1	0
93f770691e4bbd86aaa47bdc7b43953f	2017-01-01	0	0	0	0	0	0	0
990490959589135f2da8a049ee297b38	2017-01-01	0	0	1	0	0	0	0
994c316a0c5b2ae2a15cd71165edae54	2017-01-01	0	0	0	0	0	0	0
9956b439461c851abe63b61df721fed5	2017-01-01	0	0	0	0	0	0	0
9ad07e50fb71006b18552227d46f7647	2017-01-01	0	0	0	0	0	0	0
9c7a36e36eb4da6289d191f9a8b208b1	2017-01-01	0	0	1	0	0	0	0
9ce8f5d5660545b244d6132cee72e485	2017-01-01	0	0	0	0	0	0	0
9cecd287407f458440ae0eef21051ef4	2017-01-01	0	0	0	0	0	0	0
9d6f526a71e641f25fb279450e105175	2017-01-01	0	0	0	1	0	1	0
9df9f07a1a51da47699835763d483f84	2017-01-01	0	0	0	0	0	0	0
9e3578b95da0fd7fa24bd1edc8a72514	2017-01-01	0	0	0	0	0	0	0
9f80afd3dad3d334c87ed640d79ca80f	2017-01-01	0	0	0	0	0	0	0
a08c621db7f9ee4ab68970e471c96e9c	2017-01-01	0	0	0	0	0	0	0
a1f1b4ab40ccdcb8e6a6b1b646e26d6b	2017-01-01	0	0	0	0	0	0	0
a2799617cc1765ba99a7d015456ec453	2017-01-01	0	0	0	0	0	0	0
a307c1ec82c1270af8cef959b5675cdd	2017-01-01	0	0	0	0	0	0	0
a5703782897d22d3e1ab2dcc543330a1	2017-01-01	0	0	0	0	0	0	0
a621ef2b907785399585e22ba7db4b87	2017-01-01	0.5	0	0.5	0	0	0	0
a6cd009669a087d04362ea9a0171a994	2017-01-01	0	0	0	0	0	0	0
a7c13bc36dcef7ae819ea0b9bf3c0158	2017-01-01	0	0	0	0	0	0	0
a999e66d06d7d5df8bd10b8991c7ec40	2017-01-01	0	0	1	0	0	0	0
a9b6dce4eaaab95e4088676ce6dda68a	2017-01-01	0	0	0	0	0	0	0
abe6a2488734927ceab4b213988b750a	2017-01-01	0	0	0	0	0	0	0
afead68c3a240d5f9553a565909cc7c1	2017-01-01	0	0	0	0	0	0	0
b3230ca8e6ba3f27d6b113ae2e8c5909	2017-01-01	0	0	0	0	0	0	0
b50cbe135c0237d3cc0e807542e21b0f	2017-01-01	0	0	0	0	0	0	0
b63ddb0bdef9bb9f66f33336401e5a75	2017-01-01	0	0	1	0	0	0	0
b6713952a03304c8b51f8570e54eb0aa	2017-01-01	0	0	0	0	0	0	0
b7e65ae51bb2fefbb6a618d61413aceb	2017-01-01	0	0	0	0	0	0	0
ba066360ee2d33947922376889e41493	2017-01-01	0	0	0	0	0	0	0
baa23b782aebbd2a8feb6cee42cc995a	2017-01-01	0	0	0	0	0	0	0
baff31d5856bd1d877c813ff2aa59ab1	2017-01-01	0	0	0	0	0	0	0
bb38776518cc628d8327227b77bca9a1	2017-01-01	0	0	0	0	0	0	0
bb420db766c38fcf1fa0b74cd06c1318	2017-01-01	0	0	0	0	0	0	0
bc6402b7952093198d6d2dbd2fc9aa72	2017-01-01	0	0	0	0	0	0	0
bde82278fa39ea736ccd1611e2e314cb	2017-01-01	0	0	0	0	0	0	0
c15868703ccd8f7b39654432a23d50af	2017-01-01	0	0	0	0	0	0	0
c171a04a65f9b18bd6da16c86f97c083	2017-01-01	0	0	0	0	0	0	0
c18db3681e24af4083c62a83afdd421f	2017-01-01	0	0	0	0	0	0	0
c36afe43473a3caf5dd2dfd549d0ecdb	2017-01-01	0	0	0	0	0	0	0
c3fbf159b56f8501dbe976220f9dce53	2017-01-01	0	0	0	0	0	0	0
c58c6021dcdbe2eee513192088e56dd5	2017-01-01	0	0	0	0	0	0	0
cc5c6c3e00996e086bf2137836ee097c	2017-01-01	0	0	0	0	0	0	0
cc975dbb0f2eabc3ae47a740710edae9	2017-01-01	0	0	1	0	0	0	0
cccb02ef89982e3650138daad74e2922	2017-01-01	0	0	1	0	0	0	0
ccd8e5e4b917e3cf09d00d71300c137e	2017-01-01	0	0	0	0	0	0	0
cce5f43bef512d8655e2fc71031af0e1	2017-01-01	0	0	0	0	0	0	0
cd2d8ae3e94a5ff53a689edf1624ad7a	2017-01-01	0	0	0	0	0	0	0
cd6287c9df81e618bbef958115acfaf6	2017-01-01	0	0	0	0	0	0	0
ce233b164b4d2b9764a62312724e1155	2017-01-01	0	0	1	0	0	0	0
ce3566a0d67ce0b9ae1d8bab314304e1	2017-01-01	0	0	0	0	0	0	0
ce843b69b1b55a8eacc70509e9edb8a5	2017-01-01	0	0	1	0	0	0	0
cef5994fe3de19b5f6b8f4d4e00d5b54	2017-01-01	0	0	0	0	0	0	0
ceff84789e6e2aa8738d33d0eeeb6b33	2017-01-01	0	0	0	0	0	0	0
d0dd6ecd1e6eef31288c8f96f8a956e1	2017-01-01	0	0	0	0	0	0	0
d141f0f6d25179ce065bd5c5df445f9f	2017-01-01	0	0	0	0	0	0	0
d457917062fc4b370334e17d6191517a	2017-01-01	0	0	0	0	0	0	0
d46d4e1aceeafcb9d9c554e3d2c2c550	2017-01-01	0	0	0	0	0	0	0
d6536d9e2bfa90a26ee21b2da6073716	2017-01-01	0	0	0	0	0	0	0
d8ef2a45dcd463843ffa66338c274dea	2017-01-01	0	0	0	0	0	0	0
da961cebe836753549bc186019f05fd5	2017-01-01	0	0	0	0	0	0	0
db9241647a64b27b8ff60a6f51cabf8c	2017-01-01	0	0	0	0	0	0	0
dc647f42fe9568c823973743d5f23352	2017-01-01	0	0	0	0	0	0	0
dcca3c5008e82c47c7ffca08202ff0da	2017-01-01	0	0	0	0	0	0	0
de4219a7a8b42f5d8b08545fe3c41078	2017-01-01	0	0	0	0	0	0	0
de6c711bfe4a477994637ece7af805ce	2017-01-01	0	0	0	0	0	0	0
de7750dad4da6c10a6e3fbb342a7f713	2017-01-01	0	0	0	0	0	0	0
dff498988af219a4630cee6e1ec83f63	2017-01-01	0	0	0	0	0	0	0
e3291e6754539d37d4c198c3ca7b8ddb	2017-01-01	0	0	0	0	0	0	0
e36dc994e9f5aa08b9d12f9ed76f0c16	2017-01-01	0	0	0	0	0	0	0
e3fd955b89388b7dd6b8e4b845a9eba9	2017-01-01	0	0	0	0	0	0	0
e6dcdca95ce5ccf168cbe5523660f56a	2017-01-01	0	0	0	0	0	0	0
e7f4c71bad64cb2b0ff4fadffb27cb99	2017-01-01	0	0	0	0	0	0	0
e869d3a7e9e05936ca1fa0292074aab3	2017-01-01	0	0	0	0	0	0	0
e86a5627c8b176fd40bee86861afe3e9	2017-01-01	0	0	0	0	0	0	0
e89f5db25be63382e5c571f2913c375b	2017-01-01	0	0	0	0	0	0	0
e8df232e84a16b9d9c5bfde3850d8640	2017-01-01	0	0	0	0	0	0	0
e9453f3af07492c4927a3f5eb22529a8	2017-01-01	0	0	0	0	0	0	0
e9a3bb1403f57ef0b0b6ace11c999844	2017-01-01	0	0	0	0	0	0	0
ea284a3f584eefa0f725699ce6c3688e	2017-01-01	0	0	0	0	0	0	0
eb4b48f6bf98b139c3de5e31638f21d2	2017-01-01	0	0	0	0	0	0	0
ecf1bc7437afe0ddca74b5656d16cb53	2017-01-01	0	0	0	1	0	1	0
efad50e316e8d75b52579f81720f8f6d	2017-01-01	0	0	0	1	1	0	0
efbd7f67997e46fcb52a48dde3333d1e	2017-01-01	0	0	0	0	0	0	0
f105ac47c7b9e1e68e3e782c89d2ef8f	2017-01-01	0	0	0	0	0	0	0
f153c3d83964b81c3376d00562bee6fa	2017-01-01	0	0	0	0	0	0	0
f1ce07f41ec57b85d395dd13619a1703	2017-01-01	0	0	0	0	0	0	0
f2e08579ffc4f07052a1be0d59abb754	2017-01-01	0	0	0	0	0	0	0
f2e1386868fcda6eaf50a7a50c380135	2017-01-01	0	0	1	0	0	0	0
f54c4df831434aec19f540b2814ab02a	2017-01-01	0	0	0	0	0	0	0
f5a40cebe3e9ddeff5294d1d6ff7933b	2017-01-01	0	0	0	0	0	0	0
f6038c5b225ef472a695a9c19b320ed4	2017-01-01	0	0	1	0	0	0	0
f88bfb30722f7dea2eb143b3da9d5291	2017-01-01	0	0	1	0	0	0	0
f9648829d27f046e68a649cf28c16975	2017-01-01	0	0	1	0	0	0	0
f97030551ecce9d76330d55ad5b3cdcd	2017-01-01	0	0	0	0	0	0	0
f9d9adacbcd12ea7e33055ae68736451	2017-01-01	0	0	1	0	0	0	0
fab1147bd7549db1f1bd6dd6f527ec8e	2017-01-01	0	0	0	0	0	0	0
fd62780476ecfcc2914fc5daef5ad691	2017-01-01	0	0	0	0	0	0	0
