035f69fe5a1c8a7fcd7583f997f10820	2017-01-01	0	0	0	0	0	0	0	0	0	0	0	0	0	0	0	0	0	0	0	0	0	0	0	0	0	0	0	0	0	0	0	0	0	0	0	0	0	0	0	0	0	0	0	0	0	0	0	0	0	0	0	0	0	0	0	0	0	0	0	0	0	0	0	0	0	0	0	0	0	0	0	0	0	0	0	0	0	0	0	0	0	0	0	0	0	0
03af22217313a92dc325b468e5b66bc4	2017-01-01	0.1754	0.0351	0.1273	0.0084	0.4	0.5	0.1426	0.1663	0	0	0	0	0	0	0	0	0	0	0	0	1	1	1	1	0	0	0	0	1	1	1	1	0	0	0	0	0	0	0	0	0	0	0	0	0	0	0	0	0	0	0	0	0.0351	0.0175	0.0014	0.0014	1	1	0	0	0	0	0	0	0	0	0	0	0	0	0	0	0	0	0	0	0	0	0	0	1	1	0	0	0	0
03f12007cc17e97ba016e29adc10b5f7	2017-01-01	0.1987	0.053	0.2005	0.0619	0.3	1	0.1869	0.9966	0	0	0	0	0.0667	0.0332	0.2222	0.1177	0	0	0	0	0.9333	0.9668	0.7778	0.8823	0	0	0	0	0.875	0.9641	0.875	0.9642	0	0	0	0	0	0	0	0	0	0	0	0	0	0	0	0	0.125	0.0359	0.125	0.0358	0.0132	0.0066	0.0022	0.0022	1	1	0	0	0	0	0	0	0	0	0	0	0	0	0	0	0	0	0	0	1	1	0	0	0	0	0	0	0	0
047aac156d61ffe31da60f1f111a0398	2017-01-01	0.25	0.0385	0.2566	0.0232	0.0769	1	0.0412	0.8636	0.1538	0.0905	0	0	0	0	0	0	0	0	0	0	0.8462	0.9095	1	1	0	0	0	0	1	1	1	1	0	0	0	0	0	0	0	0	0	0	0	0	0	0	0	0	0	0	0	0	0.1154	0.1154	0.0454	0.0454	1	1	0	0	0	0	0	0	0	0	0	0	0	0	0.5	0.0698	0	0	0	0	0.5	0.9302	0	0	0	0	0	0	0	0
04ad3a9fa3c1e68b5f508cd6bde883d5	2017-01-01	0.1515	0.0909	0.1576	0.092	0.4	1	0.2871	0.9322	0	0	0	0	0	0	0	0	0	0	0	0	1	1	1	1	0	0	0	0	1	1	1	1	0	0	0	0	0	0	0	0	0	0	0	0	0	0	0	0	0	0	0	0	0.2424	0.2424	0.0967	0.0967	1	1	0	0	0	0	0	0	0	0	0	0	0	0	0.5	0.0645	0	0	0	0	0.5	0.9355	0	0	0	0	0	0	0	0
04c0535a547259b45b3f8e1cfc1f50fc	2017-01-01	0	0	0	0	0	0	0	0	0	0	0	0	0	0	0	0	0	0	0	0	0	0	0	0	0	0	0	0	0	0	0	0	0	0	0	0	0	0	0	0	0	0	0	0	0	0	0	0	0	0	0	0	0	0	0	0	0	0	0	0	0	0	0	0	0	0	0	0	0	0	0	0	0	0	0	0	0	0	0	0	0	0	0	0	0	0
04cd7b45233ba5785c2b9fadfe25a345	2017-01-01	0	0	0	0	0	0	0	0	0	0	0	0	0	0	0	0	0	0	0	0	0	0	0	0	0	0	0	0	0	0	0	0	0	0	0	0	0	0	0	0	0	0	0	0	0	0	0	0	0	0	0	0	0	0	0	0	0	0	0	0	0	0	0	0	0	0	0	0	0	0	0	0	0	0	0	0	0	0	0	0	0	0	0	0	0	0
075183e4556dcde29fb3f5d7ac5df69c	2017-01-01	0	0	0	0	0	0	0	0	0	0	0	0	0	0	0	0	0	0	0	0	0	0	0	0	0	0	0	0	0	0	0	0	0	0	0	0	0	0	0	0	0	0	0	0	0	0	0	0	0	0	0	0	0	0	0	0	0	0	0	0	0	0	0	0	0	0	0	0	0	0	0	0	0	0	0	0	0	0	0	0	0	0	0	0	0	0
07ebffe52cf44043d676ab9375015c08	2017-01-01	0	0	0	0	0	0	0	0	0	0	0	0	0	0	0	0	0	0	0	0	0	0	0	0	0	0	0	0	0	0	0	0	0	0	0	0	0	0	0	0	0	0	0	0	0	0	0	0	0	0	0	0	0	0	0	0	0	0	0	0	0	0	0	0	0	0	0	0	0	0	0	0	0	0	0	0	0	0	0	0	0	0	0	0	0	0
083d21538225fba30b5c2d64f798e612	2017-01-01	0.2	0.04	0.2763	0.0947	0.2	1	0.0095	0.0278	0	0	0	0	0	0	0	0	0	0	0	0	1	1	1	1	0	0	0	0	0	0	0	0	0	0	0	0	0	0	0	0	0	0	0	0	1	1	1	1	0	0	0	0	0.08	0.04	0.0184	0.0158	1	1	0	0	0	0	0	0	0	0	0	0	1	1	0	0	0	0	0	0	0	0	0	0	0	0	0	0	0	0
087226d0213d9e29e0bd42f2fa61ceda	2017-01-01	0	0	0	0	0	0	0	0	0	0	0	0	0	0	0	0	0	0	0	0	0	0	0	0	0	0	0	0	0	0	0	0	0	0	0	0	0	0	0	0	0	0	0	0	0	0	0	0	0	0	0	0	0	0	0	0	0	0	0	0	0	0	0	0	0	0	0	0	0	0	0	0	0	0	0	0	0	0	0	0	0	0	0	0	0	0
09aa45dbf650056df75e7d454b4ba8ff	2017-01-01	0	0	0	0	0	0	0	0	0	0	0	0	0	0	0	0	0	0	0	0	0	0	0	0	0	0	0	0	0	0	0	0	0	0	0	0	0	0	0	0	0	0	0	0	0	0	0	0	0	0	0	0	0	0	0	0	0	0	0	0	0	0	0	0	0	0	0	0	0	0	0	0	0	0	0	0	0	0	0	0	0	0	0	0	0	0
09f7dd122f50a8a09812e20f7ecdf3a7	2017-01-01	0	0	0	0	0	0	0	0	0	0	0	0	0	0	0	0	0	0	0	0	0	0	0	0	0	0	0	0	0	0	0	0	0	0	0	0	0	0	0	0	0	0	0	0	0	0	0	0	0	0	0	0	0	0	0	0	0	0	0	0	0	0	0	0	0	0	0	0	0	0	0	0	0	0	0	0	0	0	0	0	0	0	0	0	0	0
0d1476e068ca69b66e30b332b5aa6b38	2017-01-01	0.1573	0.0449	0.1939	0.0183	0.2857	0.75	0.1425	0.7647	0	0	0	0	0	0	0	0	0	0	0	0	0.9286	0.9981	0.75	0.9935	0.0714	0.0019	0.25	0.0065	1	1	1	1	0	0	0	0	0	0	0	0	0	0	0	0	0	0	0	0	0	0	0	0	0.0225	0.0112	0.0038	0.0036	1	1	0	0	0	0	0	0	0	0	0	0	1	1	0	0	0	0	0	0	0	0	0	0	0	0	0	0	0	0
0ef03b5ae87858825c8c6312e01501c4	2017-01-01	0.1633	0.0612	0.2343	0.0188	0.875	0.6667	0.0931	0.3311	0	0	0	0	0	0	0	0	0	0	0	0	1	1	1	1	0	0	0	0	1	1	1	1	0	0	0	0	0	0	0	0	0	0	0	0	0	0	0	0	0	0	0	0	0.0408	0.0408	0.0032	0.0032	1	1	0	0	0	0	0	0	0	0	0	0	0.5	0.9933	0	0	0	0	0	0	0	0	0	0	0.5	0.0067	0	0	0	0
112d0c88d996ff6ea40968394703c34b	2017-01-01	0	0	0	0	0	0	0	0	0	0	0	0	0	0	0	0	0	0	0	0	0	0	0	0	0	0	0	0	0	0	0	0	0	0	0	0	0	0	0	0	0	0	0	0	0	0	0	0	0	0	0	0	0	0	0	0	0	0	0	0	0	0	0	0	0	0	0	0	0	0	0	0	0	0	0	0	0	0	0	0	0	0	0	0	0	0
1262d65f41c09547114025e844c3bc45	2017-01-01	0.0982	0.0429	0.1404	0.026	0.4375	0.8571	0.0574	0.5829	0	0	0	0	0	0	0	0	0	0	0	0	1	1	1	1	0	0	0	0	0.5714	0.442	0.5	0.2986	0	0	0	0	0.4286	0.558	0.5	0.7014	0	0	0	0	0	0	0	0	0	0	0	0	0.0736	0.0859	0.0076	0.0086	1	1	0	0	0	0	0	0	0	0	0	0	0	0	0	0	0	0	0	0	0	0	0	0	0.7143	0.9667	0	0	0.2857	0.0333
13a06a10a18d7e38dffcf7ac3b3cddc6	2017-01-01	0	0	0	0	0	0	0	0	0	0	0	0	0	0	0	0	0	0	0	0	0	0	0	0	0	0	0	0	0	0	0	0	0	0	0	0	0	0	0	0	0	0	0	0	0	0	0	0	0	0	0	0	0	0	0	0	0	0	0	0	0	0	0	0	0	0	0	0	0	0	0	0	0	0	0	0	0	0	0	0	0	0	0	0	0	0
14f9c4ebe2ceca39bd88885fe66ca5f2	2017-01-01	0	0	0	0	0	0	0	0	0	0	0	0	0	0	0	0	0	0	0	0	0	0	0	0	0	0	0	0	0	0	0	0	0	0	0	0	0	0	0	0	0	0	0	0	0	0	0	0	0	0	0	0	0	0	0	0	0	0	0	0	0	0	0	0	0	0	0	0	0	0	0	0	0	0	0	0	0	0	0	0	0	0	0	0	0	0
17b4ca3f674d9be307ab11ee864717f1	2017-01-01	0.1154	0.0577	0.2976	0.0028	0.5	0.8333	0.0012	0.2857	0	0	0	0	0	0	0	0	0	0	0	0	1	1	1	1	0	0	0	0	0.8333	0.9679	0.8	0.9275	0	0	0	0	0	0	0	0	0	0	0	0	0.0833	0.0145	0.1	0.0145	0.0833	0.0176	0.1	0.058	0.0192	0.0192	0.0001	0.0001	0.5	0.5714	0.5	0.4286	0	0	0	0	0	0	0	0	0	0	0	0	0	0	0	0	0.5	0.9524	0	0	0.5	0.0476	0	0	0	0
193baa60e45ade28c4f08a17dc1acb25	2017-01-01	0.0909	0	0.1663	0	0	0	0	0	0	0	0	0	0	0	0	0	0	0	0	0	1	1	0	0	0	0	0	0	0	0	0	0	0	0	0	0	0	0	0	0	0	0	0	0	0	0	0	0	0	0	0	0	0.1818	0.1818	0.0838	0.0838	1	1	0	0	0	0	0	0	0	0	0	0	0.5	0.9948	0	0	0	0	0	0	0	0	0	0	0.5	0.0052	0	0	0	0
19c0fb56218aa62bf96081b32340dc91	2017-01-01	0	0	0	0	0	0	0	0	0	0	0	0	0	0	0	0	0	0	0	0	0	0	0	0	0	0	0	0	0	0	0	0	0	0	0	0	0	0	0	0	0	0	0	0	0	0	0	0	0	0	0	0	0	0	0	0	0	0	0	0	0	0	0	0	0	0	0	0	0	0	0	0	0	0	0	0	0	0	0	0	0	0	0	0	0	0
1bdb9793d9efe80ae05d10825b427a39	2017-01-01	0	0	0	0	0	0	0	0	0	0	0	0	0	0	0	0	0	0	0	0	0	0	0	0	0	0	0	0	0	0	0	0	0	0	0	0	0	0	0	0	0	0	0	0	0	0	0	0	0	0	0	0	0	0	0	0	0	0	0	0	0	0	0	0	0	0	0	0	0	0	0	0	0	0	0	0	0	0	0	0	0	0	0	0	0	0
1c34b33dcbeb8df210f32f7f764c9398	2017-01-01	0.1243	0.0226	0.2185	0.0065	0.1818	0.5	0.0098	0.1106	0	0	0	0	0	0	0	0	0	0	0	0	1	1	1	1	0	0	0	0	0.5	0.2261	0	0	0.25	0.1106	0.5	0.9773	0.25	0.6633	0.5	0.0227	0	0	0	0	0	0	0	0	0	0	0	0	0.0113	0.0056	0.0007	0.0007	1	1	0	0	0	0	0	0	0	0	0	0	0	0	0	0	0	0	0	0	0	0	0	0	1	1	0	0	0	0
200bd54b98e04122f9ff1803c9b9bd7c	2017-01-01	0	0	0	0	0	0	0	0	0	0	0	0	0	0	0	0	0	0	0	0	0	0	0	0	0	0	0	0	0	0	0	0	0	0	0	0	0	0	0	0	0	0	0	0	0	0	0	0	0	0	0	0	0	0	0	0	0	0	0	0	0	0	0	0	0	0	0	0	0	0	0	0	0	0	0	0	0	0	0	0	0	0	0	0	0	0
20cd60df2f5fa2be85f2ce54ad376d9e	2017-01-01	0	0	0	0	0	0	0	0	0	0	0	0	0	0	0	0	0	0	0	0	0	0	0	0	0	0	0	0	0	0	0	0	0	0	0	0	0	0	0	0	0	0	0	0	0	0	0	0	0	0	0	0	0	0	0	0	0	0	0	0	0	0	0	0	0	0	0	0	0	0	0	0	0	0	0	0	0	0	0	0	0	0	0	0	0	0
212745cb30383a3dc3836f961880fe07	2017-01-01	0	0	0	0	0	0	0	0	0	0	0	0	0	0	0	0	0	0	0	0	0	0	0	0	0	0	0	0	0	0	0	0	0	0	0	0	0	0	0	0	0	0	0	0	0	0	0	0	0	0	0	0	0	0	0	0	0	0	0	0	0	0	0	0	0	0	0	0	0	0	0	0	0	0	0	0	0	0	0	0	0	0	0	0	0	0
22a4cffc6485e2cefa87c8f59fb07fd0	2017-01-01	0	0	0	0	0	0	0	0	0	0	0	0	0	0	0	0	0	0	0	0	0	0	0	0	0	0	0	0	0	0	0	0	0	0	0	0	0	0	0	0	0	0	0	0	0	0	0	0	0	0	0	0	0	0	0	0	0	0	0	0	0	0	0	0	0	0	0	0	0	0	0	0	0	0	0	0	0	0	0	0	0	0	0	0	0	0
23aeb901b8cd10e6a5b1fe3a4386dc46	2017-01-01	0	0	0	0	0	0	0	0	0	0	0	0	0	0	0	0	0	0	0	0	0	0	0	0	0	0	0	0	0	0	0	0	0	0	0	0	0	0	0	0	0	0	0	0	0	0	0	0	0	0	0	0	0	0	0	0	0	0	0	0	0	0	0	0	0	0	0	0	0	0	0	0	0	0	0	0	0	0	0	0	0	0	0	0	0	0
240a5b45fb89a25ebd70dfe3d8a7833e	2017-01-01	0	0	0	0	0	0	0	0	0	0	0	0	0	0	0	0	0	0	0	0	0	0	0	0	0	0	0	0	0	0	0	0	0	0	0	0	0	0	0	0	0	0	0	0	0	0	0	0	0	0	0	0	0	0	0	0	0	0	0	0	0	0	0	0	0	0	0	0	0	0	0	0	0	0	0	0	0	0	0	0	0	0	0	0	0	0
26086983e8b17e8df82724f72f33afbc	2017-01-01	0	0	0	0	0	0	0	0	0	0	0	0	0	0	0	0	0	0	0	0	0	0	0	0	0	0	0	0	0	0	0	0	0	0	0	0	0	0	0	0	0	0	0	0	0	0	0	0	0	0	0	0	0	0	0	0	0	0	0	0	0	0	0	0	0	0	0	0	0	0	0	0	0	0	0	0	0	0	0	0	0	0	0	0	0	0
26df71a9cd850621eb8b4f9be7420e8b	2017-01-01	0	0	0	0	0	0	0	0	0	0	0	0	0	0	0	0	0	0	0	0	0	0	0	0	0	0	0	0	0	0	0	0	0	0	0	0	0	0	0	0	0	0	0	0	0	0	0	0	0	0	0	0	0	0	0	0	0	0	0	0	0	0	0	0	0	0	0	0	0	0	0	0	0	0	0	0	0	0	0	0	0	0	0	0	0	0
27bfe7e2cda3ec1e1faa37a17053ed63	2017-01-01	0	0	0	0	0	0	0	0	0	0	0	0	0	0	0	0	0	0	0	0	0	0	0	0	0	0	0	0	0	0	0	0	0	0	0	0	0	0	0	0	0	0	0	0	0	0	0	0	0	0	0	0	0	0	0	0	0	0	0	0	0	0	0	0	0	0	0	0	0	0	0	0	0	0	0	0	0	0	0	0	0	0	0	0	0	0
2a4551536dd70a78d21b119368377573	2017-01-01	0	0	0	0	0	0	0	0	0	0	0	0	0	0	0	0	0	0	0	0	0	0	0	0	0	0	0	0	0	0	0	0	0	0	0	0	0	0	0	0	0	0	0	0	0	0	0	0	0	0	0	0	0	0	0	0	0	0	0	0	0	0	0	0	0	0	0	0	0	0	0	0	0	0	0	0	0	0	0	0	0	0	0	0	0	0
2b1b7bc36a13d3bb9931f68dbe353f0f	2017-01-01	0	0	0	0	0	0	0	0	0	0	0	0	0	0	0	0	0	0	0	0	0	0	0	0	0	0	0	0	0	0	0	0	0	0	0	0	0	0	0	0	0	0	0	0	0	0	0	0	0	0	0	0	0	0	0	0	0	0	0	0	0	0	0	0	0	0	0	0	0	0	0	0	0	0	0	0	0	0	0	0	0	0	0	0	0	0
2b6c498d7e2183f8a5ba0ac239a40515	2017-01-01	0	0	0	0	0	0	0	0	0	0	0	0	0	0	0	0	0	0	0	0	0	0	0	0	0	0	0	0	0	0	0	0	0	0	0	0	0	0	0	0	0	0	0	0	0	0	0	0	0	0	0	0	0	0	0	0	0	0	0	0	0	0	0	0	0	0	0	0	0	0	0	0	0	0	0	0	0	0	0	0	0	0	0	0	0	0
2b9b094e77b7528ea9a4ba6641d5cf49	2017-01-01	0	0.1429	0	0.1253	0	0	0	0	0	0	0	0	0	0	0	0	0	0	0	0	0	0	0	0	0	0	0	0	1	1	0	0	0	0	0	0	0	0	0	0	0	0	0	0	0	0	0	0	0	0	0	0	0.2857	0.1429	0.1277	0.1253	1	1	0	0	0	0	0	0	0	0	0	0	1	1	0	0	0	0	0	0	0	0	0	0	0	0	0	0	0	0
2bea848ae0e64fd270cb6b73a5b0bd37	2017-01-01	0.1702	0.0638	0.1901	0.0618	0.625	1	0.4553	0.925	0	0	0	0	0	0	0	0	0	0	0	0	1	1	1	1	0	0	0	0	0.6667	0.95	0.6667	0.973	0	0	0	0	0	0	0	0	0	0	0	0	0.3333	0.05	0.3333	0.027	0	0	0	0	0.0426	0.0426	0.0309	0.0309	1	1	0	0	0	0	0	0	0	0	0	0	0	0	0	0	0	0	0	0	0	0	0	0	0.5	0.95	0	0	0.5	0.05
2c0a9e4e42f5004ef5d54e03a9c10054	2017-01-01	0.1513	0.0756	0.135	0.0171	0.5556	0.7778	0.058	0.1619	0	0	0	0	0	0	0	0	0	0	0	0	1	1	1	1	0	0	0	0	0.7778	0.9397	0.7143	0.6667	0	0	0	0	0	0	0	0	0	0	0	0	0.1111	0.0063	0.1429	0.0196	0.1111	0.054	0.1429	0.3137	0.0168	0.0084	0.001	0.0009	1	1	0	0	0	0	0	0	0	0	0	0	0	0	0	0	0	0	0	0	0	0	0	0	1	1	0	0	0	0
2e30e1393aa41b452577d6b61f8a1847	2017-01-01	0.1754	0.0351	0.1273	0.0084	0.4	0.5	0.1426	0.1663	0	0	0	0	0	0	0	0	0	0	0	0	1	1	1	1	0	0	0	0	1	1	1	1	0	0	0	0	0	0	0	0	0	0	0	0	0	0	0	0	0	0	0	0	0.0351	0.0175	0.0014	0.0014	1	1	0	0	0	0	0	0	0	0	0	0	0	0	0	0	0	0	0	0	0	0	0	0	1	1	0	0	0	0
2ed677b08eb3ae31b45deda40d4d9685	2017-01-01	0	0	0	0	0	0	0	0	0	0	0	0	0	0	0	0	0	0	0	0	0	0	0	0	0	0	0	0	0	0	0	0	0	0	0	0	0	0	0	0	0	0	0	0	0	0	0	0	0	0	0	0	0	0	0	0	0	0	0	0	0	0	0	0	0	0	0	0	0	0	0	0	0	0	0	0	0	0	0	0	0	0	0	0	0	0
2ef1cee638cdeaad28a22c93f4853c78	2017-01-01	0.1573	0.0449	0.1939	0.0184	0.2857	0.75	0.1421	0.7609	0	0	0	0	0	0	0	0	0	0	0	0	0.9286	0.9979	0.75	0.9928	0.0714	0.0021	0.25	0.0072	1	1	1	1	0	0	0	0	0	0	0	0	0	0	0	0	0	0	0	0	0	0	0	0	0.0225	0.0112	0.0038	0.0036	1	1	0	0	0	0	0	0	0	0	0	0	1	1	0	0	0	0	0	0	0	0	0	0	0	0	0	0	0	0
2f74a30f857e54b9cd17c4138a2a1133	2017-01-01	0.1513	0.0756	0.154	0.0195	0.5556	0.7778	0.0569	0.1636	0	0	0	0	0	0	0	0	0	0	0	0	1	1	1	1	0	0	0	0	0.7778	0.9364	0.7143	0.6667	0	0	0	0	0	0	0	0	0	0	0	0	0.1111	0.0091	0.1429	0.0278	0.1111	0.0545	0.1429	0.3056	0.0168	0.0084	0.0012	0.0011	1	1	0	0	0	0	0	0	0	0	0	0	0	0	0	0	0	0	0	0	0	0	0	0	1	1	0	0	0	0
337800f152ecfc6e2ffa53ca6c54a4d6	2017-01-01	0	0	0	0	0	0	0	0	0	0	0	0	0	0	0	0	0	0	0	0	0	0	0	0	0	0	0	0	0	0	0	0	0	0	0	0	0	0	0	0	0	0	0	0	0	0	0	0	0	0	0	0	0	0	0	0	0	0	0	0	0	0	0	0	0	0	0	0	0	0	0	0	0	0	0	0	0	0	0	0	0	0	0	0	0	0
33c718d67a3b3cd353bdcfa141961113	2017-01-01	0.1569	0.098	0.1523	0.0662	0.375	0.2	0.2283	0.175	0	0	0	0	0	0	0	0	0	0	0	0	1	1	1	1	0	0	0	0	0.8	0.8	0	0	0	0	0	0	0	0	0	0	0	0	0	0	0	0	0	0	0.2	0.2	1	1	0.0392	0.0196	0.0149	0.0132	1	1	0	0	0	0	0	0	0	0	0	0	1	1	0	0	0	0	0	0	0	0	0	0	0	0	0	0	0	0
345bfad662aabf624c5a048801b1bd46	2017-01-01	0	0	0	0	0	0	0	0	0	0	0	0	0	0	0	0	0	0	0	0	0	0	0	0	0	0	0	0	0	0	0	0	0	0	0	0	0	0	0	0	0	0	0	0	0	0	0	0	0	0	0	0	0	0	0	0	0	0	0	0	0	0	0	0	0	0	0	0	0	0	0	0	0	0	0	0	0	0	0	0	0	0	0	0	0	0
34b55bd401d65116dc0c7c6446fb6eae	2017-01-01	0	0	0	0	0	0	0	0	0	0	0	0	0	0	0	0	0	0	0	0	0	0	0	0	0	0	0	0	0	0	0	0	0	0	0	0	0	0	0	0	0	0	0	0	0	0	0	0	0	0	0	0	0	0	0	0	0	0	0	0	0	0	0	0	0	0	0	0	0	0	0	0	0	0	0	0	0	0	0	0	0	0	0	0	0	0
353bb180f887c57eee9fa8cdbcbbf981	2017-01-01	0.0909	0	0.1663	0	0	0	0	0	0	0	0	0	0	0	0	0	0	0	0	0	1	1	0	0	0	0	0	0	0	0	0	0	0	0	0	0	0	0	0	0	0	0	0	0	0	0	0	0	0	0	0	0	0.1818	0.1818	0.0838	0.0838	1	1	0	0	0	0	0	0	0	0	0	0	0.5	0.9947	0	0	0	0	0	0	0	0	0	0	0.5	0.0053	0	0	0	0
369695a7a17ad29d59daf1a14c6aaeb1	2017-01-01	0	0	0	0	0	0	0	0	0	0	0	0	0	0	0	0	0	0	0	0	0	0	0	0	0	0	0	0	0	0	0	0	0	0	0	0	0	0	0	0	0	0	0	0	0	0	0	0	0	0	0	0	0	0	0	0	0	0	0	0	0	0	0	0	0	0	0	0	0	0	0	0	0	0	0	0	0	0	0	0	0	0	0	0	0	0
394493e366c89a277b417bb4f6893578	2017-01-01	0.1515	0.0909	0.1574	0.0924	0.4	1	0.2903	0.956	0	0	0	0	0	0	0	0	0	0	0	0	1	1	1	1	0	0	0	0	1	1	1	1	0	0	0	0	0	0	0	0	0	0	0	0	0	0	0	0	0	0	0	0	0.2424	0.2424	0.0934	0.0934	1	1	0	0	0	0	0	0	0	0	0	0	0	0	0.5	0.0435	0	0	0	0	0.5	0.9565	0	0	0	0	0	0	0	0
3d18b52018962d329259e28f91aee031	2017-01-01	0.1243	0.0226	0.2172	0.0065	0.1818	0.5	0.0177	0.1083	0	0	0	0	0	0	0	0	0	0	0	0	1	1	1	1	0	0	0	0	0.5	0.2278	0	0	0.25	0.1083	0.5	0.9744	0.25	0.6639	0.5	0.0256	0	0	0	0	0	0	0	0	0	0	0	0	0.0113	0.0056	0.0008	0.0007	1	1	0	0	0	0	0	0	0	0	0	0	0	0	0	0	0	0	0	0	0	0	0	0	1	1	0	0	0	0
3dc176c3481e5e95e353f03bf1054f52	2017-01-01	0.2059	0.0588	0.3087	0.0083	0.2857	0.5	0.0264	0.4884	0	0	0	0	0	0	0	0	0	0	0	0	1	1	1	1	0	0	0	0	0.5	0.5	0	0	0	0	0	0	0	0	0	0	0	0	0	0	0	0	0	0	0.5	0.5	1	1	0.0588	0.0294	0.0043	0.0042	1	1	0	0	0	0	0	0	0	0	0	0	0	0	0	0	0	0	0	0	0	0	0	0	1	1	0	0	0	0
3dce0ac0876531eea3267af39b610671	2017-01-01	0	0	0	0	0	0	0	0	0	0	0	0	0	0	0	0	0	0	0	0	0	0	0	0	0	0	0	0	0	0	0	0	0	0	0	0	0	0	0	0	0	0	0	0	0	0	0	0	0	0	0	0	0	0	0	0	0	0	0	0	0	0	0	0	0	0	0	0	0	0	0	0	0	0	0	0	0	0	0	0	0	0	0	0	0	0
3f9df096ec76db87f9a36c1586e7e203	2017-01-01	0.1053	0.0526	0.1053	0.0264	0	0	0	0	0	0	0	0	0	0	0	0	0	0	0	0	1	1	0	0	0	0	0	0	1	1	0	0	0	0	0	0	0	0	0	0	0	0	0	0	0	0	0	0	0	0	0	0	0.1053	0.0526	0.0266	0.0264	1	1	0	0	0	0	0	0	0	0	0	0	0	0	0	0	0	0	0	0	0	0	0	0	1	1	0	0	0	0
3fdc39a3a6b9f07537b216e4e8568adf	2017-01-01	0	0	0	0	0	0	0	0	0	0	0	0	0	0	0	0	0	0	0	0	0	0	0	0	0	0	0	0	0	0	0	0	0	0	0	0	0	0	0	0	0	0	0	0	0	0	0	0	0	0	0	0	0	0	0	0	0	0	0	0	0	0	0	0	0	0	0	0	0	0	0	0	0	0	0	0	0	0	0	0	0	0	0	0	0	0
4037fd11cd60f58d3d121536f3f3638e	2017-01-01	0.1515	0.0909	0.1578	0.0919	0.4	1	0.287	0.9403	0	0	0	0	0	0	0	0	0	0	0	0	1	1	1	1	0	0	0	0	1	1	1	1	0	0	0	0	0	0	0	0	0	0	0	0	0	0	0	0	0	0	0	0	0.2424	0.2424	0.096	0.096	1	1	0	0	0	0	0	0	0	0	0	0	0	0	0.5	0.0571	0	0	0	0	0.5	0.9429	0	0	0	0	0	0	0	0
418cd40680eb00a640c48d381639bb31	2017-01-01	0	0	0	0	0	0	0	0	0	0	0	0	0	0	0	0	0	0	0	0	0	0	0	0	0	0	0	0	0	0	0	0	0	0	0	0	0	0	0	0	0	0	0	0	0	0	0	0	0	0	0	0	0	0	0	0	0	0	0	0	0	0	0	0	0	0	0	0	0	0	0	0	0	0	0	0	0	0	0	0	0	0	0	0	0	0
43e33715af7de99279db108fc257be03	2017-01-01	0	0	0	0	0	0	0	0	0	0	0	0	0	0	0	0	0	0	0	0	0	0	0	0	0	0	0	0	0	0	0	0	0	0	0	0	0	0	0	0	0	0	0	0	0	0	0	0	0	0	0	0	0	0	0	0	0	0	0	0	0	0	0	0	0	0	0	0	0	0	0	0	0	0	0	0	0	0	0	0	0	0	0	0	0	0
43e81736c1b31f6852a6e312bb040812	2017-01-01	0	0	0	0	0	0	0	0	0	0	0	0	0	0	0	0	0	0	0	0	0	0	0	0	0	0	0	0	0	0	0	0	0	0	0	0	0	0	0	0	0	0	0	0	0	0	0	0	0	0	0	0	0	0	0	0	0	0	0	0	0	0	0	0	0	0	0	0	0	0	0	0	0	0	0	0	0	0	0	0	0	0	0	0	0	0
441d4865417e4e3ab05d23ce83a1cfde	2017-01-01	0	0	0	0	0	0	0	0	0	0	0	0	0	0	0	0	0	0	0	0	0	0	0	0	0	0	0	0	0	0	0	0	0	0	0	0	0	0	0	0	0	0	0	0	0	0	0	0	0	0	0	0	0	0	0	0	0	0	0	0	0	0	0	0	0	0	0	0	0	0	0	0	0	0	0	0	0	0	0	0	0	0	0	0	0	0
44431b9b74af4ab2ff8bcb3ec683d6b4	2017-01-01	0.1757	0.0946	0.1445	0.0856	0.2308	0.2857	0.062	0.0222	0	0	0	0	0	0	0	0	0.0769	0.0504	0	0	0.9231	0.9496	1	1	0	0	0	0	0.4286	0.1773	0	0	0	0	0	0	0.4286	0.8202	0.5	0.9444	0	0	0	0	0	0	0	0	0.1429	0.0025	0.5	0.0556	0.0811	0.0405	0.0155	0.0152	0.3333	0.4898	0.3333	0.0204	0	0	0	0	0.3333	0.4898	0	0	1	1	0	0	0	0	0	0	0	0	0	0	0	0	0	0	0	0
453217b395681b212454daee600ae3f1	2017-01-01	0.1818	0.1364	0.1667	0.1251	0.5	0.3333	0.4974	0.3316	0	0	0	0	0	0	0	0	0	0	0	0	1	1	1	1	0	0	0	0	0.3333	0.3333	0	0	0	0	0	0	0.3333	0.3333	0	0	0	0	0	0	0	0	0	0	0.3333	0.3333	1	1	0.0909	0	0.0419	0	1	1	0	0	0	0	0	0	0	0	0	0	0	0	0	0	0	0	0	0	0	0	0	0	0	0	0	0	0	0
462678f18ba80104f451650ce7c43780	2017-01-01	0.1627	0.006	0.0803	0.0001	0.1481	1	0.0057	0.9574	0	0	0	0	0	0	0	0	0	0	0	0	1	1	1	1	0	0	0	0	1	1	1	1	0	0	0	0	0	0	0	0	0	0	0	0	0	0	0	0	0	0	0	0	0.012	0.006	0.0003	0.0003	1	1	0	0	0	0	0	0	0	0	0	0	0	0	0	0	0	0	0	0	0	0	0	0	1	1	0	0	0	0
468f252f43fbd4f29f1dd9b3f16d59c4	2017-01-01	0.1639	0.0164	0.1893	0.0093	0	0	0	0	0	0	0	0	0	0	0	0	0	0	0	0	1	1	0	0	0	0	0	0	0	0	0	0	0	0	0	0	0	0	0	0	0	0	0	0	0	0	0	0	1	1	0	0	0.0328	0.0164	0.0098	0.0093	1	1	0	0	0	0	0	0	0	0	0	0	1	1	0	0	0	0	0	0	0	0	0	0	0	0	0	0	0	0
47b0c39eb56955f20f304c50d1f2dd1f	2017-01-01	0.0982	0.0429	0.1408	0.0236	0.4375	0.8571	0.0353	0.3487	0	0	0	0	0	0	0	0	0	0	0	0	1	1	1	1	0	0	0	0	0.5714	0.4636	0.5	0.5604	0	0	0	0	0.4286	0.5364	0.5	0.4396	0	0	0	0	0	0	0	0	0	0	0	0	0.0736	0.0859	0.0079	0.0091	1	1	0	0	0	0	0	0	0	0	0	0	0	0	0	0	0	0	0	0	0	0	0	0	0.7143	0.9604	0	0	0.2857	0.0396
4972a42686265b3c1e8d6e9cad3c9ed9	2017-01-01	0.1513	0.0756	0.158	0.0202	0.5556	0.7778	0.0574	0.1601	0	0	0	0	0	0	0	0	0	0	0	0	1	1	1	1	0	0	0	0	0.7778	0.9395	0.7143	0.6667	0	0	0	0	0	0	0	0	0	0	0	0	0.1111	0.0071	0.1429	0.0222	0.1111	0.0534	0.1429	0.3111	0.0168	0.0084	0.0012	0.0011	1	1	0	0	0	0	0	0	0	0	0	0	0	0	0	0	0	0	0	0	0	0	0	0	1	1	0	0	0	0
4a396f17839217cfce1ff73628cfa63a	2017-01-01	0	0	0	0	0	0	0	0	0	0	0	0	0	0	0	0	0	0	0	0	0	0	0	0	0	0	0	0	0	0	0	0	0	0	0	0	0	0	0	0	0	0	0	0	0	0	0	0	0	0	0	0	0	0	0	0	0	0	0	0	0	0	0	0	0	0	0	0	0	0	0	0	0	0	0	0	0	0	0	0	0	0	0	0	0	0
4a5ce020b378b194abf2a3c6b719f364	2017-01-01	0.16	0.08	0.1104	0.0678	0	0	0	0	0	0	0	0	0	0	0	0	0	0	0	0	1	1	0	0	0	0	0	0	1	1	0	0	0	0	0	0	0	0	0	0	0	0	0	0	0	0	0	0	0	0	0	0	0.08	0.08	0.0351	0.0351	1	1	0	0	0	0	0	0	0	0	0	0	0.5	0.9643	0	0	0	0	0	0	0	0	0	0	0	0	0	0	0.5	0.0357
4ade1d10d5676a928e368e876b9f330a	2017-01-01	0	0	0	0	0	0	0	0	0	0	0	0	0	0	0	0	0	0	0	0	0	0	0	0	0	0	0	0	0	0	0	0	0	0	0	0	0	0	0	0	0	0	0	0	0	0	0	0	0	0	0	0	0.3333	0.1667	0.2506	0.2494	1	1	0	0	0	0	0	0	0	0	0	0	0	0	0	0	0	0	0	0	1	1	0	0	0	0	0	0	0	0
4ae9e98d866d0044ad091b3245f116ee	2017-01-01	0	0	0	0	0	0	0	0	0	0	0	0	0	0	0	0	0	0	0	0	0	0	0	0	0	0	0	0	0	0	0	0	0	0	0	0	0	0	0	0	0	0	0	0	0	0	0	0	0	0	0	0	0	0	0	0	0	0	0	0	0	0	0	0	0	0	0	0	0	0	0	0	0	0	0	0	0	0	0	0	0	0	0	0	0	0
4c65baf485e182c5f179b254e13edb9a	2017-01-01	0.2222	0.1111	0.2853	0.1426	0	0	0	0	0	0	0	0	0	0	0	0	0	0	0	0	1	1	0	0	0	0	0	0	1	1	0	0	0	0	0	0	0	0	0	0	0	0	0	0	0	0	0	0	0	0	0	0	0.2222	0.1111	0.1434	0.1426	1	1	0	0	0	0	0	0	0	0	0	0	1	1	0	0	0	0	0	0	0	0	0	0	0	0	0	0	0	0
4da881d472ee7a409773aafabdd82b1c	2017-01-01	0.0909	0	0.1663	0	0	0	0	0	0	0	0	0	0	0	0	0	0	0	0	0	1	1	0	0	0	0	0	0	0	0	0	0	0	0	0	0	0	0	0	0	0	0	0	0	0	0	0	0	0	0	0	0	0.1818	0.1818	0.0838	0.0838	1	1	0	0	0	0	0	0	0	0	0	0	0.5	0.9948	0	0	0	0	0	0	0	0	0	0	0.5	0.0052	0	0	0	0
4df009a172fd044bd9d83fdb182818e1	2017-01-01	0.25	0.0385	0.2573	0.024	0.0769	1	0.0442	0.9211	0.1538	0.0934	0	0	0	0	0	0	0	0	0	0	0.8462	0.9066	1	1	0	0	0	0	1	1	1	1	0	0	0	0	0	0	0	0	0	0	0	0	0	0	0	0	0	0	0	0	0.1154	0.1154	0.0405	0.0405	1	1	0	0	0	0	0	0	0	0	0	0	0	0	0.5	0.0469	0	0	0	0	0.5	0.9531	0	0	0	0	0	0	0	0
4fb22dad0590b9495a4097bcc9b1c75e	2017-01-01	0	0	0	0	0	0	0	0	0	0	0	0	0	0	0	0	0	0	0	0	0	0	0	0	0	0	0	0	0	0	0	0	0	0	0	0	0	0	0	0	0	0	0	0	0	0	0	0	0	0	0	0	0	0	0	0	0	0	0	0	0	0	0	0	0	0	0	0	0	0	0	0	0	0	0	0	0	0	0	0	0	0	0	0	0	0
5014f90efce518e643376878ee38dd96	2017-01-01	0.1243	0.0226	0.218	0.0065	0.1818	0.75	0.0036	0.1184	0	0	0	0	0	0	0	0	0	0	0	0	1	1	1	1	0	0	0	0	0.5	0.2289	0.3333	0.0889	0.25	0.1079	0.3333	0.8889	0.25	0.6632	0.3333	0.0222	0	0	0	0	0	0	0	0	0	0	0	0	0.0113	0.0056	0.0008	0.0007	1	1	0	0	0	0	0	0	0	0	0	0	0	0	0	0	0	0	0	0	0	0	0	0	1	1	0	0	0	0
52a1e6d2485ea6137c219f519a1763a6	2017-01-01	0	0	0	0	0	0	0	0	0	0	0	0	0	0	0	0	0	0	0	0	0	0	0	0	0	0	0	0	0	0	0	0	0	0	0	0	0	0	0	0	0	0	0	0	0	0	0	0	0	0	0	0	0	0	0	0	0	0	0	0	0	0	0	0	0	0	0	0	0	0	0	0	0	0	0	0	0	0	0	0	0	0	0	0	0	0
5467a02974773bb8c9ac5b1bf6a5da39	2017-01-01	0	0	0	0	0	0	0	0	0	0	0	0	0	0	0	0	0	0	0	0	0	0	0	0	0	0	0	0	0	0	0	0	0	0	0	0	0	0	0	0	0	0	0	0	0	0	0	0	0	0	0	0	0	0	0	0	0	0	0	0	0	0	0	0	0	0	0	0	0	0	0	0	0	0	0	0	0	0	0	0	0	0	0	0	0	0
54bc8789a32583db0d5cb4841e7d1644	2017-01-01	0.1243	0.0226	0.2182	0.0065	0.1818	0.5	0.0099	0.1127	0	0	0	0	0	0	0	0	0	0	0	0	1	1	1	1	0	0	0	0	0.5	0.2254	0	0	0.25	0.1127	0.5	0.975	0.25	0.662	0.5	0.025	0	0	0	0	0	0	0	0	0	0	0	0	0.0113	0.0056	0.0007	0.0007	1	1	0	0	0	0	0	0	0	0	0	0	0	0	0	0	0	0	0	0	0	0	0	0	1	1	0	0	0	0
59d7e941976d9ff74f7c479daa70796f	2017-01-01	0	0	0	0	0	0	0	0	0	0	0	0	0	0	0	0	0	0	0	0	0	0	0	0	0	0	0	0	0	0	0	0	0	0	0	0	0	0	0	0	0	0	0	0	0	0	0	0	0	0	0	0	0.5	0.25	0.5	0.4971	1	1	0	0	0	0	0	0	0	0	0	0	0	0	0	0	0	0	0	0	0	0	0	0	1	1	0	0	0	0
5b3557a4280e2d61b42fb4371e8304d1	2017-01-01	0.3077	0.0769	0.0968	0.0927	1	1	0.0556	0.0145	0	0	0	0	0	0	0	0	0	0	0	0	1	1	1	1	0	0	0	0	0	0	0	0	0	0	0	0	0	0	0	0	0	0	0	0	1	1	1	1	0	0	0	0	0.1538	0.0769	0.0255	0.0242	1	1	0	0	0	0	0	0	0	0	0	0	1	1	0	0	0	0	0	0	0	0	0	0	0	0	0	0	0	0
5b92b84285abfd422d65ced45aa59a48	2017-01-01	0	0	0	0	0	0	0	0	0	0	0	0	0	0	0	0	0	0	0	0	0	0	0	0	0	0	0	0	0	0	0	0	0	0	0	0	0	0	0	0	0	0	0	0	0	0	0	0	0	0	0	0	0	0	0	0	0	0	0	0	0	0	0	0	0	0	0	0	0	0	0	0	0	0	0	0	0	0	0	0	0	0	0	0	0	0
5d5b142783a47e17cefc0450ae7c711b	2017-01-01	0	0	0	0	0	0	0	0	0	0	0	0	0	0	0	0	0	0	0	0	0	0	0	0	0	0	0	0	0	0	0	0	0	0	0	0	0	0	0	0	0	0	0	0	0	0	0	0	0	0	0	0	0	0	0	0	0	0	0	0	0	0	0	0	0	0	0	0	0	0	0	0	0	0	0	0	0	0	0	0	0	0	0	0	0	0
5de6f388a8cb7f4ca4e0a8929fc5d37a	2017-01-01	0	0	0	0	0	0	0	0	0	0	0	0	0	0	0	0	0	0	0	0	0	0	0	0	0	0	0	0	0	0	0	0	0	0	0	0	0	0	0	0	0	0	0	0	0	0	0	0	0	0	0	0	0	0	0	0	0	0	0	0	0	0	0	0	0	0	0	0	0	0	0	0	0	0	0	0	0	0	0	0	0	0	0	0	0	0
5fead14db444396b411dcd9e9a3ff111	2017-01-01	0.1757	0.0946	0.1448	0.0867	0.2308	0.2857	0.0728	0.0409	0	0	0	0	0	0	0	0	0.0769	0.0498	0	0	0.9231	0.9502	1	1	0	0	0	0	0.4286	0.1712	0	0	0	0	0	0	0.4286	0.8263	0.5	0.9697	0	0	0	0	0	0	0	0	0.1429	0.0025	0.5	0.0303	0.0811	0.0405	0.0152	0.0148	0.3333	0.4894	0.3333	0.0213	0	0	0	0	0.3333	0.4894	0	0	1	1	0	0	0	0	0	0	0	0	0	0	0	0	0	0	0	0
60ee9658a99bf6c4ce9ea5f7c9096b0e	2017-01-01	0	0	0	0	0	0	0	0	0	0	0	0	0	0	0	0	0	0	0	0	0	0	0	0	0	0	0	0	0	0	0	0	0	0	0	0	0	0	0	0	0	0	0	0	0	0	0	0	0	0	0	0	0	0	0	0	0	0	0	0	0	0	0	0	0	0	0	0	0	0	0	0	0	0	0	0	0	0	0	0	0	0	0	0	0	0
61f6dba611db88b909d8998486ccc7ca	2017-01-01	0.1243	0.0226	0.2184	0.0065	0.1818	0.5	0.0132	0.1082	0	0	0	0	0	0	0	0	0	0	0	0	1	1	1	1	0	0	0	0	0.5	0.2259	0	0	0.25	0.1082	0.5	0.9783	0.25	0.6659	0.5	0.0217	0	0	0	0	0	0	0	0	0	0	0	0	0.0113	0.0056	0.0007	0.0007	1	1	0	0	0	0	0	0	0	0	0	0	0	0	0	0	0	0	0	0	0	0	0	0	1	1	0	0	0	0
63eb6d7bf957c5af3131ad47f003db00	2017-01-01	0.1702	0.0638	0.1892	0.0624	0.625	1	0.4716	0.9483	0	0	0	0	0	0	0	0	0	0	0	0	1	1	1	1	0	0	0	0	0.6667	0.9655	0.6667	0.9818	0	0	0	0	0	0	0	0	0	0	0	0	0.3333	0.0345	0.3333	0.0182	0	0	0	0	0.0426	0.0426	0.0312	0.0312	1	1	0	0	0	0	0	0	0	0	0	0	0	0	0	0	0	0	0	0	0	0	0	0	0.5	0.9655	0	0	0.5	0.0345
6470019d06e72f0a9b56527560feb3f1	2017-01-01	0.3077	0.0769	0.097	0.0927	1	1	0.0588	0.0154	0	0	0	0	0	0	0	0	0	0	0	0	1	1	1	1	0	0	0	0	0	0	0	0	0	0	0	0	0	0	0	0	0	0	0	0	1	1	1	1	0	0	0	0	0.1538	0.0769	0.0257	0.0243	1	1	0	0	0	0	0	0	0	0	0	0	1	1	0	0	0	0	0	0	0	0	0	0	0	0	0	0	0	0
69462195012b706e57a0bdf5d511e3ff	2017-01-01	0	0	0	0	0	0	0	0	0	0	0	0	0	0	0	0	0	0	0	0	0	0	0	0	0	0	0	0	0	0	0	0	0	0	0	0	0	0	0	0	0	0	0	0	0	0	0	0	0	0	0	0	0	0	0	0	0	0	0	0	0	0	0	0	0	0	0	0	0	0	0	0	0	0	0	0	0	0	0	0	0	0	0	0	0	0
698253614409755139c0eaf52443aaa2	2017-01-01	0	0	0	0	0	0	0	0	0	0	0	0	0	0	0	0	0	0	0	0	0	0	0	0	0	0	0	0	0	0	0	0	0	0	0	0	0	0	0	0	0	0	0	0	0	0	0	0	0	0	0	0	0	0	0	0	0	0	0	0	0	0	0	0	0	0	0	0	0	0	0	0	0	0	0	0	0	0	0	0	0	0	0	0	0	0
6a7e684f2e98f01c76fc2f2ed2cd9138	2017-01-01	0.1053	0.0526	0.1053	0.0264	0	0	0	0	0	0	0	0	0	0	0	0	0	0	0	0	1	1	0	0	0	0	0	0	1	1	0	0	0	0	0	0	0	0	0	0	0	0	0	0	0	0	0	0	0	0	0	0	0.1053	0.0526	0.0265	0.0264	1	1	0	0	0	0	0	0	0	0	0	0	0	0	0	0	0	0	0	0	0	0	0	0	1	1	0	0	0	0
6afdc2d061ae77615e514a23835c52c5	2017-01-01	0	0	0	0	0	0	0	0	0	0	0	0	0	0	0	0	0	0	0	0	0	0	0	0	0	0	0	0	0	0	0	0	0	0	0	0	0	0	0	0	0	0	0	0	0	0	0	0	0	0	0	0	0	0	0	0	0	0	0	0	0	0	0	0	0	0	0	0	0	0	0	0	0	0	0	0	0	0	0	0	0	0	0	0	0	0
6b060a565c827c841278d66fd4bd0ef8	2017-01-01	0	0	0	0	0	0	0	0	0	0	0	0	0	0	0	0	0	0	0	0	0	0	0	0	0	0	0	0	0	0	0	0	0	0	0	0	0	0	0	0	0	0	0	0	0	0	0	0	0	0	0	0	0	0	0	0	0	0	0	0	0	0	0	0	0	0	0	0	0	0	0	0	0	0	0	0	0	0	0	0	0	0	0	0	0	0
6dff1dba304f32a0fd13e5e33adb9e27	2017-01-01	0	0	0	0	0	0	0	0	0	0	0	0	0	0	0	0	0	0	0	0	0	0	0	0	0	0	0	0	0	0	0	0	0	0	0	0	0	0	0	0	0	0	0	0	0	0	0	0	0	0	0	0	0	0	0	0	0	0	0	0	0	0	0	0	0	0	0	0	0	0	0	0	0	0	0	0	0	0	0	0	0	0	0	0	0	0
6eb9eea48a6a98b91a0fecfe2b0ca1d9	2017-01-01	0	0	0	0	0	0	0	0	0	0	0	0	0	0	0	0	0	0	0	0	0	0	0	0	0	0	0	0	0	0	0	0	0	0	0	0	0	0	0	0	0	0	0	0	0	0	0	0	0	0	0	0	0	0	0	0	0	0	0	0	0	0	0	0	0	0	0	0	0	0	0	0	0	0	0	0	0	0	0	0	0	0	0	0	0	0
6fbf83253605fc47e95003e7a77afd9f	2017-01-01	0.1243	0.0226	0.2168	0.0065	0.1818	0.5	0.021	0.1055	0	0	0	0	0	0	0	0	0	0	0	0	1	1	1	1	0	0	0	0	0.5	0.2312	0	0	0.25	0.1055	0.5	0.9762	0.25	0.6633	0.5	0.0238	0	0	0	0	0	0	0	0	0	0	0	0	0.0113	0.0056	0.0008	0.0008	1	1	0	0	0	0	0	0	0	0	0	0	0	0	0	0	0	0	0	0	0	0	0	0	1	1	0	0	0	0
709e6a4d0adba32b795383be5f6138bc	2017-01-01	0	0	0	0	0	0	0	0	0	0	0	0	0	0	0	0	0	0	0	0	0	0	0	0	0	0	0	0	0	0	0	0	0	0	0	0	0	0	0	0	0	0	0	0	0	0	0	0	0	0	0	0	0	0	0	0	0	0	0	0	0	0	0	0	0	0	0	0	0	0	0	0	0	0	0	0	0	0	0	0	0	0	0	0	0	0
70d863d5289bc27dea924008444c9541	2017-01-01	0	0	0	0	0	0	0	0	0	0	0	0	0	0	0	0	0	0	0	0	0	0	0	0	0	0	0	0	0	0	0	0	0	0	0	0	0	0	0	0	0	0	0	0	0	0	0	0	0	0	0	0	0	0	0	0	0	0	0	0	0	0	0	0	0	0	0	0	0	0	0	0	0	0	0	0	0	0	0	0	0	0	0	0	0	0
7270cb705620cf9f6ae7153b1f763e83	2017-01-01	0.1818	0.1364	0.1667	0.125	0.5	0.3333	0.4977	0.3318	0	0	0	0	0	0	0	0	0	0	0	0	1	1	1	1	0	0	0	0	0.3333	0.3333	0	0	0	0	0	0	0.3333	0.3333	0	0	0	0	0	0	0	0	0	0	0.3333	0.3333	1	1	0.0909	0	0.0419	0	1	1	0	0	0	0	0	0	0	0	0	0	0	0	0	0	0	0	0	0	0	0	0	0	0	0	0	0	0	0
7288b645e664e2da639887a76d6568d3	2017-01-01	0	0	0	0	0	0	0	0	0	0	0	0	0	0	0	0	0	0	0	0	0	0	0	0	0	0	0	0	0	0	0	0	0	0	0	0	0	0	0	0	0	0	0	0	0	0	0	0	0	0	0	0	0	0	0	0	0	0	0	0	0	0	0	0	0	0	0	0	0	0	0	0	0	0	0	0	0	0	0	0	0	0	0	0	0	0
72eb95c9032312ee71d6f3d6a251d27a	2017-01-01	0	0	0	0	0	0	0	0	0	0	0	0	0	0	0	0	0	0	0	0	0	0	0	0	0	0	0	0	0	0	0	0	0	0	0	0	0	0	0	0	0	0	0	0	0	0	0	0	0	0	0	0	0	0	0	0	0	0	0	0	0	0	0	0	0	0	0	0	0	0	0	0	0	0	0	0	0	0	0	0	0	0	0	0	0	0
72f24e85e24c953fc243e90d92e217fb	2017-01-01	0.0899	0.0618	0.0203	0.006	0.4375	0.4545	0.0188	0.0523	0	0	0	0	0	0	0	0	0	0	0	0	1	1	1	1	0	0	0	0	0.8182	0.975	0.6	0.6818	0	0	0	0	0	0	0	0	0	0	0	0	0.0909	0.0095	0.2	0.0455	0.0909	0.0155	0.2	0.2727	0.0225	0.0225	0.0003	0.0003	0.5	0.65	0.5	0.35	0	0	0	0	0	0	0	0	0	0	0	0	0	0	0	0	0.5	0.95	0	0	0.5	0.05	0	0	0	0
740565eff941c9dc2eb8605da7203a50	2017-01-01	0	0	0	0	0	0	0	0	0	0	0	0	0	0	0	0	0	0	0	0	0	0	0	0	0	0	0	0	0	0	0	0	0	0	0	0	0	0	0	0	0	0	0	0	0	0	0	0	0	0	0	0	0	0	0	0	0	0	0	0	0	0	0	0	0	0	0	0	0	0	0	0	0	0	0	0	0	0	0	0	0	0	0	0	0	0
749bda7a5de29c0159cfedb62e819e6d	2017-01-01	0	0	0	0	0	0	0	0	0	0	0	0	0	0	0	0	0	0	0	0	0	0	0	0	0	0	0	0	0	0	0	0	0	0	0	0	0	0	0	0	0	0	0	0	0	0	0	0	0	0	0	0	0	0	0	0	0	0	0	0	0	0	0	0	0	0	0	0	0	0	0	0	0	0	0	0	0	0	0	0	0	0	0	0	0	0
76f96af911881872402e51b2707b2201	2017-01-01	0.0894	0.0615	0.0209	0.0076	0.375	0.4545	0.0147	0.0324	0	0	0	0	0	0	0	0	0	0	0	0	1	1	1	1	0	0	0	0	0.8182	0.9799	0.6	0.5517	0	0	0	0	0	0	0	0	0	0	0	0	0.0909	0.0067	0.2	0.069	0.0909	0.0134	0.2	0.3793	0.0223	0.0223	0.0003	0.0003	0.5	0.6579	0.5	0.3421	0	0	0	0	0	0	0	0	0	0	0	0	0	0	0	0	0.5	0.9474	0	0	0.5	0.0526	0	0	0	0
79417edd41dea1d0af9df6ce0c817d2c	2017-01-01	0	0	0	0	0	0	0	0	0	0	0	0	0	0	0	0	0	0	0	0	0	0	0	0	0	0	0	0	0	0	0	0	0	0	0	0	0	0	0	0	0	0	0	0	0	0	0	0	0	0	0	0	0	0	0	0	0	0	0	0	0	0	0	0	0	0	0	0	0	0	0	0	0	0	0	0	0	0	0	0	0	0	0	0	0	0
7e2ada7c155999ca52b5f030a7d2466a	2017-01-01	0.1515	0.0909	0.157	0.0925	0.4	1	0.2877	0.907	0	0	0	0	0	0	0	0	0	0	0	0	1	1	1	1	0	0	0	0	1	1	1	1	0	0	0	0	0	0	0	0	0	0	0	0	0	0	0	0	0	0	0	0	0.2424	0.2424	0.0989	0.0989	1	1	0	0	0	0	0	0	0	0	0	0	0	0	0.5	0.087	0	0	0	0	0.5	0.913	0	0	0	0	0	0	0	0
7e7b62f47a70f0a504c3f92dc9f40c8f	2017-01-01	0	0	0	0	0	0	0	0	0	0	0	0	0	0	0	0	0	0	0	0	0	0	0	0	0	0	0	0	0	0	0	0	0	0	0	0	0	0	0	0	0	0	0	0	0	0	0	0	0	0	0	0	0	0	0	0	0	0	0	0	0	0	0	0	0	0	0	0	0	0	0	0	0	0	0	0	0	0	0	0	0	0	0	0	0	0
7ed833c908a785457ef02fd76ffb9cb3	2017-01-01	0.1639	0.0164	0.1879	0.0093	0	0	0	0	0	0	0	0	0	0	0	0	0	0	0	0	1	1	0	0	0	0	0	0	0	0	0	0	0	0	0	0	0	0	0	0	0	0	0	0	0	0	0	0	1	1	0	0	0.0328	0.0164	0.01	0.0093	1	1	0	0	0	0	0	0	0	0	0	0	1	1	0	0	0	0	0	0	0	0	0	0	0	0	0	0	0	0
7f7ecb2771ff665e6ea64b7f38c39d8e	2017-01-01	0	0	0	0	0	0	0	0	0	0	0	0	0	0	0	0	0	0	0	0	0	0	0	0	0	0	0	0	0	0	0	0	0	0	0	0	0	0	0	0	0	0	0	0	0	0	0	0	0	0	0	0	0	0	0	0	0	0	0	0	0	0	0	0	0	0	0	0	0	0	0	0	0	0	0	0	0	0	0	0	0	0	0	0	0	0
826c0d4534a8ed7e171014c3e079da81	2017-01-01	0	0	0	0	0	0	0	0	0	0	0	0	0	0	0	0	0	0	0	0	0	0	0	0	0	0	0	0	0	0	0	0	0	0	0	0	0	0	0	0	0	0	0	0	0	0	0	0	0	0	0	0	0	0	0	0	0	0	0	0	0	0	0	0	0	0	0	0	0	0	0	0	0	0	0	0	0	0	0	0	0	0	0	0	0	0
83a968254b1da3e811b34bff51c79cec	2017-01-01	0	0	0	0	0	0	0	0	0	0	0	0	0	0	0	0	0	0	0	0	0	0	0	0	0	0	0	0	0	0	0	0	0	0	0	0	0	0	0	0	0	0	0	0	0	0	0	0	0	0	0	0	0	0	0	0	0	0	0	0	0	0	0	0	0	0	0	0	0	0	0	0	0	0	0	0	0	0	0	0	0	0	0	0	0	0
8544a0493ff3609ae5dc6b8b52fbb5d4	2017-01-01	0.1573	0.0449	0.1938	0.0185	0.2857	0.75	0.1414	0.7532	0	0	0	0	0	0	0	0	0	0	0	0	0.9286	0.9975	0.75	0.9912	0.0714	0.0025	0.25	0.0088	1	1	1	1	0	0	0	0	0	0	0	0	0	0	0	0	0	0	0	0	0	0	0	0	0.0225	0.0112	0.0038	0.0036	1	1	0	0	0	0	0	0	0	0	0	0	1	1	0	0	0	0	0	0	0	0	0	0	0	0	0	0	0	0
86fb30d0c247515d0115099437268e61	2017-01-01	0	0.1429	0	0.1254	0	0	0	0	0	0	0	0	0	0	0	0	0	0	0	0	0	0	0	0	0	0	0	0	1	1	0	0	0	0	0	0	0	0	0	0	0	0	0	0	0	0	0	0	0	0	0	0	0.2857	0.1429	0.1283	0.1254	1	1	0	0	0	0	0	0	0	0	0	0	1	1	0	0	0	0	0	0	0	0	0	0	0	0	0	0	0	0
88229c612c3b7592ee9af58b3fd33663	2017-01-01	0	0	0	0	0	0	0	0	0	0	0	0	0	0	0	0	0	0	0	0	0	0	0	0	0	0	0	0	0	0	0	0	0	0	0	0	0	0	0	0	0	0	0	0	0	0	0	0	0	0	0	0	0	0	0	0	0	0	0	0	0	0	0	0	0	0	0	0	0	0	0	0	0	0	0	0	0	0	0	0	0	0	0	0	0	0
888377e259eec77d2123a1a81918a6b1	2017-01-01	0	0	0	0	0	0	0	0	0	0	0	0	0	0	0	0	0	0	0	0	0	0	0	0	0	0	0	0	0	0	0	0	0	0	0	0	0	0	0	0	0	0	0	0	0	0	0	0	0	0	0	0	0	0	0	0	0	0	0	0	0	0	0	0	0	0	0	0	0	0	0	0	0	0	0	0	0	0	0	0	0	0	0	0	0	0
889d7b8d4c4e922965970a7332ef367a	2017-01-01	0.1569	0.098	0.1522	0.0651	0.375	0.2	0.2368	0.1846	0	0	0	0	0	0	0	0	0	0	0	0	1	1	1	1	0	0	0	0	0.8	0.8	0	0	0	0	0	0	0	0	0	0	0	0	0	0	0	0	0	0	0.2	0.2	1	1	0.0392	0.0196	0.014	0.013	1	1	0	0	0	0	0	0	0	0	0	0	1	1	0	0	0	0	0	0	0	0	0	0	0	0	0	0	0	0
8a02517507c623212c0ef12d064b7268	2017-01-01	0	0	0	0	0	0	0	0	0	0	0	0	0	0	0	0	0	0	0	0	0	0	0	0	0	0	0	0	0	0	0	0	0	0	0	0	0	0	0	0	0	0	0	0	0	0	0	0	0	0	0	0	0	0	0	0	0	0	0	0	0	0	0	0	0	0	0	0	0	0	0	0	0	0	0	0	0	0	0	0	0	0	0	0	0	0
904253a305e377bd3e04f5344d704fbe	2017-01-01	0.1197	0.0423	0.0486	0.0096	0.2941	1	0.0439	0.4866	0	0	0	0	0	0	0	0	0	0	0	0	1	1	1	1	0	0	0	0	1	1	1	1	0	0	0	0	0	0	0	0	0	0	0	0	0	0	0	0	0	0	0	0	0.0282	0.0352	0.0009	0.0009	1	1	0	0	0	0	0	0	0	0	0	0	0.4	0.9538	0	0	0	0	0	0	0	0	0	0	0.6	0.0462	0	0	0	0
90ef395f1d997653e257402aae864594	2017-01-01	0	0	0	0	0	0	0	0	0	0	0	0	0	0	0	0	0	0	0	0	0	0	0	0	0	0	0	0	0	0	0	0	0	0	0	0	0	0	0	0	0	0	0	0	0	0	0	0	0	0	0	0	0	0	0	0	0	0	0	0	0	0	0	0	0	0	0	0	0	0	0	0	0	0	0	0	0	0	0	0	0	0	0	0	0	0
91a810af58cb485100a4e5187fc2a000	2017-01-01	0	0	0	0	0	0	0	0	0	0	0	0	0	0	0	0	0	0	0	0	0	0	0	0	0	0	0	0	0	0	0	0	0	0	0	0	0	0	0	0	0	0	0	0	0	0	0	0	0	0	0	0	0	0	0	0	0	0	0	0	0	0	0	0	0	0	0	0	0	0	0	0	0	0	0	0	0	0	0	0	0	0	0	0	0	0
93335c5dcad8b3ae7b89faa3b0d37a87	2017-01-01	0.1488	0.0744	0.095	0.012	0.5556	0.7778	0.1483	0.1636	0	0	0	0	0	0	0	0	0	0	0	0	1	1	1	1	0	0	0	0	0.7778	0.9333	0.7143	0.6667	0	0	0	0	0	0	0	0	0	0	0	0	0.1111	0.0121	0.1429	0.037	0.1111	0.0545	0.1429	0.2963	0.0165	0.0165	0.0007	0.0008	1	1	0	0	0	0	0	0	0	0	0	0	0	0	0	0	0	0	0	0	0	0	0	0	1	1	0	0	0	0
93f770691e4bbd86aaa47bdc7b43953f	2017-01-01	0	0	0	0	0	0	0	0	0	0	0	0	0	0	0	0	0	0	0	0	0	0	0	0	0	0	0	0	0	0	0	0	0	0	0	0	0	0	0	0	0	0	0	0	0	0	0	0	0	0	0	0	0	0	0	0	0	0	0	0	0	0	0	0	0	0	0	0	0	0	0	0	0	0	0	0	0	0	0	0	0	0	0	0	0	0
990490959589135f2da8a049ee297b38	2017-01-01	0.1053	0.0526	0.1053	0.0264	0	0	0	0	0	0	0	0	0	0	0	0	0	0	0	0	1	1	0	0	0	0	0	0	1	1	0	0	0	0	0	0	0	0	0	0	0	0	0	0	0	0	0	0	0	0	0	0	0.1053	0.0526	0.0265	0.0264	1	1	0	0	0	0	0	0	0	0	0	0	0	0	0	0	0	0	0	0	0	0	0	0	1	1	0	0	0	0
994c316a0c5b2ae2a15cd71165edae54	2017-01-01	0	0	0	0	0	0	0	0	0	0	0	0	0	0	0	0	0	0	0	0	0	0	0	0	0	0	0	0	0	0	0	0	0	0	0	0	0	0	0	0	0	0	0	0	0	0	0	0	0	0	0	0	0	0	0	0	0	0	0	0	0	0	0	0	0	0	0	0	0	0	0	0	0	0	0	0	0	0	0	0	0	0	0	0	0	0
9956b439461c851abe63b61df721fed5	2017-01-01	0	0	0	0	0	0	0	0	0	0	0	0	0	0	0	0	0	0	0	0	0	0	0	0	0	0	0	0	0	0	0	0	0	0	0	0	0	0	0	0	0	0	0	0	0	0	0	0	0	0	0	0	0	0	0	0	0	0	0	0	0	0	0	0	0	0	0	0	0	0	0	0	0	0	0	0	0	0	0	0	0	0	0	0	0	0
9ad07e50fb71006b18552227d46f7647	2017-01-01	0.0769	0	0.0667	0	0	0	0	0	0	0	0	0	0	0	0	0	0	0	0	0	1	1	0	0	0	0	0	0	0	0	0	0	0	0	0	0	0	0	0	0	0	0	0	0	0	0	0	0	0	0	0	0	0.1538	0.0769	0.0336	0.0334	1	1	0	0	0	0	0	0	0	0	0	0	1	1	0	0	0	0	0	0	0	0	0	0	0	0	0	0	0	0
9c7a36e36eb4da6289d191f9a8b208b1	2017-01-01	0.16	0.08	0.1144	0.0671	0	0	0	0	0	0	0	0	0	0	0	0	0	0	0	0	1	1	0	0	0	0	0	0	1	1	0	0	0	0	0	0	0	0	0	0	0	0	0	0	0	0	0	0	0	0	0	0	0.08	0.08	0.0355	0.0355	1	1	0	0	0	0	0	0	0	0	0	0	0.5	0.9444	0	0	0	0	0	0	0	0	0	0	0	0	0	0	0.5	0.0556
9ce8f5d5660545b244d6132cee72e485	2017-01-01	0.1818	0.1364	0.1667	0.1251	0.5	0.3333	0.4976	0.3317	0	0	0	0	0	0	0	0	0	0	0	0	1	1	1	1	0	0	0	0	0.3333	0.3333	0	0	0	0	0	0	0.3333	0.3333	0	0	0	0	0	0	0	0	0	0	0.3333	0.3333	1	1	0.0909	0	0.0419	0	1	1	0	0	0	0	0	0	0	0	0	0	0	0	0	0	0	0	0	0	0	0	0	0	0	0	0	0	0	0
9cecd287407f458440ae0eef21051ef4	2017-01-01	0	0	0	0	0	0	0	0	0	0	0	0	0	0	0	0	0	0	0	0	0	0	0	0	0	0	0	0	0	0	0	0	0	0	0	0	0	0	0	0	0	0	0	0	0	0	0	0	0	0	0	0	0	0	0	0	0	0	0	0	0	0	0	0	0	0	0	0	0	0	0	0	0	0	0	0	0	0	0	0	0	0	0	0	0	0
9d6f526a71e641f25fb279450e105175	2017-01-01	0.1513	0.0756	0.124	0.0155	0.5556	0.7778	0.0572	0.1653	0	0	0	0	0	0	0	0	0	0	0	0	1	1	1	1	0	0	0	0	0.7778	0.9364	0.7143	0.6667	0	0	0	0	0	0	0	0	0	0	0	0	0.1111	0.0085	0.1429	0.0256	0.1111	0.0551	0.1429	0.3077	0.0168	0.0084	0.0009	0.0009	1	1	0	0	0	0	0	0	0	0	0	0	0	0	0	0	0	0	0	0	0	0	0	0	1	1	0	0	0	0
9df9f07a1a51da47699835763d483f84	2017-01-01	0.1573	0.0449	0.1936	0.0188	0.2857	0.75	0.1158	0.4839	0	0	0	0	0	0	0	0	0	0	0	0	0.9286	0.9969	0.75	0.9865	0.0714	0.0031	0.25	0.0135	1	1	1	1	0	0	0	0	0	0	0	0	0	0	0	0	0	0	0	0	0	0	0	0	0.0225	0.0112	0.0039	0.0036	1	1	0	0	0	0	0	0	0	0	0	0	1	1	0	0	0	0	0	0	0	0	0	0	0	0	0	0	0	0
9e3578b95da0fd7fa24bd1edc8a72514	2017-01-01	0	0	0	0	0	0	0	0	0	0	0	0	0	0	0	0	0	0	0	0	0	0	0	0	0	0	0	0	0	0	0	0	0	0	0	0	0	0	0	0	0	0	0	0	0	0	0	0	0	0	0	0	0	0	0	0	0	0	0	0	0	0	0	0	0	0	0	0	0	0	0	0	0	0	0	0	0	0	0	0	0	0	0	0	0	0
9f80afd3dad3d334c87ed640d79ca80f	2017-01-01	0	0	0	0	0	0	0	0	0	0	0	0	0	0	0	0	0	0	0	0	0	0	0	0	0	0	0	0	0	0	0	0	0	0	0	0	0	0	0	0	0	0	0	0	0	0	0	0	0	0	0	0	0	0	0	0	0	0	0	0	0	0	0	0	0	0	0	0	0	0	0	0	0	0	0	0	0	0	0	0	0	0	0	0	0	0
a08c621db7f9ee4ab68970e471c96e9c	2017-01-01	0	0	0	0	0	0	0	0	0	0	0	0	0	0	0	0	0	0	0	0	0	0	0	0	0	0	0	0	0	0	0	0	0	0	0	0	0	0	0	0	0	0	0	0	0	0	0	0	0	0	0	0	0	0	0	0	0	0	0	0	0	0	0	0	0	0	0	0	0	0	0	0	0	0	0	0	0	0	0	0	0	0	0	0	0	0
a1f1b4ab40ccdcb8e6a6b1b646e26d6b	2017-01-01	0.1573	0.0449	0.1938	0.0185	0.2857	0.75	0.0861	0.1707	0	0	0	0	0	0	0	0	0	0	0	0	0.9286	0.9977	0.75	0.9865	0.0714	0.0023	0.25	0.0135	1	1	1	1	0	0	0	0	0	0	0	0	0	0	0	0	0	0	0	0	0	0	0	0	0.0225	0.0112	0.0038	0.0036	1	1	0	0	0	0	0	0	0	0	0	0	1	1	0	0	0	0	0	0	0	0	0	0	0	0	0	0	0	0
a2799617cc1765ba99a7d015456ec453	2017-01-01	0	0	0	0	0	0	0	0	0	0	0	0	0	0	0	0	0	0	0	0	0	0	0	0	0	0	0	0	0	0	0	0	0	0	0	0	0	0	0	0	0	0	0	0	0	0	0	0	0	0	0	0	0	0	0	0	0	0	0	0	0	0	0	0	0	0	0	0	0	0	0	0	0	0	0	0	0	0	0	0	0	0	0	0	0	0
a307c1ec82c1270af8cef959b5675cdd	2017-01-01	0	0	0	0	0	0	0	0	0	0	0	0	0	0	0	0	0	0	0	0	0	0	0	0	0	0	0	0	0	0	0	0	0	0	0	0	0	0	0	0	0	0	0	0	0	0	0	0	0	0	0	0	0	0	0	0	0	0	0	0	0	0	0	0	0	0	0	0	0	0	0	0	0	0	0	0	0	0	0	0	0	0	0	0	0	0
a5703782897d22d3e1ab2dcc543330a1	2017-01-01	0	0	0	0	0	0	0	0	0	0	0	0	0	0	0	0	0	0	0	0	0	0	0	0	0	0	0	0	0	0	0	0	0	0	0	0	0	0	0	0	0	0	0	0	0	0	0	0	0	0	0	0	0	0	0	0	0	0	0	0	0	0	0	0	0	0	0	0	0	0	0	0	0	0	0	0	0	0	0	0	0	0	0	0	0	0
a621ef2b907785399585e22ba7db4b87	2017-01-01	0.1757	0.0946	0.1452	0.0846	0.1538	0.2857	0.0514	0.0882	0	0	0	0	0	0	0	0	0.0769	0.0524	0	0	0.9231	0.9476	1	1	0	0	0	0	0.4286	0.183	0	0	0	0	0	0	0.4286	0.8136	0.5	0.9811	0	0	0	0	0	0	0	0	0.1429	0.0033	0.5	0.0189	0.0811	0.0405	0.0159	0.0155	0.3333	0.4867	0.3333	0.0265	0	0	0	0	0.3333	0.4867	0	0	1	1	0	0	0	0	0	0	0	0	0	0	0	0	0	0	0	0
a6cd009669a087d04362ea9a0171a994	2017-01-01	0.1754	0.0351	0.1273	0.0084	0.4	0.5	0.1426	0.1664	0	0	0	0	0	0	0	0	0	0	0	0	1	1	1	1	0	0	0	0	1	1	1	1	0	0	0	0	0	0	0	0	0	0	0	0	0	0	0	0	0	0	0	0	0.0351	0.0175	0.0014	0.0014	1	1	0	0	0	0	0	0	0	0	0	0	0	0	0	0	0	0	0	0	0	0	0	0	1	1	0	0	0	0
a7c13bc36dcef7ae819ea0b9bf3c0158	2017-01-01	0	0	0	0	0	0	0	0	0	0	0	0	0	0	0	0	0	0	0	0	0	0	0	0	0	0	0	0	0	0	0	0	0	0	0	0	0	0	0	0	0	0	0	0	0	0	0	0	0	0	0	0	0	0	0	0	0	0	0	0	0	0	0	0	0	0	0	0	0	0	0	0	0	0	0	0	0	0	0	0	0	0	0	0	0	0
a999e66d06d7d5df8bd10b8991c7ec40	2017-01-01	0.1627	0.006	0.0813	0.0001	0.1481	1	0.0061	0.9512	0	0	0	0	0	0	0	0	0	0	0	0	1	1	1	1	0	0	0	0	1	1	1	1	0	0	0	0	0	0	0	0	0	0	0	0	0	0	0	0	0	0	0	0	0.012	0.006	0.0003	0.0003	1	1	0	0	0	0	0	0	0	0	0	0	0	0	0	0	0	0	0	0	0	0	0	0	1	1	0	0	0	0
a9b6dce4eaaab95e4088676ce6dda68a	2017-01-01	0	0	0	0	0	0	0	0	0	0	0	0	0	0	0	0	0	0	0	0	0	0	0	0	0	0	0	0	0	0	0	0	0	0	0	0	0	0	0	0	0	0	0	0	0	0	0	0	0	0	0	0	0	0	0	0	0	0	0	0	0	0	0	0	0	0	0	0	0	0	0	0	0	0	0	0	0	0	0	0	0	0	0	0	0	0
abe6a2488734927ceab4b213988b750a	2017-01-01	0	0	0	0	0	0	0	0	0	0	0	0	0	0	0	0	0	0	0	0	0	0	0	0	0	0	0	0	0	0	0	0	0	0	0	0	0	0	0	0	0	0	0	0	0	0	0	0	0	0	0	0	0	0	0	0	0	0	0	0	0	0	0	0	0	0	0	0	0	0	0	0	0	0	0	0	0	0	0	0	0	0	0	0	0	0
afead68c3a240d5f9553a565909cc7c1	2017-01-01	0	0	0	0	0	0	0	0	0	0	0	0	0	0	0	0	0	0	0	0	0	0	0	0	0	0	0	0	0	0	0	0	0	0	0	0	0	0	0	0	0	0	0	0	0	0	0	0	0	0	0	0	0	0	0	0	0	0	0	0	0	0	0	0	0	0	0	0	0	0	0	0	0	0	0	0	0	0	0	0	0	0	0	0	0	0
b3230ca8e6ba3f27d6b113ae2e8c5909	2017-01-01	0	0	0	0	0	0	0	0	0	0	0	0	0	0	0	0	0	0	0	0	0	0	0	0	0	0	0	0	0	0	0	0	0	0	0	0	0	0	0	0	0	0	0	0	0	0	0	0	0	0	0	0	0	0	0	0	0	0	0	0	0	0	0	0	0	0	0	0	0	0	0	0	0	0	0	0	0	0	0	0	0	0	0	0	0	0
b50cbe135c0237d3cc0e807542e21b0f	2017-01-01	0.1243	0.0226	0.217	0.0066	0.1818	0.5	0.0201	0.1053	0	0	0	0	0	0	0	0	0	0	0	0	1	1	1	1	0	0	0	0	0.5	0.2353	0	0	0.25	0.1053	0.5	0.9706	0.25	0.6594	0.5	0.0294	0	0	0	0	0	0	0	0	0	0	0	0	0.0113	0.0056	0.0008	0.0008	1	1	0	0	0	0	0	0	0	0	0	0	0	0	0	0	0	0	0	0	0	0	0	0	1	1	0	0	0	0
b63ddb0bdef9bb9f66f33336401e5a75	2017-01-01	0.16	0.08	0.1157	0.0661	0	0	0	0	0	0	0	0	0	0	0	0	0	0	0	0	1	1	0	0	0	0	0	0	1	1	0	0	0	0	0	0	0	0	0	0	0	0	0	0	0	0	0	0	0	0	0	0	0.08	0.08	0.0342	0.0342	1	1	0	0	0	0	0	0	0	0	0	0	0.5	0.9655	0	0	0	0	0	0	0	0	0	0	0	0	0	0	0.5	0.0345
b6713952a03304c8b51f8570e54eb0aa	2017-01-01	0	0	0	0	0	0	0	0	0	0	0	0	0	0	0	0	0	0	0	0	0	0	0	0	0	0	0	0	0	0	0	0	0	0	0	0	0	0	0	0	0	0	0	0	0	0	0	0	0	0	0	0	0	0	0	0	0	0	0	0	0	0	0	0	0	0	0	0	0	0	0	0	0	0	0	0	0	0	0	0	0	0	0	0	0	0
b7e65ae51bb2fefbb6a618d61413aceb	2017-01-01	0	0	0	0	0	0	0	0	0	0	0	0	0	0	0	0	0	0	0	0	0	0	0	0	0	0	0	0	0	0	0	0	0	0	0	0	0	0	0	0	0	0	0	0	0	0	0	0	0	0	0	0	0	0	0	0	0	0	0	0	0	0	0	0	0	0	0	0	0	0	0	0	0	0	0	0	0	0	0	0	0	0	0	0	0	0
ba066360ee2d33947922376889e41493	2017-01-01	0	0	0	0	0	0	0	0	0	0	0	0	0	0	0	0	0	0	0	0	0	0	0	0	0	0	0	0	0	0	0	0	0	0	0	0	0	0	0	0	0	0	0	0	0	0	0	0	0	0	0	0	0	0	0	0	0	0	0	0	0	0	0	0	0	0	0	0	0	0	0	0	0	0	0	0	0	0	0	0	0	0	0	0	0	0
baa23b782aebbd2a8feb6cee42cc995a	2017-01-01	0	0	0	0	0	0	0	0	0	0	0	0	0	0	0	0	0	0	0	0	0	0	0	0	0	0	0	0	0	0	0	0	0	0	0	0	0	0	0	0	0	0	0	0	0	0	0	0	0	0	0	0	0	0	0	0	0	0	0	0	0	0	0	0	0	0	0	0	0	0	0	0	0	0	0	0	0	0	0	0	0	0	0	0	0	0
baff31d5856bd1d877c813ff2aa59ab1	2017-01-01	0	0	0	0	0	0	0	0	0	0	0	0	0	0	0	0	0	0	0	0	0	0	0	0	0	0	0	0	0	0	0	0	0	0	0	0	0	0	0	0	0	0	0	0	0	0	0	0	0	0	0	0	0	0	0	0	0	0	0	0	0	0	0	0	0	0	0	0	0	0	0	0	0	0	0	0	0	0	0	0	0	0	0	0	0	0
bb38776518cc628d8327227b77bca9a1	2017-01-01	0	0	0	0	0	0	0	0	0	0	0	0	0	0	0	0	0	0	0	0	0	0	0	0	0	0	0	0	0	0	0	0	0	0	0	0	0	0	0	0	0	0	0	0	0	0	0	0	0	0	0	0	0	0	0	0	0	0	0	0	0	0	0	0	0	0	0	0	0	0	0	0	0	0	0	0	0	0	0	0	0	0	0	0	0	0
bb420db766c38fcf1fa0b74cd06c1318	2017-01-01	0.1948	0.0519	0.2003	0.0618	0.3	1	0.1867	0.9972	0	0	0	0	0.0667	0.033	0.2222	0.1172	0	0	0	0	0.9333	0.967	0.7778	0.8828	0	0	0	0	0.875	0.9643	0.875	0.9645	0	0	0	0	0	0	0	0	0	0	0	0	0	0	0	0	0.125	0.0357	0.125	0.0355	0.013	0.0065	0.0022	0.0022	1	1	0	0	0	0	0	0	0	0	0	0	0	0	0	0	0	0	0	0	1	1	0	0	0	0	0	0	0	0
bc6402b7952093198d6d2dbd2fc9aa72	2017-01-01	0.2333	0.0556	0.204	0.0249	0.5238	0.8	0.1213	0.7437	0	0	0	0	0	0	0	0	0	0	0	0	1	1	1	1	0	0	0	0	0.8	0.7538	0.75	0.6706	0	0	0	0	0	0	0	0	0	0	0	0	0	0	0	0	0.2	0.2462	0.25	0.3294	0.0333	0.0111	0.0062	0.0061	0.6667	0.9949	0	0	0.3333	0.0051	0	0	0	0	0	0	0	0	0	0	0	0	0	0	0	0	0	0	1	1	0	0	0	0
bde82278fa39ea736ccd1611e2e314cb	2017-01-01	0.1633	0.0612	0.2343	0.0188	0.875	0.6667	0.0931	0.3315	0	0	0	0	0	0	0	0	0	0	0	0	1	1	1	1	0	0	0	0	1	1	1	1	0	0	0	0	0	0	0	0	0	0	0	0	0	0	0	0	0	0	0	0	0.0408	0.0408	0.0032	0.0032	1	1	0	0	0	0	0	0	0	0	0	0	0.5	0.9944	0	0	0	0	0	0	0	0	0	0	0.5	0.0056	0	0	0	0
c15868703ccd8f7b39654432a23d50af	2017-01-01	0	0	0	0	0	0	0	0	0	0	0	0	0	0	0	0	0	0	0	0	0	0	0	0	0	0	0	0	0	0	0	0	0	0	0	0	0	0	0	0	0	0	0	0	0	0	0	0	0	0	0	0	0	0	0	0	0	0	0	0	0	0	0	0	0	0	0	0	0	0	0	0	0	0	0	0	0	0	0	0	0	0	0	0	0	0
c171a04a65f9b18bd6da16c86f97c083	2017-01-01	0.1243	0.0226	0.2171	0.0065	0.1818	0.5	0.0131	0.1102	0	0	0	0	0	0	0	0	0	0	0	0	1	1	1	1	0	0	0	0	0.5	0.2314	0	0	0.25	0.1102	0.5	0.975	0.25	0.6584	0.5	0.025	0	0	0	0	0	0	0	0	0	0	0	0	0.0113	0.0056	0.0008	0.0008	1	1	0	0	0	0	0	0	0	0	0	0	0	0	0	0	0	0	0	0	0	0	0	0	1	1	0	0	0	0
c18db3681e24af4083c62a83afdd421f	2017-01-01	0.1633	0.0612	0.2343	0.0188	0.875	0.6667	0.0931	0.3312	0	0	0	0	0	0	0	0	0	0	0	0	1	1	1	1	0	0	0	0	1	1	1	1	0	0	0	0	0	0	0	0	0	0	0	0	0	0	0	0	0	0	0	0	0.0408	0.0408	0.0032	0.0032	1	1	0	0	0	0	0	0	0	0	0	0	0.5	0.9935	0	0	0	0	0	0	0	0	0	0	0.5	0.0065	0	0	0	0
c36afe43473a3caf5dd2dfd549d0ecdb	2017-01-01	0.1569	0.098	0.1522	0.0651	0.375	0.2	0.2368	0.1846	0	0	0	0	0	0	0	0	0	0	0	0	1	1	1	1	0	0	0	0	0.8	0.8	0	0	0	0	0	0	0	0	0	0	0	0	0	0	0	0	0	0	0.2	0.2	1	1	0.0392	0.0196	0.014	0.013	1	1	0	0	0	0	0	0	0	0	0	0	1	1	0	0	0	0	0	0	0	0	0	0	0	0	0	0	0	0
c3fbf159b56f8501dbe976220f9dce53	2017-01-01	0.2333	0.0556	0.204	0.0249	0.5238	0.8	0.1213	0.744	0	0	0	0	0	0	0	0	0	0	0	0	1	1	1	1	0	0	0	0	0.8	0.7536	0.75	0.6704	0	0	0	0	0	0	0	0	0	0	0	0	0	0	0	0	0.2	0.2464	0.25	0.3296	0.0333	0.0111	0.0062	0.0061	0.6667	0.9952	0	0	0.3333	0.0048	0	0	0	0	0	0	0	0	0	0	0	0	0	0	0	0	0	0	1	1	0	0	0	0
c58c6021dcdbe2eee513192088e56dd5	2017-01-01	0	0	0	0	0	0	0	0	0	0	0	0	0	0	0	0	0	0	0	0	0	0	0	0	0	0	0	0	0	0	0	0	0	0	0	0	0	0	0	0	0	0	0	0	0	0	0	0	0	0	0	0	0	0	0	0	0	0	0	0	0	0	0	0	0	0	0	0	0	0	0	0	0	0	0	0	0	0	0	0	0	0	0	0	0	0
cc5c6c3e00996e086bf2137836ee097c	2017-01-01	0.1702	0.0638	0.192	0.0608	0.625	1	0.4356	0.9062	0	0	0	0	0	0	0	0	0	0	0	0	1	1	1	1	0	0	0	0	0.6667	0.9375	0.6667	0.9655	0	0	0	0	0	0	0	0	0	0	0	0	0.3333	0.0625	0.3333	0.0345	0	0	0	0	0.0426	0.0426	0.0304	0.0304	1	1	0	0	0	0	0	0	0	0	0	0	0	0	0	0	0	0	0	0	0	0	0	0	0.5	0.9375	0	0	0.5	0.0625
cc975dbb0f2eabc3ae47a740710edae9	2017-01-01	0.1053	0.0526	0.1053	0.0264	0	0	0	0	0	0	0	0	0	0	0	0	0	0	0	0	1	1	0	0	0	0	0	0	1	1	0	0	0	0	0	0	0	0	0	0	0	0	0	0	0	0	0	0	0	0	0	0	0.1053	0.0526	0.0265	0.0264	1	1	0	0	0	0	0	0	0	0	0	0	0	0	0	0	0	0	0	0	0	0	0	0	1	1	0	0	0	0
cccb02ef89982e3650138daad74e2922	2017-01-01	0.1579	0.0526	0.097	0.0323	0	0	0	0	0	0	0	0	0	0	0	0	0	0	0	0	1	1	0	0	0	0	0	0	1	1	0	0	0	0	0	0	0	0	0	0	0	0	0	0	0	0	0	0	0	0	0	0	0.1053	0.1053	0.0325	0.0325	1	1	0	0	0	0	0	0	0	0	0	0	0	0	0	0	0	0	0	0	0	0	0	0	1	1	0	0	0	0
ccd8e5e4b917e3cf09d00d71300c137e	2017-01-01	0.1243	0.0226	0.218	0.0064	0.1818	0.5	0.0099	0.1127	0	0	0	0	0	0	0	0	0	0	0	0	1	1	1	1	0	0	0	0	0.5	0.2254	0	0	0.25	0.1127	0.5	0.975	0.25	0.662	0.5	0.025	0	0	0	0	0	0	0	0	0	0	0	0	0.0113	0.0056	0.0007	0.0007	1	1	0	0	0	0	0	0	0	0	0	0	0	0	0	0	0	0	0	0	0	0	0	0	1	1	0	0	0	0
cce5f43bef512d8655e2fc71031af0e1	2017-01-01	0	0	0	0	0	0	0	0	0	0	0	0	0	0	0	0	0	0	0	0	0	0	0	0	0	0	0	0	0	0	0	0	0	0	0	0	0	0	0	0	0	0	0	0	0	0	0	0	0	0	0	0	0	0	0	0	0	0	0	0	0	0	0	0	0	0	0	0	0	0	0	0	0	0	0	0	0	0	0	0	0	0	0	0	0	0
cd2d8ae3e94a5ff53a689edf1624ad7a	2017-01-01	0	0	0	0	0	0	0	0	0	0	0	0	0	0	0	0	0	0	0	0	0	0	0	0	0	0	0	0	0	0	0	0	0	0	0	0	0	0	0	0	0	0	0	0	0	0	0	0	0	0	0	0	0	0	0	0	0	0	0	0	0	0	0	0	0	0	0	0	0	0	0	0	0	0	0	0	0	0	0	0	0	0	0	0	0	0
cd6287c9df81e618bbef958115acfaf6	2017-01-01	0.1243	0.0226	0.2178	0.0065	0.1818	0.5	0.0102	0.112	0	0	0	0	0	0	0	0	0	0	0	0	1	1	1	1	0	0	0	0	0.5	0.229	0	0	0.25	0.112	0.5	0.9773	0.25	0.659	0.5	0.0227	0	0	0	0	0	0	0	0	0	0	0	0	0.0113	0.0056	0.0008	0.0007	1	1	0	0	0	0	0	0	0	0	0	0	0	0	0	0	0	0	0	0	0	0	0	0	1	1	0	0	0	0
ce233b164b4d2b9764a62312724e1155	2017-01-01	0.1515	0.0909	0.1554	0.0941	0.4	1	0.2958	0.907	0	0	0	0	0	0	0	0	0	0	0	0	1	1	1	1	0	0	0	0	1	1	1	1	0	0	0	0	0	0	0	0	0	0	0	0	0	0	0	0	0	0	0	0	0.2424	0.2424	0.0963	0.0963	1	1	0	0	0	0	0	0	0	0	0	0	0	0	0.5	0.0909	0	0	0	0	0.5	0.9091	0	0	0	0	0	0	0	0
ce3566a0d67ce0b9ae1d8bab314304e1	2017-01-01	0	0	0	0	0	0	0	0	0	0	0	0	0	0	0	0	0	0	0	0	0	0	0	0	0	0	0	0	0	0	0	0	0	0	0	0	0	0	0	0	0	0	0	0	0	0	0	0	0	0	0	0	0	0	0	0	0	0	0	0	0	0	0	0	0	0	0	0	0	0	0	0	0	0	0	0	0	0	0	0	0	0	0	0	0	0
ce843b69b1b55a8eacc70509e9edb8a5	2017-01-01	0.1579	0.0526	0.097	0.0323	0	0	0	0	0	0	0	0	0	0	0	0	0	0	0	0	1	1	0	0	0	0	0	0	1	1	0	0	0	0	0	0	0	0	0	0	0	0	0	0	0	0	0	0	0	0	0	0	0.1053	0.1053	0.0326	0.0326	1	1	0	0	0	0	0	0	0	0	0	0	0	0	0	0	0	0	0	0	0	0	0	0	1	1	0	0	0	0
cef5994fe3de19b5f6b8f4d4e00d5b54	2017-01-01	0	0	0	0	0	0	0	0	0	0	0	0	0	0	0	0	0	0	0	0	0	0	0	0	0	0	0	0	0	0	0	0	0	0	0	0	0	0	0	0	0	0	0	0	0	0	0	0	0	0	0	0	0	0	0	0	0	0	0	0	0	0	0	0	0	0	0	0	0	0	0	0	0	0	0	0	0	0	0	0	0	0	0	0	0	0
ceff84789e6e2aa8738d33d0eeeb6b33	2017-01-01	0	0	0	0	0	0	0	0	0	0	0	0	0	0	0	0	0	0	0	0	0	0	0	0	0	0	0	0	0	0	0	0	0	0	0	0	0	0	0	0	0	0	0	0	0	0	0	0	0	0	0	0	0	0	0	0	0	0	0	0	0	0	0	0	0	0	0	0	0	0	0	0	0	0	0	0	0	0	0	0	0	0	0	0	0	0
d0dd6ecd1e6eef31288c8f96f8a956e1	2017-01-01	0	0	0	0	0	0	0	0	0	0	0	0	0	0	0	0	0	0	0	0	0	0	0	0	0	0	0	0	0	0	0	0	0	0	0	0	0	0	0	0	0	0	0	0	0	0	0	0	0	0	0	0	0	0	0	0	0	0	0	0	0	0	0	0	0	0	0	0	0	0	0	0	0	0	0	0	0	0	0	0	0	0	0	0	0	0
d141f0f6d25179ce065bd5c5df445f9f	2017-01-01	0	0	0	0	0	0	0	0	0	0	0	0	0	0	0	0	0	0	0	0	0	0	0	0	0	0	0	0	0	0	0	0	0	0	0	0	0	0	0	0	0	0	0	0	0	0	0	0	0	0	0	0	0	0	0	0	0	0	0	0	0	0	0	0	0	0	0	0	0	0	0	0	0	0	0	0	0	0	0	0	0	0	0	0	0	0
d457917062fc4b370334e17d6191517a	2017-01-01	0	0	0	0	0	0	0	0	0	0	0	0	0	0	0	0	0	0	0	0	0	0	0	0	0	0	0	0	0	0	0	0	0	0	0	0	0	0	0	0	0	0	0	0	0	0	0	0	0	0	0	0	0	0	0	0	0	0	0	0	0	0	0	0	0	0	0	0	0	0	0	0	0	0	0	0	0	0	0	0	0	0	0	0	0	0
d46d4e1aceeafcb9d9c554e3d2c2c550	2017-01-01	0	0	0	0	0	0	0	0	0	0	0	0	0	0	0	0	0	0	0	0	0	0	0	0	0	0	0	0	0	0	0	0	0	0	0	0	0	0	0	0	0	0	0	0	0	0	0	0	0	0	0	0	0	0	0	0	0	0	0	0	0	0	0	0	0	0	0	0	0	0	0	0	0	0	0	0	0	0	0	0	0	0	0	0	0	0
d6536d9e2bfa90a26ee21b2da6073716	2017-01-01	0	0	0	0	0	0	0	0	0	0	0	0	0	0	0	0	0	0	0	0	0	0	0	0	0	0	0	0	0	0	0	0	0	0	0	0	0	0	0	0	0	0	0	0	0	0	0	0	0	0	0	0	0	0	0	0	0	0	0	0	0	0	0	0	0	0	0	0	0	0	0	0	0	0	0	0	0	0	0	0	0	0	0	0	0	0
d8ef2a45dcd463843ffa66338c274dea	2017-01-01	0.1243	0.0226	0.2178	0.0064	0.1818	0.5	0.0099	0.1127	0	0	0	0	0	0	0	0	0	0	0	0	1	1	1	1	0	0	0	0	0.5	0.2254	0	0	0.25	0.1127	0.5	0.975	0.25	0.662	0.5	0.025	0	0	0	0	0	0	0	0	0	0	0	0	0.0113	0.0056	0.0007	0.0007	1	1	0	0	0	0	0	0	0	0	0	0	0	0	0	0	0	0	0	0	0	0	0	0	1	1	0	0	0	0
da961cebe836753549bc186019f05fd5	2017-01-01	0	0	0	0	0	0	0	0	0	0	0	0	0	0	0	0	0	0	0	0	0	0	0	0	0	0	0	0	0	0	0	0	0	0	0	0	0	0	0	0	0	0	0	0	0	0	0	0	0	0	0	0	0	0	0	0	0	0	0	0	0	0	0	0	0	0	0	0	0	0	0	0	0	0	0	0	0	0	0	0	0	0	0	0	0	0
db9241647a64b27b8ff60a6f51cabf8c	2017-01-01	0	0	0	0	0	0	0	0	0	0	0	0	0	0	0	0	0	0	0	0	0	0	0	0	0	0	0	0	0	0	0	0	0	0	0	0	0	0	0	0	0	0	0	0	0	0	0	0	0	0	0	0	0	0	0	0	0	0	0	0	0	0	0	0	0	0	0	0	0	0	0	0	0	0	0	0	0	0	0	0	0	0	0	0	0	0
dc647f42fe9568c823973743d5f23352	2017-01-01	0	0	0	0	0	0	0	0	0	0	0	0	0	0	0	0	0	0	0	0	0	0	0	0	0	0	0	0	0	0	0	0	0	0	0	0	0	0	0	0	0	0	0	0	0	0	0	0	0	0	0	0	0	0	0	0	0	0	0	0	0	0	0	0	0	0	0	0	0	0	0	0	0	0	0	0	0	0	0	0	0	0	0	0	0	0
dcca3c5008e82c47c7ffca08202ff0da	2017-01-01	0	0	0	0	0	0	0	0	0	0	0	0	0	0	0	0	0	0	0	0	0	0	0	0	0	0	0	0	0	0	0	0	0	0	0	0	0	0	0	0	0	0	0	0	0	0	0	0	0	0	0	0	0	0	0	0	0	0	0	0	0	0	0	0	0	0	0	0	0	0	0	0	0	0	0	0	0	0	0	0	0	0	0	0	0	0
de4219a7a8b42f5d8b08545fe3c41078	2017-01-01	0.1573	0.0449	0.1936	0.0188	0.2857	0.75	0.1399	0.7368	0	0	0	0	0	0	0	0	0	0	0	0	0.9286	0.9966	0.75	0.9878	0.0714	0.0034	0.25	0.0122	1	1	1	1	0	0	0	0	0	0	0	0	0	0	0	0	0	0	0	0	0	0	0	0	0.0225	0.0112	0.004	0.0036	1	1	0	0	0	0	0	0	0	0	0	0	1	1	0	0	0	0	0	0	0	0	0	0	0	0	0	0	0	0
de6c711bfe4a477994637ece7af805ce	2017-01-01	0	0	0	0	0	0	0	0	0	0	0	0	0	0	0	0	0	0	0	0	0	0	0	0	0	0	0	0	0	0	0	0	0	0	0	0	0	0	0	0	0	0	0	0	0	0	0	0	0	0	0	0	0.5	0.25	0.5	0.4974	1	1	0	0	0	0	0	0	0	0	0	0	0	0	0	0	0	0	0	0	0	0	0	0	1	1	0	0	0	0
de7750dad4da6c10a6e3fbb342a7f713	2017-01-01	0.2	0.04	0.2582	0.1068	0.2	1	0.0115	0.0278	0	0	0	0	0	0	0	0	0	0	0	0	1	1	1	1	0	0	0	0	0	0	0	0	0	0	0	0	0	0	0	0	0	0	0	0	1	1	1	1	0	0	0	0	0.08	0.04	0.0208	0.0178	1	1	0	0	0	0	0	0	0	0	0	0	1	1	0	0	0	0	0	0	0	0	0	0	0	0	0	0	0	0
dff498988af219a4630cee6e1ec83f63	2017-01-01	0	0	0	0	0	0	0	0	0	0	0	0	0	0	0	0	0	0	0	0	0	0	0	0	0	0	0	0	0	0	0	0	0	0	0	0	0	0	0	0	0	0	0	0	0	0	0	0	0	0	0	0	0	0	0	0	0	0	0	0	0	0	0	0	0	0	0	0	0	0	0	0	0	0	0	0	0	0	0	0	0	0	0	0	0	0
e3291e6754539d37d4c198c3ca7b8ddb	2017-01-01	0	0	0	0	0	0	0	0	0	0	0	0	0	0	0	0	0	0	0	0	0	0	0	0	0	0	0	0	0	0	0	0	0	0	0	0	0	0	0	0	0	0	0	0	0	0	0	0	0	0	0	0	0	0	0	0	0	0	0	0	0	0	0	0	0	0	0	0	0	0	0	0	0	0	0	0	0	0	0	0	0	0	0	0	0	0
e36dc994e9f5aa08b9d12f9ed76f0c16	2017-01-01	0.2333	0.0556	0.204	0.0249	0.5238	0.8	0.1213	0.7437	0	0	0	0	0	0	0	0	0	0	0	0	1	1	1	1	0	0	0	0	0.8	0.7538	0.75	0.6706	0	0	0	0	0	0	0	0	0	0	0	0	0	0	0	0	0.2	0.2462	0.25	0.3294	0.0333	0.0111	0.0062	0.0061	0.6667	0.9949	0	0	0.3333	0.0051	0	0	0	0	0	0	0	0	0	0	0	0	0	0	0	0	0	0	1	1	0	0	0	0
e3fd955b89388b7dd6b8e4b845a9eba9	2017-01-01	0.2	0.04	0.2763	0.0947	0.2	1	0.0095	0.0278	0	0	0	0	0	0	0	0	0	0	0	0	1	1	1	1	0	0	0	0	0	0	0	0	0	0	0	0	0	0	0	0	0	0	0	0	1	1	1	1	0	0	0	0	0.08	0.04	0.0184	0.0158	1	1	0	0	0	0	0	0	0	0	0	0	1	1	0	0	0	0	0	0	0	0	0	0	0	0	0	0	0	0
e6dcdca95ce5ccf168cbe5523660f56a	2017-01-01	0	0	0	0	0	0	0	0	0	0	0	0	0	0	0	0	0	0	0	0	0	0	0	0	0	0	0	0	0	0	0	0	0	0	0	0	0	0	0	0	0	0	0	0	0	0	0	0	0	0	0	0	0	0	0	0	0	0	0	0	0	0	0	0	0	0	0	0	0	0	0	0	0	0	0	0	0	0	0	0	0	0	0	0	0	0
e7f4c71bad64cb2b0ff4fadffb27cb99	2017-01-01	0.1639	0.0164	0.1867	0.0093	0	0	0	0	0	0	0	0	0	0	0	0	0	0	0	0	1	1	0	0	0	0	0	0	0	0	0	0	0	0	0	0	0	0	0	0	0	0	0	0	0	0	0	0	1	1	0	0	0.0328	0.0164	0.0101	0.0093	1	1	0	0	0	0	0	0	0	0	0	0	1	1	0	0	0	0	0	0	0	0	0	0	0	0	0	0	0	0
e869d3a7e9e05936ca1fa0292074aab3	2017-01-01	0.0769	0	0.0667	0	0	0	0	0	0	0	0	0	0	0	0	0	0	0	0	0	1	1	0	0	0	0	0	0	0	0	0	0	0	0	0	0	0	0	0	0	0	0	0	0	0	0	0	0	0	0	0	0	0.1538	0.0769	0.0336	0.0334	1	1	0	0	0	0	0	0	0	0	0	0	1	1	0	0	0	0	0	0	0	0	0	0	0	0	0	0	0	0
e86a5627c8b176fd40bee86861afe3e9	2017-01-01	0.3077	0.0769	0.1019	0.0924	1	1	0.125	0.0345	0	0	0	0	0	0	0	0	0	0	0	0	1	1	1	1	0	0	0	0	0	0	0	0	0	0	0	0	0	0	0	0	0	0	0	0	1	1	1	1	0	0	0	0	0.1538	0.0769	0.0287	0.0255	1	1	0	0	0	0	0	0	0	0	0	0	1	1	0	0	0	0	0	0	0	0	0	0	0	0	0	0	0	0
e89f5db25be63382e5c571f2913c375b	2017-01-01	0.0769	0	0.0667	0	0	0	0	0	0	0	0	0	0	0	0	0	0	0	0	0	1	1	0	0	0	0	0	0	0	0	0	0	0	0	0	0	0	0	0	0	0	0	0	0	0	0	0	0	0	0	0	0	0.1538	0.0769	0.0336	0.0334	1	1	0	0	0	0	0	0	0	0	0	0	1	1	0	0	0	0	0	0	0	0	0	0	0	0	0	0	0	0
e8df232e84a16b9d9c5bfde3850d8640	2017-01-01	0	0	0	0	0	0	0	0	0	0	0	0	0	0	0	0	0	0	0	0	0	0	0	0	0	0	0	0	0	0	0	0	0	0	0	0	0	0	0	0	0	0	0	0	0	0	0	0	0	0	0	0	0	0	0	0	0	0	0	0	0	0	0	0	0	0	0	0	0	0	0	0	0	0	0	0	0	0	0	0	0	0	0	0	0	0
e9453f3af07492c4927a3f5eb22529a8	2017-01-01	0	0	0	0	0	0	0	0	0	0	0	0	0	0	0	0	0	0	0	0	0	0	0	0	0	0	0	0	0	0	0	0	0	0	0	0	0	0	0	0	0	0	0	0	0	0	0	0	0	0	0	0	0	0	0	0	0	0	0	0	0	0	0	0	0	0	0	0	0	0	0	0	0	0	0	0	0	0	0	0	0	0	0	0	0	0
e9a3bb1403f57ef0b0b6ace11c999844	2017-01-01	0	0	0	0	0	0	0	0	0	0	0	0	0	0	0	0	0	0	0	0	0	0	0	0	0	0	0	0	0	0	0	0	0	0	0	0	0	0	0	0	0	0	0	0	0	0	0	0	0	0	0	0	0	0	0	0	0	0	0	0	0	0	0	0	0	0	0	0	0	0	0	0	0	0	0	0	0	0	0	0	0	0	0	0	0	0
ea284a3f584eefa0f725699ce6c3688e	2017-01-01	0	0	0	0	0	0	0	0	0	0	0	0	0	0	0	0	0	0	0	0	0	0	0	0	0	0	0	0	0	0	0	0	0	0	0	0	0	0	0	0	0	0	0	0	0	0	0	0	0	0	0	0	0	0	0	0	0	0	0	0	0	0	0	0	0	0	0	0	0	0	0	0	0	0	0	0	0	0	0	0	0	0	0	0	0	0
eb4b48f6bf98b139c3de5e31638f21d2	2017-01-01	0	0	0	0	0	0	0	0	0	0	0	0	0	0	0	0	0	0	0	0	0	0	0	0	0	0	0	0	0	0	0	0	0	0	0	0	0	0	0	0	0	0	0	0	0	0	0	0	0	0	0	0	0	0	0	0	0	0	0	0	0	0	0	0	0	0	0	0	0	0	0	0	0	0	0	0	0	0	0	0	0	0	0	0	0	0
ecf1bc7437afe0ddca74b5656d16cb53	2017-01-01	0.1488	0.0744	0.1447	0.0186	0.5556	0.7778	0.1534	0.1603	0	0	0	0	0	0	0	0	0	0	0	0	1	1	1	1	0	0	0	0	0.7778	0.9389	0.7143	0.6667	0	0	0	0	0	0	0	0	0	0	0	0	0.1111	0.0076	0.1429	0.0238	0.1111	0.0534	0.1429	0.3095	0.0165	0.0165	0.0011	0.0012	1	1	0	0	0	0	0	0	0	0	0	0	0	0	0	0	0	0	0	0	0	0	0	0	1	1	0	0	0	0
efad50e316e8d75b52579f81720f8f6d	2017-01-01	0.1154	0.0577	0.2993	0.0028	0.5	0.8333	0.0017	0.2585	0	0	0	0	0	0	0	0	0	0	0	0	1	1	1	1	0	0	0	0	0.8333	0.9749	0.8	0.9119	0	0	0	0	0	0	0	0	0	0	0	0	0.0833	0.008	0.1	0.0264	0.0833	0.0171	0.1	0.0617	0.0192	0.0192	0.0001	0.0001	0.5	0.619	0.5	0.381	0	0	0	0	0	0	0	0	0	0	0	0	0	0	0	0	0.5	0.9524	0	0	0.5	0.0476	0	0	0	0
efbd7f67997e46fcb52a48dde3333d1e	2017-01-01	0.1243	0.0226	0.2174	0.0065	0.1818	0.5	0.0192	0.1108	0	0	0	0	0	0	0	0	0	0	0	0	1	1	1	1	0	0	0	0	0.5	0.227	0	0	0.25	0.1108	0.5	0.9756	0.25	0.6622	0.5	0.0244	0	0	0	0	0	0	0	0	0	0	0	0	0.0113	0.0056	0.0008	0.0007	1	1	0	0	0	0	0	0	0	0	0	0	0	0	0	0	0	0	0	0	0	0	0	0	1	1	0	0	0	0
f105ac47c7b9e1e68e3e782c89d2ef8f	2017-01-01	0	0	0	0	0	0	0	0	0	0	0	0	0	0	0	0	0	0	0	0	0	0	0	0	0	0	0	0	0	0	0	0	0	0	0	0	0	0	0	0	0	0	0	0	0	0	0	0	0	0	0	0	0	0	0	0	0	0	0	0	0	0	0	0	0	0	0	0	0	0	0	0	0	0	0	0	0	0	0	0	0	0	0	0	0	0
f153c3d83964b81c3376d00562bee6fa	2017-01-01	0	0	0	0	0	0	0	0	0	0	0	0	0	0	0	0	0	0	0	0	0	0	0	0	0	0	0	0	0	0	0	0	0	0	0	0	0	0	0	0	0	0	0	0	0	0	0	0	0	0	0	0	0	0	0	0	0	0	0	0	0	0	0	0	0	0	0	0	0	0	0	0	0	0	0	0	0	0	0	0	0	0	0	0	0	0
f1ce07f41ec57b85d395dd13619a1703	2017-01-01	0	0	0	0	0	0	0	0	0	0	0	0	0	0	0	0	0	0	0	0	0	0	0	0	0	0	0	0	0	0	0	0	0	0	0	0	0	0	0	0	0	0	0	0	0	0	0	0	0	0	0	0	0	0	0	0	0	0	0	0	0	0	0	0	0	0	0	0	0	0	0	0	0	0	0	0	0	0	0	0	0	0	0	0	0	0
f2e08579ffc4f07052a1be0d59abb754	2017-01-01	0	0	0	0	0	0	0	0	0	0	0	0	0	0	0	0	0	0	0	0	0	0	0	0	0	0	0	0	0	0	0	0	0	0	0	0	0	0	0	0	0	0	0	0	0	0	0	0	0	0	0	0	0	0	0	0	0	0	0	0	0	0	0	0	0	0	0	0	0	0	0	0	0	0	0	0	0	0	0	0	0	0	0	0	0	0
f2e1386868fcda6eaf50a7a50c380135	2017-01-01	0.25	0.0385	0.2585	0.0233	0.0769	1	0.0414	0.875	0.1538	0.0902	0	0	0	0	0	0	0	0	0	0	0.8462	0.9098	1	1	0	0	0	0	1	1	1	1	0	0	0	0	0	0	0	0	0	0	0	0	0	0	0	0	0	0	0	0	0.1154	0.1154	0.0418	0.0418	1	1	0	0	0	0	0	0	0	0	0	0	0	0	0.5	0.0698	0	0	0	0	0.5	0.9302	0	0	0	0	0	0	0	0
f54c4df831434aec19f540b2814ab02a	2017-01-01	0	0	0	0	0	0	0	0	0	0	0	0	0	0	0	0	0	0	0	0	0	0	0	0	0	0	0	0	0	0	0	0	0	0	0	0	0	0	0	0	0	0	0	0	0	0	0	0	0	0	0	0	0	0	0	0	0	0	0	0	0	0	0	0	0	0	0	0	0	0	0	0	0	0	0	0	0	0	0	0	0	0	0	0	0	0
f5a40cebe3e9ddeff5294d1d6ff7933b	2017-01-01	0	0	0	0	0	0	0	0	0	0	0	0	0	0	0	0	0	0	0	0	0	0	0	0	0	0	0	0	0	0	0	0	0	0	0	0	0	0	0	0	0	0	0	0	0	0	0	0	0	0	0	0	0	0	0	0	0	0	0	0	0	0	0	0	0	0	0	0	0	0	0	0	0	0	0	0	0	0	0	0	0	0	0	0	0	0
f6038c5b225ef472a695a9c19b320ed4	2017-01-01	0.1053	0.0526	0.1053	0.0264	0	0	0	0	0	0	0	0	0	0	0	0	0	0	0	0	1	1	0	0	0	0	0	0	1	1	0	0	0	0	0	0	0	0	0	0	0	0	0	0	0	0	0	0	0	0	0	0	0.1053	0.0526	0.0265	0.0264	1	1	0	0	0	0	0	0	0	0	0	0	0	0	0	0	0	0	0	0	0	0	0	0	1	1	0	0	0	0
f88bfb30722f7dea2eb143b3da9d5291	2017-01-01	0.1515	0.0909	0.1564	0.0932	0.4	1	0.2929	0.9322	0	0	0	0	0	0	0	0	0	0	0	0	1	1	1	1	0	0	0	0	1	1	1	1	0	0	0	0	0	0	0	0	0	0	0	0	0	0	0	0	0	0	0	0	0.2424	0.2424	0.0948	0.0948	1	1	0	0	0	0	0	0	0	0	0	0	0	0	0.5	0.0667	0	0	0	0	0.5	0.9333	0	0	0	0	0	0	0	0
f9648829d27f046e68a649cf28c16975	2017-01-01	0.1053	0.0526	0.1053	0.0264	0	0	0	0	0	0	0	0	0	0	0	0	0	0	0	0	1	1	0	0	0	0	0	0	1	1	0	0	0	0	0	0	0	0	0	0	0	0	0	0	0	0	0	0	0	0	0	0	0.1053	0.0526	0.0265	0.0264	1	1	0	0	0	0	0	0	0	0	0	0	0	0	0	0	0	0	0	0	0	0	0	0	1	1	0	0	0	0
f97030551ecce9d76330d55ad5b3cdcd	2017-01-01	0	0	0	0	0	0	0	0	0	0	0	0	0	0	0	0	0	0	0	0	0	0	0	0	0	0	0	0	0	0	0	0	0	0	0	0	0	0	0	0	0	0	0	0	0	0	0	0	0	0	0	0	0	0	0	0	0	0	0	0	0	0	0	0	0	0	0	0	0	0	0	0	0	0	0	0	0	0	0	0	0	0	0	0	0	0
f9d9adacbcd12ea7e33055ae68736451	2017-01-01	0.1197	0.0423	0.0523	0.0105	0.2941	1	0.0441	0.4827	0	0	0	0	0	0	0	0	0	0	0	0	1	1	1	1	0	0	0	0	1	1	1	1	0	0	0	0	0	0	0	0	0	0	0	0	0	0	0	0	0	0	0	0	0.0282	0.0352	0.001	0.001	1	1	0	0	0	0	0	0	0	0	0	0	0.4	0.9565	0	0	0	0	0	0	0	0	0	0	0.6	0.0435	0	0	0	0
fab1147bd7549db1f1bd6dd6f527ec8e	2017-01-01	0	0	0	0	0	0	0	0	0	0	0	0	0	0	0	0	0	0	0	0	0	0	0	0	0	0	0	0	0	0	0	0	0	0	0	0	0	0	0	0	0	0	0	0	0	0	0	0	0	0	0	0	0	0	0	0	0	0	0	0	0	0	0	0	0	0	0	0	0	0	0	0	0	0	0	0	0	0	0	0	0	0	0	0	0	0
fd62780476ecfcc2914fc5daef5ad691	2017-01-01	0	0	0	0	0	0	0	0	0	0	0	0	0	0	0	0	0	0	0	0	0	0	0	0	0	0	0	0	0	0	0	0	0	0	0	0	0	0	0	0	0	0	0	0	0	0	0	0	0	0	0	0	0	0	0	0	0	0	0	0	0	0	0	0	0	0	0	0	0	0	0	0	0	0	0	0	0	0	0	0	0	0	0	0	0	0
