0	 0	 0	 0	 0	 0	 0	 0
0	 0	 0	 0	 0	 0	 0	 0
0	 0	 0	 0	 0	 0	 0	 0
0	 0	 0	 0	 0	 0	 0	 0
0	 0	 0	 0	 0	 0	 0	 0
0	 0	 0	 0	 0	 0	 0	 0
0	 0	 0	 0	 0	 0	 0	 0
0	 0	 0	 0	 0	 0	 0	 0
0	 0	 0	 0	 0	 0	 0	 0
0	 0	 0	 0	 0	 0	 0	 0
0	 0	 0	 0	 0	 0	 0	 0
0	 0	 0	 0	 0	 0	 0	 0
0	 0	 0	 0	 0	 0	 0	 0
0	 0	 0	 0	 0	 0	 0	 0
0	 0	 0	 0	 0	 0	 0	 0
0	 0	 0	 0	 0	 0	 0	 0
0	 0	 0	 0	 0	 0	 0	 0
0	 0	 0	 0	 0	 0	 0	 0
0	 0	 0	 0	 0	 0	 0	 0
0	 0	 0	 0	 0	 0	 0	 0
0	 0	 0	 0	 0	 0	 0	 0
0	 0	 0	 0	 0	 0	 0	 0
0	 0	 0	 0	 0	 0	 0	 0
0	 0	 0	 0	 0	 0	 0	 0
0	 0	 0	 0	 0	 0	 0	 4
0	 0	 0	 0	 0	 0	 0	 0
0	 0	 0	 0	 0	 0	 0	 0
0	 0	 0	 0	 0	 0	 0	 55
0	 0	 0	 0	 0	 0	 0	 0
0	 0	 0	 0	 0	 0	 0	 0
0	 0	 0	 0	 0	 0	 0	 0
0	 0	 0	 0	 0	 0	 0	 0
0	 0	 0	 0	 0	 0	 0	 0
0	 0	 0	 0	 0	 0	 0	 0
0	 0	 0	 0	 0	 0	 0	 0
0	 0	 0	 0	 0	 0	 0	 0
0	 0	 0	 0	 0	 0	 0	 0
0	 0	 0	 0	 0	 0	 0	 0
0	 0	 0	 0	 0	 0	 0	 0
0	 0	 0	 0	 0	 0	 0	 0
0	 0	 0	 0	 0	 0	 0	 0
0	 0	 0	 0	 0	 0	 0	 0
0	 0	 0	 0	 0	 0	 0	 0
0	 0	 0	 0	 0	 0	 0	 0
0	 0	 0	 0	 0	 0	 0	 0
0	 0	 0	 0	 0	 0	 0	 0
0	 0	 0	 0	 0	 0	 0	 0
0	 0	 0	 0	 0	 0	 0	 0
0	 0	 0	 0	 0	 0	 0	 0
0	 0	 0	 0	 0	 0	 0	 0
0	 0	 0	 0	 0	 0	 0	 0
0	 0	 0	 0	 0	 0	 0	 0
0	 0	 0	 0	 0	 0	 0	 0
0	 0	 0	 0	 0	 0	 0	 0
0	 0	 0	 0	 0	 0	 0	 0
0	 0	 0	 0	 0	 0	 0	 0
0	 0	 0	 0	 0	 0	 0	 0
0	 0	 0	 0	 0	 0	 0	 0
0	 0	 0	 0	 0	 0	 0	 0
0	 0	 0	 0	 0	 0	 0	 0
0	 0	 0	 0	 0	 0	 0	 0
0	 0	 0	 0	 0	 0	 0	 0
0	 0	 0	 0	 0	 0	 0	 0
0	 0	 0	 0	 0	 0	 0	 0
0	 0	 0	 0	 0	 0	 0	 0
0	 0	 0	 0	 0	 0	 0	 0
0	 0	 0	 0	 0	 0	 0	 0
0	 0	 0	 0	 0	 0	 0	 0
0	 0	 0	 0	 0	 0	 0	 0
0	 0	 0	 0	 0	 0	 0	 0
0	 0	 0	 0	 0	 0	 0	 0
0	 0	 0	 0	 0	 0	 0	 0
0	 0	 0	 0	 0	 0	 0	 0
0	 0	 0	 0	 0	 0	 0	 0
0	 0	 0	 0	 0	 0	 0	 0
0	 0	 0	 0	 0	 0	 0	 0
0	 0	 0	 0	 0	 0	 0	 0
0	 0	 0	 0	 0	 0	 0	 15
0	 0	 0	 0	 0	 0	 0	 0
5	 1	 0	 0	 0	 0	 0	 0
0	 0	 0	 0	 0	 0	 0	 0
0	 0	 0	 0	 0	 0	 0	 0
0	 0	 0	 0	 0	 0	 0	 0
0	 0	 0	 0	 0	 0	 0	 0
0	 0	 0	 0	 0	 0	 0	 0
0	 0	 0	 0	 0	 0	 0	 0
0	 0	 0	 0	 0	 0	 0	 0
0	 0	 0	 0	 0	 0	 0	 0
0	 0	 0	 0	 0	 0	 0	 0
0	 0	 0	 0	 0	 0	 0	 0
0	 0	 0	 0	 0	 0	 0	 0
0	 0	 0	 0	 0	 0	 0	 0
0	 0	 0	 0	 0	 0	 0	 0
0	 0	 0	 0	 0	 0	 0	 0
0	 0	 0	 0	 0	 0	 0	 0
0	 0	 0	 0	 0	 0	 0	 0
0	 0	 0	 0	 0	 0	 0	 0
0	 0	 0	 0	 0	 0	 0	 0
0	 0	 0	 0	 0	 0	 0	 0
0	 0	 0	 0	 0	 0	 0	 0
0	 0	 0	 0	 0	 0	 0	 0
0	 0	 0	 0	 0	 0	 0	 0
0	 0	 0	 0	 0	 0	 0	 0
0	 0	 0	 0	 0	 0	 0	 0
0	 0	 0	 0	 0	 0	 0	 0
0	 0	 0	 0	 0	 0	 0	 0
0	 0	 0	 0	 0	 0	 0	 0
0	 0	 0	 0	 0	 0	 0	 0
0	 0	 0	 0	 0	 0	 0	 0
0	 0	 0	 0	 0	 0	 0	 0
0	 0	 0	 0	 0	 0	 0	 0
0	 0	 0	 0	 0	 0	 0	 0
0	 0	 0	 0	 0	 0	 0	 0
0	 0	 0	 0	 0	 0	 0	 0
0	 0	 0	 0	 0	 0	 0	 0
0	 0	 0	 0	 0	 0	 0	 0
0	 0	 0	 0	 0	 0	 0	 0
0	 0	 0	 0	 0	 0	 0	 0
0	 0	 0	 0	 0	 0	 0	 0
0	 0	 0	 0	 0	 0	 0	 0
0	 0	 0	 0	 0	 0	 0	 0
0	 0	 0	 0	 0	 0	 0	 0
0	 0	 0	 0	 0	 0	 0	 0
0	 0	 0	 0	 0	 0	 0	 0
0	 0	 0	 0	 0	 0	 0	 0
0	 0	 0	 0	 0	 0	 0	 0
0	 0	 0	 0	 0	 0	 0	 0
0	 0	 0	 0	 0	 0	 0	 37
0	 0	 0	 0	 0	 0	 0	 0
0	 0	 0	 0	 0	 0	 0	 0
0	 0	 0	 0	 0	 0	 0	 0
0	 0	 0	 0	 0	 0	 0	 0
0	 0	 0	 0	 0	 0	 0	 0
0	 0	 0	 0	 0	 0	 0	 0
0	 0	 0	 0	 0	 0	 0	 0
0	 0	 0	 0	 0	 0	 0	 0
0	 0	 0	 0	 0	 0	 0	 0
0	 0	 0	 0	 0	 0	 0	 0
0	 0	 0	 0	 0	 0	 0	 0
0	 0	 0	 0	 0	 0	 0	 0
0	 0	 0	 0	 0	 0	 0	 0
0	 0	 0	 0	 0	 0	 0	 0
0	 0	 0	 0	 0	 0	 0	 0
0	 0	 0	 0	 0	 0	 0	 0
0	 0	 0	 0	 0	 0	 0	 0
0	 0	 0	 0	 0	 0	 0	 0
0	 0	 0	 0	 0	 0	 0	 0
0	 0	 0	 0	 0	 0	 0	 0
0	 0	 0	 0	 0	 0	 0	 0
0	 0	 0	 0	 0	 0	 0	 40
0	 0	 0	 0	 0	 0	 0	 0
0	 0	 0	 0	 0	 0	 0	 0
0	 0	 0	 0	 0	 0	 0	 0
0	 0	 0	 0	 0	 0	 0	 0
0	 0	 0	 0	 0	 0	 0	 0
0	 0	 0	 0	 0	 0	 0	 0
0	 0	 0	 0	 0	 0	 0	 0
0	 0	 0	 0	 0	 0	 0	 0
0	 0	 0	 0	 0	 0	 0	 0
0	 0	 0	 0	 0	 0	 0	 0
0	 0	 0	 0	 0	 0	 0	 0
0	 0	 0	 0	 0	 0	 0	 0
0	 0	 0	 0	 0	 0	 0	 0
0	 0	 0	 0	 0	 0	 0	 0
0	 0	 0	 0	 0	 0	 0	 0
0	 0	 0	 0	 0	 0	 0	 0
0	 0	 0	 0	 0	 0	 0	 0
0	 0	 0	 0	 0	 0	 0	 0
0	 0	 0	 0	 0	 0	 0	 0
0	 0	 0	 0	 0	 0	 0	 0
0	 0	 0	 0	 0	 0	 0	 0
0	 0	 0	 0	 0	 0	 0	 0
0	 0	 0	 0	 0	 0	 0	 0
0	 0	 0	 0	 0	 0	 0	 0
0	 0	 0	 0	 0	 0	 0	 0
0	 0	 0	 0	 0	 0	 0	 0
0	 0	 0	 0	 0	 0	 0	 0
0	 0	 0	 0	 0	 0	 0	 0
0	 0	 0	 0	 0	 0	 0	 0
0	 0	 0	 0	 0	 0	 0	 0
0	 0	 0	 0	 0	 0	 0	 0
0	 0	 0	 0	 0	 0	 0	 0
0	 0	 0	 0	 0	 0	 0	 0
0	 0	 0	 0	 0	 0	 0	 0
0	 0	 0	 0	 0	 0	 0	 0
0	 0	 0	 0	 0	 0	 0	 0
0	 0	 0	 0	 0	 0	 0	 0
0	 0	 0	 0	 0	 0	 0	 0
0	 0	 0	 0	 0	 0	 0	 0
0	 0	 0	 0	 0	 0	 0	 0
0	 0	 0	 0	 0	 0	 0	 0
0	 0	 0	 0	 0	 0	 0	 0
0	 0	 0	 0	 0	 0	 0	 0
0	 0	 0	 0	 0	 0	 0	 0
0	 0	 0	 0	 0	 0	 0	 0
0	 0	 0	 0	 0	 0	 0	 0
0	 0	 0	 0	 0	 0	 0	 0
0	 0	 0	 0	 0	 0	 0	 0
0	 0	 0	 0	 0	 0	 0	 0
1	 0	 0	 3	 0	 0	 0	 145
0	 0	 0	 0	 0	 0	 0	 0
10	 2	 0	 0	 0	 0	 0	 0
0	 0	 0	 0	 0	 0	 0	 0
0	 0	 0	 0	 0	 0	 0	 0
0	 0	 0	 0	 0	 0	 0	 0
0	 0	 0	 0	 0	 0	 0	 0
0	 0	 0	 0	 0	 0	 0	 0
0	 0	 0	 0	 0	 0	 0	 0
0	 0	 0	 0	 0	 0	 0	 0
0	 0	 0	 0	 0	 0	 0	 0
0	 0	 0	 0	 0	 0	 0	 0
0	 0	 0	 0	 0	 0	 0	 0
0	 0	 0	 0	 0	 0	 0	 0
0	 0	 0	 0	 0	 0	 0	 0
0	 0	 0	 0	 0	 0	 0	 0
0	 0	 0	 0	 0	 0	 0	 0
0	 0	 0	 0	 0	 0	 0	 0
0	 0	 0	 0	 0	 0	 0	 0
0	 0	 0	 0	 0	 0	 0	 0
0	 0	 0	 0	 0	 0	 0	 0
0	 0	 0	 0	 0	 0	 0	 0
0	 0	 0	 0	 0	 0	 0	 0
0	 0	 0	 0	 0	 0	 0	 0
0	 0	 0	 0	 0	 0	 0	 0
0	 0	 0	 0	 0	 0	 0	 0
0	 0	 0	 0	 0	 0	 0	 0
0	 0	 0	 0	 0	 0	 0	 0
0	 0	 0	 0	 0	 0	 0	 0
0	 0	 0	 0	 0	 0	 0	 0
0	 0	 0	 0	 0	 0	 0	 0
0	 0	 0	 0	 0	 0	 0	 0
0	 0	 0	 0	 0	 0	 0	 0
0	 0	 0	 0	 0	 0	 0	 0
0	 0	 0	 0	 0	 0	 0	 0
0	 0	 0	 0	 0	 0	 0	 0
0	 0	 0	 0	 0	 0	 0	 0
0	 0	 0	 0	 0	 0	 0	 0
0	 0	 0	 0	 0	 0	 0	 0
0	 0	 0	 0	 0	 0	 0	 0
0	 0	 0	 0	 0	 0	 0	 0
0	 0	 0	 0	 0	 0	 0	 0
0	 0	 0	 0	 0	 0	 0	 0
0	 0	 0	 0	 0	 0	 0	 0
0	 0	 0	 0	 0	 0	 0	 0
0	 0	 0	 0	 0	 0	 0	 0
0	 0	 0	 0	 0	 0	 0	 0
0	 0	 0	 0	 0	 0	 0	 0
0	 0	 0	 0	 0	 0	 0	 0
0	 0	 0	 0	 0	 0	 0	 0
0	 0	 0	 0	 0	 0	 0	 0
0	 0	 0	 0	 0	 0	 0	 0
0	 0	 0	 0	 0	 0	 0	 0
0	 0	 0	 0	 0	 0	 0	 0
0	 0	 0	 0	 0	 0	 0	 0
0	 0	 0	 0	 0	 0	 0	 0
0	 0	 0	 0	 0	 0	 0	 0
0	 0	 0	 0	 0	 0	 0	 0
0	 0	 0	 0	 0	 0	 0	 0
0	 0	 0	 0	 0	 0	 0	 0
0	 0	 0	 0	 0	 0	 0	 0
0	 0	 0	 0	 0	 0	 0	 0
0	 0	 0	 0	 0	 0	 0	 0
0	 0	 0	 0	 0	 0	 0	 0
0	 0	 0	 0	 0	 0	 0	 0
0	 0	 0	 0	 0	 0	 0	 0
0	 0	 0	 0	 0	 0	 0	 0
0	 0	 0	 0	 0	 0	 0	 0
0	 0	 0	 0	 0	 0	 0	 2
0	 0	 0	 0	 0	 0	 0	 0
0	 0	 0	 0	 0	 0	 0	 0
0	 0	 0	 0	 0	 0	 0	 0
0	 0	 0	 0	 0	 0	 0	 26
0	 0	 0	 0	 0	 0	 0	 0
0	 0	 0	 0	 0	 0	 0	 0
0	 0	 0	 0	 0	 0	 0	 0
0	 0	 0	 0	 0	 0	 0	 0
0	 0	 0	 0	 0	 0	 0	 0
0	 0	 0	 0	 0	 0	 0	 0
0	 0	 0	 0	 0	 0	 0	 0
0	 0	 0	 0	 0	 0	 0	 0
0	 0	 0	 0	 0	 0	 0	 0
0	 0	 0	 0	 0	 0	 0	 0
0	 0	 0	 0	 0	 0	 0	 0
0	 0	 0	 0	 0	 0	 0	 0
0	 0	 0	 0	 0	 0	 0	 0
0	 0	 0	 0	 0	 0	 0	 0
0	 0	 0	 0	 0	 0	 0	 0
0	 0	 0	 0	 0	 0	 0	 0
0	 0	 0	 0	 0	 0	 0	 0
0	 0	 0	 0	 0	 0	 0	 0
0	 0	 0	 0	 0	 0	 0	 0
0	 0	 0	 0	 0	 0	 0	 0
0	 0	 0	 0	 0	 0	 0	 0
0	 0	 0	 0	 0	 0	 0	 0
0	 0	 0	 0	 0	 0	 0	 0
0	 0	 0	 0	 0	 0	 0	 0
0	 0	 0	 0	 0	 0	 0	 0
0	 0	 0	 0	 0	 0	 0	 0
0	 0	 0	 0	 0	 0	 0	 0
0	 0	 0	 0	 0	 0	 0	 0
0	 0	 0	 0	 0	 0	 0	 0
0	 0	 0	 0	 0	 0	 0	 0
0	 0	 0	 0	 0	 0	 0	 0
0	 0	 0	 0	 0	 0	 0	 0
0	 0	 0	 0	 0	 0	 0	 0
0	 0	 0	 0	 0	 0	 0	 0
0	 0	 0	 0	 0	 0	 0	 0
0	 0	 0	 0	 0	 0	 0	 0
0	 0	 0	 0	 0	 0	 0	 0
0	 0	 0	 0	 0	 0	 0	 0
0	 0	 0	 0	 0	 0	 0	 0
0	 0	 0	 0	 0	 0	 0	 0
0	 0	 0	 0	 0	 0	 0	 0
0	 0	 0	 0	 0	 0	 0	 0
0	 0	 0	 0	 0	 0	 0	 0
0	 0	 0	 0	 0	 0	 0	 0
0	 0	 0	 0	 0	 0	 0	 0
0	 0	 0	 0	 0	 0	 0	 0
0	 0	 0	 0	 0	 0	 0	 0
0	 0	 0	 0	 0	 0	 0	 0
0	 0	 0	 0	 0	 0	 0	 0
4	 0	 0	 36	 0	 0	 0	 108
0	 0	 0	 0	 0	 0	 0	 0
13	 2	 0	 0	 0	 2	 0	 0
0	 0	 0	 0	 0	 0	 0	 0
0	 0	 0	 0	 0	 0	 0	 0
0	 0	 0	 0	 0	 0	 0	 0
0	 0	 0	 0	 0	 0	 0	 0
0	 0	 0	 0	 0	 0	 0	 0
0	 0	 0	 0	 0	 0	 0	 0
0	 0	 0	 0	 0	 0	 0	 0
0	 0	 0	 0	 0	 0	 0	 0
0	 0	 0	 0	 0	 0	 0	 0
0	 0	 0	 0	 0	 0	 0	 0
0	 0	 0	 0	 0	 0	 0	 0
0	 0	 0	 0	 0	 0	 0	 0
0	 0	 0	 0	 0	 0	 0	 0
0	 0	 0	 0	 0	 0	 0	 0
0	 0	 0	 0	 0	 0	 0	 0
0	 0	 0	 0	 0	 0	 0	 0
0	 0	 0	 0	 0	 0	 0	 0
0	 0	 0	 0	 0	 0	 0	 0
0	 0	 0	 0	 0	 0	 0	 0
0	 0	 0	 0	 0	 0	 0	 0
0	 0	 0	 0	 0	 0	 0	 0
0	 0	 0	 0	 0	 0	 0	 0
0	 0	 0	 0	 0	 0	 0	 0
0	 0	 0	 0	 0	 0	 0	 0
0	 0	 0	 0	 0	 0	 0	 0
0	 0	 0	 0	 0	 0	 0	 0
0	 0	 0	 0	 0	 0	 0	 0
0	 0	 0	 0	 0	 0	 0	 0
0	 0	 0	 0	 0	 0	 0	 0
0	 0	 0	 0	 0	 0	 0	 0
0	 0	 0	 0	 0	 0	 0	 0
0	 0	 0	 0	 0	 0	 0	 0
0	 0	 0	 0	 0	 0	 0	 0
0	 0	 0	 0	 0	 0	 0	 0
0	 0	 0	 0	 0	 0	 0	 0
0	 0	 0	 0	 0	 0	 0	 0
0	 0	 0	 0	 0	 0	 0	 0
0	 0	 0	 0	 0	 0	 0	 0
0	 0	 0	 0	 0	 0	 0	 0
0	 0	 0	 0	 0	 0	 0	 0
0	 0	 0	 0	 0	 0	 0	 0
0	 0	 0	 0	 0	 0	 0	 0
