0	 0	 0	 0	 0	 0	 0	 0
0	 0	 0	 0	 0	 0	 0	 0
0	 0	 0	 0	 0	 24	 0	 0
0	 0	 0	 0	 0	 17	 0	 0
0	 0	 0	 0	 0	 18	 0	 0
0	 0	 0	 0	 0	 21	 0	 0
0	 0	 0	 0	 0	 23	 0	 0
0	 0	 0	 0	 0	 17	 0	 0
0	 0	 0	 0	 0	 24	 0	 0
0	 0	 0	 0	 0	 22	 0	 0
0	 0	 0	 0	 0	 26	 0	 0
0	 0	 0	 0	 0	 20	 0	 0
0	 0	 0	 0	 0	 16	 0	 0
0	 0	 0	 0	 0	 19	 0	 0
0	 0	 0	 0	 0	 16	 0	 0
0	 0	 0	 0	 0	 17	 0	 0
0	 0	 0	 0	 0	 18	 0	 0
0	 0	 0	 0	 0	 22	 0	 0
0	 0	 0	 0	 0	 20	 0	 0
0	 0	 0	 0	 0	 0	 0	 0
0	 0	 0	 0	 0	 18	 0	 0
0	 0	 0	 0	 0	 17	 0	 0
0	 0	 0	 0	 0	 26	 0	 0
0	 0	 0	 0	 0	 13	 0	 0
0	 0	 0	 0	 0	 20	 0	 0
0	 0	 0	 0	 0	 19	 0	 0
0	 0	 0	 0	 0	 16	 0	 0
0	 0	 0	 0	 0	 21	 0	 0
0	 0	 0	 0	 0	 17	 0	 0
0	 0	 0	 0	 0	 16	 0	 0
0	 0	 0	 0	 0	 18	 0	 0
0	 0	 0	 0	 0	 19	 0	 0
0	 0	 0	 0	 0	 21	 0	 0
0	 0	 0	 0	 0	 26	 0	 0
0	 0	 0	 0	 0	 24	 0	 0
0	 0	 0	 0	 0	 22	 0	 0
0	 0	 0	 0	 0	 19	 0	 0
0	 0	 0	 0	 0	 25	 0	 0
0	 0	 0	 0	 0	 22	 0	 0
0	 0	 0	 0	 0	 12	 0	 0
0	 0	 0	 0	 0	 20	 0	 0
0	 0	 0	 0	 0	 19	 0	 0
0	 0	 0	 0	 0	 12	 0	 0
0	 0	 0	 0	 0	 0	 0	 0
0	 0	 0	 0	 0	 0	 0	 0
0	 0	 0	 0	 0	 0	 0	 0
0	 0	 0	 0	 0	 0	 0	 37
0	 0	 0	 0	 0	 0	 0	 0
0	 0	 0	 0	 0	 0	 0	 0
0	 0	 0	 0	 0	 0	 0	 0
0	 0	 0	 0	 0	 0	 0	 0
0	 0	 0	 0	 0	 0	 0	 0
0	 0	 0	 0	 0	 0	 0	 0
0	 0	 0	 0	 0	 0	 0	 0
0	 0	 0	 0	 0	 0	 0	 0
0	 0	 0	 0	 0	 0	 0	 0
0	 0	 0	 0	 0	 0	 0	 0
0	 0	 0	 0	 0	 0	 0	 813
0	 0	 0	 0	 0	 0	 0	 0
0	 0	 0	 0	 0	 0	 0	 0
0	 0	 0	 0	 0	 0	 0	 0
0	 0	 0	 0	 0	 0	 0	 0
0	 0	 0	 0	 0	 0	 0	 0
0	 0	 0	 0	 0	 0	 0	 0
0	 0	 0	 0	 0	 0	 0	 0
0	 0	 0	 0	 0	 0	 0	 0
0	 0	 0	 0	 0	 0	 0	 0
0	 0	 0	 0	 0	 0	 0	 0
0	 0	 0	 0	 0	 0	 0	 0
0	 0	 0	 0	 0	 0	 0	 0
0	 0	 0	 0	 0	 0	 0	 254
0	 0	 0	 0	 0	 0	 0	 0
0	 0	 0	 0	 0	 0	 0	 198
0	 0	 0	 0	 0	 0	 0	 0
0	 0	 0	 0	 0	 0	 0	 233
0	 0	 0	 0	 0	 0	 0	 228
0	 0	 0	 0	 0	 0	 0	 0
0	 0	 0	 0	 0	 0	 0	 232
0	 0	 0	 0	 0	 0	 0	 0
0	 0	 0	 0	 0	 0	 0	 0
0	 0	 0	 0	 0	 0	 0	 0
0	 0	 0	 0	 0	 0	 0	 0
0	 0	 0	 0	 0	 0	 0	 0
0	 0	 0	 0	 0	 0	 0	 0
0	 0	 0	 0	 0	 0	 0	 0
0	 0	 0	 0	 0	 0	 0	 0
0	 0	 0	 0	 0	 0	 0	 0
0	 0	 0	 0	 0	 0	 0	 0
0	 0	 0	 0	 0	 0	 0	 120
0	 0	 0	 0	 0	 0	 0	 0
0	 0	 0	 0	 0	 0	 0	 0
0	 0	 0	 0	 0	 0	 0	 0
0	 0	 0	 0	 0	 0	 0	 0
0	 0	 0	 0	 0	 0	 0	 0
0	 0	 0	 0	 0	 0	 0	 0
0	 0	 0	 0	 0	 0	 0	 0
0	 0	 0	 0	 0	 0	 0	 0
0	 0	 0	 0	 0	 0	 0	 0
0	 0	 0	 0	 0	 0	 0	 0
0	 0	 0	 0	 0	 0	 0	 0
0	 0	 0	 0	 0	 0	 0	 0
0	 0	 0	 0	 0	 0	 0	 432
0	 0	 0	 0	 0	 0	 0	 0
0	 0	 0	 0	 0	 0	 0	 353
0	 0	 0	 0	 0	 0	 0	 0
0	 0	 0	 0	 0	 0	 0	 367
0	 0	 0	 0	 0	 0	 0	 0
0	 0	 0	 0	 0	 0	 0	 380
0	 0	 0	 0	 0	 0	 0	 0
0	 0	 0	 0	 0	 0	 0	 0
0	 0	 0	 0	 0	 0	 0	 0
0	 0	 0	 0	 0	 0	 0	 0
0	 0	 0	 0	 0	 0	 0	 0
0	 0	 0	 0	 0	 0	 0	 0
0	 0	 0	 0	 0	 0	 0	 0
0	 0	 0	 0	 0	 0	 0	 0
0	 0	 0	 0	 0	 0	 0	 0
0	 0	 0	 0	 0	 0	 0	 0
0	 0	 0	 0	 0	 0	 0	 44
0	 0	 0	 0	 0	 0	 0	 0
0	 0	 0	 0	 0	 0	 0	 885
0	 0	 0	 0	 0	 0	 0	 0
0	 0	 0	 0	 0	 0	 0	 0
0	 0	 0	 0	 0	 0	 0	 91
0	 0	 0	 0	 0	 0	 0	 0
0	 0	 0	 0	 0	 0	 0	 0
0	 0	 0	 0	 0	 0	 0	 0
0	 0	 0	 0	 0	 0	 0	 0
0	 0	 0	 0	 0	 0	 0	 367
0	 0	 0	 0	 0	 0	 0	 0
0	 0	 0	 0	 0	 0	 0	 0
0	 0	 0	 0	 0	 0	 0	 0
0	 0	 0	 0	 0	 0	 0	 21
0	 0	 0	 0	 0	 0	 0	 0
0	 0	 0	 0	 0	 0	 0	 0
0	 0	 0	 0	 0	 0	 0	 0
0	 0	 0	 0	 0	 0	 0	 0
0	 0	 0	 0	 0	 0	 0	 0
0	 0	 0	 0	 0	 0	 0	 0
0	 0	 0	 0	 0	 0	 0	 0
0	 0	 0	 0	 0	 0	 0	 0
0	 0	 0	 0	 0	 0	 0	 0
0	 0	 0	 0	 0	 0	 0	 0
0	 0	 0	 0	 0	 0	 0	 0
0	 0	 0	 0	 0	 0	 0	 0
0	 0	 0	 0	 0	 0	 0	 0
0	 0	 0	 0	 0	 0	 0	 0
0	 0	 0	 0	 0	 0	 0	 16
0	 0	 0	 0	 0	 0	 0	 0
0	 0	 0	 0	 0	 0	 0	 0
0	 0	 0	 0	 0	 0	 0	 0
0	 0	 0	 0	 0	 0	 0	 0
0	 0	 0	 0	 0	 0	 0	 0
0	 0	 0	 0	 0	 0	 0	 0
0	 0	 0	 0	 0	 0	 0	 0
0	 0	 0	 0	 0	 0	 0	 0
0	 0	 0	 0	 0	 0	 0	 0
0	 0	 0	 0	 0	 0	 0	 7
0	 0	 0	 0	 0	 0	 0	 0
0	 0	 0	 0	 0	 0	 0	 0
0	 0	 0	 0	 0	 0	 0	 0
0	 0	 0	 0	 0	 0	 0	 0
0	 0	 0	 0	 0	 0	 0	 0
0	 0	 0	 0	 0	 0	 0	 0
0	 0	 0	 0	 0	 0	 0	 0
0	 0	 0	 0	 0	 0	 0	 0
0	 0	 0	 0	 0	 0	 0	 0
0	 0	 0	 0	 0	 0	 0	 0
0	 0	 0	 0	 0	 0	 0	 42
0	 0	 0	 0	 0	 0	 0	 0
0	 0	 0	 0	 0	 0	 0	 0
0	 0	 0	 0	 0	 0	 0	 0
0	 0	 0	 0	 0	 0	 0	 0
0	 0	 0	 0	 0	 0	 0	 0
0	 0	 0	 0	 0	 0	 0	 0
0	 0	 0	 0	 0	 0	 0	 0
0	 0	 0	 0	 0	 0	 0	 0
0	 0	 0	 0	 0	 0	 0	 0
0	 0	 0	 0	 0	 0	 0	 97
0	 0	 0	 0	 0	 0	 0	 0
0	 0	 0	 0	 0	 0	 0	 0
0	 0	 0	 0	 0	 0	 0	 0
0	 0	 0	 0	 0	 0	 0	 0
0	 0	 0	 0	 0	 0	 0	 0
0	 0	 0	 0	 0	 0	 0	 0
0	 0	 0	 0	 0	 0	 0	 0
0	 0	 0	 0	 0	 0	 0	 0
0	 0	 0	 0	 0	 0	 0	 38
0	 0	 0	 0	 0	 0	 0	 91
0	 0	 0	 0	 0	 0	 0	 0
0	 0	 0	 0	 0	 0	 0	 0
0	 0	 0	 0	 0	 0	 0	 54
0	 0	 0	 0	 0	 0	 0	 0
0	 0	 0	 0	 0	 0	 0	 0
0	 0	 0	 0	 0	 0	 0	 0
0	 0	 0	 0	 0	 0	 0	 0
0	 0	 0	 0	 0	 0	 0	 0
0	 0	 0	 0	 0	 0	 0	 0
0	 0	 0	 0	 0	 0	 0	 31
0	 0	 0	 0	 0	 0	 0	 0
0	 0	 0	 0	 0	 0	 0	 0
0	 0	 0	 0	 0	 0	 0	 0
0	 0	 0	 0	 0	 0	 0	 55
0	 0	 0	 0	 0	 0	 0	 0
0	 0	 0	 0	 0	 0	 0	 371
0	 0	 0	 0	 0	 0	 0	 0
0	 0	 0	 0	 0	 0	 0	 0
0	 0	 0	 0	 0	 0	 0	 0
0	 0	 0	 0	 0	 0	 0	 0
0	 0	 0	 0	 0	 0	 0	 0
0	 0	 0	 0	 0	 0	 0	 4
0	 0	 0	 0	 0	 0	 0	 0
0	 0	 0	 0	 0	 0	 0	 0
0	 0	 0	 0	 0	 0	 0	 0
0	 0	 0	 0	 0	 0	 0	 0
0	 0	 0	 0	 0	 0	 0	 0
0	 0	 0	 0	 0	 0	 0	 0
0	 0	 0	 0	 0	 0	 0	 0
0	 0	 0	 0	 0	 0	 0	 3
0	 0	 0	 0	 0	 0	 0	 0
0	 0	 0	 0	 0	 0	 0	 0
0	 0	 0	 0	 0	 0	 0	 0
0	 0	 0	 0	 0	 0	 0	 0
0	 0	 0	 0	 0	 0	 0	 19
0	 0	 0	 0	 0	 0	 0	 0
0	 0	 0	 0	 0	 0	 0	 0
0	 0	 0	 0	 0	 0	 0	 0
0	 0	 0	 0	 0	 0	 0	 0
0	 0	 0	 0	 0	 0	 0	 0
0	 0	 0	 0	 0	 0	 0	 0
0	 0	 0	 0	 0	 0	 0	 73
0	 0	 0	 0	 0	 0	 0	 0
0	 0	 0	 0	 0	 0	 0	 0
0	 0	 0	 0	 0	 0	 0	 0
0	 0	 0	 0	 0	 0	 0	 0
0	 0	 0	 0	 0	 0	 0	 0
0	 0	 0	 0	 0	 0	 0	 0
0	 0	 0	 0	 0	 0	 0	 0
0	 0	 0	 0	 0	 0	 0	 0
0	 0	 0	 0	 0	 0	 0	 0
0	 0	 0	 0	 0	 0	 0	 0
0	 0	 0	 0	 0	 0	 0	 0
0	 0	 0	 0	 0	 0	 0	 0
0	 0	 0	 0	 0	 0	 0	 0
0	 0	 0	 0	 0	 0	 0	 0
0	 0	 0	 0	 0	 0	 0	 0
0	 0	 0	 0	 0	 0	 0	 0
0	 0	 0	 0	 0	 0	 0	 0
0	 0	 0	 0	 0	 0	 0	 0
0	 0	 0	 0	 0	 0	 0	 0
0	 0	 0	 0	 0	 0	 0	 0
0	 0	 0	 0	 0	 0	 0	 180
0	 0	 0	 0	 0	 0	 0	 0
0	 0	 0	 0	 0	 0	 0	 0
0	 0	 0	 0	 0	 0	 0	 0
0	 0	 0	 0	 0	 0	 0	 0
0	 0	 0	 0	 0	 0	 0	 0
0	 0	 0	 0	 0	 0	 0	 0
0	 0	 0	 0	 0	 0	 0	 0
0	 0	 0	 0	 0	 0	 0	 0
0	 0	 0	 0	 0	 0	 0	 0
0	 0	 0	 0	 0	 0	 0	 0
0	 0	 0	 0	 0	 0	 0	 0
0	 0	 0	 0	 0	 0	 0	 0
0	 0	 0	 0	 0	 0	 0	 0
0	 0	 0	 0	 0	 0	 0	 0
0	 0	 0	 0	 0	 0	 0	 0
0	 0	 0	 0	 0	 0	 0	 0
0	 0	 0	 0	 0	 0	 0	 0
0	 0	 0	 0	 0	 0	 0	 0
0	 0	 0	 0	 0	 0	 0	 0
0	 0	 0	 0	 0	 0	 0	 15
0	 0	 0	 0	 0	 0	 0	 0
0	 0	 0	 0	 0	 0	 0	 0
0	 0	 0	 0	 0	 0	 0	 0
0	 0	 0	 0	 0	 0	 0	 0
0	 0	 0	 0	 0	 0	 0	 0
0	 0	 0	 0	 0	 0	 0	 0
0	 0	 0	 0	 0	 0	 0	 0
0	 0	 0	 0	 0	 0	 0	 0
0	 0	 0	 0	 0	 0	 0	 197
0	 0	 0	 0	 0	 0	 0	 0
0	 0	 0	 0	 0	 0	 0	 2
0	 0	 0	 0	 0	 0	 0	 0
0	 0	 0	 0	 0	 0	 0	 0
0	 0	 0	 0	 0	 0	 0	 0
0	 0	 0	 0	 0	 0	 0	 0
0	 0	 0	 0	 0	 0	 0	 0
0	 0	 0	 0	 0	 0	 0	 0
0	 0	 0	 0	 0	 0	 0	 0
0	 0	 0	 0	 0	 0	 0	 0
0	 0	 0	 0	 0	 0	 0	 0
0	 0	 0	 0	 0	 0	 0	 0
0	 0	 0	 0	 0	 0	 0	 4
0	 0	 0	 0	 0	 0	 0	 0
0	 0	 0	 0	 0	 0	 0	 0
0	 0	 0	 0	 0	 0	 0	 0
0	 0	 0	 0	 0	 0	 0	 0
0	 0	 0	 0	 0	 0	 0	 0
0	 0	 0	 0	 0	 0	 0	 0
0	 0	 0	 0	 0	 0	 0	 0
0	 0	 0	 0	 0	 0	 0	 55
0	 0	 0	 0	 0	 0	 0	 0
0	 0	 0	 0	 0	 0	 0	 0
0	 0	 0	 0	 0	 0	 0	 0
0	 0	 0	 0	 0	 0	 0	 0
0	 0	 0	 0	 0	 0	 0	 0
0	 0	 0	 0	 0	 0	 0	 0
0	 0	 0	 0	 0	 0	 0	 0
0	 0	 0	 0	 0	 0	 0	 0
0	 0	 0	 0	 0	 21	 0	 0
0	 0	 0	 0	 0	 15	 0	 0
0	 0	 0	 0	 0	 17	 0	 0
0	 0	 0	 0	 0	 24	 0	 0
0	 0	 0	 0	 0	 12	 0	 0
0	 0	 0	 0	 0	 16	 0	 0
0	 0	 0	 0	 0	 23	 0	 0
0	 0	 0	 0	 0	 19	 0	 0
0	 0	 0	 0	 0	 24	 0	 0
0	 0	 0	 0	 0	 25	 0	 0
0	 0	 0	 0	 0	 17	 0	 0
0	 0	 0	 0	 0	 14	 0	 0
0	 0	 0	 0	 0	 20	 0	 0
0	 0	 0	 0	 0	 16	 0	 0
0	 0	 0	 0	 0	 20	 0	 0
0	 0	 0	 0	 0	 22	 0	 0
0	 0	 0	 0	 0	 17	 0	 0
0	 0	 0	 0	 0	 0	 0	 0
0	 0	 0	 0	 0	 25	 0	 0
0	 0	 0	 0	 0	 16	 0	 0
0	 0	 0	 0	 0	 21	 0	 0
0	 0	 0	 0	 0	 16	 0	 0
0	 0	 0	 0	 0	 20	 0	 0
0	 0	 0	 0	 0	 19	 0	 0
0	 0	 0	 0	 0	 16	 0	 0
0	 0	 0	 0	 0	 19	 0	 0
0	 0	 0	 0	 0	 19	 0	 0
0	 0	 0	 0	 0	 19	 0	 0
0	 0	 0	 0	 0	 21	 0	 0
0	 0	 0	 0	 0	 21	 0	 0
0	 0	 0	 0	 0	 22	 0	 0
0	 0	 0	 0	 0	 19	 0	 0
0	 0	 0	 0	 0	 25	 0	 0
0	 0	 0	 0	 0	 22	 0	 0
0	 0	 0	 0	 0	 20	 0	 0
0	 0	 0	 0	 0	 22	 0	 0
0	 0	 0	 0	 0	 18	 0	 0
0	 0	 0	 0	 0	 18	 0	 0
0	 0	 0	 0	 0	 14	 0	 0
0	 0	 0	 0	 0	 21	 0	 0
0	 0	 0	 0	 0	 24	 0	 0
0	 0	 0	 0	 0	 18	 0	 0
0	 0	 0	 0	 0	 19	 0	 0
0	 0	 0	 0	 0	 0	 0	 0
0	 0	 0	 0	 0	 0	 0	 0
0	 0	 0	 0	 0	 0	 0	 0
0	 0	 0	 0	 0	 0	 0	 108
0	 0	 0	 0	 0	 0	 0	 0
0	 0	 0	 0	 0	 0	 0	 0
0	 0	 0	 0	 0	 0	 0	 0
0	 0	 0	 0	 0	 0	 0	 0
0	 0	 0	 0	 0	 0	 0	 0
0	 0	 0	 0	 0	 0	 0	 0
0	 0	 0	 0	 0	 0	 0	 0
0	 0	 0	 0	 0	 0	 0	 0
0	 0	 0	 0	 0	 0	 0	 0
0	 0	 0	 0	 0	 0	 0	 0
0	 0	 0	 0	 0	 0	 0	 0
0	 0	 0	 0	 0	 0	 0	 1232
0	 0	 0	 0	 0	 0	 0	 0
0	 0	 0	 0	 0	 0	 0	 0
0	 0	 0	 0	 0	 0	 0	 0
0	 0	 0	 0	 0	 0	 0	 0
0	 0	 0	 0	 0	 0	 0	 0
0	 0	 0	 0	 0	 0	 0	 0
0	 0	 0	 0	 0	 0	 0	 0
0	 0	 0	 0	 0	 0	 0	 0
0	 0	 0	 0	 0	 0	 0	 0
0	 0	 0	 0	 0	 0	 0	 0
0	 0	 0	 0	 0	 0	 0	 0
0	 0	 0	 0	 0	 0	 0	 0
0	 0	 0	 0	 0	 0	 0	 217
0	 0	 0	 0	 0	 0	 0	 221
0	 0	 0	 0	 0	 0	 0	 232
0	 0	 0	 0	 0	 0	 0	 234
0	 0	 0	 0	 0	 0	 0	 245
0	 0	 0	 0	 0	 0	 0	 207
0	 0	 0	 0	 0	 0	 0	 0
0	 0	 0	 0	 0	 0	 0	 246
0	 0	 0	 0	 0	 0	 0	 0
0	 0	 0	 0	 0	 0	 0	 244
0	 0	 0	 0	 0	 0	 0	 228
0	 0	 0	 0	 0	 0	 0	 201
0	 0	 0	 0	 0	 0	 0	 0
0	 0	 0	 0	 0	 0	 0	 247
0	 0	 0	 0	 0	 0	 0	 0
0	 0	 0	 0	 0	 0	 0	 0
0	 0	 0	 0	 0	 0	 0	 0
0	 0	 0	 0	 0	 0	 0	 0
0	 0	 0	 0	 0	 0	 0	 0
0	 0	 0	 0	 0	 0	 0	 0
0	 0	 0	 0	 0	 0	 0	 0
0	 0	 0	 0	 0	 0	 0	 0
0	 0	 0	 0	 0	 0	 0	 165
0	 0	 0	 0	 0	 0	 0	 0
0	 0	 0	 0	 0	 0	 0	 136
0	 0	 0	 0	 0	 0	 0	 0
0	 0	 0	 0	 0	 0	 0	 0
0	 0	 0	 0	 0	 0	 0	 0
0	 0	 0	 0	 0	 0	 0	 0
0	 0	 0	 0	 0	 0	 0	 0
0	 0	 0	 0	 0	 0	 0	 0
0	 0	 0	 0	 0	 0	 0	 0
0	 0	 0	 0	 0	 0	 0	 0
0	 0	 0	 0	 0	 0	 0	 0
0	 0	 0	 0	 0	 0	 0	 0
0	 0	 0	 0	 0	 0	 0	 0
0	 0	 0	 0	 0	 0	 0	 0
0	 0	 0	 0	 0	 0	 0	 0
0	 0	 0	 0	 0	 0	 0	 314
0	 0	 0	 0	 0	 0	 0	 0
0	 0	 0	 0	 0	 0	 0	 437
0	 0	 0	 0	 0	 0	 0	 0
0	 0	 0	 0	 0	 0	 0	 385
0	 0	 0	 0	 0	 0	 0	 0
0	 0	 0	 0	 0	 0	 0	 417
0	 0	 0	 0	 0	 0	 0	 0
0	 0	 0	 0	 0	 0	 0	 0
0	 0	 0	 0	 0	 0	 0	 0
0	 0	 0	 0	 0	 0	 0	 205
0	 0	 0	 0	 0	 0	 0	 68
0	 0	 0	 0	 0	 0	 0	 0
0	 0	 0	 0	 0	 0	 0	 0
0	 0	 0	 0	 0	 0	 0	 0
0	 0	 0	 0	 0	 0	 0	 205
0	 0	 0	 0	 0	 0	 0	 0
0	 0	 0	 0	 0	 0	 0	 0
0	 0	 0	 0	 0	 0	 0	 0
0	 0	 0	 0	 0	 0	 0	 0
0	 0	 0	 0	 0	 0	 0	 114
0	 0	 0	 0	 0	 0	 0	 0
0	 0	 0	 0	 0	 0	 0	 1020
0	 0	 0	 0	 0	 0	 0	 0
0	 0	 0	 0	 0	 0	 0	 0
0	 0	 0	 0	 0	 0	 0	 88
0	 0	 0	 0	 0	 0	 0	 0
0	 0	 0	 0	 0	 0	 0	 0
0	 0	 0	 0	 0	 0	 0	 0
0	 0	 0	 0	 0	 0	 0	 0
0	 0	 0	 0	 0	 0	 0	 0
0	 0	 0	 0	 0	 0	 0	 0
0	 0	 0	 0	 0	 0	 0	 0
0	 0	 0	 0	 0	 0	 0	 359
0	 0	 0	 0	 0	 0	 0	 0
0	 0	 0	 0	 0	 0	 0	 0
0	 0	 0	 0	 0	 0	 0	 0
0	 0	 0	 0	 0	 0	 0	 53
0	 0	 0	 0	 0	 0	 0	 30
0	 0	 0	 0	 0	 0	 0	 0
0	 0	 0	 0	 0	 0	 0	 0
0	 0	 0	 0	 0	 0	 0	 0
0	 0	 0	 0	 0	 0	 0	 0
0	 0	 0	 0	 0	 0	 0	 0
0	 0	 0	 0	 0	 0	 0	 181
0	 0	 0	 0	 0	 0	 0	 0
0	 0	 0	 0	 0	 0	 0	 0
0	 0	 0	 0	 0	 0	 0	 0
0	 0	 0	 0	 0	 0	 0	 0
0	 0	 0	 0	 0	 0	 0	 0
0	 0	 0	 0	 0	 0	 0	 0
0	 0	 0	 0	 0	 0	 0	 0
0	 0	 0	 0	 0	 0	 0	 0
0	 0	 0	 0	 0	 0	 0	 0
0	 0	 0	 0	 0	 0	 0	 10
0	 0	 0	 0	 0	 0	 0	 0
0	 0	 0	 0	 0	 0	 0	 0
0	 0	 0	 0	 0	 0	 0	 436
0	 0	 0	 0	 0	 0	 0	 0
0	 0	 0	 0	 0	 0	 0	 0
0	 0	 0	 0	 0	 0	 0	 0
0	 0	 0	 0	 0	 0	 0	 0
0	 0	 0	 0	 0	 0	 0	 0
0	 0	 0	 0	 0	 0	 0	 0
0	 0	 0	 0	 0	 0	 0	 0
0	 0	 0	 0	 0	 0	 0	 70
0	 0	 0	 0	 0	 0	 0	 0
0	 0	 0	 0	 0	 0	 0	 0
0	 0	 0	 0	 0	 0	 0	 0
0	 0	 0	 0	 0	 0	 0	 0
0	 0	 0	 0	 0	 0	 0	 0
0	 0	 0	 0	 0	 0	 0	 0
0	 0	 0	 0	 0	 0	 0	 0
0	 0	 0	 0	 0	 0	 0	 0
0	 0	 0	 0	 0	 0	 0	 0
0	 0	 0	 0	 0	 0	 0	 0
0	 0	 0	 0	 0	 0	 0	 36
0	 0	 0	 0	 0	 0	 0	 0
0	 0	 0	 0	 0	 0	 0	 0
0	 0	 0	 0	 0	 0	 0	 0
0	 0	 0	 0	 0	 0	 0	 0
0	 0	 0	 0	 0	 0	 0	 0
0	 0	 0	 0	 0	 0	 0	 0
0	 0	 0	 0	 0	 0	 0	 0
0	 0	 0	 0	 0	 0	 0	 0
0	 0	 0	 0	 0	 0	 0	 0
0	 0	 0	 0	 0	 0	 0	 94
0	 0	 0	 0	 0	 0	 0	 0
0	 0	 0	 0	 0	 0	 0	 0
0	 0	 0	 0	 0	 0	 0	 0
0	 0	 0	 0	 0	 0	 0	 0
0	 0	 0	 0	 0	 0	 0	 0
0	 0	 0	 0	 0	 0	 0	 0
0	 0	 0	 0	 0	 0	 0	 0
0	 0	 0	 0	 0	 0	 0	 1
0	 0	 0	 0	 0	 0	 0	 48
0	 0	 0	 0	 0	 0	 0	 84
0	 0	 0	 0	 0	 0	 0	 0
0	 0	 0	 0	 0	 0	 0	 0
0	 0	 0	 0	 0	 0	 0	 55
0	 0	 0	 0	 0	 0	 0	 0
0	 0	 0	 0	 0	 0	 0	 0
0	 0	 0	 0	 0	 0	 0	 0
0	 0	 0	 0	 0	 0	 0	 0
0	 0	 0	 0	 0	 0	 0	 0
0	 0	 0	 0	 0	 0	 0	 0
0	 0	 0	 0	 0	 0	 0	 22
0	 0	 0	 0	 0	 0	 0	 0
0	 0	 0	 0	 0	 0	 0	 35
0	 0	 0	 0	 0	 0	 0	 0
0	 0	 0	 0	 0	 0	 0	 2
0	 0	 0	 0	 0	 0	 0	 0
0	 0	 0	 0	 0	 0	 0	 408
0	 0	 0	 0	 0	 0	 0	 0
0	 0	 0	 0	 0	 0	 0	 16
0	 0	 0	 0	 0	 0	 0	 0
0	 0	 0	 0	 0	 0	 0	 0
0	 0	 0	 0	 0	 0	 0	 0
0	 0	 0	 0	 0	 0	 0	 7
0	 0	 0	 0	 0	 0	 0	 0
0	 0	 0	 0	 0	 0	 0	 0
0	 0	 0	 0	 0	 0	 0	 0
0	 0	 0	 0	 0	 0	 0	 0
0	 0	 0	 0	 0	 0	 0	 0
0	 0	 0	 0	 0	 0	 0	 0
0	 0	 0	 0	 0	 0	 0	 0
0	 0	 0	 0	 0	 0	 0	 3
0	 0	 0	 0	 0	 0	 0	 0
0	 0	 0	 0	 0	 0	 0	 0
0	 0	 0	 0	 0	 0	 0	 0
0	 0	 0	 0	 0	 0	 0	 0
0	 0	 0	 0	 0	 0	 0	 38
0	 0	 0	 0	 0	 0	 0	 0
0	 0	 0	 0	 0	 0	 0	 0
0	 0	 0	 0	 0	 0	 0	 0
0	 0	 0	 0	 0	 0	 0	 0
0	 0	 0	 0	 0	 0	 0	 0
0	 0	 0	 0	 0	 0	 0	 0
0	 0	 0	 0	 0	 0	 0	 57
0	 0	 0	 0	 0	 0	 0	 0
0	 0	 0	 0	 0	 0	 0	 0
0	 0	 0	 0	 0	 0	 0	 0
0	 0	 0	 0	 0	 0	 0	 0
0	 0	 0	 0	 0	 0	 0	 0
0	 0	 0	 0	 0	 0	 0	 0
0	 0	 0	 0	 0	 0	 0	 0
0	 0	 0	 0	 0	 0	 0	 0
0	 0	 0	 0	 0	 0	 0	 0
0	 0	 0	 0	 0	 0	 0	 0
0	 0	 0	 0	 0	 0	 0	 0
0	 0	 0	 0	 0	 0	 0	 0
0	 0	 0	 0	 0	 0	 0	 66
0	 0	 0	 0	 0	 0	 0	 0
0	 0	 0	 0	 0	 0	 0	 0
0	 0	 0	 0	 0	 0	 0	 0
0	 0	 0	 0	 0	 0	 0	 0
0	 0	 0	 0	 0	 0	 0	 0
0	 0	 0	 0	 0	 0	 0	 0
0	 0	 0	 0	 0	 0	 0	 0
0	 0	 0	 0	 0	 0	 0	 0
0	 0	 0	 0	 0	 0	 0	 0
0	 0	 0	 0	 0	 0	 0	 0
0	 0	 0	 0	 0	 0	 0	 0
0	 0	 0	 0	 0	 0	 0	 144
0	 0	 0	 0	 0	 0	 0	 0
0	 0	 0	 0	 0	 0	 0	 0
0	 0	 0	 0	 0	 0	 0	 0
0	 0	 0	 0	 0	 0	 0	 0
0	 0	 0	 0	 0	 0	 0	 393
0	 0	 0	 0	 0	 0	 0	 0
0	 0	 0	 0	 0	 0	 0	 0
0	 0	 0	 0	 0	 0	 0	 0
0	 0	 0	 0	 0	 0	 0	 0
0	 0	 0	 0	 0	 0	 0	 0
0	 0	 0	 0	 0	 0	 0	 0
0	 0	 0	 0	 0	 0	 0	 0
0	 0	 0	 0	 0	 0	 0	 0
0	 0	 0	 0	 0	 0	 0	 0
0	 0	 0	 0	 0	 0	 0	 0
0	 0	 0	 0	 0	 0	 0	 0
0	 0	 0	 0	 0	 0	 0	 0
0	 0	 0	 0	 0	 0	 0	 0
0	 0	 0	 0	 0	 0	 0	 0
0	 0	 0	 0	 0	 0	 0	 0
0	 0	 0	 0	 0	 0	 0	 33
0	 0	 0	 0	 0	 0	 0	 0
0	 0	 0	 0	 0	 0	 0	 13
0	 0	 0	 0	 0	 0	 0	 0
0	 0	 0	 0	 0	 0	 0	 0
0	 0	 0	 0	 0	 0	 0	 0
0	 0	 0	 0	 0	 0	 0	 0
0	 0	 0	 0	 0	 0	 0	 0
0	 0	 0	 0	 0	 0	 0	 1
0	 0	 0	 0	 0	 0	 0	 0
0	 0	 0	 0	 0	 0	 0	 0
0	 0	 0	 0	 0	 0	 0	 0
0	 0	 0	 0	 0	 0	 0	 174
0	 0	 0	 0	 0	 0	 0	 0
0	 0	 0	 0	 0	 0	 0	 0
0	 0	 0	 0	 0	 0	 0	 0
0	 0	 0	 0	 0	 0	 0	 0
0	 0	 0	 0	 0	 0	 0	 0
0	 0	 0	 0	 0	 0	 0	 0
0	 0	 0	 0	 0	 0	 0	 0
0	 0	 0	 0	 0	 0	 0	 0
0	 0	 0	 0	 0	 0	 0	 0
0	 0	 0	 0	 0	 0	 0	 0
0	 0	 0	 0	 0	 0	 0	 391
0	 0	 0	 0	 0	 0	 0	 35
0	 0	 0	 0	 0	 0	 0	 0
0	 0	 0	 0	 0	 0	 0	 3
0	 0	 0	 0	 0	 0	 0	 0
0	 0	 0	 0	 0	 0	 0	 0
0	 0	 0	 0	 0	 0	 0	 313
0	 0	 0	 0	 0	 0	 0	 0
0	 0	 0	 0	 0	 0	 0	 0
0	 0	 0	 0	 0	 0	 0	 0
0	 0	 0	 0	 0	 0	 0	 0
0	 0	 0	 0	 0	 0	 0	 18
0	 0	 0	 0	 0	 0	 0	 60
0	 0	 0	 0	 0	 0	 0	 0
0	 0	 0	 0	 0	 0	 0	 0
0	 0	 0	 0	 0	 0	 0	 0
0	 0	 0	 0	 0	 0	 0	 0
0	 0	 0	 0	 0	 0	 0	 0
0	 0	 0	 0	 0	 0	 0	 0
0	 0	 0	 0	 0	 0	 0	 0
0	 0	 0	 0	 0	 0	 0	 0
0	 0	 0	 0	 0	 20	 0	 0
0	 0	 0	 0	 0	 25	 0	 0
0	 0	 0	 0	 0	 25	 0	 0
0	 0	 0	 0	 0	 24	 0	 0
0	 0	 0	 0	 0	 22	 0	 0
0	 0	 0	 0	 0	 21	 0	 0
0	 0	 0	 0	 0	 18	 0	 0
0	 0	 0	 0	 0	 19	 0	 0
0	 0	 0	 0	 0	 16	 0	 0
0	 0	 0	 0	 0	 20	 0	 0
0	 0	 0	 0	 0	 19	 0	 0
0	 0	 0	 0	 0	 16	 0	 0
0	 0	 0	 0	 0	 18	 0	 0
0	 0	 0	 0	 0	 23	 0	 0
0	 0	 0	 0	 0	 21	 0	 0
0	 0	 0	 0	 0	 23	 0	 0
0	 0	 0	 0	 0	 19	 0	 0
0	 0	 0	 0	 0	 18	 0	 0
0	 0	 0	 0	 0	 25	 0	 0
0	 0	 0	 0	 0	 16	 0	 0
0	 0	 0	 0	 0	 21	 0	 0
0	 0	 0	 0	 0	 18	 0	 0
0	 0	 0	 0	 0	 20	 0	 0
0	 0	 0	 0	 0	 24	 0	 0
0	 0	 0	 0	 0	 21	 0	 0
0	 0	 0	 0	 0	 21	 0	 0
0	 0	 0	 0	 0	 19	 0	 0
0	 0	 0	 0	 0	 20	 0	 0
0	 0	 0	 0	 0	 25	 0	 0
0	 0	 0	 0	 0	 19	 0	 0
0	 0	 0	 0	 0	 16	 0	 0
0	 0	 0	 0	 0	 19	 0	 0
0	 0	 0	 0	 0	 18	 0	 0
0	 0	 0	 0	 0	 19	 0	 0
0	 0	 0	 0	 0	 22	 0	 0
0	 0	 0	 0	 0	 20	 0	 0
0	 0	 0	 0	 0	 20	 0	 0
0	 0	 0	 0	 0	 24	 0	 0
0	 0	 0	 0	 0	 16	 0	 0
0	 0	 0	 0	 0	 19	 0	 0
0	 0	 0	 0	 0	 0	 0	 0
0	 0	 0	 0	 0	 0	 0	 0
0	 0	 0	 0	 0	 0	 0	 0
0	 0	 0	 0	 0	 0	 0	 29
0	 0	 0	 0	 0	 0	 0	 0
0	 0	 0	 0	 0	 0	 0	 0
0	 0	 0	 0	 0	 0	 0	 0
0	 0	 0	 0	 0	 0	 0	 0
0	 0	 0	 0	 0	 0	 0	 0
0	 0	 0	 0	 0	 0	 0	 0
0	 0	 0	 0	 0	 0	 0	 0
0	 0	 0	 0	 0	 0	 0	 0
0	 0	 0	 0	 0	 0	 0	 0
0	 0	 0	 0	 0	 0	 0	 0
0	 0	 0	 0	 0	 0	 0	 1280
0	 0	 0	 0	 0	 0	 0	 0
0	 0	 0	 0	 0	 0	 0	 0
0	 0	 0	 0	 0	 0	 0	 0
0	 0	 0	 0	 0	 0	 0	 0
0	 0	 0	 0	 0	 0	 0	 0
0	 0	 0	 0	 0	 0	 0	 0
0	 0	 0	 0	 0	 0	 0	 0
0	 0	 0	 0	 0	 0	 0	 0
0	 0	 0	 0	 0	 0	 0	 0
0	 0	 0	 0	 0	 0	 0	 0
0	 0	 0	 0	 0	 0	 0	 0
0	 0	 0	 0	 0	 0	 0	 0
0	 0	 0	 0	 0	 0	 0	 203
0	 0	 0	 0	 0	 0	 0	 259
0	 0	 0	 0	 0	 0	 0	 0
0	 0	 0	 0	 0	 0	 0	 259
0	 0	 0	 0	 0	 0	 0	 0
0	 0	 0	 0	 0	 0	 0	 214
0	 0	 0	 0	 0	 0	 0	 0
0	 0	 0	 0	 0	 0	 0	 0
0	 0	 0	 0	 0	 0	 0	 0
0	 0	 0	 0	 0	 0	 0	 0
0	 0	 0	 0	 0	 0	 0	 0
0	 0	 0	 0	 0	 0	 0	 0
0	 0	 0	 0	 0	 0	 0	 0
0	 0	 0	 0	 0	 0	 0	 0
0	 0	 0	 0	 0	 0	 0	 107
0	 0	 0	 0	 0	 0	 0	 0
0	 0	 0	 0	 0	 0	 0	 0
0	 0	 0	 0	 0	 0	 0	 0
0	 0	 0	 0	 0	 0	 0	 0
0	 0	 0	 0	 0	 0	 0	 0
0	 0	 0	 0	 0	 0	 0	 0
0	 0	 0	 0	 0	 0	 0	 0
0	 0	 0	 0	 0	 0	 0	 0
0	 0	 0	 0	 0	 0	 0	 0
0	 0	 0	 0	 0	 0	 0	 0
0	 0	 0	 0	 0	 0	 0	 0
0	 0	 0	 0	 0	 0	 0	 0
0	 0	 0	 0	 0	 0	 0	 350
0	 0	 0	 0	 0	 0	 0	 0
0	 0	 0	 0	 0	 0	 0	 397
0	 0	 0	 0	 0	 0	 0	 0
0	 0	 0	 0	 0	 0	 0	 372
0	 0	 0	 0	 0	 0	 0	 0
0	 0	 0	 0	 0	 0	 0	 390
0	 0	 0	 0	 0	 0	 0	 0
0	 0	 0	 0	 0	 0	 0	 0
0	 0	 0	 0	 0	 0	 0	 0
0	 0	 0	 0	 0	 0	 0	 0
0	 0	 0	 0	 0	 0	 0	 0
0	 0	 0	 0	 0	 0	 0	 0
0	 0	 0	 0	 0	 0	 0	 0
0	 0	 0	 0	 0	 0	 0	 0
0	 0	 0	 0	 0	 0	 0	 0
0	 0	 0	 0	 0	 0	 0	 0
0	 0	 0	 0	 0	 0	 0	 203
0	 0	 0	 0	 0	 0	 0	 0
0	 0	 0	 0	 0	 0	 0	 938
0	 0	 0	 0	 0	 0	 0	 0
0	 0	 0	 0	 0	 0	 0	 0
0	 0	 0	 0	 0	 0	 0	 86
0	 0	 0	 0	 0	 0	 0	 0
0	 0	 0	 0	 0	 0	 0	 0
0	 0	 0	 0	 0	 0	 0	 0
0	 0	 0	 0	 0	 0	 0	 0
0	 0	 0	 0	 0	 0	 0	 0
0	 0	 0	 0	 0	 0	 0	 0
0	 0	 0	 0	 0	 0	 0	 0
0	 0	 0	 0	 0	 0	 0	 371
0	 0	 0	 0	 0	 0	 0	 0
0	 0	 0	 0	 0	 0	 0	 0
0	 0	 0	 0	 0	 0	 0	 0
0	 0	 0	 0	 0	 0	 0	 27
0	 0	 0	 0	 0	 0	 0	 0
0	 0	 0	 0	 0	 0	 0	 0
0	 0	 0	 0	 0	 0	 0	 0
0	 0	 0	 0	 0	 0	 0	 0
0	 0	 0	 0	 0	 0	 0	 0
0	 0	 0	 0	 0	 0	 0	 0
0	 0	 0	 0	 0	 0	 0	 0
0	 0	 0	 0	 0	 0	 0	 0
0	 0	 0	 0	 0	 0	 0	 0
0	 0	 0	 0	 0	 0	 0	 0
0	 0	 0	 0	 0	 0	 0	 0
0	 0	 0	 0	 0	 0	 0	 0
0	 0	 0	 0	 0	 0	 0	 0
0	 0	 0	 0	 0	 0	 0	 0
0	 0	 0	 0	 0	 0	 0	 0
0	 0	 0	 0	 0	 0	 0	 2
0	 0	 0	 0	 0	 0	 0	 0
0	 0	 0	 0	 0	 0	 0	 0
0	 0	 0	 0	 0	 0	 0	 0
0	 0	 0	 0	 0	 0	 0	 0
0	 0	 0	 0	 0	 0	 0	 0
0	 0	 0	 0	 0	 0	 0	 0
0	 0	 0	 0	 0	 0	 0	 0
0	 0	 0	 0	 0	 0	 0	 0
0	 0	 0	 0	 0	 0	 0	 0
0	 0	 0	 0	 0	 0	 0	 461
0	 0	 0	 0	 0	 0	 0	 0
0	 0	 0	 0	 0	 0	 0	 0
0	 0	 0	 0	 0	 0	 0	 0
0	 0	 0	 0	 0	 0	 0	 0
0	 0	 0	 0	 0	 0	 0	 0
0	 0	 0	 0	 0	 0	 0	 0
0	 0	 0	 0	 0	 0	 0	 0
0	 0	 0	 0	 0	 0	 0	 0
0	 0	 0	 0	 0	 0	 0	 0
0	 0	 0	 0	 0	 0	 0	 0
0	 0	 0	 0	 0	 0	 0	 37
0	 0	 0	 0	 0	 0	 0	 0
0	 0	 0	 0	 0	 0	 0	 0
0	 0	 0	 0	 0	 0	 0	 0
0	 0	 0	 0	 0	 0	 0	 0
0	 0	 0	 0	 0	 0	 0	 0
0	 0	 0	 0	 0	 0	 0	 0
0	 0	 0	 0	 0	 0	 0	 0
0	 0	 0	 0	 0	 0	 0	 0
0	 0	 0	 0	 0	 0	 0	 96
0	 0	 0	 0	 0	 0	 0	 0
0	 0	 0	 0	 0	 0	 0	 0
0	 0	 0	 0	 0	 0	 0	 0
0	 0	 0	 0	 0	 0	 0	 0
0	 0	 0	 0	 0	 0	 0	 0
0	 0	 0	 0	 0	 0	 0	 0
0	 0	 0	 0	 0	 0	 0	 0
0	 0	 0	 0	 0	 0	 0	 0
0	 0	 0	 0	 0	 0	 0	 46
0	 0	 0	 0	 0	 0	 0	 83
0	 0	 0	 0	 0	 0	 0	 0
0	 0	 0	 0	 0	 0	 0	 0
0	 0	 0	 0	 0	 0	 0	 0
0	 0	 0	 0	 0	 0	 0	 0
0	 0	 0	 0	 0	 0	 0	 0
0	 0	 0	 0	 0	 0	 0	 0
0	 0	 0	 0	 0	 0	 0	 0
0	 0	 0	 0	 0	 0	 0	 0
0	 0	 0	 0	 0	 0	 0	 4
0	 0	 0	 0	 0	 0	 0	 0
0	 0	 0	 0	 0	 0	 0	 0
0	 0	 0	 0	 0	 0	 0	 0
0	 0	 0	 0	 0	 0	 0	 19
0	 0	 0	 0	 0	 0	 0	 0
0	 0	 0	 0	 0	 0	 0	 402
0	 0	 0	 0	 0	 0	 0	 0
0	 0	 0	 0	 0	 0	 0	 16
0	 0	 0	 0	 0	 0	 0	 0
0	 0	 0	 0	 0	 0	 0	 0
0	 0	 0	 0	 0	 0	 0	 11
0	 0	 0	 0	 0	 0	 0	 0
0	 0	 0	 0	 0	 0	 0	 0
0	 0	 0	 0	 0	 0	 0	 0
0	 0	 0	 0	 0	 0	 0	 0
0	 0	 0	 0	 0	 0	 0	 0
0	 0	 0	 0	 0	 0	 0	 0
0	 0	 0	 0	 0	 0	 0	 0
0	 0	 0	 0	 0	 0	 0	 5
0	 0	 0	 0	 0	 0	 0	 0
0	 0	 0	 0	 0	 0	 0	 0
0	 0	 0	 0	 0	 0	 0	 0
0	 0	 0	 0	 0	 0	 0	 22
0	 0	 0	 0	 0	 0	 0	 0
0	 0	 0	 0	 0	 0	 0	 0
0	 0	 0	 0	 0	 0	 0	 0
0	 0	 0	 0	 0	 0	 0	 0
0	 0	 0	 0	 0	 0	 0	 0
0	 0	 0	 0	 0	 0	 0	 0
0	 0	 0	 0	 0	 0	 0	 81
0	 0	 0	 0	 0	 0	 0	 0
0	 0	 0	 0	 0	 0	 0	 0
0	 0	 0	 0	 0	 0	 0	 0
0	 0	 0	 0	 0	 0	 0	 0
0	 0	 0	 0	 0	 0	 0	 0
0	 0	 0	 0	 0	 0	 0	 0
0	 0	 0	 0	 0	 0	 0	 0
0	 0	 0	 0	 0	 0	 0	 0
0	 0	 0	 0	 0	 0	 0	 0
0	 0	 0	 0	 0	 0	 0	 0
0	 0	 0	 0	 0	 0	 0	 0
0	 0	 0	 0	 0	 0	 0	 0
0	 0	 0	 0	 0	 0	 0	 65
0	 0	 0	 0	 0	 0	 0	 0
0	 0	 0	 0	 0	 0	 0	 0
0	 0	 0	 0	 0	 0	 0	 0
0	 0	 0	 0	 0	 0	 0	 0
0	 0	 0	 0	 0	 0	 0	 0
0	 0	 0	 0	 0	 0	 0	 0
0	 0	 0	 0	 0	 0	 0	 0
0	 0	 0	 0	 0	 0	 0	 0
0	 0	 0	 0	 0	 0	 0	 0
0	 0	 0	 0	 0	 0	 0	 0
0	 0	 0	 0	 0	 0	 0	 130
0	 0	 0	 0	 0	 0	 0	 0
0	 0	 0	 0	 0	 0	 0	 0
0	 0	 0	 0	 0	 0	 0	 0
0	 0	 0	 0	 0	 0	 0	 0
0	 0	 0	 0	 0	 0	 0	 0
0	 0	 0	 0	 0	 0	 0	 0
0	 0	 0	 0	 0	 0	 0	 0
0	 0	 0	 0	 0	 0	 0	 0
0	 0	 0	 0	 0	 0	 0	 0
0	 0	 0	 0	 0	 0	 0	 0
0	 0	 0	 0	 0	 0	 0	 0
0	 0	 0	 0	 0	 0	 0	 0
0	 0	 0	 0	 0	 0	 0	 0
0	 0	 0	 0	 0	 0	 0	 0
0	 0	 0	 0	 0	 0	 0	 0
0	 0	 0	 0	 0	 0	 0	 0
0	 0	 0	 0	 0	 0	 0	 0
0	 0	 0	 0	 0	 0	 0	 0
0	 0	 0	 0	 0	 0	 0	 19
0	 0	 0	 0	 0	 0	 0	 0
0	 0	 0	 0	 0	 0	 0	 0
0	 0	 0	 0	 0	 0	 0	 0
0	 0	 0	 0	 0	 0	 0	 0
0	 0	 0	 0	 0	 0	 0	 0
0	 0	 0	 0	 0	 0	 0	 0
0	 0	 0	 0	 0	 0	 0	 0
0	 0	 0	 0	 0	 0	 0	 0
0	 0	 0	 0	 0	 0	 0	 0
0	 0	 0	 0	 0	 0	 0	 0
0	 0	 0	 0	 0	 0	 0	 10
0	 0	 0	 0	 0	 0	 0	 0
0	 0	 0	 0	 0	 0	 0	 0
0	 0	 0	 0	 0	 0	 0	 0
0	 0	 0	 0	 0	 0	 0	 0
0	 0	 0	 0	 0	 0	 0	 0
0	 0	 0	 0	 0	 0	 0	 0
0	 0	 0	 0	 0	 0	 0	 0
0	 0	 0	 0	 0	 0	 0	 477
0	 0	 0	 0	 0	 0	 0	 0
0	 0	 0	 0	 0	 0	 0	 0
0	 0	 0	 0	 0	 0	 0	 5
0	 0	 0	 0	 0	 0	 0	 0
0	 0	 0	 0	 0	 0	 0	 0
0	 0	 0	 0	 0	 0	 0	 347
0	 0	 0	 0	 0	 0	 0	 0
0	 0	 0	 0	 0	 0	 0	 0
0	 0	 0	 0	 0	 0	 0	 0
0	 0	 0	 0	 0	 0	 0	 0
0	 0	 0	 0	 0	 0	 0	 38
0	 0	 0	 0	 0	 0	 0	 0
0	 0	 0	 0	 0	 0	 0	 0
0	 0	 0	 0	 0	 0	 0	 0
0	 0	 0	 0	 0	 0	 0	 0
0	 0	 0	 0	 0	 0	 0	 0
