0	 0	 0	 0	 0	 0	 0	 0
40	 0	 0	 0	 0	 0	 0	 0
0	 0	 0	 0	 0	 0	 0	 0
10	 10	 0	 0	 0	 0	 0	 0
0	 0	 0	 0	 0	 0	 0	 2
0	 0	 0	 4	 0	 0	 0	 69
0	 0	 0	 0	 0	 0	 0	 3
0	 0	 0	 0	 0	 0	 0	 0
0	 0	 0	 0	 0	 0	 0	 0
18	 0	 0	 0	 0	 0	 0	 0
0	 0	 0	 0	 0	 0	 0	 0
0	 0	 0	 0	 0	 0	 0	 0
0	 0	 0	 0	 0	 0	 0	 0
0	 0	 0	 0	 0	 0	 0	 0
0	 0	 0	 0	 0	 0	 0	 0
0	 0	 0	 0	 0	 0	 0	 0
0	 0	 0	 0	 0	 0	 0	 0
4	 2	 0	 0	 0	 0	 0	 91
0	 0	 0	 0	 0	 0	 0	 0
0	 0	 0	 0	 0	 2	 0	 0
0	 0	 0	 0	 0	 0	 0	 0
175	 19	 0	 0	 0	 0	 0	 0
0	 0	 0	 0	 0	 0	 0	 0
3	 24	 0	 0	 0	 14	 0	 0
0	 0	 0	 0	 0	 0	 0	 2
0	 0	 0	 0	 0	 0	 0	 0
0	 0	 0	 0	 0	 0	 0	 0
3	 0	 0	 0	 0	 0	 0	 178
0	 0	 0	 0	 0	 0	 0	 0
0	 0	 0	 0	 0	 0	 0	 0
0	 0	 0	 0	 0	 0	 0	 0
0	 0	 0	 0	 0	 0	 0	 0
0	 0	 0	 0	 0	 0	 0	 0
0	 0	 0	 0	 0	 0	 0	 0
0	 0	 0	 0	 0	 0	 0	 0
0	 0	 0	 0	 0	 0	 0	 0
0	 0	 0	 0	 0	 0	 0	 0
0	 0	 0	 0	 0	 0	 0	 0
189	 67	 0	 0	 0	 0	 0	 75
9	 0	 0	 0	 0	 0	 0	 0
0	 0	 0	 0	 0	 0	 0	 0
0	 0	 0	 0	 0	 0	 0	 0
0	 0	 0	 0	 0	 0	 0	 0
0	 0	 0	 0	 0	 0	 0	 0
0	 0	 0	 0	 0	 0	 0	 27
0	 0	 0	 0	 0	 0	 0	 0
0	 0	 0	 0	 0	 0	 0	 0
0	 0	 0	 0	 0	 0	 0	 0
0	 0	 0	 0	 0	 0	 0	 0
49	 128	 4	 40	 0	 0	 0	 0
0	 0	 0	 0	 0	 0	 0	 0
0	 0	 0	 0	 0	 0	 0	 0
0	 0	 0	 0	 0	 0	 0	 0
0	 0	 0	 0	 0	 0	 0	 0
0	 0	 0	 0	 0	 0	 0	 0
0	 0	 0	 0	 0	 0	 0	 0
0	 0	 0	 0	 0	 0	 0	 0
0	 0	 0	 0	 0	 0	 0	 0
0	 0	 0	 0	 0	 0	 0	 0
0	 0	 0	 0	 0	 0	 0	 0
0	 0	 0	 0	 0	 0	 0	 0
5	 0	 0	 0	 0	 0	 0	 0
0	 0	 0	 0	 0	 0	 0	 0
108	 0	 0	 17	 0	 0	 0	 0
17	 0	 0	 0	 0	 0	 0	 0
0	 0	 0	 0	 0	 0	 0	 0
0	 0	 0	 0	 0	 0	 0	 0
0	 0	 0	 0	 0	 0	 0	 0
0	 0	 0	 0	 0	 0	 0	 0
0	 0	 0	 0	 0	 0	 0	 0
68	 0	 0	 0	 2	 0	 0	 0
0	 0	 0	 0	 0	 0	 0	 0
0	 0	 0	 0	 0	 0	 0	 0
69	 69	 0	 0	 0	 0	 0	 0
0	 0	 0	 0	 0	 0	 0	 0
0	 0	 0	 0	 0	 0	 0	 0
0	 0	 0	 0	 0	 2	 0	 0
31	 7	 0	 0	 0	 2	 0	 35
44	 0	 0	 0	 0	 0	 0	 0
0	 0	 0	 0	 0	 0	 0	 0
0	 0	 0	 0	 0	 0	 0	 0
0	 0	 0	 0	 0	 0	 0	 0
0	 0	 0	 0	 0	 0	 0	 0
9	 0	 0	 0	 0	 0	 0	 0
0	 0	 0	 0	 0	 0	 0	 0
0	 0	 0	 0	 0	 2	 0	 0
59	 91	 12	 1	 0	 0	 0	 13
0	 0	 0	 0	 0	 0	 0	 0
0	 0	 0	 0	 0	 0	 0	 0
0	 0	 0	 0	 0	 0	 0	 0
0	 0	 0	 0	 0	 0	 0	 0
0	 0	 0	 0	 0	 0	 0	 0
0	 0	 0	 0	 0	 0	 0	 0
69	 70	 0	 0	 0	 0	 0	 0
0	 0	 0	 0	 0	 0	 0	 0
0	 0	 0	 0	 0	 0	 0	 0
0	 0	 0	 0	 0	 0	 0	 0
0	 0	 0	 0	 0	 0	 0	 0
0	 0	 0	 0	 0	 0	 0	 412
0	 0	 0	 0	 0	 0	 0	 0
0	 0	 0	 0	 0	 0	 0	 0
0	 0	 0	 0	 0	 0	 0	 0
0	 0	 0	 0	 0	 0	 0	 0
0	 0	 0	 0	 0	 0	 0	 0
0	 0	 0	 0	 0	 0	 0	 0
0	 0	 0	 0	 0	 0	 0	 0
0	 0	 0	 0	 0	 0	 0	 0
0	 0	 0	 0	 0	 0	 0	 0
0	 0	 0	 0	 0	 0	 0	 0
3	 0	 0	 0	 0	 0	 0	 0
0	 0	 0	 0	 0	 0	 0	 0
0	 0	 0	 0	 0	 0	 0	 0
0	 0	 0	 0	 0	 0	 0	 0
0	 0	 0	 0	 0	 0	 0	 0
0	 0	 0	 0	 0	 0	 0	 0
0	 0	 0	 0	 0	 0	 0	 0
0	 0	 0	 0	 0	 0	 0	 0
0	 0	 0	 0	 0	 0	 0	 0
0	 0	 0	 0	 0	 0	 0	 0
0	 0	 0	 0	 0	 0	 0	 0
0	 0	 0	 0	 0	 0	 0	 0
0	 0	 0	 0	 0	 0	 0	 0
0	 0	 0	 0	 0	 0	 0	 0
4	 0	 0	 0	 0	 0	 0	 0
0	 0	 0	 0	 0	 0	 0	 0
8	 8	 0	 0	 0	 0	 0	 0
0	 0	 0	 0	 0	 0	 0	 3
0	 0	 0	 0	 0	 0	 0	 27
0	 0	 0	 0	 0	 0	 0	 7
0	 0	 0	 0	 0	 0	 0	 0
0	 0	 0	 0	 0	 0	 0	 0
36	 0	 0	 0	 0	 0	 0	 0
0	 0	 0	 0	 0	 0	 0	 0
0	 0	 0	 0	 0	 0	 0	 0
0	 0	 0	 0	 0	 0	 0	 0
0	 0	 0	 0	 0	 0	 0	 0
0	 0	 0	 0	 0	 0	 0	 0
0	 0	 0	 0	 0	 0	 0	 0
0	 0	 0	 0	 0	 0	 0	 0
6	 3	 0	 0	 0	 0	 0	 66
0	 0	 0	 0	 0	 0	 0	 0
4	 4	 0	 0	 0	 11	 0	 0
0	 0	 0	 0	 0	 0	 0	 0
194	 32	 0	 0	 0	 0	 0	 0
0	 0	 0	 0	 0	 0	 0	 0
1	 23	 0	 0	 0	 14	 0	 0
0	 0	 0	 0	 0	 0	 0	 1
0	 0	 0	 0	 0	 0	 0	 0
0	 0	 0	 0	 0	 0	 0	 0
0	 0	 0	 0	 0	 0	 0	 206
0	 0	 0	 0	 0	 0	 0	 0
0	 0	 0	 0	 0	 0	 0	 0
0	 0	 0	 0	 0	 0	 0	 0
0	 0	 0	 0	 0	 0	 0	 0
0	 0	 0	 0	 0	 0	 0	 0
0	 0	 0	 0	 0	 0	 0	 0
0	 0	 0	 0	 0	 0	 0	 0
0	 0	 0	 0	 0	 0	 0	 0
0	 0	 0	 0	 0	 0	 0	 0
0	 0	 0	 0	 0	 0	 0	 0
177	 64	 0	 0	 0	 0	 0	 60
13	 0	 0	 0	 0	 0	 0	 0
0	 0	 0	 0	 0	 0	 0	 0
0	 0	 0	 0	 0	 0	 0	 0
0	 0	 0	 0	 0	 0	 0	 0
0	 0	 0	 0	 0	 0	 0	 0
0	 0	 0	 0	 0	 0	 0	 19
0	 0	 0	 0	 0	 0	 0	 0
0	 0	 0	 0	 0	 0	 0	 0
0	 0	 0	 0	 0	 0	 0	 0
0	 0	 0	 0	 0	 0	 0	 0
15	 44	 0	 0	 0	 0	 0	 2
0	 0	 0	 0	 0	 0	 0	 0
0	 0	 0	 0	 0	 0	 0	 0
0	 0	 0	 0	 0	 0	 0	 0
0	 0	 0	 0	 0	 0	 0	 0
0	 0	 0	 0	 0	 0	 0	 0
0	 0	 0	 0	 0	 0	 0	 0
176	 199	 0	 0	 0	 47	 0	 6
0	 0	 0	 0	 0	 0	 0	 0
0	 0	 0	 0	 0	 0	 0	 0
0	 0	 0	 0	 0	 0	 0	 0
0	 0	 0	 0	 0	 0	 0	 0
3	 0	 0	 0	 0	 0	 0	 0
0	 0	 0	 0	 0	 0	 0	 0
0	 0	 0	 0	 0	 0	 0	 0
34	 0	 0	 0	 0	 0	 0	 0
0	 0	 0	 0	 0	 0	 0	 0
0	 0	 0	 0	 0	 0	 0	 0
0	 0	 0	 0	 0	 0	 0	 0
0	 0	 0	 0	 0	 0	 0	 0
0	 0	 0	 0	 0	 0	 0	 0
1	 0	 0	 0	 0	 0	 0	 0
0	 0	 0	 0	 0	 0	 0	 0
0	 0	 0	 0	 0	 0	 0	 0
70	 70	 0	 0	 0	 0	 0	 0
0	 0	 0	 0	 0	 0	 0	 0
0	 0	 0	 0	 0	 0	 0	 0
1	 2	 0	 0	 0	 0	 0	 0
9	 2	 0	 0	 0	 2	 0	 230
35	 0	 0	 0	 0	 0	 0	 0
0	 0	 0	 0	 0	 0	 0	 0
0	 0	 0	 0	 0	 0	 0	 0
0	 0	 0	 0	 0	 0	 0	 0
0	 0	 0	 0	 0	 0	 0	 0
6	 0	 0	 0	 0	 0	 0	 0
0	 0	 0	 0	 0	 0	 0	 0
0	 0	 0	 0	 0	 0	 0	 0
85	 124	 29	 7	 0	 0	 0	 22
0	 0	 0	 0	 0	 0	 0	 0
0	 0	 0	 0	 0	 0	 0	 0
0	 0	 0	 0	 0	 0	 0	 0
0	 0	 0	 0	 0	 0	 0	 0
0	 0	 0	 0	 0	 0	 0	 0
0	 0	 0	 0	 0	 0	 0	 0
78	 78	 0	 0	 0	 0	 0	 0
2	 12	 0	 0	 0	 0	 0	 0
0	 0	 0	 0	 0	 0	 0	 0
0	 0	 0	 0	 0	 0	 0	 0
0	 0	 0	 0	 0	 0	 0	 0
0	 0	 0	 0	 0	 0	 0	 402
0	 0	 0	 0	 0	 0	 0	 0
0	 0	 0	 0	 0	 0	 0	 0
0	 0	 0	 0	 0	 0	 0	 0
0	 0	 0	 0	 0	 0	 0	 0
0	 0	 0	 0	 0	 0	 0	 0
0	 0	 0	 0	 0	 0	 0	 0
0	 0	 0	 0	 0	 0	 0	 0
0	 0	 0	 0	 0	 0	 0	 0
0	 0	 0	 0	 0	 0	 0	 0
0	 0	 0	 0	 0	 0	 0	 0
18	 0	 0	 0	 0	 0	 0	 0
0	 0	 0	 0	 0	 0	 0	 0
0	 0	 0	 0	 0	 0	 0	 0
0	 0	 0	 0	 0	 0	 0	 0
0	 0	 0	 0	 0	 0	 0	 0
0	 0	 0	 0	 0	 0	 0	 0
0	 0	 0	 0	 0	 0	 0	 0
0	 0	 0	 0	 0	 0	 0	 0
0	 0	 0	 0	 0	 0	 0	 0
0	 0	 0	 0	 0	 0	 0	 0
0	 0	 0	 0	 0	 0	 0	 0
0	 0	 0	 0	 0	 0	 0	 0
0	 0	 0	 0	 0	 0	 0	 0
0	 0	 0	 0	 0	 0	 0	 0
3	 0	 0	 0	 0	 0	 0	 0
0	 0	 0	 0	 0	 0	 0	 0
9	 6	 0	 0	 0	 0	 0	 0
0	 0	 0	 0	 0	 0	 0	 0
0	 0	 0	 8	 0	 0	 0	 27
0	 0	 0	 0	 0	 0	 0	 5
0	 0	 0	 0	 0	 0	 0	 0
0	 0	 0	 0	 0	 0	 0	 0
52	 0	 0	 0	 0	 0	 0	 0
0	 0	 0	 0	 0	 0	 0	 0
0	 0	 0	 0	 0	 0	 0	 0
0	 0	 0	 0	 0	 0	 0	 0
0	 0	 0	 0	 0	 0	 0	 0
0	 0	 0	 0	 0	 0	 0	 0
0	 0	 0	 0	 0	 0	 0	 0
0	 0	 0	 0	 0	 0	 0	 0
7	 5	 0	 0	 0	 0	 0	 54
0	 0	 0	 0	 0	 0	 0	 0
5	 2	 0	 0	 0	 7	 0	 0
0	 0	 0	 0	 0	 0	 0	 0
185	 24	 0	 0	 0	 0	 0	 0
0	 0	 0	 0	 0	 0	 0	 0
3	 48	 0	 0	 0	 33	 0	 0
0	 0	 0	 0	 0	 0	 0	 1
0	 0	 0	 0	 0	 0	 0	 0
0	 0	 0	 0	 0	 0	 0	 0
3	 0	 0	 0	 0	 1	 0	 221
0	 0	 0	 0	 0	 0	 0	 0
0	 0	 0	 0	 0	 0	 0	 0
0	 0	 0	 0	 0	 0	 0	 0
0	 0	 0	 0	 0	 0	 0	 0
0	 0	 0	 0	 0	 0	 0	 0
0	 0	 0	 0	 0	 0	 0	 0
0	 0	 0	 0	 0	 0	 0	 0
0	 0	 0	 0	 0	 0	 0	 0
0	 0	 0	 0	 0	 0	 0	 0
0	 0	 0	 0	 0	 0	 0	 0
162	 63	 0	 0	 0	 0	 0	 86
5	 0	 0	 0	 0	 0	 0	 0
0	 0	 0	 0	 0	 0	 0	 0
0	 0	 0	 0	 0	 0	 0	 0
0	 0	 0	 0	 0	 0	 0	 0
0	 0	 0	 0	 0	 0	 0	 0
0	 0	 0	 0	 0	 0	 0	 8
0	 0	 0	 0	 0	 0	 0	 0
0	 0	 0	 0	 0	 0	 0	 0
0	 0	 0	 0	 0	 0	 0	 0
0	 0	 0	 0	 0	 0	 0	 0
4	 9	 43	 277	 0	 0	 0	 3
0	 0	 0	 0	 0	 0	 0	 0
0	 0	 0	 0	 0	 0	 0	 0
0	 0	 0	 0	 0	 0	 0	 0
0	 0	 0	 0	 0	 0	 0	 0
0	 0	 0	 0	 0	 0	 0	 0
0	 0	 0	 0	 0	 0	 0	 0
94	 200	 0	 0	 0	 37	 0	 0
0	 0	 0	 0	 0	 0	 0	 0
0	 0	 0	 0	 0	 0	 0	 0
0	 0	 0	 0	 0	 0	 0	 0
0	 0	 0	 0	 0	 0	 0	 0
6	 0	 0	 0	 0	 0	 0	 0
0	 0	 0	 0	 0	 0	 0	 0
0	 0	 0	 0	 0	 0	 0	 0
36	 0	 0	 0	 0	 0	 0	 0
0	 0	 0	 0	 0	 0	 0	 0
0	 0	 0	 0	 0	 0	 0	 0
0	 0	 0	 0	 0	 0	 0	 0
0	 0	 0	 0	 0	 0	 0	 0
0	 0	 0	 0	 0	 0	 0	 0
5	 0	 0	 0	 0	 0	 0	 0
0	 0	 0	 0	 0	 0	 0	 0
0	 0	 0	 0	 0	 0	 0	 0
69	 69	 0	 0	 0	 0	 0	 0
0	 0	 0	 0	 0	 0	 0	 0
0	 0	 0	 0	 0	 0	 0	 0
0	 0	 0	 0	 0	 0	 0	 0
0	 1	 0	 0	 0	 2	 0	 259
43	 0	 0	 0	 0	 0	 0	 0
0	 0	 0	 0	 0	 0	 0	 0
0	 0	 0	 0	 0	 0	 0	 0
0	 0	 0	 0	 0	 0	 0	 0
0	 0	 0	 0	 0	 0	 0	 0
0	 0	 0	 0	 0	 0	 0	 0
0	 0	 0	 0	 0	 0	 0	 0
0	 0	 0	 0	 0	 2	 0	 1
93	 135	 26	 6	 0	 0	 0	 24
0	 0	 0	 0	 0	 0	 0	 0
0	 0	 0	 0	 0	 5	 0	 0
0	 0	 0	 0	 0	 0	 0	 0
0	 0	 0	 0	 0	 0	 0	 0
0	 0	 0	 0	 0	 0	 0	 0
0	 0	 0	 0	 0	 0	 0	 0
65	 65	 0	 0	 0	 0	 0	 0
0	 0	 0	 0	 0	 0	 0	 0
0	 0	 0	 0	 0	 0	 0	 0
0	 0	 0	 0	 0	 0	 0	 0
0	 0	 0	 0	 0	 0	 0	 0
0	 0	 0	 0	 0	 0	 0	 409
0	 0	 0	 0	 0	 0	 0	 0
0	 0	 0	 0	 0	 0	 0	 0
0	 0	 0	 0	 0	 0	 0	 0
0	 0	 0	 0	 0	 0	 0	 0
0	 0	 0	 0	 0	 0	 0	 0
0	 0	 0	 0	 0	 1	 0	 0
0	 0	 0	 0	 0	 0	 0	 0
0	 0	 0	 0	 0	 0	 0	 0
0	 0	 0	 0	 0	 0	 0	 0
0	 0	 0	 0	 0	 0	 0	 0
6	 0	 0	 0	 0	 0	 0	 0
0	 0	 0	 0	 0	 0	 0	 0
0	 0	 0	 0	 0	 0	 0	 0
0	 0	 0	 0	 0	 0	 0	 0
0	 0	 0	 0	 0	 0	 0	 0
0	 0	 0	 0	 0	 0	 0	 0
0	 0	 0	 0	 0	 0	 0	 0
0	 0	 0	 0	 0	 0	 0	 0
0	 0	 0	 0	 0	 0	 0	 0
0	 0	 0	 0	 0	 0	 0	 0
0	 0	 0	 0	 0	 0	 0	 0
0	 0	 0	 0	 0	 0	 0	 0
0	 0	 0	 0	 0	 0	 0	 0
