46944	267	25685	45	 105	 0	 0	0	0	0	0	 0	 0	 0	 0	 0	 0	 0
16312	1029	1081020	31	 47	 48	 10	1	40	0	48	 0	 0	 9	 0	 0	 0	 1
61906	482	705702	33	 130	 0	 0	0	0	0	0	 0	 0	 0	 0	 0	 0	 0
25975	479	87788	34	 102	 12	 14	1	20	0	12	 13	 0	 0	 0	 0	 0	 1
41207	1286	32781	27	 45	 3	 2	0	2	0	3	 0	 0	 0	 0	 0	 0	 2
29060	982	508428	41	 89	 2	 148	0	73	0	2	 0	 0	 6	 0	 0	 0	 142
19641	499	473502	21	 41	 0	 105	0	3	0	0	 0	 0	 0	 0	 0	 0	 105
50288	300	291200	50	 145	 0	 0	0	0	0	0	 0	 0	 0	 0	 0	 0	 0
46944	250	10009	45	 105	 0	 0	0	0	0	0	 0	 0	 0	 0	 0	 0	 0
14814	634	113487	23	 27	 24	 0	0	18	0	24	 0	 0	 0	 0	 0	 0	 0
21540	27	2305	18	 36	 0	 0	0	0	0	0	 0	 0	 0	 0	 0	 0	 0
47399	745	7193	30	 127	 0	 0	0	0	0	0	 0	 0	 0	 0	 0	 0	 0
27183	132	45868	68	 194	 0	 10	0	0	0	0	 0	 0	 0	 0	 10	 0	 0
47399	658	35104	30	 127	 0	 1	0	0	0	0	 0	 0	 0	 0	 0	 0	 1
52227	51	271	108	 226	 0	 0	0	0	0	0	 0	 0	 0	 0	 0	 0	 0
45692	46	107617	8	 97	 0	 0	0	0	0	0	 0	 0	 0	 0	 0	 0	 0
37499	480	385119	32	 95	 0	 0	0	0	0	0	 0	 0	 0	 0	 0	 0	 0
19296	573	740285	18	 38	 27	 124	0	97	0	27	 33	 0	 0	 0	 0	 0	 91
37499	480	372438	32	 95	 0	 0	0	0	0	0	 0	 0	 0	 0	 0	 0	 0
46079	1691	67693	76	 197	 18	 2	0	2	0	5	 0	 0	 0	 13	 2	 0	 0
45335	45	70025	52	 125	 0	 0	0	0	0	0	 0	 0	 0	 0	 0	 0	 0
30027	1305	322122	45	 116	 827	 526	0	194	0	815	 526	 0	 0	 12	 0	 0	 0
25678	415	635758	27	 57	 0	 0	0	0	0	0	 0	 0	 0	 0	 0	 0	 0
21094	1642	245185	26	 53	 34	 124	0	41	0	34	 27	 0	 0	 0	 14	 0	 83
23421	1519	1603985	25	 64	 4	 79	2	2	4	4	 0	 0	 0	 0	 4	 0	 75
33835	227	362729	10	 39	 0	 0	0	0	0	0	 0	 0	 0	 0	 0	 0	 0
20429	50	55487	20	 43	 0	 0	0	0	0	0	 0	 0	 0	 0	 0	 0	 0
10916	529	1013697	10	 13	 132	 248	1	181	55	132	 0	 0	 0	 0	 14	 0	 234
41356	111	13290	34	 65	 0	 0	0	0	0	0	 0	 0	 0	 0	 0	 0	 0
49834	125	282722	54	 103	 0	 0	0	0	0	0	 0	 0	 0	 0	 0	 0	 0
65358	0	0	67	 231	 0	 0	0	0	0	0	 0	 0	 0	 0	 0	 0	 0
51481	0	0	64	 159	 0	 0	0	0	0	0	 0	 0	 0	 0	 0	 0	 0
28117	331	540723	25	 72	 0	 0	0	0	0	0	 0	 0	 0	 0	 0	 0	 0
63727	393	503675	47	 132	 0	 669	0	0	0	0	 0	 0	 0	 0	 669	 0	 0
45851	61	112597	32	 111	 0	 0	0	0	0	0	 0	 0	 0	 0	 0	 0	 0
63727	392	455996	47	 132	 0	 663	0	0	0	0	 0	 0	 0	 0	 663	 0	 0
59118	257	140818	112	 250	 0	 0	0	0	0	0	 0	 0	 0	 0	 0	 0	 0
63727	384	439009	47	 132	 0	 620	0	0	0	0	 0	 0	 0	 0	 620	 0	 0
28830	401	349127	22	 123	 263	 253	0	331	0	263	 153	 0	 0	 0	 14	 0	 86
51939	268	363966	61	 142	 942	 0	0	9	0	942	 0	 0	 0	 0	 0	 0	 0
30720	744	95370	30	 67	 23	 2	0	0	0	23	 0	 0	 0	 0	 0	 0	 2
18158	0	0	21	 58	 0	 0	0	0	0	0	 0	 0	 0	 0	 0	 0	 0
32904	138	201307	18	 53	 0	 0	0	0	0	0	 0	 0	 0	 0	 0	 0	 0
33026	267	409724	32	 104	 371	 371	0	0	0	371	 371	 0	 0	 0	 0	 0	 0
33273	1525	252756	28	 57	 4	 27	0	27	0	4	 0	 0	 0	 0	 0	 0	 27
24680	406	69921	23	 47	 0	 7	0	0	0	0	 0	 0	 0	 0	 7	 0	 0
17616	820	92011	1	 29	 62	 92	32	0	0	62	 60	 0	 0	 0	 0	 0	 32
63727	391	470964	47	 132	 0	 679	0	0	0	0	 0	 0	 0	 0	 679	 0	 0
16952	366	415669	5	 23	 0	 0	0	0	0	0	 0	 0	 0	 0	 0	 0	 0
38204	2248	877446	41	 140	 55	 258	8	221	0	51	 134	 4	 40	 0	 0	 0	 84
25333	758	709823	24	 47	 0	 0	0	0	0	0	 0	 0	 0	 0	 0	 0	 0
56440	162	289199	106	 226	 0	 0	0	0	0	0	 0	 0	 0	 0	 0	 0	 0
32391	110	224987	41	 122	 0	 0	0	0	0	0	 0	 0	 0	 0	 0	 0	 0
63727	395	439478	47	 132	 0	 665	0	0	0	0	 0	 0	 0	 0	 665	 0	 0
27040	1095	679497	15	 84	 131	 0	0	0	0	131	 0	 0	 0	 0	 0	 0	 0
17038	498	401647	28	 79	 0	 88	0	0	0	0	 0	 0	 0	 0	 0	 0	 88
20577	385	2722	28	 42	 0	 0	0	0	0	0	 0	 0	 0	 0	 0	 0	 0
21534	24	413	18	 34	 0	 0	0	0	0	0	 0	 0	 0	 0	 0	 0	 0
39771	176	10513	23	 55	 0	 0	0	0	0	0	 0	 0	 0	 0	 0	 0	 0
65581	362	425653	50	 123	 0	 0	0	0	0	0	 0	 0	 0	 0	 0	 0	 0
27455	21	27011	32	 88	 0	 0	0	0	0	0	 0	 0	 0	 0	 0	 0	 0
66422	1110	572359	36	 193	 390	 1	0	5	0	390	 0	 0	 0	 0	 1	 0	 0
51476	49	1629	33	 99	 0	 0	0	0	0	0	 0	 0	 0	 0	 0	 0	 0
12734	502	795914	12	 19	 238	 49	7	125	0	238	 0	 0	 17	 0	 25	 0	 7
12199	493	457207	16	 6	 18	 74	0	17	0	18	 0	 0	 0	 0	 0	 0	 74
32162	153	39387	28	 71	 0	 101	0	0	0	0	 0	 0	 0	 0	 101	 0	 0
53577	65	205268	33	 117	 0	 601	0	0	0	0	 0	 0	 0	 0	 601	 0	 0
48922	0	0	62	 214	 0	 0	0	0	0	0	 0	 0	 0	 0	 0	 0	 0
39771	245	118865	23	 55	 0	 0	0	0	0	0	 0	 0	 0	 0	 0	 0	 0
16920	134	270214	12	 35	 0	 0	0	0	0	0	 0	 0	 0	 0	 0	 0	 0
42816	2084	313171	29	 77	 70	 1	0	70	0	68	 0	 0	 0	 2	 0	 0	 1
28511	603	479767	41	 96	 1	 74	0	0	0	1	 0	 0	 0	 0	 0	 0	 74
46806	0	0	50	 81	 0	 0	0	0	0	0	 0	 0	 0	 0	 0	 0	 0
11803	777	610822	4	 9	 80	 208	68	138	0	80	 140	 0	 0	 0	 0	 0	 68
60275	423	361636	41	 95	 0	 0	0	0	0	0	 0	 0	 0	 0	 0	 0	 0
30992	67	94784	28	 116	 0	 0	0	0	0	0	 0	 0	 0	 0	 0	 0	 0
61698	2649	56209	39	 117	 0	 3	0	2	0	0	 0	 0	 0	 0	 3	 0	 0
42608	1919	195055	231	 193	 33	 85	5	75	15	33	 17	 0	 0	 0	 2	 0	 66
12017	444	171989	17	 9	 46	 339	339	44	0	46	 0	 0	 0	 0	 0	 0	 339
40584	1879	81680	23	 42	 5	 11	4	0	6	5	 1	 0	 0	 0	 2	 0	 8
63817	0	0	18	 93	 0	 0	0	0	0	0	 0	 0	 0	 0	 0	 0	 0
19510	254	410776	7	 34	 0	 0	0	0	0	0	 0	 0	 0	 0	 0	 0	 0
42385	170	257958	29	 64	 0	 0	0	0	0	0	 0	 0	 0	 0	 0	 0	 0
51939	268	372029	61	 142	 979	 0	0	9	0	979	 0	 0	 0	 0	 0	 0	 0
52224	914	515441	43	 97	 0	 0	0	0	0	0	 0	 0	 0	 0	 0	 0	 0
44521	1782	690211	13	 57	 2	 2	0	2	0	2	 0	 0	 0	 0	 2	 0	 0
29767	2338	317122	47	 176	 99	 292	0	176	0	87	 120	 12	 1	 0	 7	 0	 164
30209	706	40242	14	 58	 0	 1	0	0	0	0	 0	 0	 0	 0	 1	 0	 0
32988	1149	74797	22	 74	 1	 2	2	0	0	1	 0	 0	 0	 0	 0	 0	 2
51389	97	123449	120	 227	 0	 0	0	0	0	0	 0	 0	 0	 0	 0	 0	 0
37499	480	390464	32	 95	 0	 0	0	0	0	0	 0	 0	 0	 0	 0	 0	 0
49594	343	1130	55	 166	 0	 0	0	0	0	0	 0	 0	 0	 0	 0	 0	 0
36934	67	85291	28	 115	 0	 0	0	0	0	0	 0	 0	 0	 0	 0	 0	 0
20662	339	268673	16	 52	 69	 70	0	139	0	69	 70	 0	 0	 0	 0	 0	 0
27483	1284	7818	11	 35	 0	 2	0	0	0	0	 0	 0	 0	 0	 0	 0	 2
32224	139	400878	14	 57	 0	 0	0	0	0	0	 0	 0	 0	 0	 0	 0	 0
39771	192	988887	23	 55	 0	 0	0	0	0	0	 0	 0	 0	 0	 0	 0	 0
12564	33	74365	15	 24	 0	 11	0	0	0	0	 0	 0	 0	 0	 0	 0	 11
8363	129	32253	1	 8	 0	 1012	303	412	0	0	 0	 0	 0	 0	 297	 0	 715
49317	425	417723	28	 94	 0	 0	0	0	0	0	 0	 0	 0	 0	 0	 0	 0
37499	480	361307	32	 95	 0	 0	0	0	0	0	 0	 0	 0	 0	 0	 0	 0
63727	391	429634	47	 132	 0	 524	0	0	0	0	 0	 0	 0	 0	 524	 0	 0
29539	9	10480	63	 226	 0	 0	0	0	0	0	 0	 0	 0	 0	 0	 0	 0
44902	492	103175	31	 82	 0	 0	0	0	0	0	 0	 0	 0	 0	 0	 0	 0
21907	1575	592824	3	 34	 0	 117	8	0	0	0	 0	 0	 0	 0	 91	 0	 26
63727	381	418371	47	 132	 0	 555	0	0	0	0	 0	 0	 0	 0	 555	 0	 0
27077	2133	52085	18	 46	 0	 1	0	0	0	0	 0	 0	 0	 0	 0	 0	 1
63727	393	443002	47	 132	 0	 620	0	0	0	0	 0	 0	 0	 0	 620	 0	 0
19056	133	281825	9	 37	 0	 0	0	0	0	0	 0	 0	 0	 0	 0	 0	 0
62000	403	486135	41	 127	 1026	 24	0	3	0	1026	 0	 0	 0	 0	 24	 0	 0
10078	473	508298	3	 10	 0	 84	0	0	0	0	 0	 0	 0	 0	 0	 0	 84
63727	396	454273	47	 132	 0	 565	0	0	0	0	 0	 0	 0	 0	 565	 0	 0
7336	33	3323	0	 1	 0	 129	129	0	0	0	 0	 0	 0	 0	 0	 0	 129
63727	392	439147	47	 132	 0	 483	0	0	0	0	 0	 0	 0	 0	 483	 0	 0
22555	84	152139	20	 40	 0	 0	0	0	0	0	 0	 0	 0	 0	 0	 0	 0
63727	393	416320	47	 132	 0	 390	0	0	0	0	 0	 0	 0	 0	 390	 0	 0
25563	294	301409	21	 55	 0	 0	0	0	0	0	 0	 0	 0	 0	 0	 0	 0
65358	0	0	67	 231	 0	 0	0	0	0	0	 0	 0	 0	 0	 0	 0	 0
48547	616	2749	133	 419	 0	 0	0	0	0	0	 0	 0	 0	 0	 0	 0	 0
26447	55	313900	26	 71	 0	 0	0	0	0	0	 0	 0	 0	 0	 0	 0	 0
26504	348	284316	12	 36	 0	 0	0	0	0	0	 0	 0	 0	 0	 0	 0	 0
14586	55	83528	22	 27	 0	 0	0	0	0	0	 0	 0	 0	 0	 0	 0	 0
46944	71	666	45	 105	 0	 0	0	0	0	0	 0	 0	 0	 0	 0	 0	 0
16312	920	26461	31	 47	 6	 3	0	4	0	6	 0	 0	 3	 0	 0	 0	 0
61906	482	634039	33	 130	 0	 0	0	0	0	0	 0	 0	 0	 0	 0	 0	 0
25975	420	38442	34	 102	 8	 23	0	16	0	8	 23	 0	 0	 0	 0	 0	 0
41207	1899	63790	27	 45	 5	 3	0	3	0	4	 0	 0	 0	 1	 0	 0	 3
29060	696	374955	41	 89	 1	 178	37	27	37	1	 0	 0	 0	 0	 0	 0	 178
19641	505	488889	21	 41	 0	 78	0	7	0	0	 0	 0	 0	 0	 0	 0	 78
50288	322	272227	50	 145	 0	 0	0	0	0	0	 0	 0	 0	 0	 0	 0	 0
46944	271	40527	45	 105	 0	 0	0	0	0	0	 0	 0	 0	 0	 0	 0	 0
14814	619	214501	23	 27	 66	 0	0	36	0	66	 0	 0	 0	 0	 0	 0	 0
21540	30	4631	18	 36	 0	 3	3	0	0	0	 0	 0	 0	 0	 0	 0	 3
47399	1370	134443	30	 127	 0	 1	0	0	0	0	 0	 0	 0	 0	 0	 0	 1
27183	126	44210	68	 194	 0	 3	0	0	0	0	 0	 0	 0	 0	 3	 0	 0
47399	1105	57525	30	 127	 0	 1	0	0	0	0	 0	 0	 0	 0	 0	 0	 1
52227	60	345	108	 226	 0	 0	0	0	0	0	 0	 0	 0	 0	 0	 0	 0
45692	46	108328	8	 97	 0	 0	0	0	0	0	 0	 0	 0	 0	 0	 0	 0
37499	480	379695	32	 95	 0	 0	0	0	0	0	 0	 0	 0	 0	 0	 0	 0
19296	253	1205404	18	 38	 19	 86	0	75	0	19	 20	 0	 0	 0	 0	 0	 66
37499	480	619696	32	 95	 0	 0	0	0	0	0	 0	 0	 0	 0	 0	 0	 0
46079	2001	219231	76	 197	 46	 16	0	19	0	35	 5	 0	 0	 11	 11	 0	 0
45335	45	79338	52	 125	 0	 0	0	0	0	0	 0	 0	 0	 0	 0	 0	 0
30027	1283	401701	45	 116	 1028	 713	0	226	0	1002	 590	 0	 0	 26	 123	 0	 0
25678	415	696548	27	 57	 0	 0	0	0	0	0	 0	 0	 0	 0	 0	 0	 0
21094	1417	229683	26	 53	 37	 117	0	38	0	37	 28	 0	 0	 0	 14	 0	 75
23421	882	11235	25	 64	 2	 4	0	1	0	2	 0	 0	 0	 0	 2	 0	 2
33835	227	353723	10	 39	 0	 0	0	0	0	0	 0	 0	 0	 0	 0	 0	 0
20429	50	62090	20	 43	 0	 0	0	0	0	0	 0	 0	 0	 0	 0	 0	 0
10916	527	1157805	10	 13	 117	 275	9	206	40	117	 0	 0	 0	 0	 20	 0	 255
41356	181	2065750	34	 65	 0	 0	0	0	0	0	 0	 0	 0	 0	 0	 0	 0
49834	125	292267	54	 103	 0	 0	0	0	0	0	 0	 0	 0	 0	 0	 0	 0
65358	0	0	67	 231	 0	 0	0	0	0	0	 0	 0	 0	 0	 0	 0	 0
51481	139	274241	64	 159	 0	 0	0	0	0	0	 0	 0	 0	 0	 0	 0	 0
28117	331	550104	25	 72	 0	 0	0	0	0	0	 0	 0	 0	 0	 0	 0	 0
63727	369	164450	47	 132	 0	 154	0	0	0	0	 0	 0	 0	 0	 154	 0	 0
45851	61	116853	32	 111	 0	 0	0	0	0	0	 0	 0	 0	 0	 0	 0	 0
63727	394	283155	47	 132	 0	 394	0	0	0	0	 0	 0	 0	 0	 394	 0	 0
59118	215	147087	112	 250	 0	 0	0	0	0	0	 0	 0	 0	 0	 0	 0	 0
63727	393	433980	47	 132	 0	 596	0	0	0	0	 0	 0	 0	 0	 596	 0	 0
28830	397	380949	22	 123	 245	 220	0	301	0	245	 140	 0	 0	 0	 12	 0	 68
51939	268	389441	61	 142	 1031	 0	0	13	0	1031	 0	 0	 0	 0	 0	 0	 0
30720	803	104300	30	 67	 29	 4	0	0	0	29	 0	 0	 0	 0	 0	 0	 4
18158	0	0	21	 58	 0	 0	0	0	0	0	 0	 0	 0	 0	 0	 0	 0
32904	138	198870	18	 53	 0	 0	0	0	0	0	 0	 0	 0	 0	 0	 0	 0
33026	169	299660	32	 104	 0	 0	0	0	0	0	 0	 0	 0	 0	 0	 0	 0
33273	1534	334714	28	 57	 6	 19	0	19	0	6	 0	 0	 0	 0	 0	 0	 19
24680	428	104610	23	 47	 1	 16	0	0	0	1	 16	 0	 0	 0	 0	 0	 0
17616	761	79745	1	 29	 31	 76	42	0	0	31	 34	 0	 0	 0	 0	 0	 42
63727	356	466928	47	 132	 0	 491	0	0	0	0	 0	 0	 0	 0	 491	 0	 0
16952	366	423746	5	 23	 0	 0	0	0	0	0	 0	 0	 0	 0	 0	 0	 0
38204	2076	424574	41	 140	 17	 137	1	61	0	17	 47	 0	 0	 0	 0	 0	 90
25333	758	671725	24	 47	 0	 0	0	0	0	0	 0	 0	 0	 0	 0	 0	 0
56440	162	312020	106	 226	 0	 0	0	0	0	0	 0	 0	 0	 0	 0	 0	 0
32391	110	196221	41	 122	 0	 0	0	0	0	0	 0	 0	 0	 0	 0	 0	 0
63727	352	410858	47	 132	 0	 568	0	0	0	0	 0	 0	 0	 0	 568	 0	 0
27040	1175	651413	15	 84	 96	 0	0	0	0	96	 0	 0	 0	 0	 0	 0	 0
17038	535	353423	28	 79	 1	 78	0	0	0	1	 0	 0	 0	 0	 0	 0	 78
20577	1183	735675	28	 42	 176	 411	159	428	0	176	 199	 0	 0	 0	 47	 0	 165
21534	29	12137	18	 34	 0	 0	0	0	0	0	 0	 0	 0	 0	 0	 0	 0
39771	1280	991413	23	 55	 0	 26	0	0	0	0	 0	 0	 0	 0	 26	 0	 0
65581	355	419666	50	 123	 0	 0	0	0	0	0	 0	 0	 0	 0	 0	 0	 0
27455	21	28181	32	 88	 0	 0	0	0	0	0	 0	 0	 0	 0	 0	 0	 0
66422	1127	616563	36	 193	 398	 1	0	3	0	398	 0	 0	 0	 0	 1	 0	 0
51476	61	3620	33	 99	 0	 0	0	0	0	0	 0	 0	 0	 0	 0	 0	 0
12734	312	68815	12	 19	 11	 0	0	0	0	11	 0	 0	 0	 0	 0	 0	 0
12199	480	424228	16	 6	 34	 66	0	34	0	34	 0	 0	 0	 0	 0	 0	 66
32162	153	65083	28	 71	 0	 169	0	0	0	0	 0	 0	 0	 0	 169	 0	 0
53577	65	187032	33	 117	 0	 598	0	0	0	0	 0	 0	 0	 0	 598	 0	 0
48922	0	0	62	 214	 0	 0	0	0	0	0	 0	 0	 0	 0	 0	 0	 0
39771	286	147664	23	 55	 0	 0	0	0	0	0	 0	 0	 0	 0	 0	 0	 0
16920	134	289561	12	 35	 0	 0	0	0	0	0	 0	 0	 0	 0	 0	 0	 0
42816	1109	44606	29	 77	 1	 0	0	1	0	1	 0	 0	 0	 0	 0	 0	 0
28511	584	491358	41	 96	 0	 57	0	0	0	0	 0	 0	 0	 0	 0	 0	 57
46806	0	0	50	 81	 0	 0	0	0	0	0	 0	 0	 0	 0	 0	 0	 0
11803	770	818217	4	 9	 77	 184	69	140	0	77	 115	 0	 0	 0	 0	 0	 69
60275	423	342317	41	 95	 0	 0	0	0	0	0	 0	 0	 0	 0	 0	 0	 0
30992	67	94277	28	 116	 0	 0	0	0	0	0	 0	 0	 0	 0	 0	 0	 0
61698	2708	80685	39	 117	 1	 2	0	3	0	1	 2	 0	 0	 0	 0	 0	 0
42608	1650	958907	231	 193	 11	 505	1	243	149	11	 35	 0	 3	 0	 2	 0	 465
12017	437	151378	17	 9	 36	 254	254	35	0	36	 0	 0	 0	 0	 0	 0	 254
40584	1638	15961	23	 42	 10	 2	0	0	12	10	 2	 0	 0	 0	 0	 0	 0
63817	0	0	18	 93	 0	 0	0	0	0	0	 0	 0	 0	 0	 0	 0	 0
19510	254	375965	7	 34	 0	 0	0	0	0	0	 0	 0	 0	 0	 0	 0	 0
42385	170	253374	29	 64	 0	 0	0	0	0	0	 0	 0	 0	 0	 0	 0	 0
51939	268	402958	61	 142	 1032	 0	0	6	0	1032	 0	 0	 0	 0	 0	 0	 0
52224	916	584889	43	 97	 0	 0	0	0	0	0	 0	 0	 0	 0	 0	 0	 0
44521	1093	18153	13	 57	 0	 0	0	0	0	0	 0	 0	 0	 0	 0	 0	 0
29767	2493	306579	47	 176	 154	 428	0	267	0	125	 182	 29	 7	 0	 6	 0	 233
30209	643	47250	14	 58	 0	 0	0	0	0	0	 0	 0	 0	 0	 0	 0	 0
32988	867	198366	22	 74	 10	 6	6	0	0	10	 0	 0	 0	 0	 0	 0	 6
51389	103	111357	120	 227	 0	 0	0	0	0	0	 0	 0	 0	 0	 0	 0	 0
37499	480	359787	32	 95	 0	 0	0	0	0	0	 0	 0	 0	 0	 0	 0	 0
49594	342	1157	55	 166	 0	 0	0	0	0	0	 0	 0	 0	 0	 0	 0	 0
36934	67	82315	28	 115	 0	 0	0	0	0	0	 0	 0	 0	 0	 0	 0	 0
20662	339	226688	16	 52	 78	 78	0	156	0	78	 78	 0	 0	 0	 0	 0	 0
27483	1766	26867	11	 35	 2	 13	0	14	0	2	 12	 0	 0	 0	 0	 0	 1
32224	139	442463	14	 57	 0	 0	0	0	0	0	 0	 0	 0	 0	 0	 0	 0
39771	271	4667760	23	 55	 0	 0	0	0	0	0	 0	 0	 0	 0	 0	 0	 0
12564	33	103106	15	 24	 0	 14	0	0	0	0	 0	 0	 0	 0	 0	 0	 14
8363	129	33989	1	 8	 0	 1041	268	402	0	0	 0	 0	 0	 0	 371	 0	 670
49317	425	423098	28	 94	 0	 0	0	0	0	0	 0	 0	 0	 0	 0	 0	 0
37499	480	383866	32	 95	 0	 0	0	0	0	0	 0	 0	 0	 0	 0	 0	 0
63727	407	461345	47	 132	 0	 381	0	0	0	0	 0	 0	 0	 0	 381	 0	 0
29539	9	10660	63	 226	 0	 0	0	0	0	0	 0	 0	 0	 0	 0	 0	 0
44902	496	118607	31	 82	 0	 0	0	0	0	0	 0	 0	 0	 0	 0	 0	 0
21907	1618	266043	3	 34	 0	 58	0	0	0	0	 0	 0	 0	 0	 56	 0	 2
63727	392	482267	47	 132	 0	 591	0	0	0	0	 0	 0	 0	 0	 591	 0	 0
27077	1027	10422	18	 46	 0	 0	0	0	0	0	 0	 0	 0	 0	 0	 0	 0
63727	410	444563	47	 132	 0	 569	0	0	0	0	 0	 0	 0	 0	 569	 0	 0
19056	133	273739	9	 37	 0	 0	0	0	0	0	 0	 0	 0	 0	 0	 0	 0
62000	393	440188	41	 127	 926	 11	0	18	0	926	 0	 0	 0	 0	 11	 0	 0
10078	475	450821	3	 10	 0	 85	0	0	0	0	 0	 0	 0	 0	 0	 0	 85
63727	396	474202	47	 132	 0	 591	0	0	0	0	 0	 0	 0	 0	 591	 0	 0
7336	25	2907	0	 1	 0	 107	107	0	0	0	 0	 0	 0	 0	 0	 0	 107
63727	379	431254	47	 132	 0	 569	0	0	0	0	 0	 0	 0	 0	 569	 0	 0
22555	84	153314	20	 40	 0	 0	0	0	0	0	 0	 0	 0	 0	 0	 0	 0
63727	391	439507	47	 132	 0	 622	0	0	0	0	 0	 0	 0	 0	 622	 0	 0
25563	295	269140	21	 55	 0	 0	0	0	0	0	 0	 0	 0	 0	 0	 0	 0
65358	0	0	67	 231	 0	 0	0	0	0	0	 0	 0	 0	 0	 0	 0	 0
48547	589	2974	133	 419	 1	 0	0	0	0	1	 0	 0	 0	 0	 0	 0	 0
26447	55	305912	26	 71	 0	 0	0	0	0	0	 0	 0	 0	 0	 0	 0	 0
26504	348	289665	12	 36	 0	 0	0	0	0	0	 0	 0	 0	 0	 0	 0	 0
14586	55	82401	22	 27	 0	 0	0	0	0	0	 0	 0	 0	 0	 0	 0	 0
46944	192	9302	45	 105	 0	 0	0	0	0	0	 0	 0	 0	 0	 0	 0	 0
16312	895	10510	31	 47	 4	 1	0	3	0	4	 0	 0	 1	 0	 0	 0	 0
61906	482	644606	33	 130	 0	 0	0	0	0	0	 0	 0	 0	 0	 0	 0	 0
25975	393	13057	34	 102	 9	 11	0	15	0	9	 11	 0	 0	 0	 0	 0	 0
41207	848	8628	27	 45	 1	 0	0	0	0	1	 0	 0	 0	 0	 0	 0	 0
29060	948	242890	41	 89	 8	 60	0	35	0	8	 0	 0	 12	 0	 0	 0	 48
19641	500	462038	21	 41	 0	 77	0	5	0	0	 0	 0	 0	 0	 0	 0	 77
50288	306	283635	50	 145	 0	 0	0	0	0	0	 0	 0	 0	 0	 0	 0	 0
46944	217	21984	45	 105	 0	 0	0	0	0	0	 0	 0	 0	 0	 0	 0	 0
14814	621	181653	23	 27	 72	 0	0	52	0	72	 0	 0	 0	 0	 0	 0	 0
21540	30	4014	18	 36	 0	 20	20	0	0	0	 0	 0	 0	 0	 0	 0	 20
47399	430	4319	30	 127	 0	 0	0	0	0	0	 0	 0	 0	 0	 0	 0	 0
27183	132	50412	68	 194	 0	 9	0	0	0	0	 0	 0	 0	 0	 9	 0	 0
47399	1173	113301	30	 127	 0	 1	0	0	0	0	 0	 0	 0	 0	 0	 0	 1
52227	77	465	108	 226	 0	 0	0	0	0	0	 0	 0	 0	 0	 0	 0	 0
45692	46	108985	8	 97	 0	 0	0	0	0	0	 0	 0	 0	 0	 0	 0	 0
37499	480	354796	32	 95	 0	 0	0	0	0	0	 0	 0	 0	 0	 0	 0	 0
19296	243	1820344	18	 38	 21	 82	0	66	0	21	 28	 0	 0	 0	 0	 0	 54
37499	480	358071	32	 95	 0	 0	0	0	0	0	 0	 0	 0	 0	 0	 0	 0
46079	1248	104674	76	 197	 34	 9	0	14	0	18	 2	 0	 0	 16	 7	 0	 0
45335	45	84515	52	 125	 0	 0	0	0	0	0	 0	 0	 0	 0	 0	 0	 0
30027	1315	323555	45	 116	 861	 552	0	209	0	833	 444	 0	 0	 28	 108	 0	 0
25678	415	175047	27	 57	 0	 0	0	0	0	0	 0	 0	 0	 0	 0	 0	 0
21094	1605	437260	26	 53	 60	 251	2	84	2	60	 54	 0	 0	 0	 33	 0	 164
23421	1346	297029	25	 64	 2	 25	4	1	0	2	 0	 0	 0	 0	 1	 0	 24
33835	227	329360	10	 39	 0	 0	0	0	0	0	 0	 0	 0	 0	 0	 0	 0
20429	50	57090	20	 43	 0	 0	0	0	0	0	 0	 0	 0	 0	 0	 0	 0
10916	518	1149635	10	 13	 171	 256	0	225	26	171	 0	 0	 0	 0	 9	 0	 247
41356	176	216304	34	 65	 0	 0	0	0	0	0	 0	 0	 0	 0	 0	 0	 0
49834	125	268458	54	 103	 0	 0	0	0	0	0	 0	 0	 0	 0	 0	 0	 0
65358	0	0	67	 231	 0	 0	0	0	0	0	 0	 0	 0	 0	 0	 0	 0
51481	139	280062	64	 159	 0	 0	0	0	0	0	 0	 0	 0	 0	 0	 0	 0
28117	331	556509	25	 72	 0	 0	0	0	0	0	 0	 0	 0	 0	 0	 0	 0
63727	363	447704	47	 132	 0	 440	0	0	0	0	 0	 0	 0	 0	 440	 0	 0
45851	61	121857	32	 111	 0	 0	0	0	0	0	 0	 0	 0	 0	 0	 0	 0
63727	352	467480	47	 132	 0	 371	0	0	0	0	 0	 0	 0	 0	 371	 0	 0
59118	215	147507	112	 250	 0	 0	0	0	0	0	 0	 0	 0	 0	 0	 0	 0
63727	390	210392	47	 132	 0	 138	0	0	0	0	 0	 0	 0	 0	 138	 0	 0
28830	394	338753	22	 123	 226	 248	0	311	0	226	 139	 0	 0	 0	 13	 0	 96
51939	268	407532	61	 142	 1047	 0	0	5	0	1047	 0	 0	 0	 0	 0	 0	 0
30720	768	103304	30	 67	 19	 6	0	0	0	19	 0	 0	 0	 0	 0	 0	 6
18158	0	0	21	 58	 0	 0	0	0	0	0	 0	 0	 0	 0	 0	 0	 0
32904	138	219575	18	 53	 0	 0	0	0	0	0	 0	 0	 0	 0	 0	 0	 0
33026	169	285738	32	 104	 0	 0	0	0	0	0	 0	 0	 0	 0	 0	 0	 0
33273	1617	607346	28	 57	 2	 8	0	8	0	2	 0	 0	 0	 0	 0	 0	 8
24680	394	12020	23	 47	 1	 5	0	0	0	1	 5	 0	 0	 0	 0	 0	 0
17616	865	98652	1	 29	 68	 104	38	0	0	68	 66	 0	 0	 0	 0	 0	 38
63727	396	915063	47	 132	 0	 598	0	0	0	0	 0	 0	 0	 0	 598	 0	 0
16952	366	402447	5	 23	 0	 0	0	0	0	0	 0	 0	 0	 0	 0	 0	 0
38204	2151	700496	41	 140	 54	 373	8	336	0	11	 15	 43	 277	 0	 0	 0	 81
25333	758	642873	24	 47	 0	 0	0	0	0	0	 0	 0	 0	 0	 0	 0	 0
56440	162	317405	106	 226	 0	 0	0	0	0	0	 0	 0	 0	 0	 0	 0	 0
32391	110	230607	41	 122	 0	 0	0	0	0	0	 0	 0	 0	 0	 0	 0	 0
63727	380	520408	47	 132	 0	 399	0	0	0	0	 0	 0	 0	 0	 399	 0	 0
27040	382	2743	15	 84	 0	 0	0	0	0	0	 0	 0	 0	 0	 0	 0	 0
17038	507	460570	28	 79	 0	 99	0	0	0	0	 0	 0	 0	 0	 0	 0	 99
20577	1778	529537	28	 42	 94	 299	62	331	0	94	 200	 0	 0	 0	 37	 0	 62
21534	29	21075	18	 34	 0	 0	0	0	0	0	 0	 0	 0	 0	 0	 0	 0
39771	1289	997591	23	 55	 0	 17	0	0	0	0	 0	 0	 0	 0	 17	 0	 0
65581	362	457076	50	 123	 0	 0	0	0	0	0	 0	 0	 0	 0	 0	 0	 0
27455	21	29897	32	 88	 0	 0	0	0	0	0	 0	 0	 0	 0	 0	 0	 0
66422	871	570080	36	 193	 396	 0	0	6	0	396	 0	 0	 0	 0	 0	 0	 0
51476	49	612	33	 99	 0	 0	0	0	0	0	 0	 0	 0	 0	 0	 0	 0
12734	234	13030	12	 19	 2	 0	0	0	0	2	 0	 0	 0	 0	 0	 0	 0
12199	488	429700	16	 6	 37	 80	0	36	0	37	 0	 0	 0	 0	 0	 0	 80
32162	153	67612	28	 71	 0	 176	0	0	0	0	 0	 0	 0	 0	 176	 0	 0
53577	65	29524	33	 117	 0	 82	0	0	0	0	 0	 0	 0	 0	 82	 0	 0
48922	0	0	62	 214	 0	 0	0	0	0	0	 0	 0	 0	 0	 0	 0	 0
39771	262	122890	23	 55	 0	 0	0	0	0	0	 0	 0	 0	 0	 0	 0	 0
16920	134	281953	12	 35	 0	 0	0	0	0	0	 0	 0	 0	 0	 0	 0	 0
42816	1362	17716	29	 77	 5	 1	0	5	0	5	 1	 0	 0	 0	 0	 0	 0
28511	569	247825	41	 96	 0	 34	0	0	0	0	 0	 0	 0	 0	 0	 0	 34
46806	0	0	50	 81	 0	 0	0	0	0	0	 0	 0	 0	 0	 0	 0	 0
11803	740	869638	4	 9	 76	 203	65	138	0	76	 138	 0	 0	 0	 0	 0	 65
60275	423	363028	41	 95	 0	 0	0	0	0	0	 0	 0	 0	 0	 0	 0	 0
30992	67	92888	28	 116	 0	 0	0	0	0	0	 0	 0	 0	 0	 0	 0	 0
61698	505	3044	39	 117	 0	 0	0	0	0	0	 0	 0	 0	 0	 0	 0	 0
42608	1591	905393	231	 193	 5	 622	94	262	148	5	 33	 0	 36	 0	 2	 0	 551
12017	447	162843	17	 9	 45	 286	286	43	0	45	 0	 0	 0	 0	 0	 0	 286
40584	2228	367754	23	 42	 13	 52	31	0	17	13	 2	 0	 0	 0	 6	 0	 44
63817	0	0	18	 93	 0	 0	0	0	0	0	 0	 0	 0	 0	 0	 0	 0
19510	254	213863	7	 34	 0	 0	0	0	0	0	 0	 0	 0	 0	 0	 0	 0
42385	170	290563	29	 64	 0	 0	0	0	0	0	 0	 0	 0	 0	 0	 0	 0
51939	268	399893	61	 142	 1067	 0	0	0	0	1067	 0	 0	 0	 0	 0	 0	 0
52224	914	489142	43	 97	 0	 0	0	0	0	0	 0	 0	 0	 0	 0	 0	 0
44521	1732	196617	13	 57	 1	 14	0	3	0	1	 0	 0	 0	 0	 2	 0	 12
29767	2638	330904	47	 176	 167	 415	0	284	0	141	 182	 26	 6	 0	 12	 0	 215
30209	1178	187843	14	 58	 0	 0	0	0	0	0	 0	 0	 0	 0	 0	 0	 0
32988	1380	521340	22	 74	 21	 15	10	5	0	21	 0	 0	 0	 0	 5	 0	 10
51389	103	114344	120	 227	 0	 0	0	0	0	0	 0	 0	 0	 0	 0	 0	 0
37499	480	180666	32	 95	 0	 0	0	0	0	0	 0	 0	 0	 0	 0	 0	 0
49594	356	1046	55	 166	 0	 0	0	0	0	0	 0	 0	 0	 0	 0	 0	 0
36934	67	89792	28	 115	 0	 0	0	0	0	0	 0	 0	 0	 0	 0	 0	 0
20662	337	511427	16	 52	 65	 65	0	130	0	65	 65	 0	 0	 0	 0	 0	 0
27483	352	969	11	 35	 0	 0	0	0	0	0	 0	 0	 0	 0	 0	 0	 0
32224	139	404308	14	 57	 0	 0	0	0	0	0	 0	 0	 0	 0	 0	 0	 0
39771	281	3585608	23	 55	 0	 0	0	0	0	0	 0	 0	 0	 0	 0	 0	 0
12564	33	29694	15	 24	 0	 1	0	0	0	0	 0	 0	 0	 0	 0	 0	 1
8363	129	33194	1	 8	 0	 1030	307	409	0	0	 0	 0	 0	 0	 314	 0	 716
49317	425	409484	28	 94	 0	 0	0	0	0	0	 0	 0	 0	 0	 0	 0	 0
37499	480	411256	32	 95	 0	 0	0	0	0	0	 0	 0	 0	 0	 0	 0	 0
63727	392	357038	47	 132	 0	 440	0	0	0	0	 0	 0	 0	 0	 440	 0	 0
29539	9	12039	63	 226	 0	 0	0	0	0	0	 0	 0	 0	 0	 0	 0	 0
44902	485	116932	31	 82	 0	 0	0	0	0	0	 0	 0	 0	 0	 0	 0	 0
21907	1739	426946	3	 34	 0	 102	1	1	0	0	 0	 0	 0	 0	 97	 0	 5
63727	391	323898	47	 132	 0	 321	0	0	0	0	 0	 0	 0	 0	 321	 0	 0
27077	941	6005	18	 46	 0	 0	0	0	0	0	 0	 0	 0	 0	 0	 0	 0
63727	392	196145	47	 132	 0	 110	0	0	0	0	 0	 0	 0	 0	 110	 0	 0
19056	133	278213	9	 37	 0	 0	0	0	0	0	 0	 0	 0	 0	 0	 0	 0
62000	428	472665	41	 127	 1017	 15	0	6	0	1017	 0	 0	 0	 0	 15	 0	 0
10078	480	565131	3	 10	 0	 83	0	0	0	0	 0	 0	 0	 0	 0	 0	 83
63727	396	448208	47	 132	 0	 664	0	0	0	0	 0	 0	 0	 0	 664	 0	 0
7336	25	2480	0	 1	 0	 51	51	0	0	0	 0	 0	 0	 0	 0	 0	 51
63727	260	4951	47	 132	 0	 3	0	0	0	0	 0	 0	 0	 0	 3	 0	 0
22555	84	147941	20	 40	 0	 0	0	0	0	0	 0	 0	 0	 0	 0	 0	 0
63727	364	134412	47	 132	 0	 67	0	0	0	0	 0	 0	 0	 0	 67	 0	 0
25563	258	6859	21	 55	 0	 0	0	0	0	0	 0	 0	 0	 0	 0	 0	 0
65358	0	0	67	 231	 0	 0	0	0	0	0	 0	 0	 0	 0	 0	 0	 0
48547	781	3770	133	 419	 0	 0	0	0	0	0	 0	 0	 0	 0	 0	 0	 0
26447	55	298754	26	 71	 0	 0	0	0	0	0	 0	 0	 0	 0	 0	 0	 0
26504	348	311800	12	 36	 0	 0	0	0	0	0	 0	 0	 0	 0	 0	 0	 0
14586	55	89794	22	 27	 0	 0	0	0	0	0	 0	 0	 0	 0	 0	 0	 0
