de.androidsolutions.bistum.wbg	0.1352	0.0391	0.1675	0.1099	0.3947	1	0.0233	0.0163	0	0	0	0	0	0	0	0	0	0	0	0	1	1	1	1	0	0	0	0	0.5455	0.9802	0.5455	0.587	0	0	0	0	0.3636	0.0174	0.3636	0.2826	0	0	0	0	0	0	0	0	0.0909	0.0025	0.0909	0.1304	0.0071	0.0036	0.0007	0.0007	0	0	1	1	0	0	0	0	0	0	0	0	1	1	0	0	0	0	0	0	0	0	0	0	0	0	0	0	0	0
com.dooblou.WiFiFileExplorer	0.0929	0.0178	0.1728	0.0154	0.1915	0.4444	0.0721	0.3853	0	0	0	0	0	0	0	0	0	0	0	0	0.9787	0.9909	1	1	0.0213	0.0091	0	0	0.7778	0.731	0.75	0.8173	0	0	0	0	0.2222	0.269	0.25	0.1827	0	0	0	0	0	0	0	0	0	0	0	0	0.004	0.002	0.0016	0.0016	1	1	0	0	0	0	0	0	0	0	0	0	0	0	0	0	0	0	0	0	0	0	0	0	1	1	0	0	0	0
de.appinside.devcenter.yltw63	0.114	0.0191	0.1569	0.0028	0.0872	0.36	0.0052	0.172	0	0	0	0	0	0	0	0	0	0	0	0	1	1	1	1	0	0	0	0	0.8	0.8495	1	1	0	0	0	0	0.08	0.043	0	0	0.04	0.043	0	0	0	0	0	0	0.08	0.0645	0	0	0.0038	0.0061	0.0002	0.0009	0.6	0.5	0.4	0.5	0	0	0	0	0	0	0.125	0.0323	0.125	0.0968	0	0	0	0	0	0	0	0	0	0	0.75	0.871	0	0	0	0
de.androidsolutions.bistum.wbg	0.1364	0.0303	0.1271	0.1118	0.3056	1	0.0417	0.0107	0	0	0	0	0	0	0	0	0	0	0	0	1	1	1	1	0	0	0	0	0.625	0.9812	0.625	0.5833	0	0	0	0	0.25	0.0161	0.25	0.25	0	0	0	0	0	0	0	0	0.125	0.0027	0.125	0.1667	0.0076	0.0038	0.0006	0.0005	0	0	1	1	0	0	0	0	0	0	0	0	1	1	0	0	0	0	0	0	0	0	0	0	0	0	0	0	0	0
com.socrative.teacher	0.0968	0.2903	0.0364	0.0599	0.3333	0.8889	0.1905	0.9058	0	0	0	0	0	0	0	0	0	0	0	0	1	1	1	1	0	0	0	0	1	1	1	1	0	0	0	0	0	0	0	0	0	0	0	0	0	0	0	0	0	0	0	0	0.0645	0.0323	0.0078	0.0074	1	1	0	0	0	0	0	0	0	0	0	0	1	1	0	0	0	0	0	0	0	0	0	0	0	0	0	0	0	0
com.triveous.recorder	0.0781	0.0078	0.1211	0.0058	0.0667	0.3333	0.0321	0.5952	0	0	0	0	0	0	0	0	0	0	0	0	1	1	1	1	0	0	0	0	0.5	0.8333	0.5	0.92	0	0	0	0	0.3333	0.119	0.5	0.08	0.1667	0.0476	0	0	0	0	0	0	0	0	0	0	0.0091	0.0039	0.0014	0.0007	0.5714	0.6	0.2857	0.3	0	0	0.1429	0.1	0	0	0.3333	0.2	0.3333	0.4	0	0	0	0	0	0	0	0	0	0	0.3333	0.4	0	0	0	0
com.jb.gokeyboard.theme.twkeyboardforhtconem8	0.0881	0.0123	0.103	0.0045	0.0698	0.6667	0.0226	0.5556	0	0	0	0	0	0	0	0	0	0	0	0	1	1	1	1	0	0	0	0	0.8333	0.9936	1	1	0	0	0	0	0.1667	0.0064	0	0	0	0	0	0	0	0	0	0	0	0	0	0	0.0164	0.0082	0.0155	0.0344	0.75	0.8288	0.25	0.1712	0	0	0	0	0	0	0	0	0	0	0	0	0	0	0	0	1	1	0	0	0	0	0	0	0	0
com.erkanyilmaz.namazvakitleri	0.0794	0.0276	0.2955	0.107	0.4783	0.5625	0.0012	0.0024	0	0	0	0	0.0435	0.0789	0.0909	0.0079	0	0	0	0	0.9348	0.9211	0.9091	0.9921	0.0217	0	0	0	0.8125	0.8189	0.7778	0.0415	0	0	0	0	0.0625	0.0023	0.1111	0.9482	0	0	0	0	0	0	0	0	0.125	0.1788	0.1111	0.0104	0.0363	0.0397	0.0001	0.0192	0.8095	0.8537	0.0952	0.0732	0	0	0	0	0.0952	0.0732	0	0	0.087	0.0003	0	0	0.1304	0.0002	0	0	0	0	0	0	0.6522	0.9993	0	0	0.1304	0.0002
com.jb.gokeyboard.theme.twkeyboardforsonyxperiaz	0.0881	0.0123	0.1041	0.0047	0.0698	0.6667	0.0223	0.5219	0	0	0	0	0	0	0	0	0	0	0	0	1	1	1	1	0	0	0	0	0.8333	0.9879	1	1	0	0	0	0	0.1667	0.0121	0	0	0	0	0	0	0	0	0	0	0	0	0	0	0.0164	0.0082	0.0155	0.035	0.75	0.8303	0.25	0.1697	0	0	0	0	0	0	0	0	0	0	0	0	0	0	0	0	1	1	0	0	0	0	0	0	0	0
com.monsta.imagenscomfrasesdecarinho	0.1356	0.0508	0.1594	0.0724	0.25	0.6667	0.0908	0.5989	0	0	0	0	0	0	0	0	0	0	0	0	1	1	1	1	0	0	0	0	1	1	1	1	0	0	0	0	0	0	0	0	0	0	0	0	0	0	0	0	0	0	0	0	0	0	0	0	0	0	0	0	0	0	0	0	0	0	0	0	0	0	0	0	0	0	0	0	0	0	0	0	0	0	0	0	0	0
com.aob	0.0924	0.0372	0.4421	0.0125	0.2778	0.4828	0.0008	0.0277	0	0	0	0	0.0139	0	0.05	0.0034	0	0	0	0	0.9792	1	0.95	0.9966	0.0069	0	0	0	0.7931	0.0541	0.8571	0.9855	0.0172	0.0004	0	0	0.0517	0.0005	0.1071	0.0108	0	0	0	0	0.1207	0.0043	0.0357	0.0036	0.0172	0.9409	0	0	0.0128	0.0321	0	0.0349	1	1	0	0	0	0	0	0	0	0	0	0	0.18	0.0031	0	0	0	0	0	0	0	0	0	0	0.58	0.9933	0.02	0	0.22	0.0035
com.seazon.fo	0.1484	0.0482	0.3009	0.0273	0.45	0.8462	0.0324	0.1977	0	0	0	0	0	0	0	0	0	0	0	0	1	1	1	1	0	0	0	0	0.9231	0.9997	0.9091	0.9989	0	0	0	0	0	0	0	0	0	0	0	0	0	0	0	0	0.0769	0.0003	0.0909	0.0011	0.0297	0.0575	0.0003	0.0221	0.875	0.9899	0.125	0.0101	0	0	0	0	0	0	0	0	0.0323	0.0001	0	0	0	0	0	0	0.129	0.0008	0	0	0.3871	0.9826	0.3871	0.0164	0.0645	0.0001
ru.evgajukov.mobile.circassian.activity	0.1816	0.0387	0.3392	0.0428	0.1333	0.4375	0.0117	0.3411	0	0	0	0	0	0	0	0	0	0	0	0	1	1	1	1	0	0	0	0	0.6875	0.9221	0.5714	0.9294	0	0	0	0	0.1875	0.0569	0.2857	0.0637	0.0625	0.0037	0.1429	0.0069	0	0	0	0	0.0625	0.0174	0	0	0.0387	0.0315	0.0008	0.0014	0.875	0.9483	0.125	0.0517	0	0	0	0	0	0	0	0	0.4615	0.8416	0	0	0	0	0	0	0.1538	0.0297	0	0	0.3846	0.1287	0	0	0	0
fi.android.takealot	0.0429	0.0061	0.0641	0.0105	0.1429	1	0.0547	0.3332	0	0	0	0	0	0	0	0	0	0	0	0	1	1	1	1	0	0	0	0	0	0	0	0	0	0	0	0	1	1	1	1	0	0	0	0	0	0	0	0	0	0	0	0	0.0123	0.0061	0.0035	0.0035	0	0	1	1	0	0	0	0	0	0	0	0	0	0	0	0	0	0	0	0	1	1	0	0	0	0	0	0	0	0
net.samham.electricity	0.1199	0.022	0.1599	0.0144	0.1691	0.56	0.0474	0.1812	0	0	0	0	0.0368	0.0995	0.087	0.0497	0.0074	0	0	0	0.9485	0.8915	0.913	0.9503	0.0074	0.009	0	0	0.8	0.8725	0.7857	0.9359	0	0	0	0	0.08	0.1267	0.0714	0.0624	0.04	0.0004	0.0714	0.0011	0	0	0	0	0.08	0.0004	0.0714	0.0006	0.0053	0.0053	0.0058	0.0282	0.6667	0.7499	0.3333	0.2501	0	0	0	0	0	0	0	0	0	0	0	0	0	0	0	0	0.1667	0.0514	0	0	0.8333	0.9486	0	0	0	0
com.neurondevelopments.levelsaid	0.0789	0.0694	0.1576	0.1018	0.3333	0.6552	0.0443	0.1227	0	0	0	0	0	0	0	0	0	0	0	0	1	1	1	1	0	0	0	0	0.8966	0.9639	0.9474	0.9706	0	0	0	0	0.1034	0.0361	0.0526	0.0294	0	0	0	0	0	0	0	0	0	0	0	0	0.0096	0.0048	0.0022	0.0015	1	1	0	0	0	0	0	0	0	0	0	0	0	0	0	0	0	0	0	0	0	0	0	0	1	1	0	0	0	0
com.confidly.confidly	0.08	0.2	0.0097	0.4479	0.5	0.4	0.25	0.0108	0	0	0	0	0	0	0	0	0	0	0	0	1	1	1	1	0	0	0	0	0.8	0.4216	1	1	0	0	0	0	0	0	0	0	0	0	0	0	0	0	0	0	0.2	0.5784	0	0	0.08	0.12	0.0073	0.2663	1	1	0	0	0	0	0	0	0	0	0	0	0.6667	0.9909	0	0	0	0	0	0	0	0	0	0	0.3333	0.0091	0	0	0	0
com.sports.cricket.schedule	0.1	0.08	0.0104	0.0049	0.2	0.25	0.0588	0.125	0	0	0	0	0	0	0	0	0	0	0	0	1	1	1	1	0	0	0	0	0.75	0.75	1	1	0	0	0	0	0	0	0	0	0.25	0.25	0	0	0	0	0	0	0	0	0	0	0.04	0.02	0.0018	0.0012	1	1	0	0	0	0	0	0	0	0	0	0	0	0	0	0	0	0	0	0	0	0	0	0	1	1	0	0	0	0
pl.plksa.RozkladJazdy	0.1031	0.0687	0.1113	0.038	0.4444	0.75	0.0368	0.114	0	0	0	0	0.0185	0.0002	0	0	0	0	0	0	0.9815	0.9998	1	1	0	0	0	0	0.8611	0.3465	0.8519	0.1338	0	0	0	0	0.0833	0.553	0.1111	0.0232	0	0	0	0	0	0	0	0	0.0556	0.1005	0.037	0.843	0.0191	0.0229	0.0017	0.0174	0.9	0.9987	0	0	0.1	0.0013	0	0	0	0	0	0	0	0	0	0	0	0	0	0	0	0	0	0	0.9167	0.9999	0	0	0.0833	0.0001
com.telerik.GoogleLinks	0.1165	0.0742	0.0908	0.0564	0.5455	0.8286	0.1172	0.1849	0	0	0	0	0	0	0	0	0	0	0	0	1	1	1	1	0	0	0	0	0.8857	0.6558	0.8621	0.4646	0	0	0	0	0.0857	0.2525	0.1034	0.0401	0	0	0	0	0	0	0	0	0.0286	0.0917	0.0345	0.4953	0.0212	0.0275	0.0011	0.0241	0.9	0.9947	0	0	0.1	0.0053	0	0	0	0	0	0	0	0	0	0	0	0	0	0	0	0	0	0	0.7692	0.9993	0	0	0.2308	0.0007
com.tobykurien.webapps	0.0813	0.0285	0.2577	0.0183	0.2166	0.6364	0.0225	0.2784	0	0	0	0	0	0	0	0	0	0	0	0	1	1	1	1	0	0	0	0	0.9091	0.7008	0.9714	0.9952	0.0182	0.0074	0	0	0.0182	0.0127	0	0	0	0	0	0	0	0	0	0	0.0545	0.2791	0.0286	0.0048	0.0161	0.0244	0.0013	0.0338	1	1	0	0	0	0	0	0	0	0	0	0	0.4681	0.9059	0	0	0	0	0	0	0	0	0.0213	0.0004	0.2766	0.0811	0.1064	0.0069	0.1277	0.0058
rfh.sa.yoviajo	0.0986	0.0318	0.1695	0.0255	0.1828	0.6	0.0495	0.3484	0	0	0	0	0	0	0	0	0	0	0	0	0.9892	0.9989	1	1	0.0108	0.0011	0	0	0.9	0.9678	0.8889	0.9777	0	0	0	0	0.0667	0.0252	0.1111	0.0223	0	0	0	0	0	0	0	0	0.0333	0.007	0	0	0.0095	0.0085	0.0065	0.0258	0.7778	0.7275	0.2222	0.2725	0	0	0	0	0	0	0	0	0.25	0.0756	0	0	0	0	0	0	0	0	0	0	0.375	0.906	0.25	0.0115	0.125	0.0069
vn.com.vng.phim123	0.1776	0.0187	0.1826	0.036	0.2105	1	0.194	0.4975	0	0	0	0	0	0	0	0	0.0526	0.0978	0	0	0.9474	0.9022	1	1	0	0	0	0	0	0	0	0	0	0	0	0	1	1	1	1	0	0	0	0	0	0	0	0	0	0	0	0	0.0187	0	0.009	0	0	0	1	1	0	0	0	0	0	0	0	0	0	0	0	0	0	0	0	0	0	0	0	0	0	0	0	0	0	0
com.jb.gokeyboard.theme.tmebluefancy	0.0881	0.0123	0.1039	0.0045	0.0698	0.6667	0.0193	0.4467	0	0	0	0	0	0	0	0	0	0	0	0	1	1	1	1	0	0	0	0	0.8333	0.9865	1	1	0	0	0	0	0.1667	0.0135	0	0	0	0	0	0	0	0	0	0	0	0	0	0	0.0164	0.0082	0.0154	0.0347	0.75	0.8298	0.25	0.1702	0	0	0	0	0	0	0	0	0	0	0	0	0	0	0	0	1	1	0	0	0	0	0	0	0	0
org.freeandroidtools.root_checker	0.1028	0.0293	0.2467	0.0359	0.1095	0.5897	0.1063	0.7117	0	0	0	0	0	0	0	0	0.0146	0.0031	0	0	0.9781	0.9959	1	1	0.0073	0.001	0	0	0.9231	0.9502	1	1	0	0	0	0	0.0513	0.0142	0	0	0	0	0	0	0	0	0	0	0.0256	0.0356	0	0	0.0053	0.0165	0.0015	0.0111	0.7143	0.75	0.2857	0.25	0	0	0	0	0	0	0	0	0	0	0	0	0	0	0	0	0.1364	0.046	0	0	0.8636	0.954	0	0	0	0
com.vaishnavism.vishnusahasranaamam.english	0.1765	0.0882	0.1776	0.0592	0.5	0.3333	0.8605	0.6246	0	0	0	0	0	0	0	0	0	0	0	0	1	1	1	1	0	0	0	0	1	1	1	1	0	0	0	0	0	0	0	0	0	0	0	0	0	0	0	0	0	0	0	0	0.0588	0.0588	0.0012	0.0023	1	1	0	0	0	0	0	0	0	0	0	0	1	1	0	0	0	0	0	0	0	0	0	0	0	0	0	0	0	0
com.mobisoft.morhipo	0.0598	0.0046	0.0478	0.0005	0.0385	0.5	0.0053	0.4626	0	0	0	0	0.0769	0.09	0	0	0	0	0	0	0.9231	0.91	1	1	0	0	0	0	0.5	0.4758	1	1	0	0	0	0	0.5	0.5242	0	0	0	0	0	0	0	0	0	0	0	0	0	0	0.0069	0.0023	0.0003	0.0003	0	0	0.6667	0.993	0	0	0.3333	0.007	0	0	0	0	0	0	0	0	0	0	0	0	1	1	0	0	0	0	0	0	0	0
com.sbgapps.scoreit	0.0695	0.0218	0.2646	0.0118	0.24	0.4255	0.0075	0.1366	0	0	0	0	0	0	0	0	0	0	0	0	1	1	1	1	0	0	0	0	0.7872	0.5301	0.9	0.9405	0.0213	0.0033	0	0	0.0213	0.0114	0.05	0.0476	0	0	0	0	0.1489	0.2016	0.05	0.0119	0.0213	0.2537	0	0	0.0083	0.0236	0.0008	0.019	1	1	0	0	0	0	0	0	0	0	0	0	0.4118	0.6188	0	0	0	0	0	0	0	0	0.0196	0.001	0.4314	0.3539	0	0	0.1373	0.0263
fr.easytouseapps.calcloan	0.0942	0.0145	0.0453	0.0041	0.1538	0.5	0.1676	0.9378	0	0	0	0	0	0	0	0	0	0	0	0	1	1	1	1	0	0	0	0	0.5	0.9387	1	1	0	0	0	0	0.5	0.0613	0	0	0	0	0	0	0	0	0	0	0	0	0	0	0.0362	0.0145	0.0114	0.0076	0.6	0.6649	0.4	0.3351	0	0	0	0	0	0	0	0	0.5	0.5016	0	0	0	0	0	0	0	0	0	0	0.5	0.4984	0	0	0	0
com.katz.rexall	0.102	0.0529	0.2221	0.0035	0.4038	0.8148	0.0043	0.1109	0	0	0	0	0	0	0	0	0	0	0	0	1	1	1	1	0	0	0	0	0.8889	0.9329	0.9091	0.9282	0	0	0	0	0.0741	0.0188	0.0909	0.0718	0	0	0	0	0	0	0	0	0.037	0.0484	0	0	0.0275	0.0196	0.0015	0.0025	0.8571	0.9973	0	0	0.1429	0.0027	0	0	0	0	0	0	0	0	0	0	0	0	0	0	0	0	0	0	1	1	0	0	0	0
cz.lidovky.mobil	0.1143	0.2	0.1902	0.3437	0.75	0.4286	0.4098	0.1173	0	0	0	0	0	0	0	0	0	0	0	0	1	1	1	1	0	0	0	0	1	1	1	1	0	0	0	0	0	0	0	0	0	0	0	0	0	0	0	0	0	0	0	0	0.1714	0.1143	0.0036	0.0033	1	1	0	0	0	0	0	0	0	0	0	0	0	0	0	0	0	0	0	0	0	0	0	0	1	1	0	0	0	0
com.nilhcem.hostseditor	0.0814	0.0116	0.0785	0.0072	0	0	0	0	0	0	0	0	0	0	0	0	0	0	0	0	0.8571	0.9089	0	0	0.1429	0.0911	0	0	1	1	0	0	0	0	0	0	0	0	0	0	0	0	0	0	0	0	0	0	0	0	0	0	0.0233	0.0116	0.0072	0.0072	0	0	1	1	0	0	0	0	0	0	0	0	1	1	0	0	0	0	0	0	0	0	0	0	0	0	0	0	0	0
com.gerbes.mobile	0.0775	0.0047	0.0858	0.0044	0.0612	0.6667	0.0339	0.5	0	0	0	0	0.0408	0.0551	0.3333	0.5	0	0	0	0	0.9592	0.9449	0.6667	0.5	0	0	0	0	0.6667	0.75	0.5	0.6667	0	0	0	0	0.3333	0.25	0.5	0.3333	0	0	0	0	0	0	0	0	0	0	0	0	0.0032	0	0.0007	0	0	0	0.5	0.5	0	0	0.5	0.5	0	0	0	0	0	0	0	0	0	0	0	0	0	0	0	0	0	0	0	0	0	0
de.androidsolutions.bistum.wbg	0.1757	0.027	0.2613	0.3153	0.2308	0.5	0.1839	0.0048	0	0	0	0	0	0	0	0	0	0	0	0	1	1	1	1	0	0	0	0	0.5	0.9905	1	1	0	0	0	0	0.5	0.0095	0	0	0	0	0	0	0	0	0	0	0	0	0	0	0.027	0.0135	0.0045	0.003	0	0	1	1	0	0	0	0	0	0	0	0	1	1	0	0	0	0	0	0	0	0	0	0	0	0	0	0	0	0
com.dooblou.WiFiFileExplorer	0.0929	0.0178	0.1751	0.0157	0.1915	0.4444	0.0711	0.3831	0	0	0	0	0	0	0	0	0	0	0	0	0.9787	0.9909	1	1	0.0213	0.0091	0	0	0.7778	0.7318	0.75	0.8259	0	0	0	0	0.2222	0.2682	0.25	0.1741	0	0	0	0	0	0	0	0	0	0	0	0	0.004	0.002	0.0017	0.0017	1	1	0	0	0	0	0	0	0	0	0	0	0	0	0	0	0	0	0	0	0	0	0	0	1	1	0	0	0	0
de.appinside.devcenter.yltw63	0.09	0.0181	0.1532	0.0045	0.1092	0.4857	0.0061	0.2345	0	0	0	0	0	0	0	0	0	0	0	0	1	1	1	1	0	0	0	0	0.8	0.8724	0.9412	0.9853	0.0286	0.0069	0	0	0.0571	0.0207	0	0	0.0286	0.0448	0	0	0	0	0	0	0.0857	0.0552	0.0588	0.0147	0.0062	0.0078	0.0004	0.001	0.8333	0.6522	0.1667	0.3478	0	0	0	0	0	0	0.2667	0.0645	0.0667	0.1129	0	0	0	0	0	0	0	0	0	0	0.6667	0.8226	0	0	0	0
de.androidsolutions.bistum.wbg	0.1434	0.0315	0.1565	0.0957	0.3415	1	0.035	0.0103	0	0	0	0	0	0	0	0	0	0	0	0	1	1	1	1	0	0	0	0	0.5556	0.9832	0.5556	0.55	0	0	0	0	0.3333	0.0144	0.3333	0.25	0	0	0	0	0	0	0	0	0.1111	0.0023	0.1111	0.2	0.007	0.0035	0.0005	0.0005	0	0	1	1	0	0	0	0	0	0	0	0	1	1	0	0	0	0	0	0	0	0	0	0	0	0	0	0	0	0
com.socrative.teacher	0.1176	0.2941	0.0469	0.0747	0.75	0.9	0.2166	0.948	0	0	0	0	0	0	0	0	0	0	0	0	1	1	1	1	0	0	0	0	1	1	1	1	0	0	0	0	0	0	0	0	0	0	0	0	0	0	0	0	0	0	0	0	0.0588	0.0294	0.0093	0.0091	1	1	0	0	0	0	0	0	0	0	0	0	1	1	0	0	0	0	0	0	0	0	0	0	0	0	0	0	0	0
com.triveous.recorder	0.0641	0.0093	0.1326	0.0004	0.1111	0.3846	0.0019	0.45	0	0	0	0	0	0	0	0	0	0	0	0	1	1	1	1	0	0	0	0	0.6923	0.8167	0.8	0.963	0	0	0	0	0.2308	0.15	0.2	0.037	0.0769	0.0333	0	0	0	0	0	0	0	0	0	0	0.0021	0.0014	0.0001	0.0001	0	0	0.6667	0.8571	0	0	0.3333	0.1429	0	0	0	0	0.5	0.3333	0	0	0	0	0	0	0	0	0	0	0.5	0.6667	0	0	0	0
com.jb.gokeyboard.theme.twkeyboardforhtconem8	0.0881	0.0123	0.1046	0.0046	0.0698	0.6667	0.0195	0.4462	0	0	0	0	0	0	0	0	0	0	0	0	1	1	1	1	0	0	0	0	0.8333	0.9885	1	1	0	0	0	0	0.1667	0.0115	0	0	0	0	0	0	0	0	0	0	0	0	0	0	0.0164	0.0082	0.0152	0.0346	0.75	0.8291	0.25	0.1709	0	0	0	0	0	0	0	0	0	0	0	0	0	0	0	0	1	1	0	0	0	0	0	0	0	0
com.erkanyilmaz.namazvakitleri	0.1357	0.0581	0.3263	0.0824	0.5143	0.6	0.0002	0.0008	0	0	0	0	0.0571	0.0558	0.1111	0.0328	0	0	0	0	0.9429	0.9442	0.8889	0.9672	0	0	0	0	0.7333	0.8468	0.6667	0.3553	0	0	0	0	0.0667	0.0005	0.1111	0.5921	0	0	0	0	0	0	0	0	0.2	0.1527	0.2222	0.0526	0.0465	0.0388	0	0.0126	0.6667	0.8182	0.1667	0.0909	0	0	0	0	0.1667	0.0909	0	0	0.2	0.0003	0	0	0	0	0	0	0	0	0	0	0.7	0.9997	0	0	0.1	0.0001
com.jb.gokeyboard.theme.twkeyboardforsonyxperiaz	0.0881	0.0123	0.1036	0.0043	0.0698	0.6667	0.0227	0.5505	0	0	0	0	0	0	0	0	0	0	0	0	1	1	1	1	0	0	0	0	0.8333	0.9432	1	1	0	0	0	0	0.1667	0.0568	0	0	0	0	0	0	0	0	0	0	0	0	0	0	0.0164	0.0082	0.0076	0.0257	0.75	0.8224	0.25	0.1776	0	0	0	0	0	0	0	0	0	0	0	0	0	0	0	0	1	1	0	0	0	0	0	0	0	0
com.monsta.imagenscomfrasesdecarinho	0.1356	0.0508	0.1594	0.0724	0.25	0.6667	0.0909	0.599	0	0	0	0	0	0	0	0	0	0	0	0	1	1	1	1	0	0	0	0	1	1	1	1	0	0	0	0	0	0	0	0	0	0	0	0	0	0	0	0	0	0	0	0	0	0	0	0	0	0	0	0	0	0	0	0	0	0	0	0	0	0	0	0	0	0	0	0	0	0	0	0	0	0	0	0	0	0
com.aob	0.115	0.0321	0.3359	0.0174	0.2788	0.5517	0.0212	0.2041	0	0	0	0	0	0	0	0	0	0	0	0	1	1	1	1	0	0	0	0	0.8276	0.4235	0.8125	0.925	0.0345	0.0102	0	0	0.1034	0.0306	0.1875	0.075	0	0	0	0	0	0	0	0	0.0345	0.5357	0	0	0.0166	0.0221	0.0021	0.0321	1	1	0	0	0	0	0	0	0	0	0	0	0.15	0.0139	0	0	0	0	0	0	0	0	0	0	0.75	0.9751	0	0	0.1	0.0111
com.seazon.fo	0.1508	0.0466	0.3128	0.0243	0.4198	0.84	0.0262	0.3737	0	0	0	0	0	0	0	0	0	0	0	0	1	1	1	1	0	0	0	0	0.92	0.9997	0.9048	0.9993	0	0	0	0	0	0	0	0	0	0	0	0	0	0	0	0	0.08	0.0003	0.0952	0.0007	0.0298	0.0577	0.0003	0.0223	0.875	0.9901	0.125	0.0099	0	0	0	0	0	0	0	0	0.0323	0.0001	0	0	0	0	0	0	0.129	0.001	0	0	0.4194	0.9803	0.2903	0.0185	0.129	0.0002
ru.evgajukov.mobile.circassian.activity	0.177	0.0368	0.3416	0.0438	0.1688	0.5625	0.0121	0.3422	0	0	0	0	0	0	0	0	0	0	0	0	1	1	1	1	0	0	0	0	0.6875	0.9067	0.6667	0.9344	0	0	0	0	0.1875	0.051	0.2222	0.0631	0.0625	0.0026	0.1111	0.0025	0	0	0	0	0.0625	0.0397	0	0	0.0391	0.0345	0.0008	0.0024	0.8824	0.9625	0.1176	0.0375	0	0	0	0	0	0	0	0	0.4	0.8945	0	0	0	0	0	0	0.2	0.0234	0	0	0.4	0.082	0	0	0	0
fi.android.takealot	0.0429	0.0061	0.0636	0.0107	0.1429	1	0.0562	0.3332	0	0	0	0	0	0	0	0	0	0	0	0	1	1	1	1	0	0	0	0	0	0	0	0	0	0	0	0	1	1	1	1	0	0	0	0	0	0	0	0	0	0	0	0	0.0123	0.0061	0.0036	0.0036	0	0	1	1	0	0	0	0	0	0	0	0	0	0	0	0	0	0	0	0	1	1	0	0	0	0	0	0	0	0
net.samham.electricity	0.1234	0.0214	0.1616	0.0144	0.16	0.5385	0.0438	0.1686	0	0	0	0	0.0333	0.1207	0.0833	0.0447	0.0067	0	0	0	0.9533	0.8703	0.9167	0.9553	0.0067	0.009	0	0	0.7692	0.8699	0.7857	0.9848	0	0	0	0	0.1154	0.1292	0.0714	0.0133	0.0385	0.0004	0.0714	0.0013	0	0	0	0	0.0769	0.0004	0.0714	0.0006	0.0049	0.0058	0.0058	0.0285	0.6667	0.7497	0.3333	0.2503	0	0	0	0	0	0	0	0	0	0	0	0	0	0	0	0	0.1429	0.0513	0	0	0.8571	0.9487	0	0	0	0
com.neurondevelopments.levelsaid	0.1018	0.0401	0.2674	0.2157	0.2283	0.64	0.0222	0.0313	0	0	0	0	0	0	0	0	0.0157	0.0001	0	0	0.9764	0.9995	1	1	0.0079	0.0004	0	0	0.88	0.9854	0.9375	0.9948	0	0	0	0	0.06	0.0137	0.0312	0.0002	0.02	0.0006	0	0	0.02	0.0001	0	0	0.02	0.0002	0.0312	0.005	0.0233	0.0168	0.0019	0.0031	0.9655	0.9993	0	0	0.0345	0.0007	0	0	0	0	0	0	0	0	0	0	0	0	0	0	0	0	0	0	0.8571	0.9987	0.1429	0.0013	0	0
com.confidly.confidly	0.1	0.1667	0.0436	0.3166	0.6667	0.6	0.9887	0.1369	0	0	0	0	0	0	0	0	0	0	0	0	1	1	1	1	0	0	0	0	0.8	0.5971	1	1	0	0	0	0	0	0	0	0	0	0	0	0	0	0	0	0	0.2	0.4029	0	0	0.0667	0.1	0.0004	0.128	1	1	0	0	0	0	0	0	0	0	0	0	0.6667	0.9994	0	0	0	0	0	0	0	0	0	0	0.3333	0.0006	0	0	0	0
com.sports.cricket.schedule	0.1129	0.0645	0.0163	0.0044	0.5714	0.5	0.1525	0.3125	0	0	0	0	0	0	0	0	0	0	0	0	1	1	1	1	0	0	0	0	0.75	0.75	0.5	0.6	0	0	0	0	0	0	0	0	0.25	0.25	0.5	0.4	0	0	0	0	0	0	0	0	0.0323	0.0161	0.0014	0.0011	1	1	0	0	0	0	0	0	0	0	0	0	0	0	0	0	0	0	0	0	0	0	0	0	1	1	0	0	0	0
pl.plksa.RozkladJazdy	0.1037	0.0685	0.0693	0.0291	0.3396	0.6857	0.0644	0.1776	0	0	0	0	0.0189	0.0009	0	0	0	0	0	0	0.9811	0.9991	1	1	0	0	0	0	0.8571	0.5869	0.875	0.3067	0	0	0	0	0.0857	0.2941	0.0833	0.0542	0	0	0	0	0	0	0	0	0.0571	0.119	0.0417	0.639	0.0176	0.0235	0.0019	0.019	0.8889	0.9987	0	0	0.1111	0.0013	0	0	0	0	0	0	0	0	0	0	0	0	0	0	0	0	0	0	0.8333	0.9998	0	0	0.1667	0.0002
com.telerik.GoogleLinks	0.1183	0.071	0.094	0.0605	0.4	0.7879	0.1235	0.1978	0	0	0	0	0	0	0	0	0	0	0	0	1	1	1	1	0	0	0	0	0.8788	0.6689	0.8846	0.4097	0	0	0	0	0.0909	0.2279	0.0769	0.069	0	0	0	0	0	0	0	0	0.0303	0.1032	0.0385	0.5213	0.0215	0.0258	0.001	0.0283	0.8	0.9873	0	0	0.2	0.0127	0	0	0	0	0	0	0	0	0	0	0	0	0	0	0	0	0	0	0.75	0.9993	0	0	0.25	0.0007
com.tobykurien.webapps	0.085	0.0279	0.1903	0.0199	0.2238	0.6383	0.0659	0.2303	0	0	0	0	0	0	0	0	0	0	0	0	1	1	1	1	0	0	0	0	0.9149	0.8801	0.9667	0.9863	0.0213	0.0095	0	0	0.0213	0.0158	0	0	0	0	0	0	0	0	0	0	0.0426	0.0946	0.0333	0.0137	0.0137	0.016	0.0033	0.0197	0.9565	0.9811	0	0	0.0435	0.0189	0	0	0	0	0	0	0.4074	0.727	0	0	0	0	0	0	0	0	0.037	0.0032	0.4074	0.2508	0.1481	0.019	0	0
rfh.sa.yoviajo	0.0984	0.0317	0.1679	0.0244	0.2043	0.6333	0.0469	0.3389	0	0	0	0	0	0	0	0	0	0	0	0	0.9892	0.999	1	1	0.0108	0.001	0	0	0.9	0.9667	0.8947	0.9771	0	0	0	0	0.0667	0.0265	0.1053	0.0229	0	0	0	0	0	0	0	0	0.0333	0.0068	0	0	0.0095	0.0085	0.0066	0.0265	0.7778	0.7227	0.2222	0.2773	0	0	0	0	0	0	0	0	0.25	0.0757	0	0	0	0	0	0	0	0	0	0	0.375	0.9064	0.25	0.0109	0.125	0.007
vn.com.vng.phim123	0.1597	0.0168	0.1834	0.0363	0.2105	1	0.1964	0.4988	0	0	0	0	0	0	0	0	0.0526	0.0985	0	0	0.9474	0.9015	1	1	0	0	0	0	0	0	0	0	0	0	0	0	1	1	1	1	0	0	0	0	0	0	0	0	0	0	0	0	0.0168	0	0.0091	0	0	0	1	1	0	0	0	0	0	0	0	0	0	0	0	0	0	0	0	0	0	0	0	0	0	0	0	0	0	0
com.jb.gokeyboard.theme.tmebluefancy	0.0881	0.0123	0.1036	0.0047	0.0698	0.6667	0.02	0.4421	0	0	0	0	0	0	0	0	0	0	0	0	1	1	1	1	0	0	0	0	0.8333	0.9829	1	1	0	0	0	0	0.1667	0.0171	0	0	0	0	0	0	0	0	0	0	0	0	0	0	0.0164	0.0082	0.0147	0.0341	0.75	0.8296	0.25	0.1704	0	0	0	0	0	0	0	0	0	0	0	0	0	0	0	0	1	1	0	0	0	0	0	0	0	0
org.freeandroidtools.root_checker	0.0909	0.0287	0.302	0.0452	0.1333	0.5192	0.0896	0.8303	0	0	0	0	0	0	0	0	0.0121	0.0007	0	0	0.9818	0.999	1	1	0.0061	0.0002	0	0	0.9231	0.9679	1	1	0.0192	0.0066	0	0	0.0385	0.0107	0	0	0	0	0	0	0	0	0	0	0.0192	0.0148	0	0	0.0138	0.0209	0.0033	0.0107	0.92	0.9663	0.08	0.0337	0	0	0	0	0	0	0	0	0	0	0	0	0	0	0	0	0.1053	0.0174	0.0263	0.0035	0.8684	0.9792	0	0	0	0
com.vaishnavism.vishnusahasranaamam.english	0.1765	0.0882	0.2608	0.0869	0.5	0.3333	0.991	0.991	0	0	0	0	0	0	0	0	0	0	0	0	1	1	1	1	0	0	0	0	1	1	1	1	0	0	0	0	0	0	0	0	0	0	0	0	0	0	0	0	0	0	0	0	0.0588	0.0588	0.0006	0.0012	1	1	0	0	0	0	0	0	0	0	0	0	1	1	0	0	0	0	0	0	0	0	0	0	0	0	0	0	0	0
com.mobisoft.morhipo	0.0598	0.0046	0.0483	0.0005	0.0385	0.5	0.0047	0.4465	0	0	0	0	0.0769	0.0914	0	0	0	0	0	0	0.9231	0.9086	1	1	0	0	0	0	0.5	0.4558	1	1	0	0	0	0	0.5	0.5442	0	0	0	0	0	0	0	0	0	0	0	0	0	0	0.0069	0.0023	0.0003	0.0003	0	0	0.6667	0.9917	0	0	0.3333	0.0083	0	0	0	0	0	0	0	0	0	0	0	0	1	1	0	0	0	0	0	0	0	0
com.jb.gokeyboard.theme.tmepinkkeyboardpersonalization	0.0881	0.0123	0.1041	0.0044	0.0698	0.6667	0.0196	0.4717	0	0	0	0	0	0	0	0	0	0	0	0	1	1	1	1	0	0	0	0	0.8333	0.9845	1	1	0	0	0	0	0.1667	0.0155	0	0	0	0	0	0	0	0	0	0	0	0	0	0	0.0164	0.0082	0.0153	0.0348	0.75	0.8285	0.25	0.1715	0	0	0	0	0	0	0	0	0	0	0	0	0	0	0	0	1	1	0	0	0	0	0	0	0	0
com.sbgapps.scoreit	0.1035	0.0307	0.2588	0.0142	0.1481	0.375	0.0111	0.223	0	0	0	0	0	0	0	0	0	0	0	0	1	1	1	1	0	0	0	0	0.7812	0.6892	1	1	0	0	0	0	0	0	0	0	0	0	0	0	0.1875	0.1081	0	0	0.0312	0.2027	0	0	0.0038	0.0153	0.0007	0.0178	1	1	0	0	0	0	0	0	0	0	0	0	0.375	0.5054	0	0	0	0	0	0	0	0	0	0	0.625	0.4946	0	0	0	0
fr.easytouseapps.calcloan	0.0942	0.0145	0.0449	0.004	0.1538	0.5	0.1668	0.9448	0	0	0	0	0	0	0	0	0	0	0	0	1	1	1	1	0	0	0	0	0.5	0.9457	1	1	0	0	0	0	0.5	0.0543	0	0	0	0	0	0	0	0	0	0	0	0	0	0	0.0362	0.0145	0.0112	0.0075	0.6	0.6647	0.4	0.3353	0	0	0	0	0	0	0	0	0.5	0.5019	0	0	0	0	0	0	0	0	0	0	0.5	0.4981	0	0	0	0
com.katz.rexall	0.1033	0.0526	0.2359	0.0032	0.4151	0.8148	0.0004	0.0299	0	0	0	0	0	0	0	0	0	0	0	0	1	1	1	1	0	0	0	0	0.8889	0.9297	0.9091	0.7907	0	0	0	0	0.0741	0.0104	0.0909	0.2093	0	0	0	0	0	0	0	0	0.037	0.0599	0	0	0.0253	0.0175	0.0017	0.0029	0.9231	0.9987	0	0	0.0769	0.0013	0	0	0	0	0	0	0	0	0	0	0	0	0	0	0	0	0	0	1	1	0	0	0	0
cz.lidovky.mobil	0.1111	0.2222	0.2253	0.2876	1	0.3333	0.3282	0.1292	0	0	0	0	0	0	0	0	0	0	0	0	1	1	1	1	0	0	0	0	1	1	1	1	0	0	0	0	0	0	0	0	0	0	0	0	0	0	0	0	0	0	0	0	0.0741	0.037	0.001	0.0007	1	1	0	0	0	0	0	0	0	0	0	0	0	0	0	0	0	0	0	0	0	0	0	0	1	1	0	0	0	0
com.nilhcem.hostseditor	0.0814	0.0116	0.0787	0.0072	0	0	0	0	0	0	0	0	0	0	0	0	0	0	0	0	0.8571	0.909	0	0	0.1429	0.091	0	0	1	1	0	0	0	0	0	0	0	0	0	0	0	0	0	0	0	0	0	0	0	0	0	0	0.0233	0.0116	0.0072	0.0072	0	0	1	1	0	0	0	0	0	0	0	0	1	1	0	0	0	0	0	0	0	0	0	0	0	0	0	0	0	0
com.gerbes.mobile	0.0778	0.0017	0.0952	0.001	0.0426	1	0.0141	0.6667	0	0	0	0	0	0	0	0	0	0	0	0	1	1	1	1	0	0	0	0	0	0	0	0	0	0	0	0	1	1	1	1	0	0	0	0	0	0	0	0	0	0	0	0	0.0017	0	0.0003	0	0	0	0	0	0	0	1	1	0	0	0	0	0	0	0	0	0	0	0	0	0	0	0	0	0	0	0	0	0	0
de.androidsolutions.bistum.wbg	0.1386	0.0495	0.1676	0.1216	0.3929	1	0.0257	0.0195	0	0	0	0	0	0	0	0	0	0	0	0	1	1	1	1	0	0	0	0	0.6	0.9841	0.6	0.8182	0	0	0	0	0.3	0.0141	0.3	0.1364	0	0	0	0	0	0	0	0	0.1	0.0018	0.1	0.0455	0.0099	0.005	0.0009	0.0008	0	0	1	1	0	0	0	0	0	0	0	0	1	1	0	0	0	0	0	0	0	0	0	0	0	0	0	0	0	0
com.dooblou.WiFiFileExplorer	0.0929	0.0178	0.1727	0.0155	0.1915	0.4444	0.0632	0.3516	0	0	0	0	0	0	0	0	0	0	0	0	0.9787	0.9909	1	1	0.0213	0.0091	0	0	0.7778	0.7288	0.75	0.8913	0	0	0	0	0.2222	0.2712	0.25	0.1087	0	0	0	0	0	0	0	0	0	0	0	0	0.004	0.002	0.0016	0.0016	1	1	0	0	0	0	0	0	0	0	0	0	0	0	0	0	0	0	0	0	0	0	0	0	1	1	0	0	0	0
de.appinside.devcenter.yltw63	0.1335	0.015	0.1587	0.0053	0.0603	0.3077	0.0051	0.087	0	0	0	0	0	0	0	0	0	0	0	0	1	1	1	1	0	0	0	0	0.6154	0.6957	1	1	0	0	0	0	0.1538	0.1087	0	0	0.0769	0.0652	0	0	0	0	0	0	0.1538	0.1304	0	0	0.0058	0.0023	0.0008	0.0005	0.6	0.5714	0.4	0.4286	0	0	0	0	0	0	0	0	0.5	0.5	0	0	0	0	0	0	0	0	0	0	0.5	0.5	0	0	0	0
de.androidsolutions.bistum.wbg	0.1542	0.0441	0.1439	0.1027	0.2857	0.9	0.0155	0.0173	0	0	0	0	0	0	0	0	0	0	0	0	1	1	1	1	0	0	0	0	0.5	0.9809	0.4444	0.6667	0	0	0	0	0.4	0.0168	0.4444	0.2308	0	0	0	0	0	0	0	0	0.1	0.0022	0.1111	0.1026	0.0088	0.0044	0.0006	0.0006	0	0	1	1	0	0	0	0	0	0	0	0	1	1	0	0	0	0	0	0	0	0	0	0	0	0	0	0	0	0
com.socrative.teacher	0.1176	0.2941	0.0471	0.0688	0.75	0.9	0.3545	0.8442	0	0	0	0	0	0	0	0	0	0	0	0	1	1	1	1	0	0	0	0	1	1	1	1	0	0	0	0	0	0	0	0	0	0	0	0	0	0	0	0	0	0	0	0	0.0588	0.0294	0.0072	0.007	1	1	0	0	0	0	0	0	0	0	0	0	1	1	0	0	0	0	0	0	0	0	0	0	0	0	0	0	0	0
com.triveous.recorder	0.0649	0.0045	0.1229	0.0049	0.069	0.5	0.0358	0.8571	0	0	0	0	0	0	0	0	0	0	0	0	1	1	1	1	0	0	0	0	1	1	1	1	0	0	0	0	0	0	0	0	0	0	0	0	0	0	0	0	0	0	0	0	0.0067	0.0022	0.0009	0.0005	0	0	0.6667	0.75	0	0	0.3333	0.25	0	0	0	0	1	1	0	0	0	0	0	0	0	0	0	0	0	0	0	0	0	0
com.jb.gokeyboard.theme.twkeyboardforhtconem8	0.0881	0.0123	0.1035	0.0045	0.0698	0.6667	0.0207	0.5396	0	0	0	0	0	0	0	0	0	0	0	0	1	1	1	1	0	0	0	0	0.8333	0.9826	1	1	0	0	0	0	0.1667	0.0174	0	0	0	0	0	0	0	0	0	0	0	0	0	0	0.0164	0.0082	0.0155	0.0348	0.75	0.828	0.25	0.172	0	0	0	0	0	0	0	0	0	0	0	0	0	0	0	0	1	1	0	0	0	0	0	0	0	0
com.erkanyilmaz.namazvakitleri	0.1296	0.0567	0.3254	0.0821	0.4688	0.5714	0.0002	0.0006	0	0	0	0	0.0625	0.0608	0.1333	0.0182	0	0	0	0	0.9375	0.9392	0.8667	0.9818	0	0	0	0	0.7857	0.9017	0.75	0.4382	0	0	0	0	0.0714	0.0003	0.125	0.4719	0	0	0	0	0	0	0	0	0.1429	0.098	0.125	0.0899	0.0486	0.0405	0	0.0081	0.6667	0.8889	0.1667	0.0556	0	0	0	0	0.1667	0.0556	0	0	0.2	0.0003	0	0	0	0	0	0	0	0	0	0	0.7	0.9997	0	0	0.1	0.0001
com.jb.gokeyboard.theme.twkeyboardforsonyxperiaz	0.0881	0.0123	0.1021	0.0045	0.0698	0.6667	0.0226	0.5513	0	0	0	0	0	0	0	0	0	0	0	0	1	1	1	1	0	0	0	0	0.8333	0.9845	1	1	0	0	0	0	0.1667	0.0155	0	0	0	0	0	0	0	0	0	0	0	0	0	0	0.0164	0.0082	0.0158	0.0348	0.75	0.8299	0.25	0.1701	0	0	0	0	0	0	0	0	0	0	0	0	0	0	0	0	1	1	0	0	0	0	0	0	0	0
com.monsta.imagenscomfrasesdecarinho	0.1356	0.0508	0.1594	0.0724	0.25	0.6667	0.0909	0.5991	0	0	0	0	0	0	0	0	0	0	0	0	1	1	1	1	0	0	0	0	1	1	1	1	0	0	0	0	0	0	0	0	0	0	0	0	0	0	0	0	0	0	0	0	0	0	0	0	0	0	0	0	0	0	0	0	0	0	0	0	0	0	0	0	0	0	0	0	0	0	0	0	0	0	0	0	0	0
com.aob	0.0962	0.0311	0.4349	0.0133	0.2481	0.5116	0.0017	0.0369	0	0	0	0	0	0	0	0	0	0	0	0	0.9925	1	1	1	0.0075	0	0	0	0.7442	0.0728	0.8636	0.9795	0.0233	0.0013	0	0	0.0698	0.0015	0.1364	0.0205	0	0	0	0	0.1395	0.0061	0	0	0.0233	0.9183	0	0	0.0181	0.0362	0.0002	0.0385	1	1	0	0	0	0	0	0	0	0	0	0	0.18	0.0056	0	0	0	0	0	0	0	0	0	0	0.62	0.9887	0.02	0.0001	0.18	0.0056
com.seazon.fo	0.1534	0.0473	0.307	0.0258	0.4074	0.8	0.0306	0.3863	0	0	0	0	0	0	0	0	0	0	0	0	1	1	1	1	0	0	0	0	0.92	0.9998	0.9	0.9997	0	0	0	0	0	0	0	0	0	0	0	0	0	0	0	0	0.08	0.0002	0.1	0.0003	0.0322	0.0663	0.0003	0.0231	0.8824	0.9906	0.1176	0.0094	0	0	0	0	0	0	0	0	0.0286	0.0001	0	0	0	0	0	0	0.1143	0.0005	0	0	0.3429	0.9793	0.4286	0.02	0.0857	0.0001
ru.evgajukov.mobile.circassian.activity	0.1875	0.0375	0.3166	0.0633	0.1733	0.4667	0.0555	0.2523	0	0	0	0	0	0	0	0	0	0	0	0	1	1	1	1	0	0	0	0	0.6667	0.5624	0.5714	0.8958	0	0	0	0	0.2	0.0499	0.2857	0.0938	0.0667	0.0066	0.1429	0.0104	0	0	0	0	0.0667	0.3811	0	0	0.025	0.0225	0.0021	0.0259	0.8	0.88	0.2	0.12	0	0	0	0	0	0	0	0	0.4444	0.9614	0	0	0	0	0	0	0.3333	0.0225	0	0	0.2222	0.0161	0	0	0	0
fi.android.takealot	0.0429	0.0061	0.0637	0.0107	0.1429	1	0.0562	0.3335	0	0	0	0	0	0	0	0	0	0	0	0	1	1	1	1	0	0	0	0	0	0	0	0	0	0	0	0	1	1	1	1	0	0	0	0	0	0	0	0	0	0	0	0	0.0123	0.0061	0.0036	0.0036	0	0	1	1	0	0	0	0	0	0	0	0	0	0	0	0	0	0	0	0	1	1	0	0	0	0	0	0	0	0
net.samham.electricity	0.1396	0.0127	0.1983	0.0084	0.1455	0.6	0.0147	0.1304	0	0	0	0	0.0364	0.0184	0.25	0.25	0	0	0	0	0.9636	0.9816	0.75	0.75	0	0	0	0	0.6	0.8261	0.6667	0.6667	0	0	0	0	0.2	0.087	0	0	0.2	0.087	0.3333	0.3333	0	0	0	0	0	0	0	0	0.0152	0.0102	0.0036	0.0084	0.6667	0.7	0.3333	0.3	0	0	0	0	0	0	0	0	0	0	0	0	0	0	0	0	0.25	0.087	0	0	0.75	0.913	0	0	0	0
com.neurondevelopments.levelsaid	0.0791	0.0271	0.2362	0.1956	0.2671	0.6	0.0169	0.0289	0	0	0	0	0.0137	0.0001	0	0	0.0137	0.0003	0	0	0.9658	0.9993	1	1	0.0068	0.0003	0	0	0.84	0.9821	0.9333	0.9936	0	0	0	0	0.1	0.017	0.0333	0.0003	0.02	0.0007	0	0	0.02	0	0	0	0.02	0.0002	0.0333	0.006	0.0233	0.0146	0.0017	0.0028	0.9767	0.9989	0	0	0.0233	0.0011	0	0	0	0	0	0	0	0	0	0	0	0	0	0	0	0	0	0	0.8889	0.998	0.1111	0.002	0	0
com.confidly.confidly	0.1	0.1667	0.0586	0.2592	0.6667	0.6	0.996	0.2257	0	0	0	0	0	0	0	0	0	0	0	0	1	1	1	1	0	0	0	0	0.8	0.6961	1	1	0	0	0	0	0	0	0	0	0	0	0	0	0	0	0	0	0.2	0.3039	0	0	0.0667	0.1	0.0002	0.079	1	1	0	0	0	0	0	0	0	0	0	0	0.6667	0.9994	0	0	0	0	0	0	0	0	0	0	0.3333	0.0006	0	0	0	0
com.sports.cricket.schedule	0.1	0.08	0.0278	0.0131	0.2	0.25	0.0588	0.125	0	0	0	0	0	0	0	0	0	0	0	0	1	1	1	1	0	0	0	0	0.75	0.75	1	1	0	0	0	0	0	0	0	0	0.25	0.25	0	0	0	0	0	0	0	0	0	0	0.04	0.02	0.0049	0.0033	1	1	0	0	0	0	0	0	0	0	0	0	0	0	0	0	0	0	0	0	0	0	0	0	1	1	0	0	0	0
pl.plksa.RozkladJazdy	0.106	0.0674	0.0701	0.0291	0.5091	0.7714	0.0647	0.165	0	0	0	0	0.0182	0.001	0	0	0	0	0	0	0.9818	0.999	1	1	0	0	0	0	0.8571	0.5853	0.8519	0.2431	0	0	0	0	0.0857	0.292	0.1111	0.0528	0	0	0	0	0	0	0	0	0.0571	0.1228	0.037	0.7041	0.0173	0.0212	0.0017	0.0188	1	1	0	0	0	0	0	0	0	0	0	0	0	0	0	0	0	0	0	0	0	0	0	0	1	1	0	0	0	0
com.telerik.GoogleLinks	0.1158	0.0737	0.0918	0.0559	0.5455	0.8286	0.0965	0.1688	0	0	0	0	0	0	0	0	0	0	0	0	1	1	1	1	0	0	0	0	0.8857	0.6634	0.8621	0.3706	0	0	0	0	0.0857	0.2375	0.1034	0.0429	0	0	0	0	0	0	0	0	0.0286	0.0991	0.0345	0.5865	0.0211	0.0274	0.0011	0.0273	0.9	0.9942	0	0	0.1	0.0058	0	0	0	0	0	0	0	0	0	0	0	0	0	0	0	0	0	0	0.7692	0.9993	0	0	0.2308	0.0007
com.tobykurien.webapps	0.0719	0.028	0.2243	0.0186	0.25	0.6094	0.0641	0.1964	0	0	0	0	0	0	0	0	0	0	0	0	0.9939	1	0.9756	0.9998	0.0061	0	0.0244	0.0002	0.9219	0.9504	0.9744	0.9978	0.0156	0.0025	0	0	0.0156	0.0221	0	0	0	0	0	0	0	0	0	0	0.0469	0.025	0.0256	0.0022	0.0136	0.0245	0.0005	0.0153	0.9677	0.994	0	0	0.0323	0.006	0	0	0	0	0	0	0.4107	0.6876	0	0	0	0	0	0	0	0	0.0179	0.0002	0.2857	0.2638	0.125	0.0273	0.1607	0.0212
rfh.sa.yoviajo	0.0986	0.0318	0.1695	0.0245	0.2043	0.6333	0.0482	0.3415	0	0	0	0	0	0	0	0	0	0	0	0	0.9892	0.9987	1	1	0.0108	0.0013	0	0	0.9	0.9673	0.8947	0.9744	0	0	0	0	0.0667	0.0272	0.1053	0.0256	0	0	0	0	0	0	0	0	0.0333	0.0056	0	0	0.0095	0.0085	0.0066	0.0262	0.7778	0.7212	0.2222	0.2788	0	0	0	0	0	0	0	0	0.25	0.0755	0	0	0	0	0	0	0	0	0	0	0.375	0.9066	0.25	0.0125	0.125	0.0055
vn.com.vng.phim123	0.1597	0.0168	0.1832	0.0362	0.2105	1	0.1955	0.4981	0	0	0	0	0	0	0	0	0.0526	0.0983	0	0	0.9474	0.9017	1	1	0	0	0	0	0	0	0	0	0	0	0	0	1	1	1	1	0	0	0	0	0	0	0	0	0	0	0	0	0.0168	0	0.0091	0	0	0	1	1	0	0	0	0	0	0	0	0	0	0	0	0	0	0	0	0	0	0	0	0	0	0	0	0	0	0
com.jb.gokeyboard.theme.tmebluefancy	0.0881	0.0123	0.1038	0.0049	0.0698	0.6667	0.0209	0.4595	0	0	0	0	0	0	0	0	0	0	0	0	1	1	1	1	0	0	0	0	0.8333	0.9852	1	1	0	0	0	0	0.1667	0.0148	0	0	0	0	0	0	0	0	0	0	0	0	0	0	0.0164	0.0082	0.0147	0.034	0.75	0.8296	0.25	0.1704	0	0	0	0	0	0	0	0	0	0	0	0	0	0	0	0	1	1	0	0	0	0	0	0	0	0
org.freeandroidtools.root_checker	0.1185	0.0275	0.129	0.0227	0.0465	0.2	0.016	0.0909	0	0	0	0	0	0	0	0	0	0	0	0	0.9767	0.984	1	1	0.0233	0.016	0	0	1	1	1	1	0	0	0	0	0	0	0	0	0	0	0	0	0	0	0	0	0	0	0	0	0.0193	0.0138	0.0124	0.0217	0.7143	0.75	0.2857	0.25	0	0	0	0	0	0	0	0	0	0	0	0	0	0	0	0	0.2	0.0952	0	0	0.8	0.9048	0	0	0	0
com.vaishnavism.vishnusahasranaamam.english	0.1765	0.0882	0.2381	0.0793	0.5	0.3333	0.9888	0.9894	0	0	0	0	0	0	0	0	0	0	0	0	1	1	1	1	0	0	0	0	1	1	1	1	0	0	0	0	0	0	0	0	0	0	0	0	0	0	0	0	0	0	0	0	0.0588	0.0588	0.0008	0.0015	1	1	0	0	0	0	0	0	0	0	0	0	1	1	0	0	0	0	0	0	0	0	0	0	0	0	0	0	0	0
com.mobisoft.morhipo	0.0598	0.0046	0.0484	0.0005	0.0385	0.5	0.0041	0.3981	0	0	0	0	0.0769	0.0945	0	0	0	0	0	0	0.9231	0.9055	1	1	0	0	0	0	0.5	0.4175	1	1	0	0	0	0	0.5	0.5825	0	0	0	0	0	0	0	0	0	0	0	0	0	0	0.0069	0.0023	0.0003	0.0003	0	0	0.6667	0.9912	0	0	0.3333	0.0088	0	0	0	0	0	0	0	0	0	0	0	0	1	1	0	0	0	0	0	0	0	0
com.jb.gokeyboard.theme.tmepinkkeyboardpersonalization	0.0881	0.0123	0.1043	0.0043	0.0698	0.6667	0.019	0.4997	0	0	0	0	0	0	0	0	0	0	0	0	1	1	1	1	0	0	0	0	0.8333	0.98	1	1	0	0	0	0	0.1667	0.02	0	0	0	0	0	0	0	0	0	0	0	0	0	0	0.0164	0.0082	0.0155	0.0348	0.75	0.8306	0.25	0.1694	0	0	0	0	0	0	0	0	0	0	0	0	0	0	0	0	1	1	0	0	0	0	0	0	0	0
com.sbgapps.scoreit	0.0969	0.0229	0.1883	0.016	0.2151	0.4091	0.0345	0.1667	0	0	0	0	0	0	0	0	0	0	0	0	1	1	1	1	0	0	0	0	0.9545	0.75	1	1	0	0	0	0	0	0	0	0	0	0	0	0	0	0	0	0	0.0455	0.25	0	0	0.0042	0.0115	0.0012	0.0211	1	1	0	0	0	0	0	0	0	0	0	0	0.4545	0.8268	0	0	0	0	0	0	0	0	0	0	0.5455	0.1732	0	0	0	0
fr.easytouseapps.calcloan	0.0942	0.0145	0.0444	0.0039	0.1538	0.5	0.166	0.9352	0	0	0	0	0	0	0	0	0	0	0	0	1	1	1	1	0	0	0	0	0.5	0.9361	1	1	0	0	0	0	0.5	0.0639	0	0	0	0	0	0	0	0	0	0	0	0	0	0	0.0362	0.0145	0.0111	0.0074	0.6	0.6661	0.4	0.3339	0	0	0	0	0	0	0	0	0.5	0.5005	0	0	0	0	0	0	0	0	0	0	0.5	0.4995	0	0	0	0
com.katz.rexall	0.1021	0.052	0.2219	0.0027	0.4151	0.8148	0.0031	0.1035	0	0	0	0	0	0	0	0	0	0	0	0	1	1	1	1	0	0	0	0	0.8889	0.9321	0.9091	0.9427	0	0	0	0	0.0741	0.0125	0.0909	0.0573	0	0	0	0	0	0	0	0	0.037	0.0554	0	0	0.027	0.0173	0.0014	0.0023	0.8571	0.9975	0	0	0.1429	0.0025	0	0	0	0	0	0	0	0	0	0	0	0	0	0	0	0	0	0	1	1	0	0	0	0
cz.lidovky.mobil	0.1111	0.2222	0.1569	0.3702	1	0.3333	0.2648	0.0566	0	0	0	0	0	0	0	0	0	0	0	0	1	1	1	1	0	0	0	0	1	1	1	1	0	0	0	0	0	0	0	0	0	0	0	0	0	0	0	0	0	0	0	0	0.0741	0.037	0.0012	0.0008	1	1	0	0	0	0	0	0	0	0	0	0	0	0	0	0	0	0	0	0	0	0	0	0	1	1	0	0	0	0
com.nilhcem.hostseditor	0.0814	0.0116	0.0784	0.0072	0	0	0	0	0	0	0	0	0	0	0	0	0	0	0	0	0.8571	0.9091	0	0	0.1429	0.0909	0	0	1	1	0	0	0	0	0	0	0	0	0	0	0	0	0	0	0	0	0	0	0	0	0	0	0.0233	0.0116	0.0072	0.0072	0	0	1	1	0	0	0	0	0	0	0	0	1	1	0	0	0	0	0	0	0	0	0	0	0	0	0	0	0	0
com.gerbes.mobile	0.0687	0.0112	0.0806	0.0074	0.0727	0.3333	0.023	0.2143	0	0	0	0	0.0364	0.0461	0.25	0.5714	0	0	0	0	0.9636	0.9539	0.75	0.4286	0	0	0	0	0.7778	0.8571	0.6667	0.8333	0	0	0	0	0.1111	0.0714	0.3333	0.1667	0.1111	0.0714	0	0	0	0	0	0	0	0	0	0	0.0037	0	0.0008	0	0.3333	0.3333	0.3333	0.3333	0	0	0.3333	0.3333	0	0	0	0	0	0	0	0	0	0	0	0	0	0	0	0	0	0	0	0	0	0
com.generalgoodswholesale.customerapp	0.1447	0.0842	0.1242	0.0788	0.4182	0.8125	0.149	0.2238	0	0	0	0	0	0	0	0	0	0	0	0	1	1	1	1	0	0	0	0	0.9062	0.6517	0.8846	0.4296	0	0	0	0	0.0625	0.2299	0.0769	0.0419	0	0	0	0	0	0	0	0	0.0312	0.1184	0.0385	0.5286	0.0289	0.0263	0.0026	0.0394	1	1	0	0	0	0	0	0	0	0	0	0	0	0	0	0	0.1	0.016	0	0	0	0	0	0	0.9	0.984	0	0	0	0
de.gautzsch.fif	0.1268	0.0683	0.1108	0.0445	0.3269	0.8214	0.0136	0.0341	0	0	0	0	0	0	0	0	0	0	0	0	1	1	1	1	0	0	0	0	0.8929	0.7971	0.8696	0.0346	0	0	0	0	0.0714	0.17	0.087	0.0033	0	0	0	0	0	0	0	0	0.0357	0.0329	0.0435	0.9621	0.0171	0.0244	0.0007	0.0091	1	1	0	0	0	0	0	0	0	0	0	0	0	0	0	0	0	0	0	0	0	0	0	0	1	1	0	0	0	0
es.aena.mobile	0.1218	0.1144	0.0788	0.0462	0.6061	0.8387	0.2178	0.6519	0	0	0	0	0	0	0	0	0	0	0	0	1	1	1	1	0	0	0	0	0.9355	0.779	0.9231	0.9499	0	0	0	0	0.0645	0.221	0.0769	0.0501	0	0	0	0	0	0	0	0	0	0	0	0	0.0295	0.0148	0.0011	0.001	0.875	0.996	0.125	0.004	0	0	0	0	0	0	0	0	1	1	0	0	0	0	0	0	0	0	0	0	0	0	0	0	0	0
at.generalsolutions.contwise.maps.hotel_elite_seefeld	0.1381	0.0508	0.1	0.0315	0.2644	0.8125	0.0541	0.1644	0	0	0	0	0	0	0	0	0	0	0	0	0.9885	0.9992	1	1	0.0115	0.0008	0	0	0.8438	0.7111	0.8462	0.4143	0	0	0	0	0.125	0.1993	0.1154	0.0413	0	0	0	0	0	0	0	0	0.0312	0.0896	0.0385	0.5444	0.0143	0.0159	0.0016	0.0135	1	1	0	0	0	0	0	0	0	0	0	0	0	0	0	0	0	0	0	0	0	0	0	0	1	1	0	0	0	0
com.dooblou.WiFiFileExplorer	0.0949	0.0169	0.2136	0.0147	0.2	0.5	0.0554	0.3982	0	0	0	0	0	0	0	0	0	0	0	0	1	1	1	1	0	0	0	0	0.75	0.7243	0.75	0.8124	0	0	0	0	0.25	0.2757	0.25	0.1876	0	0	0	0	0	0	0	0	0	0	0	0	0.0042	0.0021	0.0016	0.0016	1	1	0	0	0	0	0	0	0	0	0	0	0	0	0	0	0	0	0	0	0	0	0	0	1	1	0	0	0	0
at.generalsolutions.contwise.maps.sporthotel_exclusive	0.1407	0.0505	0.0991	0.0319	0.2826	0.8485	0.053	0.1547	0	0	0	0	0	0	0	0	0	0	0	0	0.9891	0.999	1	1	0.0109	0.001	0	0	0.8485	0.7025	0.8571	0.4391	0	0	0	0	0.1212	0.2149	0.1071	0.027	0	0	0	0	0	0	0	0	0.0303	0.0826	0.0357	0.5339	0.0138	0.0153	0.0018	0.0129	1	1	0	0	0	0	0	0	0	0	0	0	0	0	0	0	0	0	0	0	0	0	0	0	1	1	0	0	0	0
com.sportfusion.asports.seahawks	0.1307	0.0114	0.0919	0.0172	0.0435	0.5	0.0393	0.2096	0	0	0	0	0.087	0.0815	0	0	0	0	0	0	0.913	0.9185	1	1	0	0	0	0	0	0	0	0	0	0	0	0	1	1	1	1	0	0	0	0	0	0	0	0	0	0	0	0	0.0057	0	0	0	0	0	0	0	0	0	1	1	0	0	0	0	0	0	0	0	0	0	0	0	0	0	0	0	0	0	0	0	0	0
de.appinside.devcenter.yltw63	0.0742	0.0181	0.28	0.0079	0.1371	0.375	0.0029	0.0452	0	0	0	0	0.0102	0.0001	0.037	0.0053	0	0	0	0	0.9898	0.9999	0.963	0.9947	0	0	0	0	0.7917	0.5316	0.8333	0.9277	0.0208	0.0196	0	0	0.0833	0.0229	0.0556	0.0241	0.0208	0.0022	0.0556	0.0361	0	0	0	0	0.0833	0.4238	0.0556	0.012	0.0045	0.0113	0.0009	0.0079	0.8333	0.9857	0.1667	0.0143	0	0	0	0	0	0	0.0333	0.0005	0.0333	0.0011	0	0	0	0	0	0	0	0	0.0667	0.0038	0.7667	0.9929	0.0667	0.0011	0.0333	0.0005
com.tonado.boli.hiper	0.0836	0.011	0.1312	0.0068	0.3396	0.8571	0.081	0.6328	0	0	0	0	0	0	0	0	0	0	0	0	1	1	1	1	0	0	0	0	0.8571	0.9539	0.8333	0.9411	0	0	0	0	0.1429	0.0461	0.1667	0.0589	0	0	0	0	0	0	0	0	0	0	0	0	0.0063	0.0047	0.0056	0.0007	1	1	0	0	0	0	0	0	0	0	0	0	0	0	0	0	0	0	0	0	0	0	0	0	1	1	0	0	0	0
com.mobilejazz.urology	0.116	0.0696	0.1802	0.1001	0.28	0.7333	0.0486	0.0928	0	0	0	0	0	0	0	0	0	0	0	0	1	1	1	1	0	0	0	0	0.8333	0.4471	0.8182	0.0247	0	0	0	0	0.1333	0.4674	0.1364	0.055	0	0	0	0	0	0	0	0	0.0333	0.0855	0.0455	0.9203	0.0186	0.0232	0.0039	0.0456	0.875	0.9986	0	0	0	0	0.125	0.0014	0	0	0	0	0	0	0	0	0	0	0	0	0	0	0	0	1	1	0	0	0	0
com.mobdub.channel.WWTV	0.0919	0.0459	0.0338	0.0106	0.3077	0.3846	0.3076	0.3463	0	0	0	0	0	0	0	0	0	0	0	0	1	1	1	1	0	0	0	0	0.8462	0.5204	0.8	0.3751	0	0	0	0	0.0769	0.433	0.2	0.6249	0	0	0	0	0	0	0	0	0.0769	0.0467	0	0	0.0177	0.0071	0.0006	0.0114	0.8	0.9971	0.2	0.0029	0	0	0	0	0	0	0	0	0	0	0	0	0	0	0	0	1	1	0	0	0	0	0	0	0	0
net.olejon.spotcommander	0.0912	0.0169	0.0946	0.0038	0.1296	0.5	0.0072	0.1158	0	0	0	0	0	0	0	0	0	0	0	0	1	1	1	1	0	0	0	0	0.9	0.547	1	1	0	0	0	0	0	0	0	0	0	0	0	0	0	0	0	0	0.1	0.453	0	0	0.0068	0	0.007	0	1	1	0	0	0	0	0	0	0	0	0	0	0	0	0	0	0	0	0	0	0	0	0	0	0	0	0	0	0	0
com.alamkanak.android.financebd	0.1282	0.0035	0.1482	0.0001	0	0	0	0	0	0	0	0	0	0	0	0	0	0	0	0	1	1	0	0	0	0	0	0	1	1	0	0	0	0	0	0	0	0	0	0	0	0	0	0	0	0	0	0	0	0	0	0	0.0121	0.0052	0.0004	0.0003	0.5714	0.5833	0.4286	0.4167	0	0	0	0	0	0	0	0	0.3333	0.25	0	0	0	0	0	0	0	0	0	0	0.6667	0.75	0	0	0	0
com.montaserramadanm.bluetooth	0.0705	0.0264	0.1681	0.0682	0.0625	0.5	0.0865	0.2146	0	0	0	0	0	0	0	0	0	0	0	0	0.9688	0.9968	1	1	0.0312	0.0032	0	0	0.6667	0.7617	0.6667	0.9979	0.0833	0.0209	0	0	0.0833	0.0407	0.1667	0.0018	0	0	0	0	0	0	0	0	0.1667	0.1768	0.1667	0.0003	0.0727	0.0749	0.0128	0.0378	1	1	0	0	0	0	0	0	0	0	0	0	0.2353	0.0978	0	0	0	0	0	0	0.0294	0.0008	0	0	0.5	0.7586	0	0	0.2353	0.1428
edu.ckcc.royalshykdic	0.1222	0.0204	0.1055	0.0085	0.2037	0.7778	0.044	0.3182	0	0	0	0	0	0	0	0	0	0	0	0	1	1	1	1	0	0	0	0	0.7778	0.8182	0.8571	0.8571	0	0	0	0	0	0	0	0	0	0	0	0	0	0	0	0	0.2222	0.1818	0.1429	0.1429	0.0181	0.0136	0.005	0.0046	1	1	0	0	0	0	0	0	0	0	0	0	0	0	0	0	0	0	0	0	0	0	0	0	1	1	0	0	0	0
com.dridev.kamusku	0.1529	0.0064	0.0957	0.007	0	0	0	0	0	0	0	0	0.0833	0.0936	0	0	0	0	0	0	0.9167	0.9064	0	0	0	0	0	0	0	0	0	0	0	0	0	0	1	1	0	0	0	0	0	0	0	0	0	0	0	0	0	0	0.0064	0	0	0	0	0	0	0	0	0	1	1	0	0	0	0	0	0	0	0	0	0	0	0	0	0	0	0	0	0	0	0	0	0
com.media.miplayer	0.0385	0	0.0758	0	0	0	0	0	0	0	0	0	0	0	0	0	0	0	0	0	1	1	0	0	0	0	0	0	0	0	0	0	0	0	0	0	0	0	0	0	0	0	0	0	0	0	0	0	0	0	0	0	0.0192	0.0096	0.0059	0.0059	0	0	1	1	0	0	0	0	0	0	0	0	1	1	0	0	0	0	0	0	0	0	0	0	0	0	0	0	0	0
id.web.michsan.adhannotifier	0.0911	0.0242	0.1155	0.0116	0.3469	0.8462	0.0457	0.4938	0	0	0	0	0	0	0	0	0	0	0	0	0.9796	0.9936	1	1	0.0204	0.0064	0	0	0.9231	0.9383	0.9091	0.8754	0	0	0	0	0.0769	0.0617	0.0909	0.1246	0	0	0	0	0	0	0	0	0	0	0	0	0.0074	0.0019	0.0077	0	1	1	0	0	0	0	0	0	0	0	0	0	0	0	0	0	0	0	0	0	0	0	0	0	1	1	0	0	0	0
br.art.iai.discoverykids	0.0944	0.0263	0.0857	0.0594	0.2532	0.3636	0.0603	0.0192	0	0	0	0	0	0	0	0	0.0127	0.0002	0	0	0.9747	0.9998	1	1	0.0127	0	0	0	0.6364	0.4529	0.375	0.5423	0.0909	0.0019	0.125	0.0088	0.1364	0.2452	0.375	0.4369	0.0455	0.0003	0.125	0.012	0	0	0	0	0.0909	0.2997	0	0	0.0251	0.037	0.0006	0.0173	1	1	0	0	0	0	0	0	0	0	0	0	0.6452	0.9734	0	0	0	0	0	0	0	0	0	0	0.0968	0.0194	0	0	0.2581	0.0071
com.dypix.fibladiActualite	0.1538	0.0059	0.0905	0.0063	0	0	0	0	0	0	0	0	0.0769	0.0785	0	0	0	0	0	0	0.9231	0.9215	0	0	0	0	0	0	0	0	0	0	0	0	0	0	1	1	0	0	0	0	0	0	0	0	0	0	0	0	0	0	0.0118	0	0	0	0	0	0	0	0	0	1	1	0	0	0	0	0	0	0	0	0	0	0	0	0	0	0	0	0	0	0	0	0	0
radiance.app.proverbes_africains_365	0.1008	0.0763	0.2521	0.2181	0.2703	0.6786	0.0245	0.0566	0	0	0	0	0	0	0	0	0	0	0	0	0.973	0.9981	1	1	0.027	0.0019	0	0	0.9286	0.9913	1	1	0	0	0	0	0.0714	0.0087	0	0	0	0	0	0	0	0	0	0	0	0	0	0	0.0109	0.0054	0.0014	0.0009	1	1	0	0	0	0	0	0	0	0	0	0	0	0	0	0	0	0	0	0	1	1	0	0	0	0	0	0	0	0
com.homecu.jdecu	0.1157	0.0267	0.2261	0.01	0.2051	0.5556	0.0176	0.2791	0	0	0	0	0	0	0	0	0	0	0	0	1	1	1	1	0	0	0	0	0.8333	0.8605	0.8	0.8333	0	0	0	0	0	0	0	0	0	0	0	0	0	0	0	0	0.1667	0.1395	0.2	0.1667	0.0089	0.0074	0.0023	0.0035	1	1	0	0	0	0	0	0	0	0	0	0	0	0	0	0	0	0	0	0	0.4	0.2667	0.2	0.0667	0.4	0.6667	0	0	0	0
com.mgrabowski.virginmobileminutes	0.1045	0.0282	0.1331	0.0233	0.1081	0.2	0.084	0.2058	0	0	0	0	0	0	0	0	0	0	0	0	0.973	0.9849	1	1	0.027	0.0151	0	0	0.7	0.6051	0	0	0	0	0	0	0.2	0.2171	0.5	0.6659	0	0	0	0	0	0	0	0	0.1	0.1777	0.5	0.3341	0.0056	0.0028	0.0021	0.0021	1	1	0	0	0	0	0	0	0	0	0	0	0	0	0	0	0	0	0	0	0	0	0	0	1	1	0	0	0	0
org.artofliving.srisriquotes.portuguese.app	0.1358	0.0895	0.1511	0.1093	0.5227	0.8966	0.1144	0.1664	0	0	0	0	0	0	0	0	0	0	0	0	1	1	1	1	0	0	0	0	0.8966	0.6522	0.8846	0.2167	0	0	0	0	0.069	0.2183	0.0769	0.0061	0	0	0	0	0	0	0	0	0.0345	0.1295	0.0385	0.7772	0.0278	0.0309	0.0034	0.0599	1	1	0	0	0	0	0	0	0	0	0	0	0	0	0	0	0	0	0	0	0	0	0	0	1	1	0	0	0	0
com.mobile.poorvika	0.1425	0.0607	0.1069	0.0957	0.2787	0.7692	0.1158	0.1296	0.0328	0.0006	0	0	0	0	0	0	0	0	0	0	0.9672	0.9994	1	1	0	0	0	0	0.9231	0.7279	0.9	0.0107	0	0	0	0	0.0385	0.1439	0.05	0.0006	0	0	0	0	0	0	0	0	0.0385	0.1282	0.05	0.9887	0.014	0.0187	0.006	0.0564	1	1	0	0	0	0	0	0	0	0	0	0	0	0	0	0	0	0	0	0	0	0	0	0	1	1	0	0	0	0
com.jahm.tempconv	0.1484	0.1016	0.216	0.1583	0.7895	0.9231	0.1488	0.092	0	0	0	0	0	0	0	0	0	0	0	0	1	1	1	1	0	0	0	0	0.9231	0.9843	0.9167	0.8313	0	0	0	0	0	0	0	0	0	0	0	0	0	0	0	0	0.0769	0.0157	0.0833	0.1687	0.0469	0	0.0032	0	1	1	0	0	0	0	0	0	0	0	0	0	0	0	0	0	0	0	0	0	0	0	0	0	0	0	0	0	0	0
com.appelit.twiist	0.0971	0.0589	0.131	0.0117	0.3607	0.7838	0.0249	0.255	0	0	0	0	0	0	0	0	0	0	0	0	1	1	1	1	0	0	0	0	0.8378	0.6136	0.8276	0.7003	0	0	0	0	0.1081	0.2758	0.1379	0.1583	0	0	0	0	0	0	0	0	0.0541	0.1106	0.0345	0.1414	0.0303	0.0287	0.0048	0.0072	1	1	0	0	0	0	0	0	0	0	0	0	0	0	0	0	0	0	0	0	0	0	0	0	0.8889	0.9994	0	0	0.1111	0.0006
com.jabbo.mediatagscanner	0.1235	0.0452	0.1307	0.0271	0.1972	0.5385	0.0433	0.2476	0	0	0	0	0	0	0	0	0	0	0	0	1	1	1	1	0	0	0	0	0.6923	0.4028	0.6429	0.635	0	0	0	0	0.1923	0.4465	0.2143	0.0014	0	0	0	0	0	0	0	0	0.1154	0.1507	0.1429	0.3636	0.0261	0.0313	0.0079	0.0167	1	1	0	0	0	0	0	0	0	0	0	0	0	0	0	0	0	0	0	0	0	0	0	0	0.8889	0.9998	0	0	0.1111	0.0002
com.flo.ayakkabi	0.0825	0.0063	0.0942	0.0029	0.0385	0.5	0.017	0.5511	0	0	0	0	0.0769	0.0884	0	0	0	0	0	0	0.9231	0.9116	1	1	0	0	0	0	0.5	0.552	1	1	0	0	0	0	0.5	0.448	0	0	0	0	0	0	0	0	0	0	0	0	0	0	0.0095	0.0032	0.0006	0.0006	0	0	0.6667	0.9955	0	0	0.3333	0.0045	0	0	0	0	1	1	0	0	0	0	0	0	0	0	0	0	0	0	0	0	0	0
klwinkel.weerkaartbe	0.1171	0.0455	0.2439	0.0364	0.2537	0.8462	0.0596	0.6698	0	0	0	0	0.0299	0.0043	0.0588	0.0003	0	0	0	0	0.9552	0.9938	0.9412	0.9997	0.0149	0.0018	0	0	0.8077	0.7243	0.8182	0.6779	0	0	0	0	0.1154	0.0844	0.0909	0.0369	0	0	0	0	0	0	0	0	0.0769	0.1913	0.0909	0.2852	0.0612	0.0332	0.0046	0.004	1	1	0	0	0	0	0	0	0	0	0	0	0	0	0	0	0	0	0	0	0	0	0	0	1	1	0	0	0	0
gr.spartansoftware.greekphotography	0.1282	0.1453	0.0649	0.0328	0.8667	0.7647	0.1874	0.256	0	0	0	0	0	0	0	0	0	0	0	0	1	1	1	1	0	0	0	0	1	1	1	1	0	0	0	0	0	0	0	0	0	0	0	0	0	0	0	0	0	0	0	0	0.0598	0.0171	0.0137	0.0092	1	1	0	0	0	0	0	0	0	0	0	0	1	1	0	0	0	0	0	0	0	0	0	0	0	0	0	0	0	0
com.briox.riversip.android.general.sports	0.0625	0.0156	0.0621	0.0179	0.125	0.5	0.0723	0.2507	0	0	0	0	0	0	0	0	0	0	0	0	1	1	1	1	0	0	0	0	0	0	0	0	0	0	0	0	1	1	1	1	0	0	0	0	0	0	0	0	0	0	0	0	0.0156	0.0078	0.0045	0.0045	0	0	1	1	0	0	0	0	0	0	0	0	1	1	0	0	0	0	0	0	0	0	0	0	0	0	0	0	0	0
dk.minreklame.tilbudsavis	0.0814	0.0072	0.1256	0.0071	0.0444	0.5	0.0005	0.0089	0	0	0	0	0	0	0	0	0	0	0	0	1	1	1	1	0	0	0	0	0.5	0.5149	0.5	0.037	0	0	0	0	0.5	0.4851	0.5	0.963	0	0	0	0	0	0	0	0	0	0	0	0	0.0108	0.0018	0.0074	0.0025	0	0	0.5	0.6664	0	0	0.5	0.3336	0	0	0	0	0	0	0	0	0	0	0	0	1	1	0	0	0	0	0	0	0	0
com.soshall.apps.browser	0.1049	0.1124	0.024	0.0207	0.4286	0.8333	0.0982	0.5828	0	0	0	0	0	0	0	0	0	0	0	0	0.9286	0.9927	1	1	0.0714	0.0073	0	0	0.9	0.6702	0.96	0.9867	0.0333	0.0558	0	0	0	0	0	0	0	0	0	0	0	0	0	0	0.0667	0.274	0.04	0.0133	0.0787	0.0487	0.0057	0.4296	1	1	0	0	0	0	0	0	0	0	0	0	0.9231	0.9999	0	0	0	0	0	0	0.0769	0.0001	0	0	0	0	0	0	0	0
org.bible.remember_me	0.0924	0.0306	0.3418	0.0131	0.2355	0.55	0.0175	0.4678	0	0	0	0	0.0124	0.0014	0.0351	0.0383	0	0	0	0	0.9835	0.9985	0.9649	0.9617	0.0041	0.0001	0	0	0.8625	0.7434	0.9318	0.9925	0.0125	0.0154	0	0	0.0125	0.0098	0.0227	0.0045	0	0	0	0	0.0625	0.0112	0	0	0.05	0.2203	0.0455	0.003	0.0157	0.0187	0.0018	0.0078	0.9756	0.995	0	0	0.0244	0.005	0	0	0	0	0	0	0.4898	0.5094	0	0	0	0	0	0	0	0	0.0408	0.0047	0.3265	0.4602	0	0	0.1429	0.0258
id.co.viva.vivapemilu	0.1154	0.0385	0.4085	0.0134	0.2281	0.3421	0.0085	0.1342	0	0	0	0	0	0	0	0	0	0	0	0	0.9912	1	1	1	0.0088	0	0	0	0.8158	0.5068	0.9231	0.9851	0.0263	0.0113	0	0	0.0263	0.0026	0.0769	0.0149	0	0	0	0	0.1053	0.003	0	0	0.0263	0.4763	0	0	0.0263	0.0324	0.0008	0.0284	1	1	0	0	0	0	0	0	0	0	0	0	0	0	0	0	0	0	0	0	0	0	0	0	0.6875	0.8877	0.0625	0.0006	0.25	0.1117
com.dailyworkhoroscopes.net	0.1572	0.0063	0.0985	0.0077	0	0	0	0	0	0	0	0	0.08	0.0905	0	0	0	0	0	0	0.92	0.9095	0	0	0	0	0	0	0	0	0	0	0	0	0	0	1	1	0	0	0	0	0	0	0	0	0	0	0	0	0	0	0.0063	0	0	0	0	0	0	0	0	0	1	1	0	0	0	0	0	0	0	0	0	0	0	0	0	0	0	0	0	0	0	0	0	0
org.gfx54b.android.pollux.mineralh	0.1429	0	0.1999	0	0	0	0	0	0	0	0	0	0	0	0	0	0	0	0	0	1	1	0	0	0	0	0	0	0	0	0	0	0	0	0	0	0	0	0	0	0	0	0	0	0	0	0	0	0	0	0	0	0.2857	0.1429	0.2001	0.1999	0	0	1	1	0	0	0	0	0	0	0	0	0	0	0	0	0	0	0	0	1	1	0	0	0	0	0	0	0	0
com.wisdom.profcon2015	0.1544	0.0716	0.1204	0.059	0.3623	0.8125	0.1217	0.19	0	0	0	0	0	0	0	0	0.0145	0.0001	0	0	0.9855	0.9999	1	1	0	0	0	0	0.8438	0.5826	0.8077	0.0633	0	0	0	0	0.0938	0.2436	0.1154	0.0226	0	0	0	0	0	0	0	0	0.0625	0.1739	0.0769	0.9141	0.0112	0.0179	0	0.0384	1	1	0	0	0	0	0	0	0	0	0	0	0	0	0	0	0	0	0	0	0	0	0	0	1	1	0	0	0	0
com.tju.android.webcams	0.1332	0.0655	0.2287	0.1333	0.5238	0.6452	0.1709	0.0741	0	0	0	0	0	0	0	0	0	0	0	0	1	1	1	1	0	0	0	0	0.9032	0.4923	0.9	0.9336	0	0	0	0	0	0	0	0	0.0323	0.0048	0.05	0.002	0	0	0	0	0.0645	0.503	0.05	0.0645	0.0169	0.0254	0.004	0.1691	1	1	0	0	0	0	0	0	0	0	0	0	0.6667	0.8175	0	0	0	0	0	0	0.0833	0.0062	0	0	0.1667	0.1725	0	0	0.0833	0.0039
com.tamildevotionalapps.ayyappaashtothram	0.1013	0.0588	0.0586	0.2012	0.3871	0.6944	0.1387	0.0381	0	0	0	0	0	0	0	0	0.0323	0.0011	0	0	0.9516	0.9988	1	1	0.0161	0.0001	0	0	0.8611	0.9716	0.92	0.9949	0	0	0	0	0.0833	0.0214	0.04	0.0001	0	0	0	0	0	0	0	0	0.0556	0.007	0.04	0.005	0.0131	0.0098	0.0005	0.0038	1	1	0	0	0	0	0	0	0	0	0	0	0	0	0	0	0	0	0	0	0	0	0	0	1	1	0	0	0	0
com.aisyah.resepmasakan	0.076	0.0216	0.15	0.015	0.2211	0.4815	0.0201	0.0988	0	0	0	0	0	0	0	0	0	0	0	0	0.9895	0.9993	1	1	0.0105	0.0007	0	0	0.8889	0.9637	0.9231	0.9981	0	0	0	0	0.0741	0.0232	0.0769	0.0019	0	0	0	0	0	0	0	0	0.037	0.0131	0	0	0.0032	0	0.0041	0	1	1	0	0	0	0	0	0	0	0	0	0	0	0	0	0	0	0	0	0	0	0	0	0	0	0	0	0	0	0
com.generalgoodswholesale.customerapp	0.1488	0.0836	0.1266	0.0836	0.4035	0.8125	0.1536	0.2179	0	0	0	0	0	0	0	0	0	0	0	0	1	1	1	1	0	0	0	0	0.9062	0.66	0.8846	0.3746	0	0	0	0	0.0625	0.2118	0.0769	0.0376	0	0	0	0	0	0	0	0	0.0312	0.1282	0.0385	0.5878	0.0287	0.0261	0.0026	0.0448	1	1	0	0	0	0	0	0	0	0	0	0	0	0	0	0	0.1	0.0132	0	0	0	0	0	0	0.9	0.9868	0	0	0	0
de.gautzsch.fif	0.132	0.066	0.1551	0.0637	0.2963	0.7778	0.0236	0.0577	0	0	0	0	0	0	0	0	0	0	0	0	1	1	1	1	0	0	0	0	0.8889	0.526	0.8571	0.0105	0	0	0	0	0.0741	0.417	0.0952	0.0011	0	0	0	0	0	0	0	0	0.037	0.057	0.0476	0.9884	0.0171	0.0244	0.0015	0.0175	1	1	0	0	0	0	0	0	0	0	0	0	0	0	0	0	0	0	0	0	0	0	0	0	1	1	0	0	0	0
es.aena.mobile	0.1218	0.1144	0.0785	0.0457	0.6364	0.8387	0.2151	0.6469	0	0	0	0	0	0	0	0	0	0	0	0	1	1	1	1	0	0	0	0	0.9355	0.7756	0.9231	0.9499	0	0	0	0	0.0645	0.2244	0.0769	0.0501	0	0	0	0	0	0	0	0	0	0	0	0	0.0295	0.0148	0.0012	0.001	0.875	0.9964	0.125	0.0036	0	0	0	0	0	0	0	0	1	1	0	0	0	0	0	0	0	0	0	0	0	0	0	0	0	0
at.generalsolutions.contwise.maps.hotel_elite_seefeld	0.1416	0.0502	0.0995	0.0322	0.2796	0.9091	0.0572	0.178	0	0	0	0	0	0	0	0	0	0	0	0	0.9892	0.9991	1	1	0.0108	0.0009	0	0	0.8485	0.7154	0.8667	0.4826	0	0	0	0	0.1212	0.1986	0.1	0.0348	0	0	0	0	0	0	0	0	0.0303	0.086	0.0333	0.4826	0.0137	0.0152	0.0017	0.0133	1	1	0	0	0	0	0	0	0	0	0	0	0	0	0	0	0	0	0	0	0	0	0	0	1	1	0	0	0	0
com.dooblou.WiFiFileExplorer	0.0949	0.0169	0.2125	0.0146	0.2	0.5	0.061	0.4113	0	0	0	0	0	0	0	0	0	0	0	0	1	1	1	1	0	0	0	0	0.75	0.7219	0.75	0.7911	0	0	0	0	0.25	0.2781	0.25	0.2089	0	0	0	0	0	0	0	0	0	0	0	0	0.0042	0.0021	0.0016	0.0016	1	1	0	0	0	0	0	0	0	0	0	0	0	0	0	0	0	0	0	0	0	0	0	0	1	1	0	0	0	0
at.generalsolutions.contwise.maps.sporthotel_exclusive	0.1388	0.0468	0.0993	0.0323	0.2472	0.8	0.0538	0.1536	0	0	0	0	0	0	0	0	0	0	0	0	0.9888	0.9994	1	1	0.0112	0.0006	0	0	0.8333	0.6951	0.875	0.4015	0	0	0	0	0.1333	0.2191	0.0833	0.0402	0	0	0	0	0	0	0	0	0.0333	0.0858	0.0417	0.5583	0.014	0.0156	0.0018	0.0135	1	1	0	0	0	0	0	0	0	0	0	0	0	0	0	0	0	0	0	0	0	0	0	0	1	1	0	0	0	0
com.sportfusion.asports.seahawks	0.1307	0.0114	0.092	0.0173	0.0435	0.5	0.0391	0.208	0	0	0	0	0.087	0.0826	0	0	0	0	0	0	0.913	0.9174	1	1	0	0	0	0	0	0	0	0	0	0	0	0	1	1	1	1	0	0	0	0	0	0	0	0	0	0	0	0	0.0057	0	0	0	0	0	0	0	0	0	1	1	0	0	0	0	0	0	0	0	0	0	0	0	0	0	0	0	0	0	0	0	0	0
de.appinside.devcenter.yltw63	0.0783	0.0185	0.3086	0.0068	0.1092	0.3889	0.0033	0.048	0	0	0	0	0.0087	0.0001	0.04	0.0044	0	0	0	0	0.9869	0.9998	0.96	0.9956	0.0044	0	0	0	0.8519	0.4632	0.9048	0.9799	0.0185	0.0351	0	0	0.037	0.0068	0	0	0.0185	0.0019	0.0476	0.0134	0	0	0	0	0.0741	0.4929	0.0476	0.0067	0.0065	0.012	0.0014	0.0074	0.8947	0.9938	0.1053	0.0062	0	0	0	0	0	0	0.0571	0.0006	0.0286	0.0009	0	0	0	0	0	0	0	0	0.1143	0.0065	0.7714	0.9917	0.0286	0.0003	0	0
com.tonado.boli.hiper	0.0836	0.011	0.1316	0.0068	0.3396	0.8571	0.0762	0.6013	0	0	0	0	0	0	0	0	0	0	0	0	1	1	1	1	0	0	0	0	0.8571	0.9529	0.8333	0.9698	0	0	0	0	0.1429	0.0471	0.1667	0.0302	0	0	0	0	0	0	0	0	0	0	0	0	0.0063	0.0047	0.0056	0.0007	1	1	0	0	0	0	0	0	0	0	0	0	0	0	0	0	0	0	0	0	0	0	0	0	1	1	0	0	0	0
com.mobilejazz.urology	0.1148	0.0706	0.1695	0.0937	0.2885	0.7812	0.0519	0.0958	0	0	0	0	0	0	0	0	0	0	0	0	1	1	1	1	0	0	0	0	0.8125	0.4761	0.8	0.03	0	0	0	0	0.1562	0.4336	0.16	0.0289	0	0	0	0	0	0	0	0	0.0312	0.0902	0.04	0.9411	0.0177	0.0221	0.004	0.0479	0.875	0.9988	0	0	0	0	0.125	0.0012	0	0	0	0	0	0	0	0	0	0	0	0	0	0	0	0	1	1	0	0	0	0
com.mobdub.channel.WWTV	0.0919	0.0459	0.0334	0.011	0.3462	0.4615	0.2799	0.3348	0	0	0	0	0	0	0	0	0	0	0	0	1	1	1	1	0	0	0	0	0.8462	0.5458	0.6667	0.3961	0	0	0	0	0.0769	0.4042	0.1667	0.6033	0	0	0	0	0	0	0	0	0.0769	0.05	0.1667	0.0005	0.0177	0.0071	0.0008	0.0108	0.8	0.9976	0.2	0.0024	0	0	0	0	0	0	0	0	0	0	0	0	0	0	0	0	1	1	0	0	0	0	0	0	0	0
net.olejon.spotcommander	0.0912	0.0169	0.0957	0.0039	0.1296	0.5	0.0064	0.0996	0	0	0	0	0	0	0	0	0	0	0	0	1	1	1	1	0	0	0	0	0.9	0.5545	1	1	0	0	0	0	0	0	0	0	0	0	0	0	0	0	0	0	0.1	0.4455	0	0	0.0068	0	0.0069	0	1	1	0	0	0	0	0	0	0	0	0	0	0	0	0	0	0	0	0	0	0	0	0	0	0	0	0	0	0	0
com.alamkanak.android.financebd	0.1172	0.0037	0.1473	0.0001	0	0	0	0	0	0	0	0	0	0	0	0	0	0	0	0	1	1	0	0	0	0	0	0	1	1	0	0	0	0	0	0	0	0	0	0	0	0	0	0	0	0	0	0	0	0	0	0	0.0128	0.0055	0.0003	0.0013	0.5714	0.5455	0.4286	0.4545	0	0	0	0	0	0	0	0	0.3333	0.0465	0	0	0	0	0	0	0	0	0	0	0.6667	0.9535	0	0	0	0
com.montaserramadanm.bluetooth	0.0899	0.0312	0.1714	0.0814	0.3061	0.5294	0.0188	0.2004	0	0	0	0	0	0	0	0	0	0	0	0	0.9796	0.9971	1	1	0.0204	0.0029	0	0	0.7647	0.7864	0.8889	0.9998	0.0588	0.0141	0	0	0.0588	0.0271	0	0	0	0	0	0	0	0	0	0	0.1176	0.1724	0.1111	0.0002	0.0697	0.0661	0.0105	0.0354	1	1	0	0	0	0	0	0	0	0	0	0	0.2222	0.081	0	0	0	0	0	0	0.0833	0.0433	0	0	0.4722	0.7498	0	0	0.2222	0.1259
edu.ckcc.royalshykdic	0.0994	0.0268	0.317	0.0127	0.3	0.4815	0.0162	0.459	0	0	0	0	0	0	0	0	0	0	0	0	1	1	1	1	0	0	0	0	0.7037	0.8907	0.7692	0.9643	0	0	0	0	0.037	0.0109	0.0769	0.0119	0	0	0	0	0.1852	0.0437	0.0769	0.0119	0.0741	0.0546	0.0769	0.0119	0.007	0.006	0.001	0.0013	1	1	0	0	0	0	0	0	0	0	0	0	0	0	0	0	0	0	0	0	0	0	0	0	1	1	0	0	0	0
com.dridev.kamusku	0.1529	0.0064	0.0958	0.0069	0	0	0	0	0	0	0	0	0.0833	0.0943	0	0	0	0	0	0	0.9167	0.9057	0	0	0	0	0	0	0	0	0	0	0	0	0	0	1	1	0	0	0	0	0	0	0	0	0	0	0	0	0	0	0.0064	0	0	0	0	0	0	0	0	0	1	1	0	0	0	0	0	0	0	0	0	0	0	0	0	0	0	0	0	0	0	0	0	0
com.media.miplayer	0.0385	0	0.0758	0	0	0	0	0	0	0	0	0	0	0	0	0	0	0	0	0	1	1	0	0	0	0	0	0	0	0	0	0	0	0	0	0	0	0	0	0	0	0	0	0	0	0	0	0	0	0	0	0	0.0192	0.0096	0.0059	0.0059	0	0	1	1	0	0	0	0	0	0	0	0	1	1	0	0	0	0	0	0	0	0	0	0	0	0	0	0	0	0
id.web.michsan.adhannotifier	0.0911	0.0242	0.1169	0.0114	0.2857	0.8462	0.0285	0.407	0	0	0	0	0	0	0	0	0	0	0	0	0.9796	0.9932	1	1	0.0204	0.0068	0	0	0.9231	0.9286	0.9091	0.8252	0	0	0	0	0.0769	0.0714	0.0909	0.1748	0	0	0	0	0	0	0	0	0	0	0	0	0.0074	0.0019	0.0076	0	1	1	0	0	0	0	0	0	0	0	0	0	0	0	0	0	0	0	0	0	0	0	0	0	1	1	0	0	0	0
br.art.iai.discoverykids	0.0914	0.0293	0.0843	0.0569	0.2564	0.4	0.0396	0.0274	0	0	0	0	0	0	0	0	0.0128	0.0001	0	0	0.9615	0.9999	1	1	0.0256	0.0001	0	0	0.64	0.4845	0.4	0.8119	0.08	0.0016	0.1	0.0023	0.16	0.1981	0.4	0.183	0.04	0.0004	0.1	0.0028	0	0	0	0	0.08	0.3154	0	0	0.0258	0.0363	0.0005	0.0146	1	1	0	0	0	0	0	0	0	0	0	0	0.6452	0.9713	0	0	0	0	0	0	0	0	0	0	0.0968	0.016	0	0	0.2581	0.0127
com.dypix.fibladiActualite	0.1538	0.0059	0.0909	0.0064	0	0	0	0	0	0	0	0	0.0769	0.0772	0	0	0	0	0	0	0.9231	0.9228	0	0	0	0	0	0	0	0	0	0	0	0	0	0	1	1	0	0	0	0	0	0	0	0	0	0	0	0	0	0	0.0118	0	0	0	0	0	0	0	0	0	1	1	0	0	0	0	0	0	0	0	0	0	0	0	0	0	0	0	0	0	0	0	0	0
radiance.app.proverbes_africains_365	0.0956	0.0421	0.2002	0.171	0.1927	0.625	0.0908	0.1159	0	0	0	0	0	0	0	0	0.0183	0.0003	0	0	0.9633	0.9995	1	1	0.0183	0.0003	0	0	0.875	0.9279	0.9667	0.9997	0.0208	0.0005	0	0	0.0417	0.012	0	0	0.0208	0.0005	0	0	0	0	0	0	0.0417	0.0591	0.0333	0.0003	0.0237	0.036	0.0082	0.0528	0.963	0.9992	0	0	0.037	0.0008	0	0	0	0	0	0	0.1951	0.0265	0	0	0	0	0	0	0.3171	0.528	0	0	0.2927	0.4244	0	0	0.1951	0.0211
com.homecu.jdecu	0.0935	0.0249	0.2973	0.0062	0.2286	0.5714	0.0026	0.1017	0	0	0	0	0	0	0	0	0	0	0	0	1	1	1	1	0	0	0	0	0.8571	0.5	0.875	0.9167	0.0357	0.0212	0	0	0	0	0	0	0.0357	0.0127	0.0625	0.0417	0.0357	0.0127	0.0625	0.0417	0.0357	0.4534	0	0	0.0249	0.0196	0.0016	0.0059	1	1	0	0	0	0	0	0	0	0	0	0	0	0	0	0	0	0	0	0	0.6364	0.6756	0.0455	0.0044	0.3182	0.32	0	0	0	0
com.mgrabowski.virginmobileminutes	0.1045	0.0282	0.1329	0.0235	0.1081	0.2	0.0847	0.2184	0	0	0	0	0	0	0	0	0	0	0	0	0.973	0.9847	1	1	0.027	0.0153	0	0	0.7	0.6087	0	0	0	0	0	0	0.2	0.2137	0.5	0.5935	0	0	0	0	0	0	0	0	0.1	0.1776	0.5	0.4065	0.0056	0.0028	0.0021	0.0021	1	1	0	0	0	0	0	0	0	0	0	0	0	0	0	0	0	0	0	0	0	0	0	0	1	1	0	0	0	0
org.artofliving.srisriquotes.portuguese.app	0.1358	0.0896	0.1601	0.096	0.383	0.8065	0.0857	0.141	0	0	0	0	0	0	0	0	0	0	0	0	1	1	1	1	0	0	0	0	0.9032	0.6546	0.88	0.0664	0	0	0	0	0.0645	0.2144	0.08	0.006	0	0	0	0	0	0	0	0	0.0323	0.1309	0.04	0.9276	0.026	0.0289	0.0022	0.0555	1	1	0	0	0	0	0	0	0	0	0	0	0	0	0	0	0	0	0	0	0	0	0	0	1	1	0	0	0	0
com.mobile.poorvika	0.1397	0.0665	0.1036	0.069	0.3333	0.8	0.0871	0.1312	0.0317	0.0002	0	0	0	0	0	0	0	0	0	0	0.9683	0.9998	1	1	0	0	0	0	0.8667	0.7103	0.8333	0.0122	0	0	0	0	0.1	0.1605	0.125	0.0033	0	0	0	0	0	0	0	0	0.0333	0.1292	0.0417	0.9845	0.0133	0.0177	0.0037	0.0401	1	1	0	0	0	0	0	0	0	0	0	0	0	0	0	0	0	0	0	0	0	0	0	0	1	1	0	0	0	0
com.jahm.tempconv	0.1496	0.1024	0.2211	0.1532	0.7895	0.9231	0.1602	0.0913	0	0	0	0	0	0	0	0	0	0	0	0	1	1	1	1	0	0	0	0	0.9231	0.9836	0.9167	0.861	0	0	0	0	0	0	0	0	0	0	0	0	0	0	0	0	0.0769	0.0164	0.0833	0.139	0.0472	0	0.0032	0	1	1	0	0	0	0	0	0	0	0	0	0	0	0	0	0	0	0	0	0	0	0	0	0	0	0	0	0	0	0
com.appelit.twiist	0.0974	0.0591	0.1308	0.0127	0.377	0.7568	0.0258	0.2638	0	0	0	0	0	0	0	0	0	0	0	0	1	1	1	1	0	0	0	0	0.8378	0.6142	0.8214	0.6937	0	0	0	0	0.1081	0.2746	0.1429	0.1634	0	0	0	0	0	0	0	0	0.0541	0.1112	0.0357	0.1429	0.0304	0.0288	0.0053	0.008	1	1	0	0	0	0	0	0	0	0	0	0	0	0	0	0	0	0	0	0	0	0	0	0	0.8889	0.9995	0	0	0.1111	0.0005
com.jabbo.mediatagscanner	0.1274	0.0506	0.1238	0.0253	0.3014	0.6207	0.0392	0.1961	0	0	0	0	0	0	0	0	0	0	0	0	1	1	1	1	0	0	0	0	0.7241	0.3856	0.6667	0.5903	0	0	0	0	0.1724	0.4562	0.2222	0.0012	0	0	0	0	0	0	0	0	0.1034	0.1581	0.1111	0.4085	0.0244	0.0314	0.0076	0.0165	1	1	0	0	0	0	0	0	0	0	0	0	0	0	0	0	0	0	0	0	0	0	0	0	0.8889	0.9998	0	0	0.1111	0.0002
com.flo.ayakkabi	0.082	0.0063	0.0939	0.0029	0.0385	0.5	0.0165	0.5397	0	0	0	0	0.0769	0.0893	0	0	0	0	0	0	0.9231	0.9107	1	1	0	0	0	0	0.5	0.5652	1	1	0	0	0	0	0.5	0.4348	0	0	0	0	0	0	0	0	0	0	0	0	0	0	0.0095	0.0032	0.0006	0.0006	0	0	0.6667	0.9951	0	0	0.3333	0.0049	0	0	0	0	1	1	0	0	0	0	0	0	0	0	0	0	0	0	0	0	0	0
klwinkel.weerkaartbe	0.1178	0.0439	0.2384	0.0381	0.2537	0.84	0.0697	0.684	0	0	0	0	0.0299	0.0047	0.1176	0.0475	0	0	0	0	0.9552	0.9934	0.8824	0.9525	0.0149	0.0019	0	0	0.8	0.7144	0.8095	0.6662	0	0	0	0	0.12	0.0817	0.0952	0.0361	0	0	0	0	0	0	0	0	0.08	0.2039	0.0952	0.2977	0.0598	0.0334	0.0043	0.004	1	1	0	0	0	0	0	0	0	0	0	0	0	0	0	0	0	0	0	0	0	0	0	0	1	1	0	0	0	0
gr.spartansoftware.greekphotography	0.1402	0.1589	0.0583	0.0319	0.8667	0.7647	0.1835	0.2441	0	0	0	0	0	0	0	0	0	0	0	0	1	1	1	1	0	0	0	0	1	1	1	1	0	0	0	0	0	0	0	0	0	0	0	0	0	0	0	0	0	0	0	0	0.0467	0.0187	0.0122	0.0082	1	1	0	0	0	0	0	0	0	0	0	0	1	1	0	0	0	0	0	0	0	0	0	0	0	0	0	0	0	0
com.briox.riversip.android.general.sports	0.0625	0.0156	0.0622	0.018	0.125	0.5	0.0728	0.2519	0	0	0	0	0	0	0	0	0	0	0	0	1	1	1	1	0	0	0	0	0	0	0	0	0	0	0	0	1	1	1	1	0	0	0	0	0	0	0	0	0	0	0	0	0.0156	0.0078	0.0045	0.0045	0	0	1	1	0	0	0	0	0	0	0	0	1	1	0	0	0	0	0	0	0	0	0	0	0	0	0	0	0	0
dk.minreklame.tilbudsavis	0.0833	0.0074	0.1261	0.007	0.0444	0.5	0.0001	0.0026	0	0	0	0	0	0	0	0	0	0	0	0	1	1	1	1	0	0	0	0	0.5	0.5101	0.5	0.125	0	0	0	0	0.5	0.4899	0.5	0.875	0	0	0	0	0	0	0	0	0	0	0	0	0.0111	0.0019	0.0074	0.0024	0	0	0.5	0.6662	0	0	0.5	0.3338	0	0	0	0	0	0	0	0	0	0	0	0	1	1	0	0	0	0	0	0	0	0
com.soshall.apps.browser	0.1053	0.1128	0.018	0.0162	0.5	0.8333	0.1372	0.3767	0	0	0	0	0	0	0	0	0	0	0	0	0.9286	0.9892	1	1	0.0714	0.0108	0	0	0.9	0.5571	0.96	0.9524	0.0333	0.0466	0	0	0	0	0	0	0	0	0	0	0	0	0	0	0.0667	0.3963	0.04	0.0476	0.0789	0.0451	0.0037	0.4453	1	1	0	0	0	0	0	0	0	0	0	0	0.9167	0.9999	0	0	0	0	0	0	0.0833	0.0001	0	0	0	0	0	0	0	0
org.bible.remember_me	0.0896	0.0262	0.3089	0.0104	0.176	0.3235	0.0103	0.116	0	0	0	0	0.0086	0.0019	0.0244	0.0856	0	0	0	0	0.9914	0.9981	0.9756	0.9144	0	0	0	0	0.8529	0.7127	0.9545	0.9881	0.0147	0.0207	0	0	0.0294	0.011	0.0455	0.0119	0	0	0	0	0.0735	0.0138	0	0	0.0294	0.2417	0	0	0.015	0.0165	0.0023	0.0094	0.9744	0.9938	0	0	0.0256	0.0062	0	0	0	0	0	0	0.4419	0.3954	0	0	0	0	0	0	0	0	0.0465	0.0062	0.4419	0.5846	0	0	0.0698	0.0138
id.co.viva.vivapemilu	0.1233	0.0411	0.3775	0.0221	0.2451	0.3824	0.0193	0.2305	0	0	0	0	0	0	0	0	0	0	0	0	1	1	1	1	0	0	0	0	0.8824	0.7273	0.8462	0.9282	0.0294	0.0068	0	0	0.0588	0.0183	0.1538	0.0718	0	0	0	0	0	0	0	0	0.0294	0.2476	0	0	0.0278	0.0363	0.001	0.0277	1	1	0	0	0	0	0	0	0	0	0	0	0	0	0	0	0	0	0	0	0	0	0	0	0.7	0.8969	0.0333	0.0018	0.2667	0.1013
com.dailyworkhoroscopes.net	0.1572	0.0063	0.1006	0.0076	0	0	0	0	0	0	0	0	0.08	0.091	0	0	0	0	0	0	0.92	0.909	0	0	0	0	0	0	0	0	0	0	0	0	0	0	1	1	0	0	0	0	0	0	0	0	0	0	0	0	0	0	0.0063	0	0	0	0	0	0	0	0	0	1	1	0	0	0	0	0	0	0	0	0	0	0	0	0	0	0	0	0	0	0	0	0	0
org.gfx54b.android.pollux.mineralh	0.1429	0	0.1999	0	0	0	0	0	0	0	0	0	0	0	0	0	0	0	0	0	1	1	0	0	0	0	0	0	0	0	0	0	0	0	0	0	0	0	0	0	0	0	0	0	0	0	0	0	0	0	0	0	0.2857	0.1429	0.2001	0.1999	0	0	1	1	0	0	0	0	0	0	0	0	0	0	0	0	0	0	0	0	1	1	0	0	0	0	0	0	0	0
com.wisdom.profcon2015	0.1562	0.0676	0.1202	0.0808	0.2537	0.7586	0.1322	0.1938	0	0	0	0	0	0	0	0	0.0149	0.0001	0	0	0.9851	0.9999	1	1	0	0	0	0	0.8276	0.6177	0.7727	0.0145	0	0	0	0	0.1034	0.198	0.1364	0.0357	0	0	0	0	0	0	0	0	0.069	0.1843	0.0909	0.9498	0.007	0.014	0	0.0587	1	1	0	0	0	0	0	0	0	0	0	0	0	0	0	0	0	0	0	0	0	0	0	0	1	1	0	0	0	0
com.tju.android.webcams	0.1119	0.0697	0.2351	0.1558	0.4889	0.6071	0.0281	0.0322	0	0	0	0	0	0	0	0	0	0	0	0	1	1	1	1	0	0	0	0	0.8929	0.4332	0.8824	0.822	0	0	0	0	0	0	0	0	0.0357	0.0028	0.0588	0.0833	0	0	0	0	0.0714	0.564	0.0588	0.0947	0.0199	0.0299	0.0033	0.1821	1	1	0	0	0	0	0	0	0	0	0	0	0.6667	0.9888	0	0	0	0	0	0	0.0833	0.0051	0	0	0.1667	0.0033	0	0	0.0833	0.0027
com.tamildevotionalapps.ayyappaashtothram	0.1005	0.0567	0.0728	0.1776	0.3871	0.7143	0.1869	0.0554	0	0	0	0	0	0	0	0	0.0323	0.0008	0	0	0.9516	0.9991	1	1	0.0161	0.0001	0	0	0.8857	0.9625	0.92	0.9961	0	0	0	0	0.0571	0.0282	0.04	0.0001	0	0	0	0	0	0	0	0	0.0571	0.0094	0.04	0.0038	0.0113	0.0097	0.0006	0.0047	1	1	0	0	0	0	0	0	0	0	0	0	0	0	0	0	0	0	0	0	0	0	0	0	1	1	0	0	0	0
com.aisyah.resepmasakan	0.0733	0.022	0.1503	0.015	0.2233	0.5806	0.0195	0.0757	0	0	0	0	0	0	0	0	0	0	0	0	0.9903	0.9993	1	1	0.0097	0.0007	0	0	0.9032	0.9546	0.9444	0.9908	0	0	0	0	0.0645	0.0281	0.0556	0.0092	0	0	0	0	0	0	0	0	0.0323	0.0173	0	0	0.0043	0.0043	0.0039	0	1	1	0	0	0	0	0	0	0	0	0	0	0.5	0.45	0	0	0	0	0	0	0	0	0	0	0.1667	0.25	0	0	0.3333	0.3
com.generalgoodswholesale.customerapp	0.1484	0.0833	0.0973	0.0546	0.4035	0.8125	0.1321	0.2158	0	0	0	0	0	0	0	0	0	0	0	0	1	1	1	1	0	0	0	0	0.9062	0.6272	0.8846	0.3703	0	0	0	0	0.0625	0.2445	0.0769	0.0356	0	0	0	0	0	0	0	0	0.0312	0.1283	0.0385	0.5941	0.0286	0.026	0.0016	0.0293	1	1	0	0	0	0	0	0	0	0	0	0	0	0	0	0	0.1	0.0125	0	0	0	0	0	0	0.9	0.9875	0	0	0	0
de.gautzsch.fif	0.1275	0.0675	0.1103	0.0468	0.3333	0.8519	0.0179	0.0424	0	0	0	0	0	0	0	0	0	0	0	0	1	1	1	1	0	0	0	0	0.8889	0.8104	0.8696	0.0219	0	0	0	0	0.0741	0.1482	0.087	0.0021	0	0	0	0	0	0	0	0	0.037	0.0414	0.0435	0.976	0.0175	0.025	0.001	0.0113	1	1	0	0	0	0	0	0	0	0	0	0	0	0	0	0	0	0	0	0	0	0	0	0	1	1	0	0	0	0
es.aena.mobile	0.1218	0.1144	0.0772	0.0447	0.6364	0.8387	0.2178	0.6487	0	0	0	0	0	0	0	0	0	0	0	0	1	1	1	1	0	0	0	0	0.9355	0.777	0.9231	0.9503	0	0	0	0	0.0645	0.223	0.0769	0.0497	0	0	0	0	0	0	0	0	0	0	0	0	0.0295	0.0148	0.0011	0.001	0.875	0.9962	0.125	0.0038	0	0	0	0	0	0	0	0	1	1	0	0	0	0	0	0	0	0	0	0	0	0	0	0	0	0
at.generalsolutions.contwise.maps.hotel_elite_seefeld	0.1418	0.0508	0.0973	0.0325	0.3043	0.9394	0.0582	0.1735	0	0	0	0	0	0	0	0	0	0	0	0	0.9891	0.9993	1	1	0.0109	0.0007	0	0	0.8485	0.7118	0.871	0.4542	0	0	0	0	0.1212	0.1989	0.0968	0.0314	0	0	0	0	0	0	0	0	0.0303	0.0893	0.0323	0.5144	0.0139	0.0154	0.0018	0.014	1	1	0	0	0	0	0	0	0	0	0	0	0	0	0	0	0	0	0	0	0	0	0	0	1	1	0	0	0	0
com.dooblou.WiFiFileExplorer	0.0949	0.0169	0.2111	0.0149	0.2	0.5	0.0612	0.4045	0	0	0	0	0	0	0	0	0	0	0	0	1	1	1	1	0	0	0	0	0.75	0.7223	0.75	0.7959	0	0	0	0	0.25	0.2777	0.25	0.2041	0	0	0	0	0	0	0	0	0	0	0	0	0.0042	0.0021	0.0016	0.0016	1	1	0	0	0	0	0	0	0	0	0	0	0	0	0	0	0	0	0	0	0	0	0	0	1	1	0	0	0	0
at.generalsolutions.contwise.maps.sporthotel_exclusive	0.1409	0.05	0.0988	0.0333	0.3011	0.8485	0.0607	0.1734	0	0	0	0	0	0	0	0	0	0	0	0	0.9892	0.9994	1	1	0.0108	0.0006	0	0	0.8485	0.7309	0.8571	0.4262	0	0	0	0	0.1212	0.1735	0.1071	0.0225	0	0	0	0	0	0	0	0	0.0303	0.0957	0.0357	0.5513	0.0136	0.0152	0.0017	0.0151	1	1	0	0	0	0	0	0	0	0	0	0	0	0	0	0	0	0	0	0	0	0	0	0	1	1	0	0	0	0
com.sportfusion.asports.seahawks	0.1307	0.0114	0.0916	0.0174	0.0435	0.5	0.0398	0.2094	0	0	0	0	0.087	0.082	0	0	0	0	0	0	0.913	0.918	1	1	0	0	0	0	0	0	0	0	0	0	0	0	1	1	1	1	0	0	0	0	0	0	0	0	0	0	0	0	0.0057	0	0	0	0	0	0	0	0	0	1	1	0	0	0	0	0	0	0	0	0	0	0	0	0	0	0	0	0	0	0	0	0	0
de.appinside.devcenter.yltw63	0.0908	0.0207	0.0936	0.0168	0.1543	0.4324	0.0279	0.0942	0	0	0	0	0	0	0	0	0	0	0	0	1	1	1	1	0	0	0	0	0.7838	0.892	0.875	0.9412	0.027	0.0055	0	0	0.0541	0.0277	0	0	0.027	0.0083	0.0625	0.0294	0	0	0	0	0.1081	0.0665	0.0625	0.0294	0.0056	0.0107	0.0007	0.0031	0.8	0.8125	0.2	0.1875	0	0	0	0	0	0	0.0526	0.0149	0.0526	0.0299	0	0	0	0	0	0	0	0	0.2105	0.0896	0.6316	0.8507	0.0526	0.0149	0	0
com.tonado.boli.hiper	0.0836	0.011	0.1326	0.0068	0.3396	0.8571	0.0773	0.6338	0	0	0	0	0	0	0	0	0	0	0	0	1	1	1	1	0	0	0	0	0.8571	0.9405	0.8333	0.9109	0	0	0	0	0.1429	0.0595	0.1667	0.0891	0	0	0	0	0	0	0	0	0	0	0	0	0.0063	0.0047	0.0055	0.0008	1	1	0	0	0	0	0	0	0	0	0	0	0	0	0	0	0	0	0	0	0	0	0	0	1	1	0	0	0	0
com.mobilejazz.urology	0.1185	0.0683	0.1736	0.0938	0.2692	0.7333	0.0474	0.0894	0	0	0	0	0	0	0	0	0	0	0	0	1	1	1	1	0	0	0	0	0.8333	0.4482	0.8182	0.0238	0	0	0	0	0.1333	0.4674	0.1364	0.0332	0	0	0	0	0	0	0	0	0.0333	0.0844	0.0455	0.943	0.0182	0.0228	0.0038	0.0436	0.875	0.9988	0	0	0	0	0.125	0.0012	0	0	0	0	0	0	0	0	0	0	0	0	0	0	0	0	1	1	0	0	0	0
com.mobdub.channel.WWTV	0.0906	0.0453	0.0346	0.011	0.3077	0.3846	0.2961	0.3151	0	0	0	0	0	0	0	0	0	0	0	0	1	1	1	1	0	0	0	0	0.8462	0.5409	0.8	0.3494	0	0	0	0	0.0769	0.4098	0.2	0.6506	0	0	0	0	0	0	0	0	0.0769	0.0494	0	0	0.0174	0.007	0.0009	0.013	0.8	0.9978	0.2	0.0022	0	0	0	0	0	0	0	0	0	0	0	0	0	0	0	0	1	1	0	0	0	0	0	0	0	0
net.olejon.spotcommander	0.0912	0.0169	0.0976	0.0042	0.1296	0.5	0.0061	0.1223	0	0	0	0	0	0	0	0	0	0	0	0	1	1	1	1	0	0	0	0	0.9	0.5969	1	1	0	0	0	0	0	0	0	0	0	0	0	0	0	0	0	0	0.1	0.4031	0	0	0.0068	0	0.0067	0	1	1	0	0	0	0	0	0	0	0	0	0	0	0	0	0	0	0	0	0	0	0	0	0	0	0	0	0	0	0
com.alamkanak.android.financebd	0.1018	0.0052	0.1472	0.0002	0.0127	0.25	0.0003	0.3	0	0	0	0	0	0	0	0	0	0	0	0	1	1	1	1	0	0	0	0	1	1	1	1	0	0	0	0	0	0	0	0	0	0	0	0	0	0	0	0	0	0	0	0	0.0116	0.0052	0.0003	0.0001	0.6667	0.65	0.3333	0.35	0	0	0	0	0	0	0.25	0.1111	0.25	0.3333	0	0	0	0	0	0	0	0	0	0	0.5	0.5556	0	0	0	0
com.montaserramadanm.bluetooth	0.0828	0.0318	0.1658	0.0717	0.0769	0.3333	0.0001	0.1968	0	0	0	0	0	0	0	0	0	0	0	0	0.9744	0.9969	1	1	0.0256	0.0031	0	0	0.7333	0.7715	0.8	0.9997	0.0667	0.0172	0	0	0.0667	0.0331	0	0	0	0	0	0	0	0	0	0	0.1333	0.1782	0.2	0.0003	0.0616	0.0743	0.0112	0.037	1	1	0	0	0	0	0	0	0	0	0	0	0.2286	0.0928	0	0	0	0	0	0	0.0857	0.0021	0	0	0.4571	0.7723	0	0	0.2286	0.1328
edu.ckcc.royalshykdic	0.11	0.0282	0.2886	0.013	0.192	0.3438	0.0155	0.4178	0	0	0	0	0	0	0	0	0	0	0	0	1	1	1	1	0	0	0	0	0.75	0.8767	0.9091	0.9836	0.0312	0.0137	0	0	0	0	0	0	0	0	0	0	0.1562	0.0548	0	0	0.0625	0.0548	0.0909	0.0164	0.0141	0.0097	0.0025	0.0023	1	1	0	0	0	0	0	0	0	0	0	0	0	0	0	0	0	0	0	0	0	0	0	0	1	1	0	0	0	0
com.dridev.kamusku	0.1529	0.0064	0.0959	0.007	0	0	0	0	0	0	0	0	0.0833	0.0944	0	0	0	0	0	0	0.9167	0.9056	0	0	0	0	0	0	0	0	0	0	0	0	0	0	1	1	0	0	0	0	0	0	0	0	0	0	0	0	0	0	0.0064	0	0	0	0	0	0	0	0	0	1	1	0	0	0	0	0	0	0	0	0	0	0	0	0	0	0	0	0	0	0	0	0	0
com.media.miplayer	0.0385	0	0.0758	0	0	0	0	0	0	0	0	0	0	0	0	0	0	0	0	0	1	1	0	0	0	0	0	0	0	0	0	0	0	0	0	0	0	0	0	0	0	0	0	0	0	0	0	0	0	0	0	0	0.0192	0.0096	0.0059	0.0059	0	0	1	1	0	0	0	0	0	0	0	0	1	1	0	0	0	0	0	0	0	0	0	0	0	0	0	0	0	0
id.web.michsan.adhannotifier	0.0911	0.0242	0.1159	0.0114	0.3469	0.8462	0.0334	0.4274	0	0	0	0	0	0	0	0	0	0	0	0	0.9796	0.9939	1	1	0.0204	0.0061	0	0	0.9231	0.9384	0.9091	0.8564	0	0	0	0	0.0769	0.0616	0.0909	0.1436	0	0	0	0	0	0	0	0	0	0	0	0	0.0074	0.0019	0.0079	0	1	1	0	0	0	0	0	0	0	0	0	0	0	0	0	0	0	0	0	0	0	0	0	0	1	1	0	0	0	0
br.art.iai.discoverykids	0.0927	0.0262	0.0823	0.0561	0.2564	0.3636	0.0418	0.0133	0	0	0	0	0	0	0	0	0.0128	0.0002	0	0	0.9615	0.9998	1	1	0.0256	0	0	0	0.6364	0.5007	0.375	0.4752	0.0909	0.0017	0.125	0.0074	0.1364	0.1931	0.375	0.5165	0.0455	0.0003	0.125	0.0009	0	0	0	0	0.0909	0.3041	0	0	0.0262	0.0333	0.0005	0.013	1	1	0	0	0	0	0	0	0	0	0	0	0.6786	0.9748	0	0	0	0	0	0	0	0	0	0	0.1071	0.0201	0	0	0.2143	0.0051
com.dypix.fibladiActualite	0.1538	0.0059	0.0906	0.0064	0	0	0	0	0	0	0	0	0.0769	0.0789	0	0	0	0	0	0	0.9231	0.9211	0	0	0	0	0	0	0	0	0	0	0	0	0	0	1	1	0	0	0	0	0	0	0	0	0	0	0	0	0	0	0.0118	0	0	0	0	0	0	0	0	0	1	1	0	0	0	0	0	0	0	0	0	0	0	0	0	0	0	0	0	0	0	0	0	0
radiance.app.proverbes_africains_365	0.1101	0.0582	0.2403	0.2136	0.1724	0.587	0.2358	0.284	0	0	0	0	0	0	0	0	0	0	0	0	0.9885	0.9994	1	1	0.0115	0.0006	0	0	0.8478	0.9894	0.963	0.9989	0.0217	0.0006	0	0	0.0652	0.0061	0	0	0.0217	0.0006	0	0	0	0	0	0	0.0435	0.0032	0.037	0.0011	0.0228	0.0266	0.0021	0.0093	0.9444	0.9677	0	0	0.0556	0.0323	0	0	0	0	0	0	0.0952	0.0294	0	0	0	0	0	0	0.381	0.5	0	0	0.381	0.4265	0	0	0.1429	0.0441
com.homecu.jdecu	0.0953	0.0345	0.3091	0.0059	0.3307	0.7174	0.0021	0.1174	0	0	0	0	0	0	0	0	0	0	0	0	0.9921	1	1	1	0.0079	0	0	0	0.8261	0.3346	0.8182	0.8925	0.0217	0.0177	0	0	0.0217	0.0025	0.0303	0.0108	0.0217	0.0063	0.0303	0.043	0.0217	0.0088	0.0303	0.0215	0.087	0.6301	0.0909	0.0323	0.0233	0.0195	0.0009	0.0065	1	1	0	0	0	0	0	0	0	0	0	0	0	0	0	0	0	0	0	0	0.6154	0.677	0.0385	0.0011	0.3077	0.3207	0	0	0.0385	0.0011
com.mgrabowski.virginmobileminutes	0.1045	0.0282	0.1332	0.0234	0.1081	0.2	0.0878	0.2257	0	0	0	0	0	0	0	0	0	0	0	0	0.973	0.9849	1	1	0.027	0.0151	0	0	0.7	0.6054	0	0	0	0	0	0	0.2	0.217	0.5	0.6069	0	0	0	0	0	0	0	0	0.1	0.1776	0.5	0.3931	0.0056	0.0028	0.0021	0.0021	1	1	0	0	0	0	0	0	0	0	0	0	0	0	0	0	0	0	0	0	0	0	0	0	1	1	0	0	0	0
org.artofliving.srisriquotes.portuguese.app	0.1375	0.0906	0.151	0.1139	0.5227	0.8966	0.1235	0.1748	0	0	0	0	0	0	0	0	0	0	0	0	1	1	1	1	0	0	0	0	0.8966	0.6427	0.8846	0.178	0	0	0	0	0.069	0.2151	0.0769	0.009	0	0	0	0	0	0	0	0	0.0345	0.1423	0.0385	0.813	0.0281	0.0281	0.0036	0.0682	1	1	0	0	0	0	0	0	0	0	0	0	0	0	0	0	0	0	0	0	0	0	0	0	1	1	0	0	0	0
com.mobile.poorvika	0.1399	0.0619	0.1014	0.0666	0.2787	0.7778	0.0882	0.1346	0.0328	0.0006	0	0	0	0	0	0	0	0	0	0	0.9672	0.9994	1	1	0	0	0	0	0.8889	0.7117	0.8571	0.0112	0	0	0	0	0.0741	0.1553	0.0952	0.0012	0	0	0	0	0	0	0	0	0.037	0.133	0.0476	0.9876	0.0138	0.0183	0.0037	0.0402	1	1	0	0	0	0	0	0	0	0	0	0	0	0	0	0	0	0	0	0	0	0	0	0	1	1	0	0	0	0
com.jahm.tempconv	0.1613	0.1048	0.2228	0.1583	0.75	0.9231	0.1721	0.0923	0	0	0	0	0	0	0	0	0	0	0	0	1	1	1	1	0	0	0	0	0.9231	0.9843	0.9167	0.8319	0	0	0	0	0	0	0	0	0	0	0	0	0	0	0	0	0.0769	0.0157	0.0833	0.1681	0.0323	0	0.0031	0	1	1	0	0	0	0	0	0	0	0	0	0	0	0	0	0	0	0	0	0	0	0	0	0	0	0	0	0	0	0
com.appelit.twiist	0.1019	0.0589	0.1283	0.0115	0.3281	0.7568	0.0243	0.2339	0	0	0	0	0	0	0	0	0	0	0	0	1	1	1	1	0	0	0	0	0.8378	0.6086	0.8214	0.6926	0	0	0	0	0.1081	0.2791	0.1429	0.1656	0	0	0	0	0	0	0	0	0.0541	0.1123	0.0357	0.1418	0.0303	0.0287	0.0046	0.0069	1	1	0	0	0	0	0	0	0	0	0	0	0	0	0	0	0	0	0	0	0	0	0	0	0.8889	0.9994	0	0	0.1111	0.0006
com.jabbo.mediatagscanner	0.1254	0.0492	0.1252	0.0254	0.2162	0.6207	0.0293	0.2264	0	0	0	0	0	0	0	0	0	0	0	0	1	1	1	1	0	0	0	0	0.7241	0.3755	0.7222	0.4844	0	0	0	0	0.1724	0.4634	0.1667	0.0008	0	0	0	0	0	0	0	0	0.1034	0.1611	0.1111	0.5148	0.0237	0.0305	0.0078	0.0168	1	1	0	0	0	0	0	0	0	0	0	0	0	0	0	0	0	0	0	0	0	0	0	0	0.8889	0.9998	0	0	0.1111	0.0002
com.flo.ayakkabi	0.0825	0.0063	0.094	0.0028	0.0385	0.5	0.0168	0.5656	0	0	0	0	0.0769	0.089	0	0	0	0	0	0	0.9231	0.911	1	1	0	0	0	0	0.5	0.5734	1	1	0	0	0	0	0.5	0.4266	0	0	0	0	0	0	0	0	0	0	0	0	0	0	0.0095	0.0032	0.0006	0.0006	0	0	0.6667	0.9954	0	0	0.3333	0.0046	0	0	0	0	1	1	0	0	0	0	0	0	0	0	0	0	0	0	0	0	0	0
klwinkel.weerkaartbe	0.1175	0.0456	0.2476	0.0363	0.2537	0.8462	0.06	0.6672	0	0	0	0	0.0299	0.0037	0.0588	0.0003	0	0	0	0	0.9552	0.9944	0.9412	0.9997	0.0149	0.0019	0	0	0.8077	0.699	0.8182	0.6864	0	0	0	0	0.1154	0.0847	0.0909	0.0384	0	0	0	0	0	0	0	0	0.0769	0.2164	0.0909	0.2752	0.0614	0.0316	0.0039	0.0035	1	1	0	0	0	0	0	0	0	0	0	0	0	0	0	0	0	0	0	0	0	0	0	0	1	1	0	0	0	0
gr.spartansoftware.greekphotography	0.1402	0.1402	0.0664	0.0322	0.8667	0.9333	0.1172	0.2416	0	0	0	0	0	0	0	0	0	0	0	0	1	1	1	1	0	0	0	0	1	1	1	1	0	0	0	0	0	0	0	0	0	0	0	0	0	0	0	0	0	0	0	0	0.0561	0.0187	0.0135	0.0091	1	1	0	0	0	0	0	0	0	0	0	0	1	1	0	0	0	0	0	0	0	0	0	0	0	0	0	0	0	0
com.briox.riversip.android.general.sports	0.0625	0.0156	0.0621	0.018	0.125	0.5	0.0727	0.2514	0	0	0	0	0	0	0	0	0	0	0	0	1	1	1	1	0	0	0	0	0	0	0	0	0	0	0	0	1	1	1	1	0	0	0	0	0	0	0	0	0	0	0	0	0.0156	0.0078	0.0045	0.0045	0	0	1	1	0	0	0	0	0	0	0	0	1	1	0	0	0	0	0	0	0	0	0	0	0	0	0	0	0	0
dk.minreklame.tilbudsavis	0.0821	0.0073	0.1253	0.007	0.0222	0.25	0	0.0003	0	0	0	0	0	0	0	0	0	0	0	0	1	1	1	1	0	0	0	0	0.5	0.5098	1	1	0	0	0	0	0.5	0.4902	0	0	0	0	0	0	0	0	0	0	0	0	0	0	0.0109	0.0018	0.0073	0.0024	0	0	0.5	0.666	0	0	0.5	0.334	0	0	0	0	0	0	0	0	0	0	0	0	1	1	0	0	0	0	0	0	0	0
com.soshall.apps.browser	0.1063	0.1181	0.011	0.0145	0.4074	0.8333	0.18	0.2773	0	0	0	0	0	0	0	0	0	0	0	0	0.9259	0.9396	1	1	0.0741	0.0604	0	0	0.9	0.4775	0.96	0.9735	0.0333	0.0248	0	0	0	0	0	0	0	0	0	0	0	0	0	0	0.0667	0.4977	0.04	0.0265	0.0669	0.0433	0.0019	0.4687	1	1	0	0	0	0	0	0	0	0	0	0	1	1	0	0	0	0	0	0	0	0	0	0	0	0	0	0	0	0
org.bible.remember_me	0.0778	0.0294	0.3198	0.0094	0.2626	0.5143	0.009	0.1125	0	0	0	0	0.0108	0.0021	0.0274	0.0036	0	0	0	0	0.9856	0.9979	0.9726	0.9964	0.0036	0	0	0	0.8476	0.6964	0.9259	0.9507	0.0095	0.0177	0	0	0.0381	0.0127	0.037	0.0394	0.0095	0.0011	0	0	0.0476	0.01	0	0	0.0476	0.262	0.037	0.0099	0.0132	0.0213	0.0018	0.0097	0.9787	0.997	0	0	0.0213	0.003	0	0	0	0	0	0	0.4737	0.4011	0	0	0	0	0	0	0	0	0.0263	0.0065	0.3421	0.5416	0	0	0.1579	0.0508
id.co.viva.vivapemilu	0.1219	0.0438	0.4154	0.0119	0.2427	0.3514	0.0064	0.103	0	0	0	0	0	0	0	0	0	0	0	0	1	1	1	1	0	0	0	0	0.8108	0.3959	0.9231	0.9801	0.027	0.017	0	0	0.027	0.0029	0.0769	0.0199	0	0	0	0	0.1081	0.0025	0	0	0.027	0.5818	0	0	0.0272	0.0355	0.001	0.0303	1	1	0	0	0	0	0	0	0	0	0	0	0	0	0	0	0	0	0	0	0	0	0	0	0.7	0.8963	0.0333	0.0002	0.2667	0.1035
com.dailyworkhoroscopes.net	0.1572	0.0063	0.1002	0.0077	0	0	0	0	0	0	0	0	0.08	0.0925	0	0	0	0	0	0	0.92	0.9075	0	0	0	0	0	0	0	0	0	0	0	0	0	0	1	1	0	0	0	0	0	0	0	0	0	0	0	0	0	0	0.0063	0	0	0	0	0	0	0	0	0	1	1	0	0	0	0	0	0	0	0	0	0	0	0	0	0	0	0	0	0	0	0	0	0
org.gfx54b.android.pollux.mineralh	0.1429	0	0.1999	0	0	0	0	0	0	0	0	0	0	0	0	0	0	0	0	0	1	1	0	0	0	0	0	0	0	0	0	0	0	0	0	0	0	0	0	0	0	0	0	0	0	0	0	0	0	0	0	0	0.2857	0.1429	0.2001	0.1999	0	0	1	1	0	0	0	0	0	0	0	0	0	0	0	0	0	0	0	0	1	1	0	0	0	0	0	0	0	0
com.wisdom.profcon2015	0.1547	0.065	0.1224	0.0773	0.2609	0.7931	0.1223	0.189	0	0	0	0	0	0	0	0	0.0145	0.0001	0	0	0.9855	0.9999	1	1	0	0	0	0	0.8276	0.6169	0.7826	0.0112	0	0	0	0	0.1034	0.2021	0.1304	0.0326	0	0	0	0	0	0	0	0	0.069	0.1809	0.087	0.9562	0.009	0.0157	0	0.0554	1	1	0	0	0	0	0	0	0	0	0	0	0	0	0	0	0	0	0	0	0	0	0	0	1	1	0	0	0	0
com.tju.android.webcams	0.1364	0.062	0.2384	0.0812	0.5	0.6333	0.032	0.0525	0	0	0	0	0	0	0	0	0	0	0	0	1	1	1	1	0	0	0	0	0.9	0.8061	0.8947	0.8529	0	0	0	0	0	0	0	0	0.0333	0.0019	0.0526	0.0163	0	0	0	0	0.0667	0.192	0.0526	0.1307	0.0165	0.0248	0.0036	0.1029	1	1	0	0	0	0	0	0	0	0	0	0	0.6667	0.3703	0	0	0	0	0	0	0.0833	0.0091	0	0	0.1667	0.6151	0	0	0.0833	0.0056
com.tamildevotionalapps.ayyappaashtothram	0.1	0.0581	0.0737	0.1741	0.3871	0.75	0.1704	0.0536	0	0	0	0	0	0	0	0	0.0323	0.0008	0	0	0.9516	0.9992	1	1	0.0161	0	0	0	0.8611	0.959	0.9259	0.9948	0	0	0	0	0.0833	0.0295	0.037	0.0001	0	0	0	0	0	0	0	0	0.0556	0.0115	0.037	0.0051	0.0113	0.0097	0.0007	0.005	1	1	0	0	0	0	0	0	0	0	0	0	0	0	0	0	0	0	0	0	0	0	0	0	1	1	0	0	0	0
com.aisyah.resepmasakan	0.0762	0.0221	0.1493	0.0153	0.22	0.5517	0.0238	0.0867	0	0	0	0	0	0	0	0	0	0	0	0	0.99	0.9992	1	1	0.01	0.0008	0	0	0.8966	0.961	0.9375	0.9989	0	0	0	0	0.069	0.0248	0.0625	0.0011	0	0	0	0	0	0	0	0	0.0345	0.0143	0	0	0.0046	0.0008	0.0039	0	1	1	0	0	0	0	0	0	0	0	0	0	0	0	0	0	0	0	0	0	0	0	0	0	1	1	0	0	0	0
password.strength.checker	0.1733	0.0667	0.1678	0.0581	0.7692	1	0.1386	0.203	0	0	0	0	0	0	0	0	0	0	0	0	1	1	1	1	0	0	0	0	1	1	1	1	0	0	0	0	0	0	0	0	0	0	0	0	0	0	0	0	0	0	0	0	0.0533	0.04	0.0051	0.0097	1	1	0	0	0	0	0	0	0	0	0	0	0	0	0	0	0	0	0	0	0	0	0	0	1	1	0	0	0	0
at.generalsolutions.contwise.maps.seehotel_reschen	0.1398	0.0507	0.0996	0.033	0.2967	0.8485	0.0572	0.1697	0	0	0	0	0	0	0	0	0	0	0	0	0.989	0.9989	1	1	0.011	0.0011	0	0	0.8485	0.7095	0.8571	0.4602	0	0	0	0	0.1212	0.2049	0.1071	0.0361	0	0	0	0	0	0	0	0	0.0303	0.0856	0.0357	0.5037	0.0138	0.0154	0.0018	0.0136	1	1	0	0	0	0	0	0	0	0	0	0	0	0	0	0	0	0	0	0	0	0	0	0	1	1	0	0	0	0
com.sanfordguide.amt	0.0678	0.0085	0.0229	0.0004	0	0	0	0	0	0	0	0	0	0	0	0	0	0	0	0	1	1	0	0	0	0	0	0	0	0	0	0	0	0	0	0	1	1	0	0	0	0	0	0	0	0	0	0	0	0	0	0	0.0169	0.0085	0.0039	0.0039	0	0	1	1	0	0	0	0	0	0	0	0	1	1	0	0	0	0	0	0	0	0	0	0	0	0	0	0	0	0
com.giscloud.mdc	0.1333	0.0346	0.0967	0.0164	0.2222	0.5714	0.1146	0.6758	0	0	0	0	0	0	0	0	0	0	0	0	1	1	1	1	0	0	0	0	0.6429	0.1847	0.625	0.0061	0	0	0	0	0.2143	0.114	0.25	0.0011	0	0	0	0	0	0	0	0	0.1429	0.7014	0.125	0.9928	0.0099	0.0173	0	0.0473	1	1	0	0	0	0	0	0	0	0	0	0	0	0	0	0	0	0	0	0	0	0	0	0	1	1	0	0	0	0
at.generalsolutions.contwise.maps.stroblhof	0.1398	0.0496	0.098	0.0311	0.2581	0.8485	0.0561	0.1581	0	0	0	0	0	0	0	0	0	0	0	0	0.9892	0.9993	1	1	0.0108	0.0007	0	0	0.8485	0.6951	0.8571	0.4449	0	0	0	0	0.1212	0.224	0.1071	0.0436	0	0	0	0	0	0	0	0	0.0303	0.0809	0.0357	0.5115	0.0135	0.015	0.0017	0.0123	1	1	0	0	0	0	0	0	0	0	0	0	0	0	0	0	0	0	0	0	0	0	0	0	1	1	0	0	0	0
eu.dhcorp.android.weatherproject	0.1288	0.0982	0.2602	0.0956	0.5714	0.9375	0.1743	0.4653	0	0	0	0	0	0	0	0	0	0	0	0	1	1	1	1	0	0	0	0	0.625	0.6162	0.6667	0.4592	0	0	0	0	0.1875	0.2111	0.2	0.3569	0	0	0	0	0	0	0	0	0.1875	0.1727	0.1333	0.1839	0.0552	0.0307	0.0083	0.009	0.6667	0.9123	0.2222	0.0819	0	0	0	0	0.1111	0.0058	0	0	0.2	0.0695	0	0	0	0	0	0	0.2	0.1123	0	0	0.6	0.8182	0	0	0	0
de.sde.mobile	0.0449	0.015	0.0491	0.0212	0.1333	0.8	0.0161	0.1645	0	0	0	0	0	0	0	0	0	0	0	0	1	1	1	1	0	0	0	0	0.2	0.0296	0.25	0.1792	0	0	0	0	0.6	0.94	0.5	0.7783	0	0	0	0	0	0	0	0	0.2	0.0304	0.25	0.0424	0.012	0.003	0.0007	0.0007	0	0	0.5	0.9925	0	0	0.5	0.0075	0	0	0	0	1	1	0	0	0	0	0	0	0	0	0	0	0	0	0	0	0	0
password.strength.checker	0.1733	0.0667	0.1737	0.057	0.7692	1	0.1536	0.2237	0	0	0	0	0	0	0	0	0	0	0	0	1	1	1	1	0	0	0	0	1	1	1	1	0	0	0	0	0	0	0	0	0	0	0	0	0	0	0	0	0	0	0	0	0.0533	0.04	0.0047	0.01	1	1	0	0	0	0	0	0	0	0	0	0	0	0	0	0	0	0	0	0	0	0	0	0	1	1	0	0	0	0
at.generalsolutions.contwise.maps.seehotel_reschen	0.1395	0.0512	0.0986	0.031	0.2778	0.9091	0.0556	0.1636	0	0	0	0	0	0	0	0	0	0	0	0	0.9889	0.9991	1	1	0.0111	0.0009	0	0	0.8485	0.7139	0.8667	0.4325	0	0	0	0	0.1212	0.2002	0.1	0.0425	0	0	0	0	0	0	0	0	0.0303	0.0859	0.0333	0.5249	0.014	0.0155	0.0017	0.013	1	1	0	0	0	0	0	0	0	0	0	0	0	0	0	0	0	0	0	0	0	0	0	0	1	1	0	0	0	0
com.sanfordguide.amt	0.0678	0.0085	0.0227	0.0004	0	0	0	0	0	0	0	0	0	0	0	0	0	0	0	0	1	1	0	0	0	0	0	0	0	0	0	0	0	0	0	0	1	1	0	0	0	0	0	0	0	0	0	0	0	0	0	0	0.0169	0.0085	0.0039	0.0039	0	0	1	1	0	0	0	0	0	0	0	0	1	1	0	0	0	0	0	0	0	0	0	0	0	0	0	0	0	0
com.giscloud.mdc	0.1253	0.0348	0.093	0.0155	0.2407	0.6	0.1059	0.6344	0	0	0	0	0	0	0	0	0	0	0	0	1	1	1	1	0	0	0	0	0.6667	0.1778	0.6667	0.0075	0	0	0	0	0.2	0.1268	0.2222	0.0013	0	0	0	0	0	0	0	0	0.1333	0.6954	0.1111	0.9912	0.0093	0.0162	0	0.0425	1	1	0	0	0	0	0	0	0	0	0	0	0	0	0	0	0	0	0	0	0	0	0	0	1	1	0	0	0	0
at.generalsolutions.contwise.maps.stroblhof	0.1413	0.0476	0.0997	0.0317	0.2584	0.8	0.0547	0.1589	0	0	0	0	0	0	0	0	0	0	0	0	0.9888	0.9992	1	1	0.0112	0.0008	0	0	0.8333	0.6993	0.875	0.4498	0	0	0	0	0.1333	0.2155	0.0833	0.0141	0	0	0	0	0	0	0	0	0.0333	0.0852	0.0417	0.5362	0.0143	0.0159	0.0017	0.013	1	1	0	0	0	0	0	0	0	0	0	0	0	0	0	0	0	0	0	0	0	0	0	0	1	1	0	0	0	0
eu.dhcorp.android.weatherproject	0.1288	0.0982	0.2642	0.1037	0.5714	0.875	0.1731	0.4645	0	0	0	0	0	0	0	0	0	0	0	0	1	1	1	1	0	0	0	0	0.625	0.6551	0.6429	0.5191	0	0	0	0	0.1875	0.1945	0.2143	0.3437	0	0	0	0	0	0	0	0	0.1875	0.1505	0.1429	0.1372	0.0552	0.0307	0.0119	0.0132	0.6667	0.7701	0.2222	0.2241	0	0	0	0	0.1111	0.0057	0	0	0.2	0.1969	0	0	0	0	0	0	0.2	0.1244	0	0	0.6	0.6788	0	0	0	0
de.sde.mobile	0.0449	0.015	0.0503	0.0221	0.1333	0.8	0.0286	0.1659	0	0	0	0	0	0	0	0	0	0	0	0	1	1	1	1	0	0	0	0	0.2	0.0336	0.25	0.0561	0	0	0	0	0.6	0.9337	0.5	0.7473	0	0	0	0	0	0	0	0	0.2	0.0327	0.25	0.1966	0.012	0.003	0.0007	0.0007	0	0	0.5	0.9927	0	0	0.5	0.0073	0	0	0	0	1	1	0	0	0	0	0	0	0	0	0	0	0	0	0	0	0	0
password.strength.checker	0.1733	0.0667	0.1659	0.0556	0.7692	1	0.1464	0.2046	0	0	0	0	0	0	0	0	0	0	0	0	1	1	1	1	0	0	0	0	1	1	1	1	0	0	0	0	0	0	0	0	0	0	0	0	0	0	0	0	0	0	0	0	0.0533	0.04	0.0034	0.008	1	1	0	0	0	0	0	0	0	0	0	0	0	0	0	0	0	0	0	0	0	0	0	0	1	1	0	0	0	0
at.generalsolutions.contwise.maps.seehotel_reschen	0.1415	0.0451	0.0996	0.0322	0.2418	0.7931	0.0535	0.1591	0	0	0	0	0	0	0	0	0	0	0	0	0.989	0.9993	1	1	0.011	0.0007	0	0	0.8621	0.7048	0.913	0.4314	0	0	0	0	0.1034	0.2099	0.0435	0.0326	0	0	0	0	0	0	0	0	0.0345	0.0853	0.0435	0.536	0.014	0.0156	0.0018	0.0134	1	1	0	0	0	0	0	0	0	0	0	0	0	0	0	0	0	0	0	0	0	0	0	0	1	1	0	0	0	0
com.sanfordguide.amt	0.0678	0.0085	0.0228	0.0004	0	0	0	0	0	0	0	0	0	0	0	0	0	0	0	0	1	1	0	0	0	0	0	0	0	0	0	0	0	0	0	0	1	1	0	0	0	0	0	0	0	0	0	0	0	0	0	0	0.0169	0.0085	0.0039	0.0039	0	0	1	1	0	0	0	0	0	0	0	0	1	1	0	0	0	0	0	0	0	0	0	0	0	0	0	0	0	0
com.giscloud.mdc	0.1304	0.0632	0.0933	0.016	0.3636	0.75	0.1121	0.6528	0	0	0	0	0	0	0	0	0	0	0	0	1	1	1	1	0	0	0	0	0.8438	0.2158	0.875	0.0152	0	0	0	0	0.0938	0.1115	0.0833	0.0017	0	0	0	0	0	0	0	0	0.0625	0.6726	0.0417	0.9831	0.0178	0.0198	0.0001	0.0449	1	1	0	0	0	0	0	0	0	0	0	0	0	0	0	0	0	0	0	0	0	0	0	0	1	1	0	0	0	0
at.generalsolutions.contwise.maps.stroblhof	0.1435	0.0478	0.1001	0.0318	0.2688	0.8065	0.0542	0.1573	0	0	0	0	0	0	0	0	0	0	0	0	0.9892	0.999	1	1	0.0108	0.001	0	0	0.8387	0.7034	0.88	0.4066	0	0	0	0	0.129	0.2098	0.08	0.0418	0	0	0	0	0	0	0	0	0.0323	0.0868	0.04	0.5516	0.0139	0.0154	0.0017	0.0133	1	1	0	0	0	0	0	0	0	0	0	0	0	0	0	0	0	0	0	0	0	0	0	0	1	1	0	0	0	0
eu.dhcorp.android.weatherproject	0.1288	0.0982	0.2794	0.0968	0.619	0.875	0.2019	0.454	0	0	0	0	0	0	0	0	0	0	0	0	1	1	1	1	0	0	0	0	0.625	0.6589	0.6429	0.5126	0	0	0	0	0.1875	0.1907	0.2143	0.3385	0	0	0	0	0	0	0	0	0.1875	0.1504	0.1429	0.1489	0.0552	0.0307	0.0094	0.0106	0.6667	0.7933	0.2222	0.2011	0	0	0	0	0.1111	0.0056	0	0	0.2	0.1741	0	0	0	0	0	0	0.2	0.1393	0	0	0.6	0.6866	0	0	0	0
de.sde.mobile	0.0449	0.015	0.0494	0.0218	0.1333	0.8	0.019	0.1667	0	0	0	0	0	0	0	0	0	0	0	0	1	1	1	1	0	0	0	0	0.2	0.0335	0.25	0.2	0	0	0	0	0.6	0.9321	0.5	0.747	0	0	0	0	0	0	0	0	0.2	0.0344	0.25	0.053	0.012	0.003	0.0007	0.0007	0	0	0.5	0.9931	0	0	0.5	0.0069	0	0	0	0	1	1	0	0	0	0	0	0	0	0	0	0	0	0	0	0	0	0
com.dialquick	0.1408	0.085	0.1595	0.0822	0.3542	0.8276	0.0777	0.1536	0	0	0	0	0	0	0	0	0	0	0	0	1	1	1	1	0	0	0	0	0.8966	0.4976	0.875	0.0963	0	0	0	0	0.069	0.3641	0.0833	0.0043	0	0	0	0	0	0	0	0	0.0345	0.1382	0.0417	0.8994	0.0264	0.0323	0.0002	0.0469	1	1	0	0	0	0	0	0	0	0	0	0	0	0	0	0	0	0	0	0	0	0	0	0	1	1	0	0	0	0
mdis.kangur	0.0961	0.0175	0.1056	0.0164	0.1913	0.4286	0.0546	0.1439	0	0	0	0	0	0	0	0	0	0	0	0	1	1	1	1	0	0	0	0	0.8095	0.9065	1	1	0.0476	0.0216	0	0	0.0476	0.0144	0	0	0.0476	0.0144	0	0	0	0	0	0	0.0476	0.0432	0	0	0.0134	0.0175	0.0034	0.0099	0.9375	0.9655	0	0	0	0	0.0625	0.0345	0	0	0	0	0	0	0	0	0	0	0	0	0	0	0	0	0.8095	0.9286	0.0476	0.0119	0.1429	0.0595
com.borezo.kasperskyfan	0.1806	0.1111	0.2904	0.0609	0.6923	1	0.6978	0.9934	0	0	0	0	0	0	0	0	0	0	0	0	1	1	1	1	0	0	0	0	0.875	0.3575	0.875	0.3538	0	0	0	0	0	0	0	0	0	0	0	0	0	0	0	0	0.125	0.6425	0.125	0.6462	0.0972	0.0694	0.0022	0.0431	0.5714	0.9273	0.2857	0.0545	0	0	0	0	0.1429	0.0182	0	0	0	0	0	0	0	0	0	0	0.4	0.0038	0	0	0.6	0.9962	0	0	0	0
com.outilsobdfacile.obd.connecteur	0.1313	0.0399	0.2953	0.02	0.2222	0.4146	0.0036	0.0303	0	0	0	0	0.0148	0.0003	0	0	0	0	0	0	0.9852	0.9997	1	1	0	0	0	0	0.7561	0.7666	0.8235	0.8519	0.0244	0.0112	0	0	0.0488	0.0146	0.0588	0.037	0.0244	0.0034	0.0588	0.0741	0.0976	0.0269	0	0	0.0488	0.1773	0.0588	0.037	0.0321	0.036	0.0022	0.0589	0.9697	0.9897	0	0	0.0303	0.0103	0	0	0	0	0	0	0.7027	0.9328	0	0	0	0	0	0	0	0	0	0	0.0541	0.0367	0	0	0.2432	0.0305
com.theactionapp	0.0996	0.0434	0.109	0.0357	0.3704	0.7021	0.0319	0.0724	0	0	0	0	0	0	0	0	0	0	0	0	1	1	1	1	0	0	0	0	0.8298	0.6277	0.8182	0.0576	0.0213	0.0029	0.0303	0.0378	0.0851	0.3059	0.0909	0.1025	0.0213	0.0052	0	0	0	0	0	0	0.0426	0.0583	0.0606	0.8022	0.012	0.0129	0.0056	0.0135	0.9231	0.6435	0	0	0.0769	0.3565	0	0	0	0	0	0	0.6429	0.6894	0	0	0	0	0	0	0	0	0	0	0.3571	0.3106	0	0	0	0
com.gpsandfleet.gpstracking	0.1087	0.2391	0.1315	0.2633	0.6	0.9091	0.3089	0.48	0	0	0	0	0	0	0	0	0	0	0	0	1	1	1	1	0	0	0	0	1	1	1	1	0	0	0	0	0	0	0	0	0	0	0	0	0	0	0	0	0	0	0	0	0.1087	0.0652	0.029	0.0287	1	1	0	0	0	0	0	0	0	0	0	0	0	0	0	0	0	0	0	0	0	0	0	0	1	1	0	0	0	0
com.flatron.rosewallpape	0.1213	0.0607	0.1571	0.2404	0.2821	0.6923	0.2594	0.6077	0	0	0	0	0	0	0	0	0.0256	0.0002	0	0	0.9615	0.9994	1	1	0.0128	0.0004	0	0	0.8462	0.8378	0.9259	0.9985	0	0	0	0	0.1026	0.0176	0	0	0	0	0	0	0	0	0	0	0.0513	0.1446	0.0741	0.0015	0.0109	0.0187	0.0031	0.008	1	1	0	0	0	0	0	0	0	0	0	0	0	0	0	0	0	0	0	0	0	0	0	0	1	1	0	0	0	0
cz.mpelant.deskclock	0.1527	0.0509	0.0534	0.0192	0.4524	0.5714	0.2725	0.3824	0	0	0	0	0.0714	0.0491	0.0526	0.0015	0	0	0	0	0.9286	0.9509	0.9474	0.9985	0	0	0	0	1	1	1	1	0	0	0	0	0	0	0	0	0	0	0	0	0	0	0	0	0	0	0	0	0.0509	0.08	0.0008	0.0709	0.8571	0.9487	0	0	0.1429	0.0513	0	0	0	0	0	0	0	0	0	0	0	0	0	0	0.3182	0.003	0	0	0.4545	0.9955	0.2273	0.0015	0	0
com.dietas.adelgazar.free	0.1085	0.0479	0.0962	0.056	0.3117	0.7353	0.27	0.6809	0	0	0	0	0	0	0	0	0.026	0.0017	0	0	0.961	0.9751	1	1	0.013	0.0232	0	0	0.8529	0.9551	0.92	0.9998	0.0294	0.0113	0	0	0.0588	0.0221	0.04	0.0001	0	0	0	0	0	0	0	0	0.0588	0.0115	0.04	0.0001	0.0155	0.0099	0.0055	0.1116	1	1	0	0	0	0	0	0	0	0	0	0	0	0	0	0	0	0	0	0	0	0	0	0	1	1	0	0	0	0
com.jimnevin.weatherireland	0.07	0.028	0.0863	0.0359	0.2	0.4	0.0126	0.0533	0	0	0	0	0	0	0	0	0	0	0	0	1	1	1	1	0	0	0	0	0.6	0.2336	0.75	0.9	0.1	0.1509	0	0	0.1	0.064	0	0	0.1	0.0064	0.25	0.1	0	0	0	0	0.1	0.5451	0	0	0.0532	0.1008	0.0258	0.2002	1	1	0	0	0	0	0	0	0	0	0	0	0	0	0	0	0	0	0	0	0	0	0	0	0.7778	0.9347	0	0	0.2222	0.0653
au.gov.customs.trs	0.0917	0.0528	0.0689	0.0012	0.35	0.8261	0.0031	0.2	0	0	0	0	0	0	0	0	0	0	0	0	1	1	1	1	0	0	0	0	0.913	0.5368	0.9474	0.9211	0	0	0	0	0.0435	0.0368	0.0526	0.0789	0	0	0	0	0	0	0	0	0.0435	0.4263	0	0	0.0275	0.0183	0.0043	0.0064	1	1	0	0	0	0	0	0	0	0	0	0	0	0	0	0	0	0	0	0	0	0	0	0	1	1	0	0	0	0
com.troysoft.caloriecalculator	0	0.0667	0	0.0456	0	0	0	0	0	0	0	0	0	0	0	0	0	0	0	0	0	0	0	0	0	0	0	0	1	1	0	0	0	0	0	0	0	0	0	0	0	0	0	0	0	0	0	0	0	0	0	0	0.2	0.0667	0.0463	0.0456	1	1	0	0	0	0	0	0	0	0	0	0	0	0	0	0	0	0	0	0	0	0	0	0	1	1	0	0	0	0
nl.littlebluefrog.leeuwarderbioscopen	0.116	0.0156	0.0237	0.012	0.3358	0.6667	0.0189	0.0114	0	0	0	0	0.0224	0.0013	0.0222	0.0088	0	0	0	0	0.9776	0.9987	0.9778	0.9912	0	0	0	0	0.6667	0.971	0.5833	0.4	0.0556	0.0016	0.0833	0.1143	0.1667	0.0257	0.25	0.4571	0	0	0	0	0	0	0	0	0.1111	0.0016	0.0833	0.0286	0.0095	0.0139	0.0001	0.0003	0.6364	0.3793	0.1818	0.1034	0.0909	0.4828	0.0909	0.0345	0	0	0	0	0.125	0.0488	0	0	0	0	0	0	0.125	0.0244	0	0	0.75	0.9268	0	0	0	0
com.rudicedita.com.kimbailey	0.1416	0.078	0.086	0.0494	0.2653	0.7407	0.0146	0.0258	0	0	0	0	0	0	0	0	0	0	0	0	1	1	1	1	0	0	0	0	0.8519	0.8173	0.85	0.0401	0	0	0	0	0.1111	0.1581	0.1	0.0067	0	0	0	0	0	0	0	0	0.037	0.0246	0.05	0.9532	0.0116	0.0202	0	0.007	1	1	0	0	0	0	0	0	0	0	0	0	0	0	0	0	0	0	0	0	0	0	0	0	1	1	0	0	0	0
com.spideroak.android	0.1437	0.0616	0.184	0.1418	0.2597	0.8182	0.1438	0.1877	0	0	0	0	0	0	0	0	0	0	0	0	0.974	0.9991	1	1	0.026	0.0009	0	0	0.8182	0.623	0.8148	0.0227	0	0	0	0	0.1212	0.1939	0.1111	0.0027	0	0	0	0	0	0	0	0	0.0606	0.1831	0.0741	0.9746	0.0168	0.0168	0.0002	0.1013	1	1	0	0	0	0	0	0	0	0	0	0	0	0	0	0	0	0	0	0	0	0	0	0	1	1	0	0	0	0
com.dobmob.doblistdemo	0.0784	0.0143	0.1332	0.0769	0.0606	0.1667	0.0032	0.0042	0	0	0	0	0	0	0	0	0	0	0	0	0.9697	0.9999	1	1	0.0303	0.0001	0	0	0.6667	0.323	1	1	0.1667	0.0101	0	0	0	0	0	0	0	0	0	0	0	0	0	0	0.1667	0.6669	0	0	0.0475	0.0879	0.0051	0.1327	1	1	0	0	0	0	0	0	0	0	0	0	0	0	0	0	0	0	0	0	0	0	0	0	0.7297	0.9739	0.0541	0.0001	0.2162	0.026
com.phonegap.kinomondsterne	0.097	0.0554	0.0886	0.0112	0.4082	0.7143	0.0318	0.2449	0	0	0	0	0	0	0	0	0	0	0	0	1	1	1	1	0	0	0	0	0.8929	0.7409	0.9	0.9211	0	0	0	0	0.0714	0.1314	0.1	0.0789	0	0	0	0	0	0	0	0	0.0357	0.1277	0	0	0.0238	0.0178	0.0027	0.0049	1	1	0	0	0	0	0	0	0	0	0	0	1	1	0	0	0	0	0	0	0	0	0	0	0	0	0	0	0	0
com.bluejuice.thekiteshow	0.0891	0.004	0.1401	0.0004	0.0455	0.5	0.0021	0.4	0	0	0	0	0	0	0	0	0	0	0	0	1	1	1	1	0	0	0	0	0.5	0.4	0	0	0	0	0	0	0.5	0.6	1	1	0	0	0	0	0	0	0	0	0	0	0	0	0.004	0.002	0.0002	0.0001	0	0	1	1	0	0	0	0	0	0	0	0	0	0	0	0	0	0	0	0	1	1	0	0	0	0	0	0	0	0
net.mojeto.timelapsecalc.app	0.0722	0.0133	0.0593	0.0348	0.0789	0.2857	0.0295	0.0339	0	0	0	0	0	0	0	0	0	0	0	0	0.9737	0.9999	1	1	0.0263	0.0001	0	0	0.7143	0.286	1	1	0.1429	0.0043	0	0	0	0	0	0	0	0	0	0	0	0	0	0	0.1429	0.7097	0	0	0.038	0.0684	0.0011	0.2793	1	1	0	0	0	0	0	0	0	0	0	0	0.3611	0.09	0	0	0	0	0	0	0	0	0	0	0.4167	0.8377	0	0	0.2222	0.0723
org.ibeccato.photoczip	0.0935	0.028	0.1161	0.0348	0.4111	0.8519	0.0887	0.1729	0	0	0	0	0	0	0	0	0	0	0	0	1	1	1	1	0	0	0	0	0.8889	0.8805	0.913	0.9837	0	0	0	0	0.1111	0.1195	0.087	0.0163	0	0	0	0	0	0	0	0	0	0	0	0	0.0083	0.0125	0.0024	0.0052	0.75	0.8969	0.25	0.1031	0	0	0	0	0	0	0	0	0.8333	0.9668	0	0	0	0	0	0	0	0	0	0	0.0833	0.0284	0.0833	0.0047	0	0
my.savemoney.taxapp	0.1354	0.0893	0.1996	0.1803	0.4255	0.7419	0.1871	0.2088	0	0	0	0	0	0	0	0	0	0	0	0	1	1	1	1	0	0	0	0	0.871	0.7378	0.8261	0.0166	0	0	0	0	0.0968	0.0581	0.1304	0.0065	0	0	0	0	0	0	0	0	0.0323	0.2041	0.0435	0.9769	0.0259	0.0259	0.0004	0.1476	1	1	0	0	0	0	0	0	0	0	0	0	0	0	0	0	0	0	0	0	0	0	0	0	1	1	0	0	0	0
com.uk.edealinfoinc	0.1145	0.0424	0.2991	0.0302	0.2047	0.5532	0.0191	0.2181	0	0	0	0	0	0	0	0	0	0	0	0	1	1	1	1	0	0	0	0	0.7872	0.9295	0.9231	0.9747	0.0213	0.0022	0	0	0.0426	0.0055	0	0	0.0213	0.0154	0.0385	0.0202	0.0851	0.0088	0	0	0.0426	0.0385	0.0385	0.0051	0.018	0.0271	0.0013	0.0325	0.95	0.9744	0	0	0.05	0.0256	0	0	0	0	0	0	0	0	0	0	0	0	0	0	0	0	0	0	0.8	0.9765	0	0	0.2	0.0235
com.app.dstorz	0.1429	0.1905	0.5434	0.0302	0.3333	0.75	0.0069	0.375	0	0	0	0	0	0	0	0	0	0	0	0	1	1	1	1	0	0	0	0	1	1	1	1	0	0	0	0	0	0	0	0	0	0	0	0	0	0	0	0	0	0	0	0	0.0952	0.0476	0.0113	0.0075	1	1	0	0	0	0	0	0	0	0	0	0	1	1	0	0	0	0	0	0	0	0	0	0	0	0	0	0	0	0
com.Threelineinfotech.thiruverkadu	0.0816	0.051	0.2194	0.1985	0.2083	0.6	0.1876	0.2397	0	0	0	0	0	0	0	0	0.0417	0.0035	0	0	0.9583	0.9965	1	1	0	0	0	0	0.9	0.9904	1	1	0.0333	0.0019	0	0	0.0333	0.0038	0	0	0	0	0	0	0	0	0	0	0.0333	0.0038	0	0	0.0204	0.0221	0.0038	0.0176	1	1	0	0	0	0	0	0	0	0	0	0	0	0	0	0	0	0	0	0	0.4615	0.8495	0	0	0.1538	0.043	0	0	0.3846	0.1075
eu.wheelchairsite.m	0.1069	0.0621	0.1993	0.1667	0.2162	0.7209	0.0107	0.0214	0	0	0	0	0	0	0	0	0.027	0.0001	0	0	0.9595	0.9998	1	1	0.0135	0.0001	0	0	0.907	0.994	1	1	0	0	0	0	0.0698	0.0059	0	0	0.0233	0.0001	0	0	0	0	0	0	0	0	0	0	0.0101	0.0145	0.0003	0.0011	1	1	0	0	0	0	0	0	0	0	0	0	0	0	0	0	0	0	0	0	0.4	0.3785	0	0	0.6	0.6215	0	0	0	0
co.epearl.ethiopiatv	0.0875	0.0416	0.3547	0.067	0.1557	0.4828	0.0052	0.0339	0	0	0	0	0	0	0	0	0.0164	0.0001	0	0	0.9754	0.9998	1	1	0.0082	0.0001	0	0	0.7759	0.9251	0.8571	0.9291	0.0172	0.0031	0	0	0.0517	0.0188	0.0357	0.0567	0.0172	0.0046	0.0357	0.0071	0.0862	0.0046	0.0357	0.0035	0.0517	0.0438	0.0357	0.0035	0.0208	0.0316	0.0018	0.037	1	1	0	0	0	0	0	0	0	0	0	0	0.2045	0.0279	0	0	0	0	0	0	0	0	0	0	0.6136	0.9468	0	0	0.1818	0.0253
com.tamilnoolakam.Tamilnoolakamapp	0.1198	0.0543	0.0733	0.0311	0.314	0.7436	0.1034	0.4563	0	0	0	0	0	0	0	0	0.0233	0.0013	0	0	0.9651	0.9984	1	1	0.0116	0.0003	0	0	0.8718	0.8904	0.8621	0.9596	0	0	0	0	0.0769	0.1035	0.069	0.0274	0.0256	0.0046	0.0345	0.0098	0	0	0	0	0.0256	0.0016	0.0345	0.0032	0.0139	0.0139	0.0005	0.0023	1	1	0	0	0	0	0	0	0	0	0	0	0	0	0	0	0	0	0	0	0	0	0	0	0.2	0.9871	0.8	0.0129	0	0
com.badcoke.aweather	0.1041	0.056	0.1832	0.1016	0.2688	0.68	0.029	0.0608	0	0	0	0	0	0	0	0	0.0215	0.0002	0	0	0.9677	0.9997	1	1	0.0108	0.0001	0	0	0.86	0.8635	0.9118	0.5181	0	0	0	0	0.1	0.1058	0.0588	0.0013	0.02	0.0015	0	0	0	0	0	0	0.02	0.0292	0.0294	0.4806	0.0157	0.0213	0.0009	0.0142	1	1	0	0	0	0	0	0	0	0	0	0	0	0	0	0	0.1053	0.1072	0	0	0	0	0	0	0.8947	0.8928	0	0	0	0
com.hanna.pitbull	0.0763	0.0282	0.0979	0.0116	0.2857	0.7097	0.0377	0.3181	0	0	0	0	0	0	0	0	0	0	0	0	0.994	1	1	1	0.006	0	0	0	0.9032	0.9301	0.9091	0.9552	0	0	0	0	0.0645	0.0517	0.0455	0.0276	0.0161	0.0141	0.0227	0.0047	0	0	0	0	0.0161	0.0041	0.0227	0.0125	0.0114	0.0136	0.0007	0.0148	0.92	0.8584	0.08	0.1416	0	0	0	0	0	0	0	0	0	0	0	0	0	0	0	0	0	0	0	0	0.9333	0.9988	0	0	0.0667	0.0012
com.greydot	0.1493	0.097	0.1533	0.0951	0.175	0.6538	0.0879	0.1437	0	0	0	0	0	0	0	0	0	0	0	0	1	1	1	1	0	0	0	0	0.8846	0.5425	0.8235	0.0174	0	0	0	0	0.0769	0.3166	0.1176	0.003	0	0	0	0	0	0	0	0	0.0385	0.1409	0.0588	0.9796	0.0336	0.0448	0.0001	0.0543	1	1	0	0	0	0	0	0	0	0	0	0	0	0	0	0	0.1667	0.0095	0	0	0	0	0	0	0.8333	0.9905	0	0	0	0
com.mbdholdings.tenseforbengalistudents	0.1151	0.0602	0.2783	0.2493	0.2209	0.7333	0.1901	0.2165	0	0	0	0	0	0	0	0	0.0233	0.0005	0	0	0.9651	0.9988	1	1	0.0116	0.0007	0	0	0.8889	0.9884	0.9394	0.9813	0	0	0	0	0.0889	0.0077	0.0303	0.0012	0	0	0	0	0	0	0	0	0.0222	0.0039	0.0303	0.0175	0.0187	0.0214	0.0024	0.0075	1	1	0	0	0	0	0	0	0	0	0	0	0.5625	0.6797	0	0	0	0	0	0	0	0	0	0	0.4375	0.3203	0	0	0	0
ticket.booking.india	0.1424	0.0903	0.1277	0.048	0.4878	0.7692	0.042	0.1015	0	0	0	0	0	0	0	0	0	0	0	0	1	1	1	1	0	0	0	0	0.9231	0.8325	0.9	0.9	0	0	0	0	0.0769	0.1675	0.1	0.1	0	0	0	0	0	0	0	0	0	0	0	0	0.0208	0.0139	0.0022	0.0029	1	1	0	0	0	0	0	0	0	0	0	0	0	0	0	0	0	0	0	0	0	0	0	0	1	1	0	0	0	0
com.abast.fmjv	0.1611	0.0444	0.3812	0.0174	0.25	0.5	0.0123	0.1741	0	0	0	0	0.0259	0.0282	0.0345	0.1468	0	0	0	0	0.9741	0.9718	0.9655	0.8532	0	0	0	0	0.7812	0.505	0.6875	0.8429	0.0312	0.0224	0	0	0.0625	0.107	0.125	0.0571	0	0	0	0	0	0	0	0	0.125	0.3657	0.1875	0.1	0.0292	0.0597	0.0023	0.0468	0.9048	0.9434	0.0952	0.0566	0	0	0	0	0	0	0	0	0.0233	0.0018	0	0	0	0	0	0	0	0	0	0	0.7907	0.9013	0	0	0.186	0.0969
com.trialtea.inglesmovil	0.137	0.0724	0.1202	0.0666	0.283	0.8214	0.0935	0.1958	0	0	0	0	0	0	0	0	0	0	0	0	1	1	1	1	0	0	0	0	0.8571	0.615	0.8261	0.2432	0	0	0	0	0.1071	0.251	0.1304	0.0731	0	0	0	0	0	0	0	0	0.0357	0.134	0.0435	0.6838	0.0233	0.0284	0.0018	0.0388	1	1	0	0	0	0	0	0	0	0	0	0	0	0	0	0	0	0	0	0	0	0	0	0	1	1	0	0	0	0
hm.orz.chaos114.android.tethersetting	0.0734	0.0075	0.1335	0.0016	0.0408	0.2	0.0024	0.1	0	0	0	0	0	0	0	0	0	0	0	0	1	1	1	1	0	0	0	0	0.6	0.65	0	0	0	0	0	0	0.4	0.35	1	1	0	0	0	0	0	0	0	0	0	0	0	0	0.003	0.003	0.0002	0.0002	1	1	0	0	0	0	0	0	0	0	0	0	0	0	0	0	0	0	0	0	1	1	0	0	0	0	0	0	0	0
com.mobusi.bestapps	0.0861	0.0662	0.1217	0.0194	0.2308	0.8	0.0335	0.6748	0	0	0	0	0	0	0	0	0	0	0	0	0.9231	0.9918	1	1	0.0769	0.0082	0	0	0.9	0.783	0.875	0.9244	0	0	0	0	0	0	0	0	0.1	0.217	0.125	0.0756	0	0	0	0	0	0	0	0	0.0132	0.0066	0.001	0.001	1	1	0	0	0	0	0	0	0	0	0	0	1	1	0	0	0	0	0	0	0	0	0	0	0	0	0	0	0	0
com.manarcadpalli	0.1696	0.0698	0.4569	0.0072	0.3529	0.5714	0.0123	0.4103	0	0	0	0	0	0	0	0	0	0	0	0	1	1	1	1	0	0	0	0	0.8214	0.9402	0.9375	0.9896	0	0	0	0	0	0	0	0	0	0	0	0	0.1786	0.0598	0.0625	0.0104	0	0	0	0	0.015	0.01	0.0008	0.0019	1	1	0	0	0	0	0	0	0	0	0	0	0.75	0.8525	0	0	0	0	0	0	0	0	0	0	0.25	0.1475	0	0	0	0
com.bruno.marcadorplacar	0.1026	0.0541	0.3062	0.2831	0.3378	0.641	0.0072	0.0111	0	0	0	0	0	0	0	0	0.027	0.0001	0	0	0.973	0.9999	1	1	0	0	0	0	0.8718	0.9956	0.96	0.9996	0	0	0	0	0.1026	0.0044	0.04	0.0004	0.0256	0	0	0	0	0	0	0	0	0	0	0	0.0236	0.025	0.0004	0.0011	1	1	0	0	0	0	0	0	0	0	0	0	0	0	0	0	0	0	0	0	0.3889	0.6021	0	0	0.6111	0.3979	0	0	0	0
com.iSharpeners.KeertanRadio	0.089	0.0246	0.291	0.009	0.1782	0.3333	0.0087	0.1079	0	0	0	0	0.0115	0.0002	0.0645	0.0168	0	0	0	0	0.9885	0.9998	0.9355	0.9832	0	0	0	0	0.7708	0.573	0.875	0.7582	0.0208	0.0024	0	0	0.0625	0.0558	0.125	0.2418	0.0208	0.0237	0	0	0.0833	0.0878	0	0	0.0417	0.2574	0	0	0.0113	0.0246	0.0005	0.0074	0.8182	0.8444	0.0909	0.0667	0	0	0	0	0.0909	0.0889	0	0	0.3542	0.1404	0	0	0	0	0	0	0	0	0	0	0.4583	0.7873	0.0208	0.0014	0.1667	0.0709
com.mathesoft.fakeapps	0.0645	0.0968	0.0685	0.137	0	0	0	0	0	0	0	0	0	0	0	0	0	0	0	0	1	1	0	0	0	0	0	0	1	1	0	0	0	0	0	0	0	0	0	0	0	0	0	0	0	0	0	0	0	0	0	0	0.0968	0.0645	0.037	0.0367	1	1	0	0	0	0	0	0	0	0	0	0	0	0	0	0	0	0	0	0	0	0	0	0	1	1	0	0	0	0
com.cutter.alside	0.0932	0.0658	0.0426	0.0096	0.3824	0.7917	0.0055	0.0268	0	0	0	0	0	0	0	0	0	0	0	0	1	1	1	1	0	0	0	0	0.8333	0.0703	0.8947	0.8378	0	0	0	0	0.125	0.8601	0.1053	0.1622	0	0	0	0	0	0	0	0	0.0417	0.0696	0	0	0.0329	0.0192	0.0055	0.0082	1	1	0	0	0	0	0	0	0	0	0	0	0	0	0	0	0	0	0	0	0	0	0	0	1	1	0	0	0	0
com.webcamscz.map	0.1398	0.0616	0.0857	0.0252	0.2712	0.7692	0.0134	0.0464	0	0	0	0	0	0	0	0	0	0	0	0	1	1	1	1	0	0	0	0	0.8846	0.8093	0.9	0.0909	0	0	0	0	0.0769	0.1487	0.05	0.0051	0	0	0	0	0	0	0	0	0.0385	0.042	0.05	0.9039	0.0213	0.0237	0	0.0055	1	1	0	0	0	0	0	0	0	0	0	0	0	0	0	0	0	0	0	0	0	0	0	0	1	1	0	0	0	0
com.mrcombi.ratedemo	0.0961	0.021	0.0863	0.0587	0.1875	0.2857	0.0032	0.0005	0	0	0	0	0	0	0	0	0	0	0	0	1	1	1	1	0	0	0	0	0.5714	0.0263	0.5	0.3333	0.1429	0.0067	0	0	0.1429	0.0044	0.5	0.6667	0	0	0	0	0	0	0	0	0.1429	0.9626	0	0	0.0661	0.048	0.0028	0.3637	1	1	0	0	0	0	0	0	0	0	0	0	0	0	0	0	0	0	0	0	0.0625	0.0004	0	0	0.9375	0.9996	0	0	0	0
com.abdulrahmansalam.app_ReadArabicLevel2	0.1029	0.0037	0.0158	0.0003	0	0	0	0	0	0	0	0	0.0714	0.0828	0	0	0	0	0	0	0.9286	0.9172	0	0	0	0	0	0	1	1	0	0	0	0	0	0	0	0	0	0	0	0	0	0	0	0	0	0	0	0	0	0	0.0037	0	0.0001	0	0	0	0	0	0	0	1	1	0	0	0	0	0	0	0	0	0	0	0	0	0	0	0	0	0	0	0	0	0	0
com.iroshni.mualamulquran	0.1498	0.0507	0.4183	0.0079	0.2756	0.4884	0.0125	0.379	0	0	0	0	0	0	0	0	0	0	0	0	0.9921	0.9998	0.9714	0.9902	0.0079	0.0002	0.0286	0.0098	0.814	0.8488	0.9048	0.9939	0.0233	0.0197	0	0	0	0	0	0	0	0	0	0	0.093	0.0114	0	0	0.0698	0.1201	0.0952	0.0061	0.0401	0.0318	0.0013	0.0715	1	1	0	0	0	0	0	0	0	0	0	0	0	0	0	0	0	0	0	0	0	0	0	0	0.8148	0.9999	0.1852	0.0001	0	0
jp.co.a_tm.android.plus_crystal_daisy	0.1262	0.0437	0.12	0.0414	0.1923	0.4444	0.0646	0.2063	0	0	0	0	0	0	0	0	0	0	0	0	1	1	1	1	0	0	0	0	0.7778	0.9546	0.75	0.9434	0	0	0	0	0.1111	0.0307	0	0	0	0	0	0	0.0556	0.0039	0.125	0.0084	0.0556	0.0108	0.125	0.0482	0.017	0.0097	0.0052	0.0108	0.8571	0.9965	0	0	0.1429	0.0035	0	0	0	0	0	0	0	0	0	0	0	0	0	0	0	0	0	0	1	1	0	0	0	0
vcam.dk.DeutschNachrichtenZeitungen	0.0998	0.0963	0.1762	0.101	0.2982	0.7818	0.1313	0.5774	0	0	0	0	0.0351	0.0024	0	0	0	0	0	0	0.9474	0.9859	0.9412	0.9135	0.0175	0.0117	0.0588	0.0865	0.9273	0.9517	0.9767	0.9999	0	0	0	0	0.0545	0.0273	0	0	0	0	0	0	0	0	0	0	0.0182	0.021	0.0233	0.0001	0.0158	0.0088	0.0059	0.0071	0.7778	0.7286	0.2222	0.2714	0	0	0	0	0	0	0	0	0.8	0.687	0	0	0	0	0	0	0	0	0	0	0.2	0.313	0	0	0	0
com.appdiabetes	0.1559	0.1027	0.1948	0.0945	0.3171	0.7407	0.0393	0.0816	0	0	0	0	0	0	0	0	0	0	0	0	1	1	1	1	0	0	0	0	0.8889	0.4447	0.85	0.0136	0	0	0	0	0.0741	0.475	0.1	0.0019	0	0	0	0	0	0	0	0	0.037	0.0803	0.05	0.9845	0.019	0.0342	0	0.0391	1	1	0	0	0	0	0	0	0	0	0	0	0	0	0	0	0	0	0	0	0	0	0	0	1	1	0	0	0	0
mobi.infolife.weatheralert	0.2162	0.018	0.0756	0.0063	0.1875	0.75	0.0814	0.1237	0	0	0	0	0	0	0	0	0	0	0	0	1	1	1	1	0	0	0	0	0.75	0.9175	0.6667	0.9167	0	0	0	0	0.25	0.0825	0.3333	0.0833	0	0	0	0	0	0	0	0	0	0	0	0	0.0225	0.0135	0.0057	0.0033	1	1	0	0	0	0	0	0	0	0	0	0	0	0	0	0	0	0	0	0	0	0	0	0	1	1	0	0	0	0
com.ciandt.tt	0.1325	0.07	0.1016	0.0638	0.3208	0.8571	0.0816	0.1601	0	0	0	0	0	0	0	0	0	0	0	0	0.9811	0.9972	1	1	0	0	0	0	0.8571	0.6051	0.8333	0.079	0	0	0	0	0.1071	0.2768	0.125	0.1839	0	0	0	0	0	0	0	0	0.0357	0.1181	0.0417	0.7371	0.0225	0.0275	0.0039	0.0357	1	1	0	0	0	0	0	0	0	0	0	0	0	0	0	0	0	0	0	0	0	0	0	0	1	1	0	0	0	0
gust.svm	0.1029	0.0441	0.0184	0.0036	0.2143	0.8333	0.0355	0.185	0	0	0	0	0	0	0	0	0	0	0	0	1	1	1	1	0	0	0	0	0.6667	0.5768	0.8	0.9894	0	0	0	0	0	0	0	0	0.1667	0.2992	0	0	0	0	0	0	0.1667	0.124	0.2	0.0106	0.0588	0.0147	0.002	0.0018	1	1	0	0	0	0	0	0	0	0	0	0	0	0	0	0	0	0	0	0	0	0	0	0	1	1	0	0	0	0
com.color.droid.shivmahapuran	0.1046	0.0261	0.1279	0.031	0.3021	0.5833	0.0116	0.0131	0	0	0	0	0	0	0	0	0	0	0	0	1	1	1	1	0	0	0	0	0.7917	0.7632	0.8571	0.5241	0.0417	0.0212	0	0	0.0833	0.0258	0.0714	0.4025	0.0417	0.0012	0.0714	0.0734	0	0	0	0	0.0417	0.1886	0	0	0.0261	0.0305	0.0027	0.0574	1	1	0	0	0	0	0	0	0	0	0	0	0	0	0	0	0	0	0	0	0	0	0	0	0.9643	0.9996	0.0357	0.0004	0	0
asp.emo.pack27.ext	0.16	0.2	0.2885	0.206	0.75	1	0.493	0.992	0	0	0	0	0	0	0	0	0	0	0	0	1	1	1	1	0	0	0	0	1	1	1	1	0	0	0	0	0	0	0	0	0	0	0	0	0	0	0	0	0	0	0	0	0.08	0.12	0.0232	0.0233	1	1	0	0	0	0	0	0	0	0	0	0	0	0	0	0	0	0	0	0	0	0	0	0	0.3333	0.9898	0.6667	0.0102	0	0
com.gidon.coffeesnumber	0.0986	0.0845	0.1165	0.0489	0.5	0.8333	0.0744	0.0743	0	0	0	0	0	0	0	0	0	0	0	0	1	1	1	1	0	0	0	0	0.9167	0.9534	0.9	0.3782	0	0	0	0	0	0	0	0	0	0	0	0	0	0	0	0	0.0833	0.0466	0.1	0.6218	0.0845	0.0282	0.0076	0.0074	1	1	0	0	0	0	0	0	0	0	0	0	0	0	0	0	0	0	0	0	0	0	0	0	1	1	0	0	0	0
netiks.FransaBank.mobile	0.1203	0.0584	0.0998	0.0429	0.233	0.64	0.0483	0.113	0	0	0	0	0	0	0	0	0	0	0	0	1	1	1	1	0	0	0	0	0.82	0.6756	0.8438	0.0389	0	0	0	0	0.1	0.2163	0.0625	0.0115	0	0	0	0	0.02	0.0006	0	0	0.06	0.1075	0.0938	0.9496	0.0175	0.0222	0.0021	0.0389	0.9333	0.9987	0	0	0.0667	0.0013	0	0	0	0	0	0	0	0	0	0	0	0	0	0	0	0	0	0	0.8947	0.9999	0	0	0.1053	0.0001
com.skp.valentine	0.0698	0.023	0.0963	0.1259	0.1927	0.5278	0.0035	0.0393	0	0	0	0	0.0183	0.0014	0	0	0	0	0	0	0.9817	0.9986	1	1	0	0	0	0	0.8889	0.995	0.8947	0.9869	0	0	0	0	0.0833	0.0046	0.0526	0.003	0.0278	0.0004	0.0526	0.01	0	0	0	0	0	0	0	0	0.0058	0.0102	0.0001	0.0003	0.8889	0.9896	0	0	0	0	0.1111	0.0104	0	0	0	0	0	0	0	0	0	0	0	0	0	0	0	0	0.875	0.9904	0.125	0.0096	0	0
com.tigoenergy.smart	0.1226	0.066	0.1146	0.0118	0.3654	0.7857	0.077	0.7325	0	0	0	0	0	0	0	0	0	0	0	0	1	1	1	1	0	0	0	0	0.8571	0.2155	0.8636	0.045	0	0	0	0	0.0714	0.0492	0.0909	0.0027	0	0	0	0	0	0	0	0	0.0714	0.7353	0.0455	0.9523	0.0189	0.0236	0.0033	0.0375	1	1	0	0	0	0	0	0	0	0	0	0	0	0	0	0	0	0	0	0	0	0	0	0	1	1	0	0	0	0
com.wickert.bowlingnight	0.0655	0.0199	0.2262	0.0172	0.1798	0.537	0.0258	0.3118	0	0	0	0	0	0	0	0	0.0112	0.0007	0	0	0.9888	0.9993	1	1	0	0	0	0	0.8889	0.5592	0.931	0.9853	0.0185	0.0275	0	0	0.0556	0.0615	0.0345	0.0003	0.0185	0.0058	0.0345	0.0144	0	0	0	0	0.0185	0.3461	0	0	0.0107	0.0243	0.0025	0.0317	1	1	0	0	0	0	0	0	0	0	0	0	0	0	0	0	0	0	0	0	0.0909	0.0003	0	0	0.7727	0.9687	0.0455	0.0061	0.0909	0.0249
