38	 10	 14	 2	 2	 
5	 0	 0	 0	 2	 
25	 0	 0	 0	 38	 
15	 2	 5	 1	 1	 
4	 0	 5	 0	 0	 
7445	 0	 38	 0	 0	 
14	 17	 21	 2	 1	 
3	 0	 2	 0	 0	 
28828	 0	 404	 0	 0	 
44	 5	 10	 2	 1	 
12	 0	 0	 0	 0	 
54573	 0	 0	 0	 0	 
11	 2	 6	 2	 2	 
5	 0	 0	 2	 2	 
112	 0	 0	 4	 38	 
16	 5	 15	 2	 1	 
5	 0	 6	 0	 0	 
4278	 0	 791	 0	 0	 
5	 5	 7	 2	 1	 
3	 0	 3	 0	 0	 
5080	 0	 15	 0	 0	 
19	 14	 29	 5	 3	 
0	 1	 3	 3	 3	 
0	 26	 337	 2173	 3423	 
38	 10	 14	 2	 2	 
5	 0	 0	 0	 2	 
9	 0	 0	 0	 14	 
5	 5	 9	 1	 1	 
4	 0	 5	 0	 0	 
7217	 0	 47	 0	 0	 
5	 2	 3	 2	 1	 
2	 0	 0	 0	 0	 
71	 0	 0	 0	 0	 
31	 14	 19	 3	 2	 
3	 0	 0	 2	 2	 
8	 0	 0	 11	 29	 
69	 5	 4	 1	 1	 
3	 2	 0	 0	 0	 
2517	 4	 0	 0	 0	 
31	 14	 19	 3	 2	 
7	 0	 0	 2	 2	 
15	 0	 0	 9	 12	 
66	 5	 7	 4	 4	 
0	 0	 0	 0	 0	 
0	 0	 0	 0	 0	 
19	 8	 22	 1	 2	 
7	 0	 2	 0	 2	 
54193	 0	 165	 0	 2044	 
10	 3	 4	 2	 1	 
7	 2	 0	 0	 0	 
36483	 9336	 0	 0	 0	 
19	 8	 22	 1	 2	 
7	 0	 2	 0	 2	 
52976	 0	 182	 0	 1963	 
57	 12	 18	 4	 2	 
5	 0	 3	 2	 2	 
566	 0	 19	 124	 23	 
27	 7	 29	 3	 2	 
0	 0	 0	 0	 2	 
0	 0	 0	 0	 1016	 
24	 9	 11	 3	 2	 
8	 5	 2	 2	 2	 
20034	 1174	 426	 1620	 11661	 
6	 6	 11	 2	 1	 
2	 0	 2	 0	 0	 
5736	 0	 306	 0	 0	 
21	 9	 25	 1	 2	 
10	 0	 7	 0	 2	 
96253	 0	 188	 0	 47	 
11	 6	 10	 2	 1	 
5	 0	 5	 0	 0	 
68433	 0	 17	 0	 0	 
10	 5	 9	 3	 2	 
0	 0	 0	 2	 2	 
0	 0	 0	 2253	 5626	 
12	 2	 7	 1	 2	 
0	 0	 0	 0	 2	 
0	 0	 0	 0	 2020	 
11	 0	 1	 1	 2	 
9	 0	 0	 0	 2	 
39102	 0	 0	 0	 17540	 
14	 10	 15	 3	 3	 
0	 0	 0	 0	 2	 
0	 0	 0	 0	 10	 
38	 8	 23	 2	 4	 
0	 0	 2	 0	 3	 
0	 0	 730	 0	 3234	 
65	 18	 31	 4	 5	 
0	 0	 0	 0	 0	 
0	 0	 0	 0	 0	 
36	 15	 30	 3	 3	 
0	 0	 0	 0	 0	 
0	 0	 0	 0	 0	 
17	 9	 14	 3	 3	 
3	 0	 0	 2	 3	 
12180	 0	 0	 1994	 3986	 
34	 17	 26	 2	 3	 
3	 0	 2	 0	 2	 
8897	 0	 141	 0	 5010	 
12	 14	 20	 3	 1	 
4	 0	 0	 0	 0	 
21142	 0	 0	 0	 0	 
34	 17	 26	 2	 3	 
3	 0	 2	 0	 2	 
8077	 0	 116	 0	 4423	 
51	 11	 32	 4	 2	 
4	 0	 2	 2	 2	 
2557	 0	 3662	 2780	 1855	 
34	 17	 26	 2	 3	 
3	 0	 2	 0	 2	 
7706	 0	 99	 0	 4398	 
13	 9	 9	 2	 1	 
5	 3	 4	 0	 0	 
4246	 302	 43	 0	 0	 
26	 15	 15	 2	 2	 
2	 0	 2	 0	 2	 
4690	 0	 279	 0	 3790	 
8	 5	 15	 2	 1	 
3	 0	 3	 0	 0	 
1317	 0	 275	 0	 0	 
6	 6	 8	 2	 2	 
0	 0	 0	 0	 0	 
0	 0	 0	 0	 0	 
8	 3	 15	 3	 2	 
0	 0	 0	 0	 2	 
0	 0	 0	 0	 2075	 
18	 4	 9	 2	 1	 
2	 0	 0	 0	 0	 
18477	 0	 0	 0	 0	 
8	 2	 8	 3	 2	 
2	 0	 2	 0	 2	 
1849	 0	 8	 0	 199	 
21	 2	 3	 2	 2	 
9	 0	 0	 0	 2	 
299	 0	 0	 0	 6	 
13	 3	 3	 1	 1	 
10	 0	 0	 0	 0	 
7512	 0	 0	 0	 0	 
34	 17	 26	 2	 3	 
3	 0	 2	 0	 2	 
7946	 0	 156	 0	 4430	 
6	 5	 7	 2	 3	 
4	 0	 0	 0	 3	 
67015	 0	 0	 0	 1991	 
30	 5	 11	 2	 2	 
12	 0	 2	 0	 2	 
32841	 0	 78	 0	 761	 
15	 2	 4	 1	 1	 
6	 0	 2	 0	 1	 
70961	 0	 691	 0	 1076	 
71	 19	 37	 3	 3	 
0	 0	 0	 2	 3	 
0	 0	 0	 1016	 3535	 
28	 9	 14	 2	 2	 
0	 0	 2	 0	 2	 
0	 0	 633	 0	 2048	 
34	 17	 26	 2	 3	 
3	 0	 2	 0	 2	 
7377	 0	 108	 0	 4161	 
14	 9	 15	 3	 2	 
4	 0	 2	 2	 2	 
67414	 0	 402	 984	 2949	 
17	 9	 22	 1	 1	 
3	 0	 4	 0	 0	 
2369	 0	 9	 0	 0	 
15	 4	 6	 1	 1	 
3	 0	 2	 0	 0	 
31	 0	 4	 0	 0	 
5	 2	 3	 2	 1	 
2	 0	 0	 0	 0	 
305	 0	 0	 0	 0	 
16	 3	 18	 1	 2	 
2	 0	 0	 0	 2	 
400	 0	 0	 0	 7	 
25	 13	 28	 3	 2	 
5	 0	 3	 2	 2	 
18157	 0	 2960	 1065	 4172	 
23	 5	 7	 3	 2	 
0	 0	 0	 0	 2	 
0	 0	 0	 0	 5196	 
31	 15	 53	 7	 2	 
11	 2	 14	 6	 2	 
60736	 21	 9590	 10857	 2541	 
13	 14	 17	 2	 1	 
2	 0	 0	 0	 0	 
10	 0	 0	 0	 0	 
11	 0	 2	 1	 1	 
9	 0	 2	 0	 0	 
2909	 0	 118	 0	 0	 
4	 0	 3	 1	 1	 
3	 0	 3	 0	 0	 
14697	 0	 84	 0	 0	 
8	 15	 11	 4	 1	 
3	 0	 3	 3	 0	 
1642	 0	 409	 210	 0	 
19	 14	 23	 2	 1	 
5	 0	 0	 0	 0	 
7319	 0	 0	 0	 0	 
78	 16	 54	 4	 7	 
0	 0	 0	 0	 0	 
0	 0	 0	 0	 0	 
16	 3	 18	 1	 2	 
2	 0	 0	 0	 2	 
5547	 0	 0	 0	 7	 
14	 0	 3	 1	 1	 
4	 0	 2	 0	 0	 
79641	 0	 1980	 0	 0	 
14	 11	 17	 4	 2	 
10	 0	 2	 3	 2	 
637	 0	 8	 12	 16	 
21	 7	 19	 2	 1	 
3	 0	 3	 0	 0	 
3883	 0	 226	 0	 0	 
25	 5	 10	 2	 2	 
0	 0	 0	 0	 0	 
0	 0	 0	 0	 0	 
7	 0	 2	 1	 1	 
7	 0	 2	 0	 0	 
3286	 0	 4	 0	 0	 
11	 26	 25	 5	 2	 
0	 1	 3	 4	 2	 
0	 78	 387	 2434	 1558	 
12	 10	 23	 1	 2	 
0	 0	 0	 0	 2	 
0	 0	 0	 0	 3515	 
25	 15	 28	 4	 1	 
10	 0	 3	 2	 0	 
478	 0	 9	 6	 0	 
90	 7	 20	 2	 2	 
20	 0	 13	 0	 2	 
5915	 0	 92	 0	 6	 
4	 0	 4	 1	 1	 
3	 0	 4	 0	 0	 
7872	 0	 331	 0	 0	 
9	 2	 4	 2	 1	 
7	 0	 0	 0	 0	 
3950	 0	 0	 0	 0	 
23	 4	 14	 1	 3	 
0	 0	 0	 0	 0	 
0	 0	 0	 0	 0	 
10	 0	 3	 1	 1	 
2	 0	 2	 0	 1	 
4743	 0	 2838	 0	 905	 
11	 6	 17	 2	 1	 
7	 0	 2	 0	 0	 
5754	 0	 213	 0	 0	 
26	 15	 15	 2	 2	 
2	 0	 2	 0	 2	 
4876	 0	 281	 0	 3925	 
24	 9	 13	 4	 2	 
5	 0	 0	 2	 2	 
28291	 0	 0	 1825	 3103	 
9	 9	 14	 1	 2	 
5	 0	 3	 0	 2	 
5156	 0	 55	 0	 268	 
29	 6	 18	 2	 3	 
11	 5	 5	 0	 3	 
52167	 361	 153	 0	 71	 
25	 12	 12	 1	 2	 
4	 0	 0	 0	 2	 
58	 0	 0	 0	 9	 
14	 11	 21	 1	 2	 
2	 0	 2	 0	 2	 
919	 0	 4	 0	 28	 
50	 16	 28	 3	 4	 
0	 0	 2	 2	 3	 
0	 0	 28	 2230	 4465	 
19	 8	 22	 1	 2	 
7	 0	 2	 0	 2	 
55238	 0	 200	 0	 2051	 
32	 12	 24	 3	 2	 
3	 1	 2	 0	 2	 
10	 3	 8	 0	 6	 
12	 10	 25	 1	 2	 
0	 0	 0	 0	 2	 
0	 0	 0	 0	 3164	 
17	 9	 10	 2	 1	 
3	 0	 0	 0	 0	 
16764	 0	 0	 0	 0	 
8	 0	 6	 1	 2	 
6	 0	 0	 0	 2	 
156	 0	 0	 0	 6	 
19	 9	 9	 2	 2	 
5	 0	 0	 0	 2	 
27948	 0	 0	 0	 1027	 
16	 3	 18	 1	 2	 
2	 0	 0	 0	 2	 
60334	 0	 0	 0	 7	 
3	 0	 3	 2	 1	 
2	 0	 0	 0	 0	 
4854	 0	 0	 0	 0	 
5	 5	 7	 1	 2	 
2	 0	 2	 0	 2	 
1682	 0	 160	 0	 6	 
13	 11	 32	 3	 2	 
0	 1	 3	 2	 2	 
0	 59	 346	 2244	 1521	 
19	 8	 22	 1	 2	 
7	 0	 2	 0	 2	 
51464	 0	 206	 0	 1950	 
34	 17	 26	 2	 3	 
3	 0	 2	 0	 2	 
7607	 0	 146	 0	 4174	 
54	 12	 15	 2	 3	 
0	 0	 0	 0	 3	 
0	 0	 0	 0	 6288	 
10	 10	 14	 2	 2	 
2	 0	 2	 0	 2	 
164	 0	 17	 0	 188	 
9	 3	 4	 1	 2	 
8	 0	 2	 0	 2	 
19329	 0	 13	 0	 153	 
34	 17	 26	 2	 3	 
3	 0	 2	 0	 2	 
7339	 0	 106	 0	 4030	 
9	 2	 3	 2	 1	 
6	 0	 0	 0	 0	 
1334	 0	 0	 0	 0	 
34	 17	 26	 2	 3	 
3	 0	 2	 0	 2	 
7838	 0	 100	 0	 4281	 
19	 3	 7	 1	 2	 
5	 0	 2	 0	 2	 
9603	 0	 295	 0	 2148	 
33	 17	 23	 2	 3	 
4	 0	 2	 0	 2	 
8660	 0	 80	 0	 3104	 
3	 0	 4	 1	 1	 
3	 0	 4	 0	 0	 
3262	 0	 34	 0	 0	 
34	 17	 26	 2	 3	 
3	 0	 2	 0	 2	 
7808	 0	 112	 0	 4144	 
2	 0	 1	 1	 1	 
2	 0	 0	 0	 0	 
658	 0	 0	 0	 0	 
34	 17	 26	 2	 3	 
3	 0	 2	 0	 2	 
7538	 0	 134	 0	 4292	 
15	 2	 3	 2	 2	 
0	 0	 0	 0	 2	 
0	 0	 0	 0	 3284	 
34	 17	 26	 2	 3	 
3	 0	 2	 0	 2	 
7258	 0	 120	 0	 3963	 
5	 6	 12	 2	 2	 
2	 0	 3	 0	 2	 
14084	 0	 247	 0	 2088	 
65	 18	 31	 4	 5	 
0	 0	 0	 0	 0	 
0	 0	 0	 0	 0	 
98	 47	 21	 4	 3	 
0	 0	 0	 3	 3	 
0	 0	 0	 31	 8	 
37	 5	 10	 2	 2	 
3	 0	 0	 0	 2	 
2431	 0	 0	 0	 2118	 
10	 8	 10	 2	 2	 
0	 1	 3	 2	 2	 
0	 45	 626	 1745	 1358	 
7	 0	 3	 2	 1	 
2	 0	 0	 0	 0	 
2230	 0	 0	 0	 0	 
38	 10	 14	 2	 2	 
0	 0	 0	 0	 2	 
0	 0	 0	 0	 6	 
15	 2	 5	 1	 1	 
4	 0	 5	 0	 0	 
363	 0	 20	 0	 0	 
14	 17	 21	 2	 1	 
3	 0	 2	 0	 0	 
26427	 0	 265	 0	 0	 
44	 5	 10	 2	 1	 
11	 0	 0	 0	 0	 
19919	 0	 0	 0	 0	 
11	 2	 6	 2	 2	 
5	 0	 3	 2	 2	 
236	 0	 7	 8	 159	 
16	 5	 15	 2	 1	 
4	 0	 5	 0	 0	 
3978	 0	 488	 0	 0	 
5	 5	 7	 2	 1	 
3	 0	 3	 0	 0	 
5241	 0	 28	 0	 0	 
19	 14	 29	 5	 3	 
0	 1	 3	 3	 3	 
0	 21	 317	 1945	 3035	 
38	 10	 14	 2	 2	 
5	 0	 0	 0	 2	 
25	 0	 0	 0	 46	 
5	 5	 9	 1	 1	 
4	 0	 5	 0	 0	 
8775	 0	 146	 0	 0	 
5	 2	 3	 2	 1	 
2	 0	 0	 0	 0	 
175	 0	 0	 0	 0	 
31	 14	 19	 3	 2	 
2	 0	 4	 2	 2	 
18	 0	 10	 20	 63	 
69	 5	 4	 1	 1	 
3	 2	 0	 0	 0	 
2186	 4	 0	 0	 0	 
31	 14	 19	 3	 2	 
4	 0	 0	 2	 2	 
29	 0	 0	 14	 31	 
106	 17	 27	 4	 4	 
0	 0	 0	 2	 3	 
0	 0	 0	 3	 5	 
66	 5	 7	 4	 4	 
0	 0	 0	 0	 0	 
0	 0	 0	 0	 0	 
19	 8	 22	 1	 2	 
7	 0	 2	 0	 2	 
53350	 0	 193	 0	 1970	 
10	 3	 4	 2	 1	 
4	 2	 0	 0	 0	 
71877	 8647	 0	 0	 0	 
19	 8	 22	 1	 2	 
7	 0	 2	 0	 2	 
63446	 0	 730	 0	 1672	 
57	 12	 18	 4	 2	 
10	 0	 3	 2	 2	 
1797	 0	 19	 124	 76	 
27	 7	 29	 3	 2	 
0	 0	 0	 0	 2	 
0	 0	 0	 0	 1151	 
24	 9	 11	 3	 2	 
8	 5	 2	 2	 2	 
24746	 1018	 271	 1557	 15783	 
6	 6	 11	 2	 1	 
2	 0	 2	 0	 0	 
6188	 0	 259	 0	 0	 
21	 9	 25	 1	 2	 
10	 0	 7	 0	 2	 
97093	 0	 141	 0	 46	 
11	 6	 10	 2	 1	 
5	 0	 5	 0	 0	 
537	 0	 11	 0	 0	 
10	 5	 9	 3	 2	 
0	 0	 0	 2	 2	 
0	 0	 0	 2136	 5333	 
12	 2	 7	 1	 2	 
0	 0	 0	 0	 2	 
0	 0	 0	 0	 2260	 
11	 0	 1	 1	 2	 
9	 0	 0	 0	 2	 
43808	 0	 0	 0	 18673	 
14	 10	 15	 3	 3	 
0	 0	 0	 0	 2	 
0	 0	 0	 0	 1430	 
38	 8	 23	 2	 4	 
0	 0	 2	 0	 3	 
0	 0	 784	 0	 3295	 
65	 18	 31	 4	 5	 
0	 0	 0	 0	 0	 
0	 0	 0	 0	 0	 
36	 15	 30	 3	 3	 
0	 0	 0	 0	 2	 
0	 0	 0	 0	 2473	 
17	 9	 14	 3	 3	 
3	 0	 0	 2	 3	 
12618	 0	 0	 2052	 4103	 
34	 17	 26	 2	 3	 
3	 0	 2	 0	 2	 
2774	 0	 48	 0	 1733	 
12	 14	 20	 3	 1	 
4	 0	 0	 0	 0	 
21920	 0	 0	 0	 0	 
34	 17	 26	 2	 3	 
3	 0	 2	 0	 2	 
4828	 0	 92	 0	 2670	 
51	 11	 32	 4	 2	 
4	 0	 2	 2	 2	 
2728	 0	 3905	 2966	 1979	 
34	 17	 26	 2	 3	 
3	 0	 2	 0	 2	 
7692	 0	 129	 0	 4260	 
13	 9	 9	 2	 1	 
5	 3	 4	 0	 0	 
4082	 291	 41	 0	 0	 
26	 15	 15	 2	 2	 
2	 0	 2	 0	 2	 
5148	 0	 372	 0	 4133	 
8	 5	 15	 2	 1	 
3	 0	 4	 0	 0	 
1442	 0	 307	 0	 0	 
6	 6	 8	 2	 2	 
0	 0	 0	 0	 0	 
0	 0	 0	 0	 0	 
8	 3	 15	 3	 2	 
0	 0	 0	 0	 2	 
0	 0	 0	 0	 2070	 
18	 4	 9	 2	 1	 
2	 0	 0	 0	 0	 
15670	 0	 0	 0	 0	 
8	 2	 8	 3	 2	 
2	 0	 2	 0	 2	 
2506	 0	 8	 0	 281	 
21	 2	 3	 2	 2	 
10	 0	 0	 0	 2	 
579	 0	 0	 0	 6	 
13	 3	 3	 1	 1	 
10	 0	 0	 0	 0	 
5938	 0	 0	 0	 0	 
34	 17	 26	 2	 3	 
3	 0	 2	 0	 2	 
7450	 0	 128	 0	 4290	 
6	 5	 7	 2	 3	 
4	 0	 0	 0	 3	 
67551	 0	 0	 0	 1997	 
30	 5	 11	 2	 2	 
12	 0	 2	 0	 2	 
46065	 0	 30	 0	 235	 
15	 2	 4	 1	 1	 
6	 0	 2	 0	 1	 
67297	 0	 758	 0	 1037	 
71	 19	 37	 3	 3	 
0	 0	 0	 2	 3	 
0	 0	 0	 1118	 3862	 
28	 9	 14	 2	 2	 
0	 0	 2	 0	 2	 
0	 0	 566	 0	 1762	 
34	 17	 26	 2	 3	 
3	 0	 2	 0	 2	 
7147	 0	 86	 0	 3814	 
14	 9	 15	 3	 2	 
4	 0	 2	 2	 2	 
65120	 0	 408	 953	 2859	 
17	 9	 22	 1	 1	 
3	 0	 4	 0	 0	 
1890	 0	 8	 0	 0	 
15	 4	 6	 1	 1	 
7	 0	 3	 0	 0	 
6033	 0	 147	 0	 0	 
5	 2	 3	 2	 1	 
2	 0	 0	 0	 0	 
6004	 0	 0	 0	 0	 
16	 3	 18	 1	 2	 
4	 0	 2	 0	 2	 
11964	 0	 255	 0	 1901	 
25	 13	 28	 3	 2	 
5	 0	 3	 2	 2	 
18137	 0	 2940	 1035	 4055	 
23	 5	 7	 3	 2	 
0	 0	 0	 0	 2	 
0	 0	 0	 0	 5421	 
31	 15	 53	 7	 2	 
11	 2	 13	 6	 2	 
65345	 22	 10154	 11334	 2740	 
13	 14	 17	 2	 1	 
2	 0	 0	 0	 0	 
18	 0	 0	 0	 0	 
11	 0	 2	 1	 1	 
3	 0	 2	 0	 0	 
196	 0	 13	 0	 0	 
4	 0	 3	 1	 1	 
3	 0	 3	 0	 0	 
14306	 0	 206	 0	 0	 
8	 15	 11	 4	 1	 
3	 0	 3	 3	 0	 
2685	 0	 687	 346	 0	 
19	 14	 23	 2	 1	 
5	 0	 0	 0	 0	 
7032	 0	 0	 0	 0	 
78	 16	 54	 4	 7	 
0	 0	 0	 0	 0	 
0	 0	 0	 0	 0	 
16	 3	 18	 1	 2	 
2	 0	 0	 0	 2	 
7944	 0	 0	 0	 7	 
14	 0	 3	 1	 1	 
4	 0	 2	 0	 0	 
85401	 0	 2060	 0	 0	 
14	 11	 17	 4	 2	 
9	 2	 2	 3	 2	 
423	 6	 6	 8	 9	 
21	 7	 19	 2	 1	 
3	 0	 3	 0	 0	 
4213	 0	 228	 0	 0	 
25	 5	 10	 2	 2	 
0	 0	 0	 0	 0	 
0	 0	 0	 0	 0	 
7	 0	 2	 1	 1	 
7	 0	 2	 0	 0	 
2863	 0	 4	 0	 0	 
11	 26	 25	 5	 2	 
0	 1	 3	 4	 2	 
0	 67	 372	 2290	 1508	 
12	 10	 23	 1	 2	 
0	 0	 0	 0	 2	 
0	 0	 0	 0	 3496	 
25	 15	 28	 4	 1	 
9	 0	 0	 2	 0	 
316	 0	 0	 8	 0	 
90	 7	 20	 2	 2	 
22	 0	 6	 0	 2	 
25245	 0	 107	 0	 6	 
4	 0	 4	 1	 1	 
3	 0	 4	 0	 0	 
7043	 0	 288	 0	 0	 
9	 2	 4	 2	 1	 
6	 0	 1	 0	 0	 
532	 0	 1	 0	 0	 
23	 4	 14	 1	 3	 
0	 0	 0	 0	 0	 
0	 0	 0	 0	 0	 
10	 0	 3	 1	 1	 
2	 0	 2	 0	 1	 
4295	 0	 2583	 0	 839	 
11	 6	 17	 2	 1	 
7	 0	 2	 0	 0	 
5673	 0	 267	 0	 0	 
26	 15	 15	 2	 2	 
2	 0	 2	 0	 2	 
5153	 0	 275	 0	 4128	 
24	 9	 13	 4	 2	 
5	 0	 0	 2	 2	 
32599	 0	 0	 2135	 3606	 
9	 9	 14	 1	 2	 
5	 0	 0	 0	 2	 
131	 0	 0	 0	 22	 
29	 6	 18	 2	 3	 
10	 5	 6	 0	 3	 
35466	 514	 239	 0	 158	 
25	 12	 12	 1	 2	 
4	 0	 0	 0	 2	 
68	 0	 0	 0	 7	 
14	 11	 21	 1	 2	 
2	 0	 0	 0	 2	 
2667	 0	 0	 0	 118	 
50	 16	 28	 3	 4	 
0	 0	 2	 2	 3	 
0	 0	 20	 2027	 4058	 
19	 8	 22	 1	 2	 
7	 0	 2	 0	 2	 
49942	 0	 193	 0	 1808	 
32	 12	 24	 3	 2	 
5	 0	 2	 0	 2	 
51	 0	 8	 0	 6	 
12	 10	 25	 1	 2	 
0	 0	 0	 0	 2	 
0	 0	 0	 0	 3053	 
17	 9	 10	 2	 1	 
3	 0	 0	 0	 0	 
16246	 0	 0	 0	 0	 
8	 0	 6	 1	 2	 
7	 0	 0	 0	 2	 
286	 0	 0	 0	 6	 
19	 9	 9	 2	 2	 
5	 0	 0	 0	 2	 
30820	 0	 0	 0	 1133	 
16	 3	 18	 1	 2	 
2	 0	 0	 0	 2	 
283276	 0	 0	 0	 7	 
3	 0	 3	 2	 1	 
2	 0	 0	 0	 0	 
9311	 0	 0	 0	 0	 
5	 5	 7	 1	 2	 
2	 0	 2	 0	 2	 
1757	 0	 152	 0	 6	 
13	 11	 32	 3	 2	 
0	 1	 3	 2	 2	 
0	 32	 315	 2275	 1509	 
19	 8	 22	 1	 2	 
7	 0	 2	 0	 2	 
53834	 0	 170	 0	 2010	 
34	 17	 26	 2	 3	 
3	 1	 2	 0	 2	 
7888	 4	 136	 0	 4340	 
54	 12	 15	 2	 3	 
0	 0	 0	 0	 3	 
0	 0	 0	 0	 6396	 
10	 10	 14	 2	 2	 
2	 0	 2	 0	 2	 
188	 0	 11	 0	 209	 
9	 3	 4	 1	 2	 
8	 0	 2	 0	 2	 
9535	 0	 21	 0	 163	 
34	 17	 26	 2	 3	 
3	 0	 2	 0	 2	 
8402	 0	 143	 0	 4588	 
9	 2	 3	 2	 1	 
6	 0	 0	 0	 0	 
221	 0	 0	 0	 0	 
34	 17	 26	 2	 3	 
3	 0	 2	 0	 2	 
7821	 0	 126	 0	 4574	 
19	 3	 7	 1	 2	 
5	 0	 2	 0	 2	 
9207	 0	 317	 0	 2064	 
33	 17	 23	 2	 3	 
4	 0	 2	 0	 2	 
7740	 0	 98	 0	 2787	 
3	 0	 4	 1	 1	 
3	 0	 4	 0	 0	 
3133	 0	 21	 0	 0	 
34	 17	 26	 2	 3	 
3	 0	 2	 0	 2	 
8121	 0	 104	 0	 4364	 
2	 0	 1	 1	 1	 
2	 0	 0	 0	 0	 
480	 0	 0	 0	 0	 
34	 17	 26	 2	 3	 
3	 0	 2	 0	 2	 
7130	 0	 120	 0	 4164	 
15	 2	 3	 2	 2	 
0	 0	 0	 0	 2	 
0	 0	 0	 0	 3323	 
34	 17	 26	 2	 3	 
3	 0	 2	 0	 2	 
7758	 0	 94	 0	 4203	 
5	 6	 12	 2	 2	 
2	 0	 3	 0	 2	 
13075	 0	 164	 0	 1882	 
65	 18	 31	 4	 5	 
0	 0	 0	 0	 0	 
0	 0	 0	 0	 0	 
98	 47	 21	 4	 3	 
0	 0	 0	 3	 3	 
0	 0	 0	 35	 8	 
37	 5	 10	 2	 2	 
3	 0	 0	 0	 2	 
2383	 0	 0	 0	 2084	 
10	 8	 10	 2	 2	 
0	 1	 3	 2	 2	 
0	 59	 636	 1810	 1432	 
7	 0	 3	 2	 1	 
2	 0	 0	 0	 0	 
2199	 0	 0	 0	 0	 
38	 10	 14	 2	 2	 
5	 0	 0	 0	 2	 
9	 0	 0	 0	 16	 
15	 2	 5	 1	 1	 
4	 0	 5	 0	 0	 
226	 0	 14	 0	 0	 
14	 17	 21	 2	 1	 
3	 0	 2	 0	 0	 
26300	 0	 301	 0	 0	 
44	 5	 10	 2	 1	 
10	 0	 0	 0	 0	 
5886	 0	 0	 0	 0	 
11	 2	 6	 2	 2	 
3	 0	 0	 2	 2	 
6	 0	 0	 3	 25	 
16	 5	 15	 2	 1	 
5	 0	 5	 0	 0	 
1588	 0	 333	 0	 0	 
5	 5	 7	 2	 1	 
3	 0	 3	 0	 0	 
5249	 0	 19	 0	 0	 
19	 14	 29	 5	 3	 
0	 1	 3	 3	 3	 
0	 36	 399	 2020	 3162	 
38	 10	 14	 2	 2	 
5	 0	 0	 0	 2	 
25	 0	 0	 0	 28	 
5	 5	 9	 1	 1	 
4	 0	 5	 0	 0	 
7626	 0	 192	 0	 0	 
5	 2	 3	 2	 1	 
2	 0	 0	 0	 0	 
136	 0	 0	 0	 0	 
31	 14	 19	 3	 2	 
0	 0	 0	 2	 2	 
0	 0	 0	 9	 34	 
69	 5	 4	 1	 1	 
3	 2	 0	 0	 0	 
2647	 4	 0	 0	 0	 
31	 14	 19	 3	 2	 
7	 0	 2	 2	 2	 
67	 0	 4	 19	 66	 
106	 17	 27	 4	 4	 
0	 0	 0	 2	 3	 
0	 0	 0	 3	 5	 
66	 5	 7	 4	 4	 
0	 0	 0	 0	 0	 
0	 0	 0	 0	 0	 
19	 8	 22	 1	 2	 
7	 0	 2	 0	 2	 
49975	 0	 163	 0	 1886	 
10	 3	 4	 2	 1	 
4	 2	 0	 0	 0	 
106391	 8993	 0	 0	 0	 
19	 8	 22	 1	 2	 
7	 0	 2	 0	 2	 
50884	 0	 162	 0	 1929	 
57	 12	 18	 4	 2	 
5	 0	 3	 2	 2	 
1129	 0	 7	 31	 64	 
27	 7	 29	 3	 2	 
0	 0	 0	 0	 2	 
0	 0	 0	 0	 1226	 
24	 9	 11	 3	 2	 
8	 5	 2	 2	 2	 
20770	 698	 127	 1305	 12016	 
6	 6	 11	 2	 1	 
2	 0	 2	 0	 0	 
1561	 0	 101	 0	 0	 
21	 9	 25	 1	 2	 
10	 0	 7	 0	 2	 
195622	 0	 288	 0	 76	 
11	 6	 10	 2	 1	 
5	 0	 5	 0	 0	 
13361	 0	 11	 0	 0	 
10	 5	 9	 3	 2	 
0	 0	 0	 2	 2	 
0	 0	 0	 2033	 5075	 
12	 2	 7	 1	 2	 
0	 0	 0	 0	 2	 
0	 0	 0	 0	 2078	 
11	 0	 1	 1	 2	 
10	 0	 0	 0	 2	 
44746	 0	 0	 0	 19050	 
14	 10	 15	 3	 3	 
0	 0	 0	 0	 2	 
0	 0	 0	 0	 104	 
38	 8	 23	 2	 4	 
0	 0	 2	 0	 3	 
0	 0	 859	 0	 3088	 
65	 18	 31	 4	 5	 
0	 0	 0	 0	 0	 
0	 0	 0	 0	 0	 
36	 15	 30	 3	 3	 
0	 0	 0	 0	 2	 
0	 0	 0	 0	 2520	 
17	 9	 14	 3	 3	 
3	 0	 0	 2	 3	 
12811	 0	 0	 2070	 4137	 
34	 17	 26	 2	 3	 
3	 0	 2	 0	 2	 
8224	 0	 109	 0	 4366	 
12	 14	 20	 3	 1	 
4	 0	 0	 0	 0	 
22861	 0	 0	 0	 0	 
34	 17	 26	 2	 3	 
3	 0	 2	 0	 2	 
8066	 0	 144	 0	 4582	 
51	 11	 32	 4	 2	 
4	 0	 2	 2	 2	 
2755	 0	 3936	 2999	 2000	 
34	 17	 26	 2	 3	 
3	 0	 2	 0	 2	 
3458	 0	 51	 0	 2047	 
13	 9	 9	 2	 1	 
5	 3	 4	 0	 0	 
3963	 299	 39	 0	 0	 
26	 15	 15	 2	 2	 
2	 0	 2	 0	 2	 
5216	 0	 290	 0	 4189	 
8	 5	 15	 2	 1	 
3	 0	 4	 0	 0	 
1426	 0	 312	 0	 0	 
6	 6	 8	 2	 2	 
0	 0	 0	 0	 0	 
0	 0	 0	 0	 0	 
8	 3	 15	 3	 2	 
0	 0	 0	 0	 2	 
0	 0	 0	 0	 2252	 
18	 4	 9	 2	 1	 
2	 0	 0	 0	 0	 
14881	 0	 0	 0	 0	 
8	 2	 8	 3	 2	 
2	 0	 2	 0	 2	 
3781	 0	 8	 0	 601	 
21	 2	 3	 2	 2	 
7	 0	 0	 0	 2	 
447	 0	 0	 0	 6	 
13	 3	 3	 1	 1	 
10	 0	 0	 0	 0	 
7658	 0	 0	 0	 0	 
34	 17	 26	 2	 3	 
3	 0	 2	 0	 2	 
6584	 0	 296	 0	 5626	 
6	 5	 7	 2	 3	 
4	 0	 0	 0	 3	 
64229	 0	 0	 0	 1928	 
30	 5	 11	 2	 2	 
15	 0	 3	 0	 2	 
30226	 0	 89	 0	 742	 
15	 2	 4	 1	 1	 
6	 0	 2	 0	 1	 
64405	 0	 646	 0	 986	 
71	 19	 37	 3	 3	 
0	 0	 0	 2	 3	 
0	 0	 0	 1135	 3908	 
28	 9	 14	 2	 2	 
0	 0	 2	 0	 2	 
0	 0	 732	 0	 2095	 
34	 17	 26	 2	 3	 
3	 0	 2	 0	 2	 
8452	 0	 163	 0	 4902	 
14	 9	 15	 3	 2	 
4	 0	 0	 2	 2	 
90	 0	 0	 3	 6	 
17	 9	 22	 1	 1	 
3	 0	 3	 0	 0	 
3148	 0	 8	 0	 0	 
15	 4	 6	 1	 1	 
12	 0	 3	 0	 0	 
4165	 0	 109	 0	 0	 
5	 2	 3	 2	 1	 
2	 0	 0	 0	 0	 
8454	 0	 0	 0	 0	 
16	 3	 18	 1	 2	 
4	 0	 2	 0	 2	 
12200	 0	 255	 0	 1857	 
25	 13	 28	 3	 2	 
5	 0	 3	 2	 2	 
19637	 0	 3128	 1146	 4506	 
23	 5	 7	 3	 2	 
0	 0	 0	 0	 2	 
0	 0	 0	 0	 5751	 
31	 15	 53	 7	 2	 
11	 0	 12	 6	 2	 
61120	 0	 9302	 10319	 2434	 
13	 14	 17	 2	 1	 
2	 0	 0	 0	 0	 
10	 0	 0	 0	 0	 
11	 0	 2	 1	 1	 
2	 0	 2	 0	 0	 
57	 0	 7	 0	 0	 
4	 0	 3	 1	 1	 
3	 0	 3	 0	 0	 
14223	 0	 191	 0	 0	 
8	 15	 11	 4	 1	 
3	 0	 3	 3	 0	 
2789	 0	 709	 360	 0	 
19	 14	 23	 2	 1	 
5	 0	 0	 0	 0	 
1038	 0	 0	 0	 0	 
78	 16	 54	 4	 7	 
0	 0	 0	 0	 0	 
0	 0	 0	 0	 0	 
16	 3	 18	 1	 2	 
2	 0	 0	 0	 2	 
5717	 0	 0	 0	 7	 
14	 0	 3	 1	 1	 
4	 0	 2	 0	 0	 
83199	 0	 1982	 0	 0	 
14	 11	 17	 4	 2	 
9	 2	 2	 3	 2	 
442	 6	 12	 16	 19	 
21	 7	 19	 2	 1	 
3	 0	 3	 0	 0	 
2164	 0	 117	 0	 0	 
25	 5	 10	 2	 2	 
0	 0	 0	 0	 0	 
0	 0	 0	 0	 0	 
7	 0	 2	 1	 1	 
7	 0	 2	 0	 0	 
2978	 0	 4	 0	 0	 
11	 26	 25	 5	 2	 
0	 1	 3	 4	 2	 
0	 65	 366	 2453	 1621	 
12	 10	 23	 1	 2	 
0	 0	 0	 0	 2	 
0	 0	 0	 0	 3443	 
25	 15	 28	 4	 1	 
7	 0	 0	 2	 0	 
98	 0	 0	 6	 0	 
90	 7	 20	 2	 2	 
21	 0	 8	 0	 2	 
27799	 0	 48	 0	 6	 
4	 0	 4	 1	 1	 
3	 0	 4	 0	 0	 
7504	 0	 293	 0	 0	 
9	 2	 4	 2	 1	 
7	 0	 2	 0	 0	 
9418	 0	 7	 0	 0	 
23	 4	 14	 1	 3	 
0	 0	 0	 0	 0	 
0	 0	 0	 0	 0	 
10	 0	 3	 1	 1	 
2	 0	 2	 0	 1	 
2462	 0	 1467	 0	 474	 
11	 6	 17	 2	 1	 
7	 0	 2	 0	 0	 
6284	 0	 305	 0	 0	 
26	 15	 15	 2	 2	 
2	 0	 2	 0	 2	 
5326	 0	 298	 0	 4245	 
24	 9	 13	 4	 2	 
5	 0	 0	 2	 2	 
27045	 0	 0	 1793	 2978	 
9	 9	 14	 1	 2	 
5	 0	 2	 0	 2	 
4082	 0	 8	 0	 8	 
29	 6	 18	 2	 3	 
11	 5	 6	 0	 3	 
35794	 588	 220	 0	 134	 
25	 12	 12	 1	 2	 
4	 0	 0	 0	 2	 
137	 0	 0	 0	 20	 
14	 11	 21	 1	 2	 
4	 0	 3	 0	 2	 
6534	 0	 29	 0	 188	 
50	 16	 28	 3	 4	 
0	 0	 2	 2	 3	 
0	 0	 12	 2082	 4169	 
19	 8	 22	 1	 2	 
7	 0	 2	 0	 2	 
24989	 0	 112	 0	 908	 
32	 12	 24	 3	 2	 
3	 0	 2	 0	 2	 
42	 0	 8	 0	 6	 
12	 10	 25	 1	 2	 
0	 0	 0	 0	 2	 
0	 0	 0	 0	 3329	 
17	 9	 10	 2	 1	 
3	 0	 0	 0	 0	 
17259	 0	 0	 0	 0	 
8	 0	 6	 1	 2	 
6	 0	 0	 0	 2	 
83	 0	 0	 0	 6	 
19	 9	 9	 2	 2	 
5	 0	 0	 0	 2	 
28160	 0	 0	 0	 1036	 
16	 3	 18	 1	 2	 
2	 0	 0	 0	 2	 
215701	 0	 0	 0	 7	 
3	 0	 3	 2	 1	 
2	 0	 0	 0	 0	 
2475	 0	 0	 0	 0	 
5	 5	 7	 1	 2	 
2	 0	 2	 0	 2	 
1722	 0	 158	 0	 6	 
13	 11	 32	 3	 2	 
0	 1	 3	 2	 2	 
0	 43	 321	 2256	 1496	 
19	 8	 22	 1	 2	 
7	 0	 2	 0	 2	 
58133	 0	 202	 0	 2166	 
34	 17	 26	 2	 3	 
3	 0	 2	 0	 2	 
6231	 0	 108	 0	 3586	 
54	 12	 15	 2	 3	 
0	 0	 0	 0	 3	 
0	 0	 0	 0	 7223	 
10	 10	 14	 2	 2	 
2	 0	 2	 0	 2	 
194	 0	 17	 0	 209	 
9	 3	 4	 1	 2	 
8	 0	 2	 0	 2	 
16141	 0	 23	 0	 251	 
34	 17	 26	 2	 3	 
3	 0	 2	 0	 2	 
5340	 0	 103	 0	 3041	 
9	 2	 3	 2	 1	 
6	 0	 0	 0	 0	 
220	 0	 0	 0	 0	 
34	 17	 26	 2	 3	 
3	 0	 2	 0	 2	 
3278	 0	 54	 0	 1856	 
19	 3	 7	 1	 2	 
5	 0	 2	 0	 2	 
9218	 0	 361	 0	 2054	 
33	 17	 23	 2	 3	 
4	 0	 2	 0	 2	 
8497	 0	 86	 0	 3062	 
3	 0	 4	 1	 1	 
3	 0	 4	 0	 0	 
3159	 0	 28	 0	 0	 
34	 17	 26	 2	 3	 
3	 0	 2	 0	 2	 
7986	 0	 90	 0	 4463	 
2	 0	 1	 1	 1	 
2	 0	 0	 0	 0	 
493	 0	 0	 0	 0	 
34	 17	 26	 2	 3	 
3	 0	 2	 0	 2	 
67	 0	 6	 0	 46	 
15	 2	 3	 2	 2	 
0	 0	 0	 0	 2	 
0	 0	 0	 0	 3177	 
34	 17	 26	 2	 3	 
3	 0	 2	 0	 2	 
2125	 0	 44	 0	 1163	 
5	 6	 12	 2	 2	 
2	 0	 2	 0	 2	 
314	 0	 9	 0	 50	 
65	 18	 31	 4	 5	 
0	 0	 0	 0	 0	 
0	 0	 0	 0	 0	 
98	 47	 21	 4	 3	 
1	 0	 2	 3	 3	 
1	 0	 4	 56	 12	 
37	 5	 10	 2	 2	 
3	 0	 0	 0	 2	 
2240	 0	 0	 0	 2025	 
10	 8	 10	 2	 2	 
0	 1	 3	 2	 2	 
0	 64	 663	 1910	 1433	 
7	 0	 3	 2	 1	 
2	 0	 0	 0	 0	 
2398	 0	 0	 0	 0	 
13	 3	 8	 2	 2	 
6	 0	 0	 2	 2	 
2110	 0	 0	 123	 2847	 
7	 5	 12	 2	 1	 
3	 0	 2	 0	 0	 
57	 0	 4	 0	 0	 
4	 0	 1	 1	 1	 
4	 0	 0	 0	 0	 
6335	 0	 0	 0	 0	 
25	 7	 13	 2	 2	 
4	 0	 0	 0	 0	 
775	 0	 0	 0	 0	 
21	 10	 34	 1	 2	 
0	 0	 2	 0	 2	 
0	 0	 771	 0	 1033	 
19	 3	 11	 2	 2	 
4	 0	 0	 0	 2	 
21679	 0	 0	 0	 2069	 
52	 5	 10	 2	 3	 
0	 0	 0	 0	 2	 
0	 0	 0	 0	 7	 
32	 4	 10	 2	 1	 
4	 0	 2	 0	 0	 
25481	 0	 376	 0	 0	 
40	 0	 2	 1	 1	 
9	 0	 0	 0	 0	 
1016	 0	 0	 0	 0	 
136	 0	 5	 1	 1	 
3	 0	 3	 0	 0	 
8288	 0	 122	 0	 0	 
17	 6	 12	 2	 1	 
6	 0	 0	 0	 0	 
80	 0	 0	 0	 0	 
8	 2	 9	 2	 1	 
4	 0	 2	 0	 0	 
2024	 0	 25	 0	 0	 
14	 3	 4	 1	 2	 
0	 0	 2	 0	 2	 
0	 0	 748	 0	 2294	 
16	 3	 8	 2	 1	 
3	 0	 3	 0	 0	 
4139	 0	 6	 0	 0	 
16	 0	 6	 1	 1	 
3	 0	 2	 0	 0	 
6263	 0	 49	 0	 0	 
29	 3	 9	 1	 2	 
10	 3	 4	 0	 2	 
15223	 475	 79	 0	 333	 
64	 20	 22	 2	 4	 
3	 0	 0	 0	 3	 
2778	 0	 0	 0	 3139	 
17	 4	 8	 2	 1	 
4	 0	 3	 0	 0	 
6884	 0	 180	 0	 0	 
4	 4	 5	 1	 1	 
3	 0	 1	 0	 0	 
44844	 0	 968	 0	 0	 
13	 9	 16	 5	 3	 
0	 1	 3	 4	 3	 
0	 138	 469	 2063	 1794	 
66	 5	 9	 1	 2	 
6	 0	 0	 0	 2	 
208	 0	 0	 0	 19	 
16	 4	 7	 1	 1	 
5	 0	 4	 0	 0	 
5061	 0	 190	 0	 0	 
32	 28	 31	 3	 3	 
0	 1	 3	 2	 3	 
0	 3	 507	 1927	 3514	 
13	 9	 16	 5	 3	 
0	 1	 3	 4	 3	 
0	 114	 490	 2245	 1834	 
61	 6	 15	 2	 3	 
5	 0	 0	 0	 2	 
2814	 0	 0	 0	 4693	 
15	 0	 5	 1	 1	 
3	 0	 3	 0	 0	 
3543	 0	 6	 0	 0	 
13	 8	 22	 2	 1	 
3	 2	 1	 0	 0	 
6765	 1666	 328	 0	 0	 
104	 0	 5	 1	 1	 
3	 0	 2	 0	 0	 
8829	 0	 106	 0	 0	 
14	 17	 21	 2	 1	 
3	 0	 1	 0	 0	 
21593	 0	 118	 0	 0	 
44	 5	 10	 2	 1	 
8	 0	 0	 0	 0	 
2425	 0	 0	 0	 0	 
61	 6	 15	 2	 3	 
5	 0	 0	 0	 2	 
3146	 0	 0	 0	 5243	 
85	 0	 5	 1	 1	 
3	 0	 3	 0	 0	 
8694	 0	 117	 0	 0	 
5	 5	 7	 2	 1	 
3	 0	 2	 0	 0	 
4683	 0	 12	 0	 0	 
10	 13	 24	 2	 1	 
5	 0	 3	 0	 0	 
1832	 0	 11	 0	 0	 
56	 13	 26	 3	 3	 
0	 0	 0	 2	 2	 
0	 0	 0	 14	 14	 
57	 4	 19	 2	 3	 
1	 0	 0	 0	 2	 
1138	 0	 0	 0	 2305	 
16	 3	 18	 1	 2	 
2	 0	 0	 0	 2	 
1592	 0	 0	 0	 7	 
21	 11	 8	 2	 2	 
3	 0	 0	 0	 2	 
2071	 0	 0	 0	 255	 
15	 2	 5	 1	 1	 
3	 0	 2	 0	 0	 
4654	 0	 4	 0	 0	 
13	 11	 8	 3	 3	 
0	 0	 0	 2	 2	 
0	 0	 0	 2171	 1085	 
47	 13	 21	 3	 1	 
0	 0	 0	 2	 0	 
0	 0	 0	 2300	 0	 
34	 17	 26	 2	 3	 
3	 2	 1	 0	 2	 
2662	 186	 188	 0	 2477	 
13	 9	 16	 5	 3	 
0	 1	 3	 4	 3	 
0	 131	 437	 2370	 2050	 
160	 0	 5	 1	 1	 
3	 0	 3	 0	 0	 
8931	 0	 133	 0	 0	 
4	 0	 3	 1	 1	 
3	 0	 1	 0	 0	 
4024	 0	 9	 0	 0	 
34	 17	 26	 2	 3	 
3	 2	 1	 0	 2	 
2875	 100	 176	 0	 2478	 
47	 13	 21	 3	 1	 
0	 0	 0	 2	 0	 
0	 0	 0	 2168	 0	 
15	 3	 3	 2	 1	 
5	 2	 0	 0	 0	 
1723	 299	 0	 0	 0	 
15	 6	 21	 1	 2	 
0	 0	 0	 0	 2	 
0	 0	 0	 0	 2146	 
28	 17	 26	 3	 3	 
0	 1	 4	 3	 2	 
0	 228	 1475	 4260	 2458	 
33	 18	 41	 4	 4	 
0	 0	 0	 2	 3	 
0	 0	 0	 2057	 2066	 
34	 17	 26	 2	 3	 
9	 2	 1	 0	 2	 
4988	 680	 141	 0	 3231	 
11	 2	 6	 2	 2	 
4	 0	 0	 2	 2	 
5528	 0	 0	 3	 436	 
16	 15	 27	 3	 1	 
4	 0	 1	 0	 0	 
6070	 0	 43	 0	 0	 
16	 7	 13	 3	 3	 
4	 0	 0	 2	 3	 
6674	 0	 0	 1908	 3814	 
64	 5	 14	 1	 2	 
6	 0	 3	 0	 2	 
10155	 0	 1064	 0	 9	 
10	 2	 5	 2	 2	 
8	 0	 0	 0	 2	 
9196	 0	 0	 0	 1622	 
40	 24	 29	 2	 2	 
23	 5	 1	 0	 2	 
27822	 24	 2	 0	 784	 
9	 5	 14	 1	 2	 
0	 0	 0	 0	 2	 
0	 0	 0	 0	 3506	 
18	 18	 27	 2	 2	 
1	 0	 3	 0	 2	 
1063	 0	 3946	 0	 1983	 
22	 7	 15	 2	 1	 
7	 0	 0	 0	 0	 
27556	 0	 0	 0	 0	 
29	 6	 9	 3	 2	 
0	 0	 0	 2	 2	 
0	 0	 0	 2181	 2181	 
7	 3	 15	 3	 1	 
3	 2	 6	 2	 1	 
153	 7	 45	 78	 17	 
23	 8	 7	 9	 2	 
10	 0	 0	 3	 0	 
451	 0	 0	 10	 0	 
5	 4	 7	 1	 1	 
3	 0	 4	 0	 0	 
4111	 0	 15	 0	 0	 
50	 12	 17	 4	 2	 
0	 0	 3	 4	 2	 
0	 0	 1397	 8745	 9634	 
23	 8	 15	 1	 2	 
0	 0	 2	 0	 2	 
0	 0	 100	 0	 2082	 
37	 18	 35	 4	 3	 
0	 0	 0	 2	 2	 
0	 0	 0	 2235	 1117	 
11	 10	 19	 3	 2	 
5	 0	 0	 0	 2	 
329	 0	 0	 0	 6	 
34	 17	 26	 2	 3	 
3	 2	 1	 0	 2	 
2754	 184	 171	 0	 2372	 
4	 0	 3	 2	 1	 
3	 0	 2	 2	 0	 
8846	 0	 4	 6	 0	 
43	 14	 26	 5	 2	 
0	 0	 0	 4	 2	 
0	 0	 0	 8463	 4955	 
15	 0	 4	 1	 1	 
3	 0	 0	 0	 0	 
2666	 0	 0	 0	 0	 
34	 17	 26	 2	 3	 
9	 2	 1	 0	 2	 
5127	 705	 135	 0	 3385	 
11	 4	 9	 1	 2	 
6	 0	 2	 0	 2	 
28485	 0	 219	 0	 1099	 
5	 0	 2	 1	 1	 
4	 0	 1	 0	 0	 
33	 0	 2	 0	 0	 
22	 9	 17	 2	 2	 
4	 0	 0	 0	 2	 
8334	 0	 0	 0	 1295	 
27	 9	 12	 4	 2	 
10	 0	 0	 3	 2	 
18073	 0	 0	 665	 47	 
17	 10	 10	 2	 1	 
6	 0	 0	 0	 0	 
16896	 0	 0	 0	 0	 
21	 9	 15	 1	 3	 
0	 0	 0	 0	 3	 
0	 0	 0	 0	 7882	 
11	 5	 14	 3	 3	 
4	 0	 0	 0	 3	 
38	 0	 0	 0	 12	 
34	 17	 26	 2	 3	 
3	 2	 1	 0	 2	 
2786	 203	 176	 0	 2591	 
25	 10	 12	 1	 1	 
7	 0	 1	 0	 0	 
12758	 0	 89	 0	 0	 
10	 0	 4	 2	 2	 
8	 0	 1	 0	 2	 
18578	 0	 2	 0	 127	 
13	 3	 9	 2	 1	 
6	 0	 0	 0	 0	 
69	 0	 0	 0	 0	 
25	 7	 18	 5	 2	 
8	 0	 2	 2	 2	 
84	 0	 7	 6	 12	 
19	 10	 21	 3	 2	 
1	 0	 0	 2	 2	 
556	 0	 0	 2176	 1088	 
32	 6	 9	 2	 2	 
2	 1	 4	 2	 2	 
875	 315	 931	 1856	 1736	 
18	 8	 20	 2	 2	 
0	 0	 0	 0	 2	 
0	 0	 0	 0	 2224	 
14	 3	 7	 1	 1	 
6	 0	 0	 0	 0	 
27307	 0	 0	 0	 0	 
11	 0	 5	 3	 1	 
7	 0	 0	 0	 0	 
20586	 0	 0	 0	 0	 
3	 0	 3	 2	 1	 
2	 0	 0	 0	 0	 
505	 0	 0	 0	 0	 
19	 13	 22	 5	 3	 
1	 0	 0	 3	 2	 
1038	 0	 0	 4220	 1061	 
5	 3	 4	 1	 1	 
3	 0	 1	 0	 0	 
18	 0	 2	 0	 0	 
46	 12	 31	 4	 3	 
6	 1	 4	 2	 3	 
1171	 11	 79	 39	 1467	 
53	 7	 11	 2	 2	 
6	 0	 0	 0	 2	 
19	 0	 0	 0	 7	 
15	 7	 7	 2	 3	 
5	 0	 0	 0	 3	 
163	 0	 0	 0	 10	 
13	 9	 12	 2	 1	 
4	 0	 1	 0	 0	 
60491	 0	 100	 0	 0	 
46	 0	 1	 1	 2	 
8	 0	 0	 0	 2	 
101	 0	 0	 0	 7	 
26	 5	 11	 7	 3	 
2	 0	 2	 7	 3	 
4878	 0	 2070	 9207	 3280	 
18	 7	 13	 3	 3	 
4	 0	 2	 2	 3	 
3197	 0	 1037	 606	 1210	 
23	 17	 20	 3	 4	 
8	 0	 1	 0	 1	 
795	 0	 2	 0	 2	 
11	 2	 11	 1	 1	 
2	 0	 3	 0	 1	 
12665	 0	 4802	 0	 943	 
20	 7	 11	 2	 1	 
3	 0	 2	 0	 0	 
1843	 0	 4	 0	 0	 
13	 9	 14	 2	 2	 
0	 0	 0	 0	 0	 
0	 0	 0	 0	 0	 
14	 4	 10	 1	 1	 
6	 1	 0	 0	 0	 
15128	 5140	 0	 0	 0	 
26	 8	 26	 2	 2	 
6	 0	 0	 0	 2	 
10979	 0	 0	 0	 1941	 
18	 0	 3	 2	 1	 
14	 0	 0	 0	 0	 
58095	 0	 0	 0	 0	 
35	 4	 15	 3	 3	 
1	 0	 0	 0	 3	 
790	 0	 0	 0	 2514	 
19	 3	 14	 2	 1	 
11	 1	 4	 0	 0	 
33274	 3	 20	 0	 0	 
6	 4	 2	 2	 2	 
5	 0	 0	 2	 2	 
28424	 0	 0	 15	 504	 
28	 5	 4	 2	 2	 
6	 0	 0	 0	 2	 
182	 0	 0	 0	 8	 
6	 5	 9	 1	 1	 
3	 0	 1	 0	 0	 
4186	 0	 25	 0	 0	 
6	 4	 8	 2	 1	 
3	 0	 3	 0	 0	 
6483	 0	 6	 0	 0	 
56	 23	 32	 3	 3	 
8	 2	 0	 0	 2	 
34764	 15788	 0	 0	 13709	 
36	 10	 13	 2	 1	 
9	 2	 0	 0	 0	 
64073	 69	 0	 0	 0	 
16	 2	 4	 5	 2	 
0	 0	 0	 3	 2	 
0	 0	 0	 2170	 2172	 
4	 0	 1	 1	 1	 
4	 0	 0	 0	 0	 
887	 0	 0	 0	 0	 
76	 12	 12	 2	 2	 
7	 4	 0	 0	 2	 
5572	 1227	 0	 0	 250	 
14	 0	 4	 1	 1	 
4	 0	 3	 0	 0	 
10001	 0	 224	 0	 0	 
31	 8	 13	 2	 3	 
5	 0	 0	 0	 3	 
4763	 0	 0	 0	 3449	 
16	 0	 4	 1	 1	 
4	 0	 2	 0	 0	 
28355	 0	 705	 0	 0	 
11	 0	 2	 2	 1	 
6	 0	 0	 0	 0	 
2548	 0	 0	 0	 0	 
25	 4	 6	 2	 2	 
8	 2	 4	 2	 2	 
59008	 2728	 3791	 1705	 4331	 
15	 2	 3	 1	 3	 
6	 0	 2	 0	 3	 
6389	 0	 444	 0	 2929	 
16	 5	 15	 2	 1	 
5	 0	 5	 0	 0	 
3038	 0	 881	 0	 0	 
31	 7	 9	 2	 3	 
4	 0	 0	 0	 3	 
6747	 0	 0	 0	 3846	 
10	 11	 19	 3	 2	 
0	 1	 3	 2	 2	 
0	 262	 940	 2104	 1730	 
27	 2	 5	 2	 1	 
21	 0	 2	 2	 1	 
31722	 0	 270	 498	 87	 
8	 0	 1	 1	 1	 
6	 0	 0	 0	 0	 
17060	 0	 0	 0	 0	 
33	 32	 86	 2	 3	 
3	 0	 0	 0	 3	 
6637	 0	 0	 0	 3306	 
39	 11	 16	 3	 3	 
0	 0	 0	 2	 3	 
0	 0	 0	 1066	 4169	 
19	 17	 29	 3	 1	 
6	 0	 7	 0	 1	 
2750	 0	 195	 0	 7	 
26	 6	 11	 1	 1	 
16	 3	 4	 0	 0	 
14604	 223	 49	 0	 0	 
48	 13	 30	 3	 3	 
0	 0	 0	 2	 3	 
0	 0	 0	 2318	 2317	 
3	 0	 3	 2	 2	 
3	 0	 0	 0	 2	 
92849	 0	 0	 0	 142	 
7	 4	 9	 2	 1	 
3	 0	 1	 0	 0	 
3868	 0	 6	 0	 0	 
2	 0	 1	 1	 1	 
0	 0	 0	 0	 0	 
0	 0	 0	 0	 0	 
9	 5	 11	 3	 2	 
2	 0	 2	 2	 2	 
4934	 0	 766	 994	 1989	 
16	 0	 4	 1	 1	 
3	 0	 2	 0	 0	 
6219	 0	 1852	 0	 0	 
12	 0	 1	 2	 1	 
8	 0	 0	 0	 0	 
1779	 0	 0	 0	 0	 
26	 26	 39	 6	 2	 
0	 0	 0	 2	 2	 
0	 0	 0	 2064	 1034	 
13	 3	 8	 2	 2	 
6	 0	 0	 2	 2	 
2289	 0	 0	 112	 2047	 
21	 7	 14	 2	 2	 
8	 0	 0	 0	 2	 
5410	 0	 0	 0	 1082	 
26	 9	 12	 3	 3	 
4	 0	 0	 2	 3	 
6276	 0	 0	 1906	 3810	 
44	 4	 7	 2	 2	 
10	 0	 2	 0	 0	 
669	 0	 10	 0	 0	 
47	 12	 39	 3	 4	 
2	 0	 2	 0	 3	 
4985	 0	 2011	 0	 12790	 
45	 9	 170	 1	 2	 
1	 0	 40	 0	 2	 
1109	 0	 6715	 0	 2442	 
13	 5	 19	 2	 2	 
0	 0	 0	 2	 2	 
0	 0	 0	 944	 1888	 
25	 16	 19	 2	 3	 
0	 1	 3	 2	 3	 
0	 53	 667	 2096	 2788	 
46	 12	 31	 4	 3	 
6	 1	 4	 2	 3	 
1141	 10	 59	 42	 1356	 
7	 3	 2	 1	 2	 
3	 3	 2	 0	 2	 
1289	 1028	 186	 0	 1197	 
57	 17	 28	 8	 4	 
1	 0	 3	 5	 3	 
175	 0	 1616	 14761	 4488	 
47	 13	 21	 3	 1	 
0	 0	 0	 2	 0	 
0	 0	 0	 2062	 0	 
14	 16	 24	 3	 1	 
3	 0	 5	 0	 0	 
2998	 0	 422	 0	 0	 
1	 0	 1	 1	 2	 
0	 0	 0	 0	 2	 
0	 0	 0	 0	 6693	 
43	 4	 19	 7	 2	 
0	 0	 0	 5	 2	 
0	 0	 0	 8534	 1067	 
9	 5	 12	 2	 1	 
6	 0	 0	 0	 0	 
27883	 0	 0	 0	 0	 
13	 0	 1	 1	 1	 
6	 0	 0	 0	 0	 
68223	 0	 0	 0	 0	 
19	 16	 23	 3	 1	 
6	 1	 3	 2	 0	 
3983	 150	 1193	 2256	 0	 
4	 2	 2	 1	 1	 
0	 0	 0	 0	 0	 
0	 0	 0	 0	 0	 
11	 0	 10	 2	 1	 
4	 0	 3	 0	 0	 
3004	 0	 62	 0	 0	 
29	 2	 12	 4	 2	 
8	 0	 0	 2	 2	 
1570	 0	 0	 9	 7	 
46	 12	 31	 4	 3	 
6	 1	 4	 2	 3	 
984	 7	 72	 24	 1249	 
27	 10	 19	 3	 1	 
17	 0	 3	 2	 0	 
5435	 0	 22	 5	 0	 
26	 0	 4	 2	 1	 
3	 0	 1	 0	 0	 
24	 0	 2	 0	 0	 
19	 0	 3	 2	 1	 
8	 0	 0	 0	 0	 
10846	 0	 0	 0	 0	 
26	 15	 28	 4	 1	 
9	 0	 5	 2	 0	 
609	 0	 13	 8	 0	 
32	 2	 11	 1	 2	 
0	 0	 0	 0	 2	 
0	 0	 0	 0	 2207	 
7	 6	 12	 2	 1	 
3	 0	 4	 0	 0	 
2075	 0	 12	 0	 0	 
34	 17	 26	 2	 3	 
9	 2	 1	 0	 2	 
3744	 556	 71	 0	 2255	 
20	 7	 23	 3	 2	 
0	 0	 0	 0	 2	 
0	 0	 0	 0	 1136	 
43	 12	 45	 5	 2	 
9	 0	 6	 3	 2	 
656	 0	 294	 83	 79	 
13	 14	 25	 3	 1	 
1	 0	 0	 2	 0	 
1058	 0	 0	 2190	 0	 
32	 0	 5	 2	 3	 
0	 0	 0	 0	 3	 
0	 0	 0	 0	 2840	 
16	 4	 5	 2	 1	 
2	 0	 0	 0	 0	 
1330	 0	 0	 0	 0	 
38	 10	 20	 3	 2	 
0	 0	 0	 2	 2	 
0	 0	 0	 2044	 1021	 
45	 12	 30	 4	 3	 
10	 1	 3	 2	 3	 
4889	 43	 71	 216	 1779	 
14	 14	 19	 3	 3	 
1	 0	 0	 2	 2	 
1132	 0	 0	 2303	 1151	 
6	 0	 3	 1	 1	 
3	 0	 2	 0	 0	 
48043	 0	 1255	 0	 0	 
15	 0	 8	 1	 1	 
3	 0	 3	 0	 0	 
4373	 0	 6	 0	 0	 
6	 0	 2	 1	 1	 
4	 0	 0	 0	 0	 
11709	 0	 0	 0	 0	 
29	 17	 24	 2	 2	 
5	 2	 2	 0	 2	 
70834	 728	 2517	 0	 3259	 
13	 0	 4	 2	 1	 
9	 0	 1	 0	 0	 
6476	 0	 2	 0	 0	 
10	 0	 1	 2	 1	 
5	 0	 0	 0	 0	 
476	 0	 0	 0	 0	 
11	 3	 8	 4	 1	 
6	 0	 1	 2	 0	 
25751	 0	 91	 1887	 0	 
10	 2	 4	 1	 2	 
4	 0	 2	 0	 2	 
21772	 0	 14	 0	 26	 
13	 3	 8	 2	 2	 
6	 0	 0	 2	 2	 
328	 0	 0	 14	 304	 
7	 5	 12	 2	 1	 
3	 0	 2	 0	 0	 
2093	 0	 5	 0	 0	 
4	 0	 1	 1	 1	 
4	 0	 0	 0	 0	 
5629	 0	 0	 0	 0	 
25	 7	 13	 2	 2	 
4	 0	 0	 0	 0	 
735	 0	 0	 0	 0	 
21	 10	 34	 1	 2	 
0	 0	 2	 0	 2	 
0	 0	 657	 0	 989	 
19	 3	 11	 2	 2	 
4	 0	 0	 0	 2	 
20547	 0	 0	 0	 1961	 
52	 5	 10	 2	 3	 
0	 0	 0	 0	 2	 
0	 0	 0	 0	 7	 
32	 4	 10	 2	 1	 
4	 0	 2	 0	 0	 
26628	 0	 318	 0	 0	 
40	 0	 2	 1	 1	 
10	 0	 0	 0	 0	 
1080	 0	 0	 0	 0	 
136	 0	 5	 1	 1	 
3	 0	 2	 0	 0	 
8599	 0	 100	 0	 0	 
17	 6	 12	 2	 1	 
11	 0	 0	 0	 0	 
1071	 0	 0	 0	 0	 
8	 2	 9	 2	 1	 
4	 0	 2	 0	 0	 
2091	 0	 28	 0	 0	 
14	 3	 4	 1	 2	 
0	 0	 2	 0	 2	 
0	 0	 715	 0	 2214	 
16	 3	 8	 2	 1	 
3	 0	 3	 0	 0	 
5503	 0	 6	 0	 0	 
16	 0	 6	 1	 1	 
3	 0	 2	 0	 0	 
5739	 0	 41	 0	 0	 
29	 3	 9	 1	 2	 
4	 0	 4	 0	 2	 
293	 0	 8	 0	 18	 
64	 20	 22	 2	 4	 
3	 0	 0	 0	 3	 
2565	 0	 0	 0	 2958	 
17	 4	 8	 2	 1	 
4	 0	 3	 0	 0	 
6531	 0	 155	 0	 0	 
4	 4	 5	 1	 1	 
3	 0	 1	 0	 0	 
40493	 0	 883	 0	 0	 
13	 9	 16	 5	 3	 
0	 1	 3	 4	 3	 
0	 127	 429	 2110	 1815	 
66	 5	 9	 1	 2	 
6	 0	 0	 0	 2	 
143	 0	 0	 0	 18	 
16	 4	 7	 1	 1	 
5	 0	 4	 0	 0	 
5266	 0	 210	 0	 0	 
32	 28	 31	 3	 3	 
0	 1	 3	 2	 3	 
0	 4	 574	 2044	 3739	 
13	 9	 16	 5	 3	 
0	 1	 3	 4	 3	 
0	 133	 465	 2069	 1779	 
61	 6	 15	 2	 3	 
5	 0	 0	 0	 2	 
3050	 0	 0	 0	 5084	 
15	 0	 5	 1	 1	 
3	 0	 3	 0	 0	 
12132	 0	 6	 0	 0	 
13	 8	 22	 2	 1	 
3	 2	 1	 0	 0	 
7049	 1762	 331	 0	 0	 
104	 0	 5	 1	 1	 
3	 0	 3	 0	 0	 
8749	 0	 124	 0	 0	 
14	 17	 21	 2	 1	 
3	 0	 1	 0	 0	 
22948	 0	 113	 0	 0	 
44	 5	 10	 2	 1	 
10	 0	 0	 0	 0	 
2830	 0	 0	 0	 0	 
61	 6	 15	 2	 3	 
5	 0	 0	 0	 2	 
2893	 0	 0	 0	 4832	 
85	 0	 5	 1	 1	 
3	 0	 3	 0	 0	 
9092	 0	 112	 0	 0	 
5	 5	 7	 2	 1	 
3	 0	 2	 0	 0	 
3880	 0	 9	 0	 0	 
10	 13	 24	 2	 1	 
5	 0	 3	 0	 0	 
1794	 0	 14	 0	 0	 
56	 13	 26	 3	 3	 
0	 0	 0	 2	 2	 
0	 0	 0	 8	 8	 
57	 4	 19	 2	 3	 
1	 0	 0	 0	 2	 
1189	 0	 0	 0	 2384	 
16	 3	 18	 1	 2	 
2	 0	 0	 0	 2	 
1120	 0	 0	 0	 7	 
21	 11	 8	 2	 2	 
3	 0	 0	 0	 2	 
1751	 0	 0	 0	 274	 
15	 2	 5	 1	 1	 
3	 0	 1	 0	 0	 
4250	 0	 2	 0	 0	 
13	 11	 8	 3	 3	 
0	 0	 0	 2	 2	 
0	 0	 0	 2237	 1118	 
47	 13	 21	 3	 1	 
0	 0	 0	 2	 0	 
0	 0	 0	 2156	 0	 
34	 17	 26	 2	 3	 
3	 2	 1	 0	 2	 
2295	 115	 119	 0	 2068	 
13	 9	 16	 5	 3	 
0	 1	 3	 4	 3	 
0	 144	 467	 2298	 1944	 
160	 0	 5	 1	 1	 
3	 0	 3	 0	 0	 
8634	 0	 116	 0	 0	 
4	 0	 3	 1	 1	 
3	 0	 1	 0	 0	 
524	 0	 2	 0	 0	 
34	 17	 26	 2	 3	 
3	 2	 1	 0	 2	 
2643	 127	 155	 0	 2282	 
47	 13	 21	 3	 1	 
0	 0	 0	 2	 0	 
0	 0	 0	 2049	 0	 
15	 3	 3	 2	 1	 
5	 2	 0	 0	 0	 
1334	 266	 0	 0	 0	 
15	 6	 21	 1	 2	 
0	 0	 0	 0	 2	 
0	 0	 0	 0	 2032	 
28	 17	 26	 3	 3	 
0	 1	 4	 3	 2	 
0	 197	 1404	 4101	 2473	 
33	 18	 41	 4	 4	 
0	 0	 0	 2	 3	 
0	 0	 0	 2058	 2066	 
34	 17	 26	 2	 3	 
3	 2	 1	 0	 2	 
3399	 185	 212	 0	 2975	 
11	 2	 6	 2	 2	 
5	 0	 0	 2	 2	 
12144	 0	 0	 4	 1097	 
16	 15	 27	 3	 1	 
4	 0	 1	 0	 0	 
6353	 0	 48	 0	 0	 
16	 7	 13	 3	 3	 
4	 0	 0	 2	 3	 
7408	 0	 0	 2118	 4234	 
64	 5	 14	 1	 2	 
6	 0	 3	 0	 2	 
10813	 0	 1116	 0	 8	 
10	 2	 5	 2	 2	 
7	 0	 0	 0	 2	 
3385	 0	 0	 0	 968	 
40	 24	 29	 2	 2	 
28	 5	 1	 0	 2	 
101813	 58	 4	 0	 2404	 
9	 5	 14	 1	 2	 
0	 0	 0	 0	 2	 
0	 0	 0	 0	 3560	 
18	 18	 27	 2	 2	 
1	 0	 3	 0	 2	 
966	 0	 3602	 0	 1814	 
22	 7	 15	 2	 1	 
7	 0	 0	 0	 0	 
26436	 0	 0	 0	 0	 
29	 6	 9	 3	 2	 
0	 0	 0	 2	 2	 
0	 0	 0	 2323	 2323	 
7	 3	 15	 3	 1	 
3	 2	 6	 2	 1	 
233	 5	 85	 40	 26	 
23	 8	 7	 9	 2	 
8	 2	 2	 3	 0	 
543	 8	 5	 13	 0	 
5	 4	 7	 1	 1	 
3	 0	 4	 0	 0	 
3661	 0	 14	 0	 0	 
50	 12	 17	 4	 2	 
0	 0	 3	 4	 2	 
0	 0	 1338	 8400	 9175	 
23	 8	 15	 1	 2	 
0	 0	 2	 0	 2	 
0	 0	 118	 0	 2450	 
37	 18	 35	 4	 3	 
0	 0	 0	 2	 2	 
0	 0	 0	 2142	 1071	 
11	 10	 19	 3	 2	 
5	 0	 0	 0	 2	 
264	 0	 0	 0	 6	 
34	 17	 26	 2	 3	 
3	 2	 1	 0	 2	 
2811	 177	 179	 0	 2552	 
4	 0	 3	 2	 1	 
3	 0	 2	 2	 0	 
9717	 0	 4	 6	 0	 
43	 14	 26	 5	 2	 
0	 0	 0	 4	 2	 
0	 0	 0	 9067	 5429	 
15	 0	 4	 1	 1	 
3	 0	 0	 0	 0	 
2598	 0	 0	 0	 0	 
34	 17	 26	 2	 3	 
3	 2	 1	 0	 2	 
2886	 182	 170	 0	 2574	 
11	 4	 9	 1	 2	 
6	 0	 2	 0	 2	 
27395	 0	 182	 0	 1037	 
5	 0	 2	 1	 1	 
4	 0	 1	 0	 0	 
1543	 0	 10	 0	 0	 
22	 9	 17	 2	 2	 
4	 0	 0	 0	 2	 
7992	 0	 0	 0	 1172	 
27	 9	 12	 4	 2	 
12	 0	 0	 3	 2	 
19996	 0	 0	 736	 52	 
17	 10	 10	 2	 1	 
6	 0	 0	 0	 0	 
17081	 0	 0	 0	 0	 
21	 9	 15	 1	 3	 
0	 0	 0	 0	 3	 
0	 0	 0	 0	 8328	 
11	 5	 14	 3	 3	 
4	 0	 0	 0	 3	 
73	 0	 0	 0	 10	 
34	 17	 26	 2	 3	 
3	 2	 1	 0	 2	 
2963	 132	 184	 0	 2490	 
25	 10	 12	 1	 1	 
7	 0	 1	 0	 0	 
26318	 0	 138	 0	 0	 
10	 0	 4	 2	 2	 
9	 0	 1	 0	 2	 
19280	 0	 6	 0	 130	 
13	 3	 9	 2	 1	 
7	 0	 1	 0	 0	 
99	 0	 2	 0	 0	 
25	 7	 18	 5	 2	 
8	 0	 2	 2	 2	 
66	 0	 7	 6	 10	 
19	 10	 21	 3	 2	 
1	 0	 0	 2	 2	 
640	 0	 0	 2400	 1200	 
32	 6	 9	 2	 2	 
2	 1	 4	 2	 2	 
922	 304	 989	 1984	 1889	 
18	 8	 20	 2	 2	 
0	 0	 0	 0	 2	 
0	 0	 0	 0	 2128	 
14	 3	 7	 1	 1	 
6	 0	 0	 0	 0	 
25614	 0	 0	 0	 0	 
11	 0	 5	 3	 1	 
8	 0	 0	 0	 0	 
17800	 0	 0	 0	 0	 
3	 0	 3	 2	 1	 
2	 0	 0	 0	 0	 
553	 0	 0	 0	 0	 
19	 13	 22	 5	 3	 
1	 0	 0	 3	 2	 
1058	 0	 0	 4328	 1086	 
5	 3	 4	 1	 1	 
5	 0	 3	 0	 0	 
8726	 0	 7	 0	 0	 
46	 12	 31	 4	 3	 
6	 1	 4	 2	 3	 
1206	 12	 74	 27	 1456	 
53	 7	 11	 2	 2	 
11	 1	 3	 0	 2	 
3876	 3	 32	 0	 104	 
15	 7	 7	 2	 3	 
5	 0	 0	 0	 3	 
215	 0	 0	 0	 10	 
13	 9	 12	 2	 1	 
4	 0	 1	 0	 0	 
63037	 0	 95	 0	 0	 
46	 0	 1	 1	 2	 
9	 0	 0	 0	 2	 
507	 0	 0	 0	 15	 
26	 5	 11	 7	 3	 
2	 0	 2	 7	 3	 
5206	 0	 2111	 10012	 3435	 
18	 7	 13	 3	 3	 
4	 0	 2	 2	 3	 
3135	 0	 1047	 582	 1162	 
23	 17	 20	 3	 4	 
8	 0	 0	 0	 1	 
738	 0	 0	 0	 53	 
11	 2	 11	 1	 1	 
2	 0	 3	 0	 1	 
12868	 0	 4801	 0	 959	 
20	 7	 11	 2	 1	 
3	 0	 2	 0	 0	 
2006	 0	 4	 0	 0	 
13	 9	 14	 2	 2	 
0	 0	 0	 0	 0	 
0	 0	 0	 0	 0	 
14	 4	 10	 1	 1	 
6	 1	 0	 0	 0	 
14334	 4818	 0	 0	 0	 
26	 8	 26	 2	 2	 
6	 0	 0	 0	 2	 
11718	 0	 0	 0	 2091	 
18	 0	 3	 2	 1	 
13	 0	 0	 0	 0	 
65886	 0	 0	 0	 0	 
35	 4	 15	 3	 3	 
1	 0	 0	 0	 3	 
730	 0	 0	 0	 2314	 
19	 3	 14	 2	 1	 
10	 0	 4	 0	 0	 
44035	 0	 47	 0	 0	 
6	 4	 2	 2	 2	 
5	 0	 0	 2	 2	 
51789	 0	 0	 27	 723	 
28	 5	 4	 2	 2	 
6	 0	 0	 0	 2	 
157	 0	 0	 0	 8	 
6	 5	 9	 1	 1	 
3	 0	 1	 0	 0	 
4347	 0	 9	 0	 0	 
6	 4	 8	 2	 1	 
3	 0	 3	 0	 0	 
6628	 0	 6	 0	 0	 
56	 23	 32	 3	 3	 
8	 2	 2	 0	 2	 
36223	 15828	 5	 0	 13790	 
36	 10	 13	 2	 1	 
9	 2	 0	 0	 0	 
67748	 95	 0	 0	 0	 
16	 2	 4	 5	 2	 
0	 0	 0	 3	 2	 
0	 0	 0	 2221	 2222	 
4	 0	 1	 1	 1	 
4	 0	 0	 0	 0	 
732	 0	 0	 0	 0	 
76	 12	 12	 2	 2	 
7	 4	 0	 0	 2	 
5777	 1265	 0	 0	 247	 
14	 0	 4	 1	 1	 
4	 0	 3	 0	 0	 
10842	 0	 248	 0	 0	 
31	 8	 13	 2	 3	 
5	 0	 0	 0	 3	 
4562	 0	 0	 0	 3380	 
16	 0	 4	 1	 1	 
4	 0	 2	 0	 0	 
27681	 0	 683	 0	 0	 
11	 0	 2	 2	 1	 
8	 0	 0	 0	 0	 
2561	 0	 0	 0	 0	 
25	 4	 6	 2	 2	 
8	 2	 4	 2	 2	 
54460	 2575	 3548	 1591	 3993	 
15	 2	 3	 1	 3	 
6	 0	 2	 0	 3	 
6270	 0	 353	 0	 2678	 
16	 5	 15	 2	 1	 
5	 0	 5	 0	 0	 
3263	 0	 1053	 0	 0	 
31	 7	 9	 2	 3	 
4	 0	 0	 0	 3	 
7085	 0	 0	 0	 4039	 
10	 11	 19	 3	 2	 
0	 1	 3	 2	 2	 
0	 279	 934	 2106	 1654	 
27	 2	 5	 2	 1	 
20	 0	 2	 2	 1	 
34608	 0	 297	 528	 95	 
8	 0	 1	 1	 1	 
7	 0	 0	 0	 0	 
3049	 0	 0	 0	 0	 
33	 32	 86	 2	 3	 
3	 0	 0	 0	 3	 
7655	 0	 0	 0	 3818	 
39	 11	 16	 3	 3	 
0	 0	 0	 2	 3	 
0	 0	 0	 1117	 4287	 
19	 17	 29	 3	 1	 
6	 0	 7	 0	 1	 
2112	 0	 140	 0	 14	 
26	 6	 11	 1	 1	 
16	 2	 4	 0	 0	 
11799	 202	 20	 0	 0	 
48	 13	 30	 3	 3	 
0	 0	 0	 2	 3	 
0	 0	 0	 2136	 2135	 
3	 0	 3	 2	 2	 
3	 0	 0	 0	 2	 
88655	 0	 0	 0	 158	 
7	 4	 9	 2	 1	 
3	 0	 1	 0	 0	 
929	 0	 7	 0	 0	 
2	 0	 1	 1	 1	 
0	 0	 0	 0	 0	 
0	 0	 0	 0	 0	 
9	 5	 11	 3	 2	 
2	 0	 2	 2	 2	 
4973	 0	 750	 967	 1933	 
16	 0	 4	 1	 1	 
3	 0	 2	 0	 0	 
6585	 0	 1879	 0	 0	 
12	 0	 1	 2	 1	 
6	 0	 0	 0	 0	 
1438	 0	 0	 0	 0	 
26	 26	 39	 6	 2	 
0	 0	 0	 2	 2	 
0	 0	 0	 2332	 1168	 
13	 3	 8	 2	 2	 
6	 0	 0	 2	 2	 
3366	 0	 0	 199	 3352	 
21	 7	 14	 2	 2	 
8	 0	 0	 0	 2	 
4959	 0	 0	 0	 992	 
26	 9	 12	 3	 3	 
4	 0	 0	 2	 3	 
6137	 0	 0	 1858	 3714	 
44	 4	 7	 2	 2	 
10	 0	 2	 0	 0	 
1261	 0	 19	 0	 0	 
47	 12	 39	 3	 4	 
2	 0	 2	 0	 3	 
5012	 0	 1981	 0	 12807	 
45	 9	 170	 1	 2	 
1	 0	 40	 0	 2	 
1065	 0	 6506	 0	 2321	 
13	 5	 19	 2	 2	 
0	 0	 0	 2	 2	 
0	 0	 0	 890	 1780	 
25	 16	 19	 2	 3	 
0	 1	 3	 2	 3	 
0	 40	 687	 2203	 2940	 
46	 12	 31	 4	 3	 
6	 1	 4	 2	 3	 
1152	 5	 64	 56	 1266	 
7	 3	 2	 1	 2	 
3	 3	 2	 0	 2	 
1156	 938	 164	 0	 1084	 
57	 17	 28	 8	 4	 
1	 0	 3	 5	 3	 
175	 0	 1893	 15167	 4586	 
47	 13	 21	 3	 1	 
0	 0	 0	 2	 0	 
0	 0	 0	 2364	 0	 
46	 12	 31	 4	 3	 
6	 1	 4	 2	 3	 
1083	 3	 66	 38	 1259	 
14	 16	 24	 3	 1	 
3	 0	 5	 0	 0	 
2997	 0	 354	 0	 0	 
1	 0	 1	 1	 2	 
0	 0	 0	 0	 2	 
0	 0	 0	 0	 6470	 
43	 4	 19	 7	 2	 
0	 0	 0	 5	 2	 
0	 0	 0	 8222	 1028	 
9	 5	 12	 2	 1	 
6	 0	 0	 0	 0	 
26308	 0	 0	 0	 0	 
13	 0	 1	 1	 1	 
6	 0	 0	 0	 0	 
72167	 0	 0	 0	 0	 
19	 16	 23	 3	 1	 
6	 1	 3	 2	 0	 
3696	 135	 1115	 2140	 0	 
4	 2	 2	 1	 1	 
0	 0	 0	 0	 0	 
0	 0	 0	 0	 0	 
11	 0	 10	 2	 1	 
2	 0	 1	 0	 0	 
21	 0	 2	 0	 0	 
29	 2	 12	 4	 2	 
5	 0	 0	 2	 2	 
39	 0	 0	 9	 7	 
46	 12	 31	 4	 3	 
6	 1	 4	 2	 3	 
1231	 12	 67	 49	 1438	 
27	 10	 19	 3	 1	 
12	 0	 6	 2	 0	 
3057	 0	 30	 6	 0	 
26	 0	 4	 2	 1	 
10	 0	 1	 0	 0	 
10183	 0	 2	 0	 0	 
19	 0	 3	 2	 1	 
7	 0	 0	 0	 0	 
1575	 0	 0	 0	 0	 
26	 15	 28	 4	 1	 
8	 0	 2	 2	 0	 
98	 0	 5	 6	 0	 
32	 2	 11	 1	 2	 
0	 0	 0	 0	 2	 
0	 0	 0	 0	 2215	 
7	 6	 12	 2	 1	 
3	 0	 4	 0	 0	 
105	 0	 11	 0	 0	 
34	 17	 26	 2	 3	 
3	 2	 1	 0	 2	 
2886	 208	 183	 0	 2633	 
20	 7	 23	 3	 2	 
0	 0	 0	 0	 2	 
0	 0	 0	 0	 1181	 
43	 12	 45	 5	 2	 
9	 0	 5	 3	 2	 
48	 0	 104	 20	 17	 
13	 14	 25	 3	 1	 
1	 0	 0	 2	 0	 
1103	 0	 0	 2270	 0	 
32	 0	 5	 2	 3	 
0	 0	 0	 0	 3	 
0	 0	 0	 0	 2579	 
16	 4	 5	 2	 1	 
2	 0	 0	 0	 0	 
872	 0	 0	 0	 0	 
38	 10	 20	 3	 2	 
0	 0	 0	 2	 2	 
0	 0	 0	 2192	 1096	 
45	 12	 30	 4	 3	 
10	 1	 3	 2	 3	 
4706	 41	 88	 214	 1864	 
14	 14	 19	 3	 3	 
1	 0	 0	 2	 2	 
1085	 0	 0	 2220	 1111	 
6	 0	 3	 1	 1	 
3	 0	 2	 0	 0	 
42977	 0	 1191	 0	 0	 
15	 0	 8	 1	 1	 
3	 0	 3	 0	 0	 
4268	 0	 6	 0	 0	 
6	 0	 2	 1	 1	 
4	 0	 0	 0	 0	 
14104	 0	 0	 0	 0	 
29	 17	 24	 2	 2	 
5	 2	 2	 0	 2	 
67905	 690	 2399	 0	 3093	 
13	 0	 4	 2	 1	 
8	 0	 1	 0	 0	 
6390	 0	 3	 0	 0	 
10	 0	 1	 2	 1	 
5	 0	 0	 0	 0	 
587	 0	 0	 0	 0	 
11	 3	 8	 4	 1	 
6	 0	 1	 2	 0	 
23571	 0	 82	 1737	 0	 
10	 2	 4	 1	 2	 
4	 0	 2	 0	 2	 
32327	 0	 14	 0	 31	 
13	 3	 8	 2	 2	 
6	 0	 0	 2	 2	 
3155	 0	 0	 166	 3716	 
7	 5	 12	 2	 1	 
3	 0	 2	 0	 0	 
62	 0	 4	 0	 0	 
4	 0	 1	 1	 1	 
4	 0	 0	 0	 0	 
5868	 0	 0	 0	 0	 
25	 7	 13	 2	 2	 
4	 0	 0	 0	 0	 
698	 0	 0	 0	 0	 
21	 10	 34	 1	 2	 
0	 0	 2	 0	 2	 
0	 0	 673	 0	 995	 
19	 3	 11	 2	 2	 
4	 0	 0	 0	 2	 
23762	 0	 0	 0	 2267	 
52	 5	 10	 2	 3	 
0	 0	 0	 0	 2	 
0	 0	 0	 0	 7	 
32	 4	 10	 2	 1	 
4	 0	 2	 0	 0	 
28636	 0	 337	 0	 0	 
40	 0	 2	 1	 1	 
10	 0	 0	 0	 0	 
1207	 0	 0	 0	 0	 
136	 0	 5	 1	 1	 
3	 0	 3	 0	 0	 
8690	 0	 107	 0	 0	 
17	 6	 12	 2	 1	 
9	 0	 1	 0	 0	 
121	 0	 2	 0	 0	 
8	 2	 9	 2	 1	 
4	 0	 2	 0	 0	 
1861	 0	 13	 0	 0	 
14	 3	 4	 1	 2	 
0	 0	 2	 0	 2	 
0	 0	 719	 0	 2250	 
16	 3	 8	 2	 1	 
3	 0	 3	 0	 0	 
4869	 0	 6	 0	 0	 
16	 0	 6	 1	 1	 
3	 0	 2	 0	 0	 
6200	 0	 50	 0	 0	 
29	 3	 9	 1	 2	 
10	 3	 6	 0	 2	 
5052	 107	 39	 0	 118	 
64	 20	 22	 2	 4	 
3	 0	 0	 0	 3	 
2918	 0	 0	 0	 3467	 
17	 4	 8	 2	 1	 
4	 0	 3	 0	 0	 
6249	 0	 146	 0	 0	 
4	 4	 5	 1	 1	 
3	 0	 1	 0	 0	 
40565	 0	 885	 0	 0	 
13	 9	 16	 5	 3	 
0	 1	 3	 4	 3	 
0	 117	 461	 2336	 2096	 
66	 5	 9	 1	 2	 
6	 0	 0	 0	 2	 
188	 0	 0	 0	 16	 
16	 4	 7	 1	 1	 
5	 0	 4	 0	 0	 
5330	 0	 206	 0	 0	 
32	 28	 31	 3	 3	 
0	 1	 3	 2	 3	 
0	 2	 529	 2039	 3686	 
13	 9	 16	 5	 3	 
0	 1	 3	 4	 3	 
0	 142	 470	 2083	 1742	 
61	 6	 15	 2	 3	 
5	 0	 0	 0	 2	 
3089	 0	 0	 0	 5155	 
15	 0	 5	 1	 1	 
3	 0	 3	 0	 0	 
4885	 0	 6	 0	 0	 
13	 8	 22	 2	 1	 
3	 2	 1	 0	 0	 
6582	 1691	 311	 0	 0	 
104	 0	 5	 1	 1	 
3	 0	 3	 0	 0	 
8709	 0	 121	 0	 0	 
14	 17	 21	 2	 1	 
3	 0	 1	 0	 0	 
20661	 0	 104	 0	 0	 
44	 5	 10	 2	 1	 
10	 0	 0	 0	 0	 
2883	 0	 0	 0	 0	 
61	 6	 15	 2	 3	 
5	 0	 0	 0	 2	 
3053	 0	 0	 0	 5093	 
85	 0	 5	 1	 1	 
3	 0	 3	 0	 0	 
7941	 0	 83	 0	 0	 
5	 5	 7	 2	 1	 
3	 0	 2	 0	 0	 
3852	 0	 7	 0	 0	 
10	 13	 24	 2	 1	 
4	 0	 2	 0	 0	 
1821	 0	 4	 0	 0	 
56	 13	 26	 3	 3	 
0	 0	 0	 2	 2	 
0	 0	 0	 1430	 1432	 
57	 4	 19	 2	 3	 
1	 0	 0	 0	 2	 
978	 0	 0	 0	 1960	 
16	 3	 18	 1	 2	 
2	 0	 0	 0	 2	 
1532	 0	 0	 0	 7	 
21	 11	 8	 2	 2	 
3	 0	 0	 0	 2	 
2199	 0	 0	 0	 241	 
15	 2	 5	 1	 1	 
3	 0	 2	 0	 0	 
4524	 0	 5	 0	 0	 
13	 11	 8	 3	 3	 
0	 0	 0	 2	 2	 
0	 0	 0	 2273	 1136	 
47	 13	 21	 3	 1	 
0	 0	 0	 2	 0	 
0	 0	 0	 2156	 0	 
34	 17	 26	 2	 3	 
3	 2	 1	 0	 2	 
2845	 227	 190	 0	 2560	 
13	 9	 16	 5	 3	 
0	 1	 3	 4	 3	 
0	 138	 471	 2082	 1739	 
160	 0	 5	 1	 1	 
3	 0	 3	 0	 0	 
8728	 0	 107	 0	 0	 
4	 0	 3	 1	 1	 
3	 0	 1	 0	 0	 
6173	 0	 8	 0	 0	 
34	 17	 26	 2	 3	 
8	 2	 1	 0	 2	 
2812	 191	 159	 0	 2378	 
47	 13	 21	 3	 1	 
0	 0	 0	 2	 0	 
0	 0	 0	 2130	 0	 
15	 3	 3	 2	 1	 
5	 2	 0	 0	 0	 
1520	 298	 0	 0	 0	 
15	 6	 21	 1	 2	 
0	 0	 0	 0	 2	 
0	 0	 0	 0	 1858	 
28	 17	 26	 3	 3	 
0	 1	 4	 3	 2	 
0	 228	 1459	 4227	 2445	 
33	 18	 41	 4	 4	 
0	 0	 0	 2	 3	 
0	 0	 0	 2477	 2492	 
34	 17	 26	 2	 3	 
3	 2	 1	 0	 2	 
2786	 156	 182	 0	 2573	 
11	 2	 6	 2	 2	 
4	 0	 0	 2	 2	 
200	 0	 0	 3	 58	 
16	 15	 27	 3	 1	 
6	 2	 3	 0	 0	 
5148	 38	 58	 0	 0	 
16	 7	 13	 3	 3	 
4	 0	 0	 2	 3	 
7647	 0	 0	 2190	 4378	 
64	 5	 14	 1	 2	 
6	 0	 6	 0	 2	 
10155	 0	 1077	 0	 8	 
10	 2	 5	 2	 2	 
7	 0	 0	 0	 2	 
3216	 0	 0	 0	 945	 
40	 24	 29	 2	 2	 
19	 3	 1	 0	 2	 
7121	 6	 2	 0	 188	 
9	 5	 14	 1	 2	 
0	 0	 0	 0	 2	 
0	 0	 0	 0	 3353	 
18	 18	 27	 2	 2	 
1	 0	 3	 0	 2	 
1029	 0	 3846	 0	 1937	 
22	 7	 15	 2	 1	 
7	 0	 0	 0	 0	 
27452	 0	 0	 0	 0	 
29	 6	 9	 3	 2	 
0	 0	 0	 2	 2	 
0	 0	 0	 2313	 2315	 
7	 3	 15	 3	 1	 
3	 2	 6	 2	 1	 
106	 6	 34	 16	 11	 
23	 8	 7	 9	 2	 
7	 0	 0	 3	 0	 
395	 0	 0	 7	 0	 
5	 4	 7	 1	 1	 
3	 0	 4	 0	 0	 
3999	 0	 14	 0	 0	 
50	 12	 17	 4	 2	 
0	 0	 3	 4	 2	 
0	 0	 1280	 8408	 9269	 
23	 8	 15	 1	 2	 
0	 0	 2	 0	 2	 
0	 0	 145	 0	 2204	 
37	 18	 35	 4	 3	 
0	 0	 0	 2	 2	 
0	 0	 0	 2037	 1018	 
11	 10	 19	 3	 2	 
6	 0	 0	 0	 2	 
460	 0	 0	 0	 6	 
34	 17	 26	 2	 3	 
3	 2	 1	 0	 2	 
2937	 157	 171	 0	 2529	 
4	 0	 3	 2	 1	 
3	 0	 2	 2	 0	 
9673	 0	 4	 6	 0	 
43	 14	 26	 5	 2	 
0	 0	 0	 4	 2	 
0	 0	 0	 9065	 5412	 
15	 0	 4	 1	 1	 
3	 0	 0	 0	 0	 
2753	 0	 0	 0	 0	 
34	 17	 26	 2	 3	 
3	 2	 1	 0	 2	 
2798	 144	 161	 0	 2564	 
11	 4	 9	 1	 2	 
6	 0	 2	 0	 2	 
27391	 0	 175	 0	 1049	 
5	 0	 2	 1	 1	 
4	 0	 1	 0	 0	 
1567	 0	 8	 0	 0	 
22	 9	 17	 2	 2	 
4	 0	 0	 0	 2	 
9305	 0	 0	 0	 1222	 
27	 9	 12	 4	 2	 
10	 0	 0	 3	 2	 
5962	 0	 0	 341	 26	 
17	 10	 10	 2	 1	 
6	 0	 0	 0	 0	 
16631	 0	 0	 0	 0	 
21	 9	 15	 1	 3	 
0	 0	 0	 0	 3	 
0	 0	 0	 0	 7933	 
11	 5	 14	 3	 3	 
4	 0	 3	 0	 3	 
62	 0	 7	 0	 16	 
34	 17	 26	 2	 3	 
3	 2	 1	 0	 2	 
2810	 209	 175	 0	 2369	 
25	 10	 12	 1	 1	 
7	 0	 1	 0	 0	 
25512	 0	 137	 0	 0	 
10	 0	 4	 2	 2	 
6	 0	 0	 0	 2	 
19377	 0	 0	 0	 129	 
13	 3	 9	 2	 1	 
7	 0	 0	 0	 0	 
124	 0	 0	 0	 0	 
25	 7	 18	 5	 2	 
8	 0	 2	 2	 2	 
58	 0	 7	 6	 10	 
19	 10	 21	 3	 2	 
1	 0	 0	 2	 2	 
549	 0	 0	 2203	 1104	 
32	 6	 9	 2	 2	 
2	 1	 4	 2	 2	 
938	 319	 1031	 1876	 1835	 
18	 8	 20	 2	 2	 
0	 0	 0	 0	 2	 
0	 0	 0	 0	 2132	 
14	 3	 7	 1	 1	 
6	 0	 0	 0	 0	 
27467	 0	 0	 0	 0	 
11	 0	 5	 3	 1	 
8	 0	 0	 0	 0	 
20555	 0	 0	 0	 0	 
3	 0	 3	 2	 1	 
2	 0	 0	 0	 0	 
457	 0	 0	 0	 0	 
19	 13	 22	 5	 3	 
1	 0	 0	 3	 2	 
1088	 0	 0	 4431	 1113	 
5	 3	 4	 1	 1	 
5	 0	 3	 0	 0	 
163	 0	 7	 0	 0	 
46	 12	 31	 4	 3	 
6	 1	 4	 2	 3	 
1209	 10	 64	 32	 1428	 
53	 7	 11	 2	 2	 
6	 0	 2	 0	 2	 
329	 0	 8	 0	 8	 
15	 7	 7	 2	 3	 
5	 0	 0	 0	 3	 
576	 0	 0	 0	 10	 
13	 9	 12	 2	 1	 
4	 0	 1	 0	 0	 
55422	 0	 89	 0	 0	 
46	 0	 1	 1	 2	 
9	 0	 0	 0	 2	 
1398	 0	 0	 0	 55	 
26	 5	 11	 7	 3	 
2	 0	 2	 7	 3	 
4834	 0	 2102	 8690	 3163	 
18	 7	 13	 3	 3	 
4	 0	 2	 2	 3	 
3237	 0	 1079	 598	 1194	 
23	 17	 20	 3	 4	 
7	 0	 0	 0	 1	 
137	 0	 0	 0	 67	 
11	 2	 11	 1	 1	 
2	 0	 3	 0	 1	 
11812	 0	 4403	 0	 876	 
20	 7	 11	 2	 1	 
3	 0	 2	 0	 0	 
422	 0	 4	 0	 0	 
13	 9	 14	 2	 2	 
0	 0	 0	 0	 0	 
0	 0	 0	 0	 0	 
14	 4	 10	 1	 1	 
6	 1	 0	 0	 0	 
14565	 4970	 0	 0	 0	 
26	 8	 26	 2	 2	 
6	 0	 0	 0	 2	 
9839	 0	 0	 0	 1867	 
18	 0	 3	 2	 1	 
13	 0	 0	 0	 0	 
64347	 0	 0	 0	 0	 
35	 4	 15	 3	 3	 
1	 0	 0	 0	 3	 
790	 0	 0	 0	 2519	 
19	 3	 14	 2	 1	 
11	 1	 4	 0	 0	 
48919	 3	 38	 0	 0	 
6	 4	 2	 2	 2	 
5	 0	 0	 2	 2	 
25640	 0	 0	 19	 359	 
28	 5	 4	 2	 2	 
6	 0	 0	 0	 2	 
171	 0	 0	 0	 8	 
6	 5	 9	 1	 1	 
3	 0	 1	 0	 0	 
3740	 0	 16	 0	 0	 
6	 4	 8	 2	 1	 
3	 0	 3	 0	 0	 
6182	 0	 6	 0	 0	 
56	 23	 32	 3	 3	 
8	 2	 0	 0	 2	 
38869	 15667	 0	 0	 13679	 
36	 10	 13	 2	 1	 
9	 2	 0	 0	 0	 
61815	 73	 0	 0	 0	 
16	 2	 4	 5	 2	 
0	 0	 0	 3	 2	 
0	 0	 0	 2230	 2227	 
4	 0	 1	 1	 1	 
4	 0	 0	 0	 0	 
865	 0	 0	 0	 0	 
76	 12	 12	 2	 2	 
7	 4	 0	 0	 2	 
5631	 1214	 0	 0	 246	 
14	 0	 4	 1	 1	 
4	 0	 3	 0	 0	 
9317	 0	 201	 0	 0	 
31	 8	 13	 2	 3	 
5	 0	 0	 0	 3	 
5252	 0	 0	 0	 3848	 
16	 0	 4	 1	 1	 
4	 0	 2	 0	 0	 
27815	 0	 695	 0	 0	 
11	 0	 2	 2	 1	 
7	 0	 0	 0	 0	 
2263	 0	 0	 0	 0	 
25	 4	 6	 2	 2	 
8	 2	 4	 2	 2	 
56447	 2623	 3649	 1619	 4094	 
15	 2	 3	 1	 3	 
7	 0	 2	 0	 3	 
6658	 0	 380	 0	 2888	 
16	 5	 15	 2	 1	 
4	 0	 4	 0	 0	 
966	 0	 315	 0	 0	 
31	 7	 9	 2	 3	 
4	 0	 0	 0	 3	 
6758	 0	 0	 0	 3858	 
10	 11	 19	 3	 2	 
0	 1	 3	 2	 2	 
0	 280	 971	 2104	 1747	 
27	 2	 5	 2	 1	 
21	 0	 2	 2	 1	 
29907	 0	 276	 518	 90	 
8	 0	 1	 1	 1	 
8	 0	 0	 0	 0	 
7817	 0	 0	 0	 0	 
33	 32	 86	 2	 3	 
3	 0	 0	 0	 3	 
7262	 0	 0	 0	 3630	 
39	 11	 16	 3	 3	 
0	 0	 0	 2	 3	 
0	 0	 0	 433	 1701	 
19	 17	 29	 3	 1	 
6	 0	 6	 0	 1	 
2633	 0	 204	 0	 11	 
26	 6	 11	 1	 1	 
15	 2	 4	 0	 0	 
17911	 174	 17	 0	 0	 
48	 13	 30	 3	 3	 
0	 0	 0	 2	 3	 
0	 0	 0	 2230	 2229	 
3	 0	 3	 2	 2	 
3	 0	 0	 0	 2	 
86624	 0	 0	 0	 174	 
7	 4	 9	 2	 1	 
3	 0	 1	 0	 0	 
2176	 0	 8	 0	 0	 
2	 0	 1	 1	 1	 
0	 0	 0	 0	 0	 
0	 0	 0	 0	 0	 
9	 5	 11	 3	 2	 
2	 0	 2	 2	 2	 
5064	 0	 789	 939	 1876	 
16	 0	 4	 1	 1	 
3	 0	 2	 0	 0	 
6216	 0	 1767	 0	 0	 
12	 0	 1	 2	 1	 
7	 0	 0	 0	 0	 
1542	 0	 0	 0	 0	 
26	 26	 39	 6	 2	 
0	 0	 0	 2	 2	 
0	 0	 0	 2306	 1153	 
13	 3	 8	 2	 2	 
6	 0	 0	 2	 2	 
3884	 0	 0	 246	 3978	 
21	 7	 14	 2	 2	 
8	 0	 0	 0	 2	 
5140	 0	 0	 0	 1028	 
26	 9	 12	 3	 3	 
4	 0	 0	 2	 3	 
6600	 0	 0	 1984	 3966	 
44	 4	 7	 2	 2	 
10	 0	 2	 0	 0	 
510	 0	 8	 0	 0	 
47	 12	 39	 3	 4	 
2	 0	 2	 0	 3	 
4676	 0	 1864	 0	 12031	 
45	 9	 170	 1	 2	 
1	 0	 40	 0	 2	 
1160	 0	 6716	 0	 2558	 
13	 5	 19	 2	 2	 
0	 0	 0	 2	 2	 
0	 0	 0	 857	 1714	 
25	 16	 19	 2	 3	 
0	 1	 3	 2	 3	 
0	 32	 648	 2114	 2827	 
46	 12	 31	 4	 3	 
6	 1	 4	 2	 3	 
915	 18	 84	 94	 1401	 
7	 3	 2	 1	 2	 
3	 3	 2	 0	 2	 
1256	 1021	 176	 0	 1187	 
57	 17	 28	 8	 4	 
1	 0	 3	 5	 3	 
188	 0	 1887	 15055	 4585	 
47	 13	 21	 3	 1	 
0	 0	 0	 2	 0	 
0	 0	 0	 2280	 0	 
46	 12	 31	 4	 3	 
6	 1	 4	 2	 3	 
919	 6	 59	 47	 1180	 
14	 16	 24	 3	 1	 
3	 0	 5	 0	 0	 
3287	 0	 455	 0	 0	 
1	 0	 1	 1	 2	 
0	 0	 0	 0	 2	 
0	 0	 0	 0	 6452	 
43	 4	 19	 7	 2	 
0	 0	 0	 5	 2	 
0	 0	 0	 9086	 1136	 
9	 5	 12	 2	 1	 
6	 0	 0	 0	 0	 
26288	 0	 0	 0	 0	 
13	 0	 1	 1	 1	 
4	 0	 0	 0	 0	 
36489	 0	 0	 0	 0	 
19	 16	 23	 3	 1	 
6	 1	 3	 2	 0	 
3619	 137	 1068	 1938	 0	 
4	 2	 2	 1	 1	 
0	 0	 0	 0	 0	 
0	 0	 0	 0	 0	 
11	 0	 10	 2	 1	 
4	 0	 2	 0	 0	 
251	 0	 7	 0	 0	 
29	 2	 12	 4	 2	 
5	 0	 0	 2	 2	 
57	 0	 0	 9	 7	 
46	 12	 31	 4	 3	 
6	 1	 4	 2	 3	 
1184	 10	 66	 40	 1513	 
27	 10	 19	 3	 1	 
19	 0	 6	 2	 0	 
8248	 0	 46	 9	 0	 
26	 0	 4	 2	 1	 
5	 0	 1	 0	 0	 
137	 0	 2	 0	 0	 
19	 0	 3	 2	 1	 
7	 0	 0	 0	 0	 
8496	 0	 0	 0	 0	 
26	 15	 28	 4	 1	 
10	 1	 4	 2	 0	 
674	 2	 11	 6	 0	 
32	 2	 11	 1	 2	 
0	 0	 0	 0	 2	 
0	 0	 0	 0	 2496	 
7	 6	 12	 2	 1	 
3	 0	 4	 0	 0	 
4436	 0	 12	 0	 0	 
34	 17	 26	 2	 3	 
3	 2	 1	 0	 2	 
864	 82	 71	 0	 905	 
20	 7	 23	 3	 2	 
0	 0	 0	 0	 2	 
0	 0	 0	 0	 1145	 
43	 12	 45	 5	 2	 
9	 0	 6	 3	 2	 
100	 0	 87	 29	 27	 
13	 14	 25	 3	 1	 
1	 0	 0	 2	 0	 
1077	 0	 0	 2204	 0	 
32	 0	 5	 2	 3	 
0	 0	 0	 0	 3	 
0	 0	 0	 0	 3218	 
16	 4	 5	 2	 1	 
2	 0	 0	 0	 0	 
1600	 0	 0	 0	 0	 
38	 10	 20	 3	 2	 
0	 0	 0	 2	 2	 
0	 0	 0	 2167	 1084	 
45	 12	 30	 4	 3	 
10	 1	 3	 2	 3	 
4848	 40	 84	 218	 1876	 
14	 14	 19	 3	 3	 
1	 0	 0	 2	 2	 
1088	 0	 0	 2214	 1107	 
6	 0	 3	 1	 1	 
3	 0	 3	 0	 0	 
850	 0	 34	 0	 0	 
15	 0	 8	 1	 1	 
3	 0	 3	 0	 0	 
4255	 0	 6	 0	 0	 
6	 0	 2	 1	 1	 
4	 0	 0	 0	 0	 
8957	 0	 0	 0	 0	 
29	 17	 24	 2	 2	 
5	 2	 2	 0	 2	 
74093	 754	 2621	 0	 3383	 
13	 0	 4	 2	 1	 
8	 0	 1	 0	 0	 
7539	 0	 3	 0	 0	 
10	 0	 1	 2	 1	 
5	 0	 0	 0	 0	 
536	 0	 0	 0	 0	 
11	 3	 8	 4	 1	 
6	 0	 1	 2	 0	 
23438	 0	 100	 1709	 0	 
10	 2	 4	 1	 2	 
4	 0	 2	 0	 2	 
2629	 0	 8	 0	 8	 
