000A9A96862464F06A67834DC365A4B0E79AEDDF2AABF710855145412773C457.apk	0.9387	0	0	0	0	0	0.0556	0	0.0057	0.0238	0	0.9762	0.0179	0	0.9821	0.0058	0	0.9942	0.0058	0	0.9942	0.5	0	0.5	0	0.7026	0	0.2974	0
02A858CEABC5B7B466D842D5AD1B84BE3B863A091BB8B7AFDFF2F2CA852A3651.apk	0.8013	0.002	0	0.1122	0.0845	0	0	0	0	0	0.233	0.767	0	0.2727	0.7273	0	0.0888	0.9112	0	0.0887	0.9113	0.6667	0	0.1429	0.1905	0.988	0	0.0108	0.0012
038397DDFC76471127BBEBDEDB9685A9497D47B7FFA360FE03A11635B4B63008.apk	0.611	0.0031	0	0.2398	0.146	0	0	0	0	0	0.2163	0.7837	0	0.2422	0.7578	0	0.1506	0.8494	0	0.1505	0.8495	0.7273	0	0.0909	0.1818	0.996	0	0.0015	0.0025
04E54F640016D61E62D3F6BE16AC2CC3E300907CA53D9A1B888C5EA631B3CF2F.apk	0.9477	0	0	0	0	0	0.0474	0	0.0049	0.0173	0	0.9827	0.013	0	0.987	0.0049	0	0.9951	0.005	0	0.995	0.5	0	0.5	0	0.7677	0	0.2323	0
04F7CC6FB91B34D14E1338A3EF9819D8FA7991676AD31B6D2FA0C627A4D4E013.apk	0.9393	0	0	0	0	0	0.0551	0	0.0056	0.0238	0	0.9762	0.0179	0	0.9821	0.0057	0	0.9943	0.0057	0	0.9943	0.5	0	0.5	0	0.7	0	0.3	0
0873BE954A0ABB36C309589D70E111E0B99B2D573E94C3505C219DC364A8B1A1.apk	0	0	0	0.9525	0.0475	0	0	0	0	0	0.0714	0.9286	0	0.1515	0.8485	0	0.049	0.951	0	0.049	0.951	0	0	0	0	0	0	0	0
08901BAAC53D45334704013F7AF2C42A0D587D80C9E311BE0D9EDF8549B0E77D.apk	0.9393	0	0	0	0	0	0.0551	0	0.0056	0.0238	0	0.9762	0.0179	0	0.9821	0.0058	0	0.9942	0.0058	0	0.9942	0.5	0	0.5	0	0.7	0	0.3	0
0A9A587EF78467AC459BFEC946201C6A6A091B1A745ADC0CE60AD3CF59423067.apk	0	0	0	0	0	0	0	0	0	0	0	0	0	0	0	0	0	0	0	0	0	0	0	0	0	0	0	0	0
0C2D1591A6DC47291137E36ADA79E1BCB876840BD8EC0107D59FDADA4467D123.apk	0.9914	0.0029	0	0.0057	0	0	0	0	0	0	0.0333	0.9667	0	0.019	0.981	0	0.003	0.997	0	0.003	0.997	0.3333	0	0	0.6667	0.3297	0	0	0.6703
0C625C2D972222144358640207A08FCDD4A48042AB2755A17EDB958DA6F396E2.apk	0.951	0	0	0	0	0	0.0444	0	0.0046	0.0173	0	0.9827	0.013	0	0.987	0.0046	0	0.9954	0.0047	0	0.9953	0.5	0	0.5	0	0.7382	0	0.2618	0
0D2533FEF8F72B76899608D72E2CC5496AC366340559968E021AA4A19D82D416.apk	0	0	0	0	0	0	0	0	0	0	0	0	0	0	0	0	0	0	0	0	0	0	0	0	0	0	0	0	0
0D9572A37EA0DF7B550CD5C9017D86A79244454D36130F91CC5C13B92AFEEC8F.apk	0.0105	0.0001	0	0.2331	0.6238	0	0	0.1325	0	0.0175	0.3509	0.6316	0.0097	0.3495	0.6408	0	0.7563	0.2437	0	0.7563	0.2437	1	0	0	0	1	0	0	0
11A87F5CA49E9311309B6F273DD40609EAAAE3A960AF4FABE0C853A40C155A2E.apk	0.5833	0	0	0	0	0	0.369	0	0.0476	0.12	0	0.88	0.1091	0	0.8909	0.0719	0	0.9281	0.0719	0	0.9281	1	0	0	0	1	0	0	0
1317B395DBB84564EA43A5706FD87F5E24E97FA581D87258DF0082DBE41512FE.apk	0.949	0	0	0	0	0	0.0462	0	0.0047	0.0173	0	0.9827	0.013	0	0.987	0.0048	0	0.9952	0.0048	0	0.9952	0.5	0	0.5	0	0.754	0	0.246	0
14509EBD816DA763E2A6E85D7A4FC084E19A0D3A24ACBFC39185D165584ED6C8.apk	0.4052	0.0034	0	0.3895	0.2019	0	0	0	0	0	0.2318	0.7682	0	0.2721	0.7279	0	0.2059	0.7941	0	0.206	0.794	0.7	0	0.1	0.2	0.9952	0	0.0017	0.003
176AC550C4D4EBBF2A89FF44E9B1B2149896891669372A1386DC2B5F6551526B.apk	0.0875	0.0004	0	0.6196	0.2925	0	0	0	0	0	0.2177	0.7823	0	0.2782	0.7218	0	0.2992	0.7008	0	0.2993	0.7007	0.6	0	0.2	0.2	0.9748	0	0.0206	0.0046
17E380B958C454E37803135E80117FAC3959272245EE9D318546AFB71BF64DCD.apk	0	0	0	0	0	0	0	0	0	0	0	0	0	0	0	0	0	0	0	0	0	0	0	0	0	0	0	0	0
1C1CFB14FCA6E3916C3C02D3152563081AC22629CEA56F1634114EEDF576A152.apk	0.9393	0	0	0	0	0	0.0551	0	0.0056	0.0238	0	0.9762	0.0179	0	0.9821	0.0057	0	0.9943	0.0057	0	0.9943	0.5	0	0.5	0	0.7	0	0.3	0
1CD49FCF74FA22C42B30D524F400E55D7E72280E3286E4155B7D30ACDAD4C4B8.apk	0	0	0	0	0	0	0	0	0	0	0	0	0	0	0	0	0	0	0	0	0	0	0	0	0	0	0	0	0
1D56A8E4CA1C1B13165EAB77335A34862080150BF7EC5EE1F921F760A72B7A1A.apk	0.0498	0	0	0.6869	0.2365	0	0.0212	0.001	0.0046	0.0303	0.4242	0.5455	0.0243	0.5514	0.4243	0.0048	0.2404	0.7548	0.0048	0.2404	0.7548	1	0	0	0	1	0	0	0
1D72F82226C524DE0482443A41699EE802429A4B2A066503C39CAAFFA95923F5.apk	0.461	0.0025	0	0.294	0.2425	0	0	0	0	0	0.2197	0.7803	0	0.2547	0.7453	0	0.2468	0.7532	0	0.247	0.753	0.6522	0	0.1739	0.1739	0.9855	0	0.0115	0.003
1E2C8D3FDED5DE45906E9CF72A06C86D2D6E74936FFE507EB5D8AF2C2636D8EC.apk	0.0519	0	0	0.1317	0.0204	0	0.6225	0.0291	0.1444	0.1564	0.1481	0.6955	0.3153	0.1408	0.5439	0.1481	0.0514	0.8005	0.1481	0.0514	0.8004	0.45	0.1	0.45	0	0.957	0.0043	0.0387	0
230524F4A1C8CB22444910AE29EE1F4628A6995E34BD4474B30BC288DE86A0CD.apk	0.9488	0	0	0	0	0	0.0464	0	0.0048	0.0173	0	0.9827	0.013	0	0.987	0.0048	0	0.9952	0.0049	0	0.9951	0.5	0	0.5	0	0.7603	0	0.2397	0
24A0C99A918E242BA311DF3A88C64DA51555F73CD35CBB7A1599350C3F4A135A.apk	0.9393	0	0	0	0	0	0.0551	0	0.0056	0.0238	0	0.9762	0.0179	0	0.9821	0.0057	0	0.9943	0.0057	0	0.9943	0.5	0	0.5	0	0.7	0	0.3	0
291D2FD133EC093608AA20B7BC923DA06F9FE6EDC768F667ABAF1BE9604F32B8.apk	0.5922	0.0028	0	0.2371	0.1664	0	0.0014	0	0	0.0083	0.2727	0.719	0.0051	0.2699	0.7249	0	0.1701	0.8299	0	0.1701	0.8299	0.75	0	0.25	0	0.9834	0	0.0166	0
2985AC057A6718AB10379FB1057FB1C3B848B9799E992D718F0F18114A596E28.apk	0	0	0	0	0	0	0.8333	0	0.1667	0.3333	0	0.6667	0.4444	0	0.5556	0.3333	0	0.6667	0.3333	0	0.6667	1	0	0	0	1	0	0	0
2AEC48F46B9D9850CE090F5C29A0148B9BC2F17FC2C8BC63A4B0F3A3D78754B4.apk	0.9498	0	0	0	0	0	0.0455	0	0.0047	0.0201	0	0.9799	0.019	0	0.981	0.0047	0	0.9953	0.0048	0	0.9952	1	0	0	0	1	0	0	0
2E0525E653D10261343B0CCC079D66E8ED30A7AEB99D1ED8BDFB3F28388C6EF1.apk	0.5573	0.0045	0	0.2728	0.1654	0	0	0	0	0	0.2267	0.7733	0	0.272	0.728	0	0.1717	0.8283	0	0.1717	0.8283	0.6667	0	0.1429	0.1905	0.9938	0	0.0024	0.0038
2F0AE4D13F53D48E3F143EF64C6A9BBB5F7DD048DAD51A34872163014A95201F.apk	0	0	0	0	0	0	0	0	0	0	0	0	0	0	0	0	0	0	0	0	0	0	0	0	0	0	0	0	0
319064EDE2495CE929D91AEE053D2507CE33F806B1681196F16D11FAA070F369.apk	0.1306	0.0008	0	0.5879	0.2807	0	0	0	0	0	0.2039	0.7961	0	0.2265	0.7735	0	0.2812	0.7188	0	0.2812	0.7188	0.6111	0	0.1667	0.2222	0.9843	0	0.0066	0.009
32D75429A918C546EBD48AD349E0EDBB780F56D70002698C32282D6261B5EC4E.apk	0	0	0	0	0	0	0	0	0	0	0	0	0	0	0	0	0	0	0	0	0	0	0	0	0	0	0	0	0
3768AA0D59FBD5E1692B32E9E9C82C7D5910AF3B73C80C4B6961D0570EFE9BB8.apk	0.8316	0.0016	0	0.0923	0.0745	0	0	0	0	0	0.2	0.8	0	0.1758	0.8242	0	0.0777	0.9223	0	0.0777	0.9223	0.6	0	0.1333	0.2667	0.9957	0	0.0015	0.0028
38E020A0091E9486AF9B148B741EF789D36E029CEB53A34798320BAFD756697D.apk	0	0	0	0	0	0	0	0	0	0	0	0	0	0	0	0	0	0	0	0	0	0	0	0	0	0	0	0	0
3901DA90ED0423800C06E279070AB5D4A63C974F027EE40F5044E2123BD3118A.apk	0	0	0	0.6637	0.3363	0	0	0	0	0	0.5	0.5	0	0.5714	0.4286	0	0.341	0.659	0	0.341	0.659	0	0	0	0	0	0	0	0
3A9ABFCFDA73329870223FA8796287127E273ACDF454CAD5E43113853C1CA25D.apk	0.6334	0.0047	0	0.1853	0.1765	0	0	0	0	0	0.2317	0.7683	0	0.2741	0.7259	0	0.1826	0.8174	0	0.1825	0.8175	0.7	0	0.1	0.2	0.9949	0	0.0018	0.0032
3B379AAB1EBD48C1D553FAADC9AE8B7639933D46CD4C29E16CEBE1056FBF16CA.apk	0.549	0.0041	0	0.1828	0.2641	0	0	0	0	0	0.2323	0.7677	0	0.2736	0.7264	0	0.2681	0.7319	0	0.2683	0.7317	0.6667	0	0.1429	0.1905	0.9861	0	0.0117	0.0022
3C89267E574646A69BE4C182B1E390285C6C7C513F7D48B55703F7863DAAA034.apk	0.8876	0.093	0	0	0	0	0.0183	0	0.0011	0.0119	0.0179	0.9702	0.0093	0.0163	0.9744	0.0012	0.0924	0.9064	0.0012	0.0925	0.9062	0.5	0	0.5	0	0.6348	0	0.3652	0
3D026CEB7689664F43F87E80627954D25A3DEA160B9FC5EE81ADB616C5BDFE34.apk	0.9393	0	0	0	0	0	0.0551	0	0.0056	0.0238	0	0.9762	0.0179	0	0.9821	0.0058	0	0.9942	0.0058	0	0.9942	0.5	0	0.5	0	0.7	0	0.3	0
3D70D04D0F27F7BB09591259AF9F3770900A5EE27A39E54AE550C901D7D788FE.apk	0.9393	0	0	0	0	0	0.0551	0	0.0056	0.0238	0	0.9762	0.0179	0	0.9821	0.0058	0	0.9942	0.0058	0	0.9942	0.5	0	0.5	0	0.7	0	0.3	0
3EB9BBC73EFB340F20934C1D5EAA769245FE51D7AEE63A5DE9FF8FF99E84EC81.apk	0.1074	0.0033	0	0.1927	0.6693	0	0.0001	0.0268	0.0002	0.0143	0.3	0.6857	0.0079	0.288	0.7042	0.0002	0.6986	0.3012	0.0002	0.6986	0.3012	1	0	0	0	1	0	0	0
3EFA054813F4222FC9E26CFFAAD3073E81F7BAF1DAAF1652754C6F0FA8006A63.apk	0.9393	0	0	0	0	0	0.0551	0	0.0056	0.0238	0	0.9762	0.0179	0	0.9821	0.0057	0	0.9943	0.0058	0	0.9942	0.5	0	0.5	0	0.7	0	0.3	0
3F02012A8E5236BE5FAAA20F175DD21BD27D87509F33B4927BA69922F89D069C.apk	0.0112	0.0003	0	0.5115	0.477	0	0	0	0	0	0.418	0.582	0	0.4147	0.5853	0	0.4769	0.5231	0	0.477	0.523	0.5385	0.1538	0.3077	0	0.9353	0.0357	0.029	0
4302FD385D00B1DFAA453124C9560DD6DBC208E94ED0B5F8CB453E42282A6013.apk	0.0591	0.0014	0	0.1694	0.7511	0	0.0002	0.0186	0.0002	0.0177	0.354	0.6283	0.0094	0.3197	0.6708	0.0002	0.7702	0.2295	0.0002	0.7702	0.2295	1	0	0	0	1	0	0	0
445BFB1B63DE31A4C37A936D139AC348E96591CF75FDD16851AE782C66484B16.apk	0.06	0.0014	0	0.1692	0.7505	0	0.0002	0.0184	0.0002	0.0177	0.354	0.6283	0.0094	0.3197	0.6708	0.0002	0.7693	0.2304	0.0002	0.7693	0.2304	1	0	0	0	1	0	0	0
46768C34CDD668412B4FC7750CF5C583876F70707E08CD4C65D9D7A58AE1CE30.apk	0.9875	0	0.0001	0	0	0	0.0106	0	0.0019	0.0125	0	0.9875	0.0125	0	0.9875	0.002	0	0.998	0.002	0	0.998	0.6667	0	0.3333	0	0.9106	0	0.0894	0
470640C7E0D14B4A3375E1C46477679ACD718E598803F8B84715CB05DB38EB3B.apk	0.1127	0.0004	0	0.5347	0.3522	0	0	0	0	0	0.2576	0.7424	0	0.3134	0.6866	0	0.3558	0.6442	0	0.3558	0.6442	0.6316	0	0.1579	0.2105	0.9664	0	0.0148	0.0188
49DC0D47965E1319EE099E02A1CA79A3D6DDDEB7C1D71006487F1288C7AA2ED3.apk	0	0	0	0	0	0	0	0	0	0	0	0	0	0	0	0	0	0	0	0	0	0	0	0	0	0	0	0	0
4A694A5E0C8E7B93DFD8DAE19BF9FAA7BD2E505028C3232ECB690406ADECD2A6.apk	0.9013	0	0	0	0	0	0.0886	0	0.0101	0.0238	0	0.9762	0.0179	0	0.9821	0.0124	0	0.9876	0.0124	0	0.9876	0.5	0	0.5	0	0.76	0	0.24	0
57C61E1866D661D1D084FD60779E48DA491A785F9F9B3EBDBBD33C83BC684F54.apk	0.5063	0.0022	0	0.2048	0.2867	0	0	0	0	0	0.2303	0.7697	0	0.272	0.728	0	0.2887	0.7113	0	0.2889	0.7111	0.6667	0	0.1429	0.1905	0.9794	0	0.0174	0.0031
5804F35D1C4E7DBFCC7E6878B9E304D4A625C3C7AFE8A76B7F3A885A557B274E.apk	0	0	0	0	0	0	0	0	0	0	0	0	0	0	0	0	0	0	0	0	0	0	0	0	0	0	0	0	0
5857D8FBA8ADD552F0BA15CFA4FD261506D4F5A444276684B082C568A7105BA9.apk	0	0	0	0	0	0	0	0	0	0	0	0	0	0	0	0	0	0	0	0	0	0	0	0	0	0	0	0	0
5921632D4EBFA8F6CDE3049706D349651F63AAC2A001B9EE3FDFBC1466DD0E97.apk	0.0612	0.0006	0	0.174	0.7308	0	0.0002	0.033	0.0002	0.0179	0.3393	0.6429	0.0098	0.3377	0.6525	0.0002	0.7641	0.2357	0.0002	0.7641	0.2357	1	0	0	0	1	0	0	0
5A61406F63A3442C028EC9A1E48E01BC078DD624BFB06C0EF79B91BAD780BE84.apk	0	0	0	0	0	0	0	0	0	0	0	0	0	0	0	0	0	0	0	0	0	0	0	0	0	0	0	0	0
5CC463DD537617BA6B4EBEBDCB5CB4997BE0D2924C24D3AD3C2CE37CBD1BD5B7.apk	0.9393	0	0	0	0	0	0.0551	0	0.0056	0.0238	0	0.9762	0.0179	0	0.9821	0.0058	0	0.9942	0.0058	0	0.9942	0.5	0	0.5	0	0.7	0	0.3	0
5DA1E2765DF20CEC14992C1D2EDE86EC8ACC275B67DAE2EDBBD859CD35B55435.apk	0.9636	0.0057	0	0	0	0	0.0258	0.001	0.0039	0.0242	0.0134	0.9624	0.0177	0.0059	0.9764	0.0067	0.0065	0.9867	0.0068	0.0066	0.9867	0.2857	0.2857	0.4286	0	0.5	0.24	0.26	0
5FF1189C24D6379CF83B26AC31D4361184273AEBD4E5D70EC6C85E791E214306.apk	0	0	0	0	0	0	0	0	0	0	0	0	0	0	0	0	0	0	0	0	0	0	0	0	0	0	0	0	0
60E6F8C41BD8FF1AF7B27CA868C34D8A53CE9E74E0DCB793A661F4A5A00A6818.apk	0	0	0	0.894	0.106	0	0	0	0	0	0.2121	0.7879	0	0.2836	0.7164	0	0.1074	0.8926	0	0.1074	0.8926	0	0	0	0	0	0	0	0
6322778339DA6828F4AC77B3BF3ADF767D4AC42D11AB42662D8358A89F68EAA5.apk	0	0	0	1	0	0	0	0	0	0	0.3333	0.6667	0	0.5	0.5	0	0.125	0.875	0	0.125	0.875	0	0	0	1	0	0	0	1
653849142DBF8102D7BA4B52FDB7499373C88F0C213B61B34EA3504777E3647D.apk	0	0	0	0.65	0.35	0	0	0	0	0	0.5	0.5	0	0.5714	0.4286	0	0.3542	0.6458	0	0.3542	0.6458	0	0	0	0	0	0	0	0
65F9C215665B61B103D7A8924E1CD46D4BD04E76C7EA7241882B0BEAB1055F11.apk	0.9495	0	0	0	0	0	0.0458	0	0.0047	0.0201	0	0.9799	0.019	0	0.981	0.0048	0	0.9952	0.0048	0	0.9952	1	0	0	0	1	0	0	0
668934A6C6D28621E5445CA0819A3F85DD7485143BC37D92FEA5F95747A13086.apk	0	0	0	0.5	0.5	0	0	0	0	0	0.3333	0.6667	0	0.6364	0.3636	0	0.5077	0.4923	0	0.5077	0.4923	0	0	0	0	0	0	0	0
681618FAF7F38DDFB6C86D68CABFC715E75FA651DB87F18C690C4B94A0EF28DA.apk	0.9492	0	0	0	0	0	0.046	0	0.0047	0.0173	0	0.9827	0.013	0	0.987	0.0048	0	0.9952	0.0048	0	0.9952	0.5	0	0.5	0	0.7694	0	0.2306	0
694C2BCAD1F99CF3A6446B439B3573567FC228841CE4EC5BEC5286069A03ACFE.apk	0	0	0	0.8333	0.1667	0	0	0	0	0	0.5	0.5	0	0.5556	0.4444	0	0.1826	0.8174	0	0.1826	0.8174	0	0	0	1	0	0	0	1
6A1395AE674F508741FD7A5FB5AF9A854D20FC15664171904978456A0111C62E.apk	0.06	0.0014	0	0.1692	0.7504	0	0.0002	0.0187	0.0002	0.0177	0.354	0.6283	0.0094	0.3197	0.6708	0.0002	0.7693	0.2304	0.0002	0.7693	0.2304	1	0	0	0	1	0	0	0
6A711CD4738C7F592DE2BDB085674F57E56AAE22DBC79C277254E7C1E60674E7.apk	0.4368	0.0034	0	0.3189	0.2409	0	0	0	0	0	0.2313	0.7687	0	0.2752	0.7248	0	0.2444	0.7556	0	0.2445	0.7555	0.7	0	0.1	0.2	0.994	0	0.0022	0.0037
6AD4A23EEDAF39E4681EBE1F47FA1FE2F312EE787E87AC11CDCB7A9FB652D55E.apk	0	0	0	0	0	0	0	0	0	0	0	0	0	0	0	0	0	0	0	0	0	0	0	0	0	0	0	0	0
6B42B0972FCDA7CBFD8D4114CFDA51ECF4042EB79AFB56586AE83FE00BF0CA31.apk	0.0045	0	0	0.8586	0.1229	0	0.0112	0.0001	0.0027	0.0894	0.4309	0.4797	0.0532	0.4909	0.4558	0.0028	0.1237	0.8735	0.0028	0.1237	0.8735	0.6923	0	0.3077	0	0.159	0	0.841	0
6C8F140F97A5C8E2CC4921087284C4728D595EF6E4F82EA10B1363902E4F5CDD.apk	0.0646	0.008	0	0.7678	0.1572	0.0003	0.0013	0.0007	0.0001	0.007	0.6112	0.3817	0.0103	0.5501	0.4396	0.0005	0.1699	0.8296	0.0005	0.1706	0.8289	0.9091	0	0.0909	0	0.9965	0	0.0035	0
6DAA26B9019AE5AEC74FDF290565CF1684BCB8CEA872E4EB7E60BB61C108757A.apk	0.8556	0.107	0	0	0	0	0.0346	0	0.0028	0.0136	0.0204	0.966	0.0128	0.0179	0.9693	0.0029	0.1063	0.8909	0.0029	0.1064	0.8907	0.6667	0	0.3333	0	0.9155	0	0.0845	0
6E2435EE8F0F4590C025ED332CF31BA8190CA88B814DE50112EDAD1B40E24F24.apk	0.9105	0	0	0	0	0	0.0815	0	0.008	0.0231	0	0.9769	0.0174	0	0.9826	0.0081	0	0.9919	0.0082	0	0.9918	0.5	0	0.5	0	0.7657	0	0.2343	0
6F2F5A772E83FE8142EE11F3B5BCC9FC71670622CCDE24AAD289BF2F1DF052CB.apk	0.9147	0	0	0	0	0	0.0774	0	0.0079	0.0233	0	0.9767	0.0177	0	0.9823	0.008	0	0.992	0.0082	0	0.9918	0.5	0	0.5	0	0.7099	0	0.2901	0
70481F6A4DF32B3335D62E72A0A531E20BC6AF8AAA3A564B364DC1F5B9B43AD6.apk	0	0	0	0.6619	0.3381	0	0	0	0	0	0.5	0.5	0	0.5714	0.4286	0	0.3415	0.6585	0	0.3415	0.6585	0	0	0	0	0	0	0	0
70642821DD5C22D13EFC21CFA0597690899D07AF0A31F828EA0C0B6F4B26B1CA.apk	0.9393	0	0	0	0	0	0.0551	0	0.0056	0.0238	0	0.9762	0.0179	0	0.9821	0.0058	0	0.9942	0.0058	0	0.9942	0.5	0	0.5	0	0.7	0	0.3	0
73BC834091F0E6C8C71F09C1AB18F3CDD6A2590770F0B570FCBF0E1860427AFB.apk	0	0	0	0.8966	0.1034	0	0	0	0	0	0.3333	0.6667	0	0.3529	0.6471	0	0.1069	0.8931	0	0.1069	0.8931	0	0	0	0	0	0	0	0
744440E8BFBB515A16AF23C472BA10C2A9B2A131BC174171C446DD57E0870492.apk	0.8565	0.1049	0	0	0	0	0.036	0	0.0026	0.0132	0.0199	0.9669	0.0122	0.0171	0.9707	0.0027	0.104	0.8934	0.0027	0.1041	0.8932	0.6667	0	0.3333	0	0.9267	0	0.0733	0
758824EB3D1D18977D57DB911991EBF096DC03D4DE3F09CAFA67437A977C9993.apk	0.9487	0	0	0	0	0	0.0466	0	0.0048	0.0173	0	0.9827	0.013	0	0.987	0.0048	0	0.9952	0.0049	0	0.9951	0.5	0	0.5	0	0.7577	0	0.2423	0
75A51D85DCF12A3FEDF5043ECA8EC36194E3259AC863D50C795D1B190004E625.apk	0.243	0.0093	0	0	0	0	0.5861	0	0.1615	0.04	0.04	0.92	0.25	0.0139	0.7361	0.1633	0.0094	0.8273	0.1819	0.0105	0.8076	0.75	0	0.25	0	0.9733	0	0.0267	0
760583A21B1956E030E639A445AE952757C5BC6220BC38E78FD522413039E3B6.apk	0.9491	0	0	0	0	0	0.0462	0	0.0047	0.0173	0	0.9827	0.013	0	0.987	0.0048	0	0.9952	0.0048	0	0.9952	0.5	0	0.5	0	0.7477	0	0.2523	0
762288E5A2E40D6AD78AFEB67C9EC14A8350E03C5A07C481E636B6859BC3DE8A.apk	0.9393	0	0	0	0	0	0.0551	0	0.0056	0.0238	0	0.9762	0.0179	0	0.9821	0.0058	0	0.9942	0.0058	0	0.9942	0.5	0	0.5	0	0.7	0	0.3	0
7A4EC953304F93E6C5FCCA012FC9E380523B0219AA3F72968899824289EBA3E4.apk	0.7979	0.0611	0	0.0922	0.0488	0	0	0	0	0	0.1254	0.8746	0	0.1225	0.8775	0	0.1099	0.8901	0	0.1101	0.8899	0.6	0.1	0.1	0.2	0.9166	0.0238	0.0118	0.0478
7B6987DD55227E73FDA0F380C539FB13019F860F58166C07A4DA144EAFE46C26.apk	0.9393	0	0	0	0	0	0.0551	0	0.0056	0.0238	0	0.9762	0.0179	0	0.9821	0.0058	0	0.9942	0.0058	0	0.9942	0.5	0	0.5	0	0.7	0	0.3	0
7C66491DA03074F55DD46185A512689A252C921B52D4360FDF0FE9067DF01FBF.apk	0.0409	0.0001	0	0.5193	0.4397	0	0	0	0	0	0.2573	0.7427	0	0.2977	0.7023	0	0.4395	0.5605	0	0.4395	0.5605	0.6667	0	0.1111	0.2222	0.9859	0	0.0038	0.0104
7C74915BED63C058FEB6945A095AAEC1E61389507C18E1D3EFBA5251B50B93B9.apk	0.954	0.0001	0	0.0445	0.0009	0	0.0005	0	0	0.0081	0.0081	0.9839	0.0037	0.0168	0.9795	0.0001	0.0012	0.9987	0.0001	0.0012	0.9987	0.6	0	0.4	0	0.9725	0	0.0275	0
7D10CEC0167F559B0ECC18F9F3359D46018EE727B2005F93396B68F1E19A12D3.apk	0.0082	0	0.0001	0.8623	0.1185	0	0.0072	0	0.0036	0.0412	0.436	0.5228	0.0392	0.4799	0.481	0.0038	0.1194	0.8768	0.0038	0.1194	0.8768	0.5625	0	0.4375	0	0.0874	0	0.9126	0
806769BA52F7D1712FE7101DE12ABDD3B22722BE6278075771BD1847C4C42BFF.apk	0.949	0	0	0	0	0	0.0462	0	0.0048	0.019	0	0.981	0.0172	0	0.9828	0.0049	0	0.9951	0.0049	0	0.9951	1	0	0	0	1	0	0	0
81796C6EE52B45C805B18D253CE1828B3C067A1A945E32E29CF699E8244EF131.apk	0.4494	0.0198	0	0.2833	0.2356	0.002	0.0069	0.0022	0.0008	0.0121	0.5196	0.4683	0.0108	0.4349	0.5544	0.0029	0.2595	0.7376	0.0029	0.2632	0.734	0.3571	0.2857	0.1429	0.2143	0.7593	0.0885	0.0659	0.0863
8436CC2503A8ABC85EED81AF9E1206B1985F8E65034924950AE3610FE3EDAA8A.apk	0	0	0	0	0	0	0	0	0	0	0	0	0	0	0	0	0	0	0	0	0	0	0	0	0	0	0	0	0
88D0D2B81F22A57EDE74105B73C8B126ABA0095D645963E2FECD2A0EEF344CE9.apk	0.4899	0.0041	0	0.3251	0.1809	0	0	0	0	0	0.2155	0.7845	0	0.2583	0.7417	0	0.1857	0.8143	0	0.1857	0.8143	0.6667	0	0.1429	0.1905	0.9939	0	0.0027	0.0035
892688DBA855FD6BB13DBA11FF7992E8E3333805B637E5965464A857FC9CCA2B.apk	0.5844	0.0007	0	0.1607	0.2542	0	0	0	0	0	0.2091	0.7909	0	0.1929	0.8071	0	0.2539	0.7461	0	0.2541	0.7459	0.6	0	0.1333	0.2667	0.9964	0	0.0013	0.0024
89B9BD248E7E201D0293056B246874D7549AC9478A0FB2B5FFE88C3D70978025.apk	0.0817	0.0002	0	0.3362	0.0562	0.009	0.352	0.0659	0.0988	0.2568	0.2622	0.4811	0.2937	0.2509	0.4554	0.1097	0.1236	0.7667	0.1098	0.1237	0.7665	0.3	0	0.3	0.4	0.8478	0	0.0538	0.0983
8AB43DF4EDA75D357F011042C3DEFF3FFC073EF1800520252894854B971FCB06.apk	0.062	0.0006	0	0.1772	0.7296	0	0.0002	0.0302	0.0002	0.0179	0.3393	0.6429	0.0098	0.3377	0.6525	0.0002	0.7601	0.2397	0.0002	0.7601	0.2397	1	0	0	0	1	0	0	0
8B50EC928F5B6212A273DAE38CDD44EB6C2B0A906BB92F3B1D5FBBC57B61B28D.apk	0.9393	0	0	0	0	0	0.0551	0	0.0056	0.0238	0	0.9762	0.0179	0	0.9821	0.0058	0	0.9942	0.0058	0	0.9942	0.5	0	0.5	0	0.7	0	0.3	0
8FAC14CFCBF09C74708E5EEE26F62176E46BE196BD91A33B1C0A43DAE75F94EA.apk	0.9513	0	0	0	0	0	0.0442	0	0.0045	0.0173	0	0.9827	0.013	0	0.987	0.0046	0	0.9954	0.0046	0	0.9954	0.5	0	0.5	0	0.7465	0	0.2535	0
8FF347FA27D4D8199F6FED450F3398029422D7252EEC07EEBB5B730030850B2E.apk	0.009	0	0	0.9566	0.01	0.0033	0.0085	0.0107	0.0019	0.1296	0.1728	0.6975	0.1227	0.1574	0.7199	0.0055	0.0209	0.9736	0.0055	0.0209	0.9736	0.4	0.4	0.0667	0.1333	0.8904	0.0804	0.0055	0.0237
9047A67AED4B302B2CD4F0CE3C4ECFA439DB94A2DC5D8AF541E4983B42165BFF.apk	0.3628	0.0061	0	0.583	0.0481	0	0	0	0	0	0.1818	0.8182	0	0.1915	0.8085	0	0.0559	0.9441	0	0.0559	0.9441	0	0	0	1	0	0	0	1
905B52C83CE609485AC6B1BCC042D5DE69DFD3D6629DE216BA3ADC4A64B7582C.apk	0.6188	0.0046	0	0.2235	0.1532	0	0	0	0	0	0.2351	0.7649	0	0.2852	0.7148	0	0.1596	0.8404	0	0.1595	0.8405	0.7	0	0.1	0.2	0.9957	0	0.0016	0.0028
944A872A54B080C73D4708A6A3EE494E044FB583CDEC778A491F43687E91AC8C.apk	0.9393	0	0	0	0	0	0.0551	0	0.0056	0.0238	0	0.9762	0.0179	0	0.9821	0.0058	0	0.9942	0.0058	0	0.9942	0.5	0	0.5	0	0.7	0	0.3	0
96CBB5FADC1AAF21182F0AEE55630F798A25BF1765D39E118933F737B30088AB.apk	0	0	0	0.685	0.315	0	0	0	0	0	0.5	0.5	0	0.5455	0.4545	0	0.3225	0.6775	0	0.3225	0.6775	0	0	0	1	0	0	0	1
96D5B11E3DF0709DDA7EA59812ED595D693D456A7BB66A52FE939D4EDB1AFF78.apk	0.7619	0.0883	0	0.0923	0.0476	0	0.0082	0.0017	0	0.0063	0.1587	0.8349	0.0063	0.1566	0.8371	0.0001	0.138	0.8619	0.0001	0.1383	0.8616	0.3333	0	0.6667	0	0.3878	0	0.6122	0
975F042D15769172022BDBF23E9C4CCBDEB80346FCABABA27A383B9DAEE11A43.apk	0.9855	0	0.0001	0	0	0	0.012	0	0.0024	0.0126	0	0.9874	0.0118	0	0.9882	0.0025	0	0.9975	0.0025	0	0.9975	0.6667	0	0.3333	0	0.9086	0	0.0914	0
97B091D38F85CF9AA49F851176F80FF88D3C9B5DF9DD63015C606935CEA8C881.apk	0.0217	0.0009	0	0.1715	0.7071	0	0.0001	0.0987	0.0001	0.0175	0.3772	0.6053	0.0091	0.3476	0.6433	0.0001	0.8064	0.1935	0.0001	0.8064	0.1935	1	0	0	0	1	0	0	0
98324CBE5FF3DE6436BDD5D8C4122F034F64EEFF7F8439018653953067691158.apk	0.9976	0	0	0	0	0	0.0021	0	0.0003	0.0246	0	0.9754	0.0147	0	0.9853	0.0004	0	0.9996	0.0004	0	0.9996	0.8571	0	0.1429	0	0.9754	0	0.0246	0
990A1DC1A3617A0C4A306F625D8D1FA40FB6E6562969DBCE06DC766BC2923F35.apk	0	0	0	0.6667	0.3333	0	0	0	0	0	0.6	0.4	0	0.6667	0.3333	0	0.4167	0.5833	0	0.4167	0.5833	0.5	0	0	0.5	0.4706	0	0	0.5294
9BF48E82BE3077A32FAFFDF3502C969AF9EF08B6B031BA158ADFADD439714ED5.apk	0.8147	0	0	0.1391	0.0462	0	0	0	0	0	0.1099	0.8901	0	0.0977	0.9023	0	0.0476	0.9524	0	0.0476	0.9524	0.5	0	0.5	0	0.966	0	0.034	0
9D52672F3C145D17A05F0E7439B0E6BCDBC3D2D9022254D5AA14CE23E4FD6E07.apk	0.9497	0	0	0	0	0	0.0456	0	0.0047	0.0201	0	0.9799	0.019	0	0.981	0.0048	0	0.9952	0.0048	0	0.9952	1	0	0	0	1	0	0	0
A0B323E87017890AE848101C4439A91EFBAE077831F5E0811405F83B2978469D.apk	0.5911	0	0	0.2642	0.1447	0	0	0	0	0	0.3394	0.6606	0	0.3156	0.6844	0	0.1486	0.8514	0	0.1486	0.8514	0.2	0	0.4	0.4	0.1466	0	0.2543	0.5991
A12D7DCAB28510A95A7C451B7B5B8BDA9BFEC8405FD09AE8BF354AF5DABAC3A1.apk	0.9492	0	0	0	0	0	0.046	0	0.0047	0.0173	0	0.9827	0.013	0	0.987	0.0048	0	0.9952	0.0048	0	0.9952	0.5	0	0.5	0	0.7489	0	0.2511	0
A1D63FC64A14AEE9B3BC8A8D986FD9916DDCB0A36C2679CD97B53341B4ADC3BB.apk	0.8227	0	0	0.1094	0.0679	0	0	0	0	0	0.1481	0.8519	0	0.162	0.838	0	0.07	0.93	0	0.07	0.93	0	0	1	0	0	0	1	0
A2DAE64E6E19F36738031A3AA5E4245F7269F6BAD57806C33E8A472EC154DE75.apk	0.9973	0	0	0.0027	0	0	0	0	0	0	0.0161	0.9839	0	0.0062	0.9938	0	0.0001	0.9999	0	0.0001	0.9999	0	0	0	1	0	0	0	1
A2EB6A85AC4B1BF6A0D4E8B901B57D4B4E82CDF69DB8DE7D35B233F86A814788.apk	0.1793	0.0017	0	0.3427	0.4764	0	0	0	0	0	0.2089	0.7911	0	0.2554	0.7446	0	0.4766	0.5234	0	0.4768	0.5232	0.65	0	0.15	0.2	0.9875	0	0.0053	0.0072
A5433CF0980178EA5EE7B1A40467402A7A1B1ED89CAA15E3CAF712160156DC3E.apk	0.1633	0	0.0001	0.4842	0.3245	0	0.0205	0.0015	0.0057	0.0452	0.2229	0.7319	0.0358	0.2713	0.693	0.0064	0.3249	0.6687	0.0064	0.325	0.6686	0.7778	0	0.2222	0	0.9345	0	0.0655	0
A569798BF27BA2AFBFAA764D9DB225B95C080C16C7A24114A4411EF61EB9841F.apk	0.9489	0	0	0	0	0	0.0464	0	0.0048	0.0173	0	0.9827	0.013	0	0.987	0.0048	0	0.9952	0.0049	0	0.9951	0.5	0	0.5	0	0.7552	0	0.2448	0
A84B4B2CD20C2B9D32BC5D5E35C39DD35DDF17092D5E77E48CD1FEE2FEFC0F80.apk	0.1263	0	0	0	0	0	0.6842	0	0.1895	0.0625	0	0.9375	0.2909	0	0.7091	0.1914	0	0.8086	0.2189	0	0.7811	0.6667	0	0.3333	0	0.9734	0	0.0266	0
A89846DAF9A472860364693C0E92DC92F8D64BCF108BDBE729A269C9FC24BFCB.apk	0.736	0.0113	0	0.1518	0.1009	0	0	0	0	0	0.2135	0.7865	0	0.25	0.75	0	0.1142	0.8858	0	0.1143	0.8857	0.25	0.25	0	0.5	0.2489	0.2489	0	0.5022
A94C78A063A6D1394CB9E53927468C017AFC29A8A364A320EB67D9FF3E235C1D.apk	0	0	0	0	0	0	0	0	0	0	0	0	0	0	0	0	0	0	0	0	0	0	0	0	0	0	0	0	0
AB82E419AC74399C5E44BDAC45DC52D3FADBBEDD86D0867CB39B78E656222693.apk	0.9757	0.0022	0	0	0	0	0.0177	0	0.0044	0.0238	0.0119	0.9643	0.0225	0.0056	0.9719	0.0045	0.0022	0.9933	0.0045	0.0022	0.9933	0	0	0.5	0.5	0	0	0.4983	0.5017
AB8F8C94011447B38B24727E1E21E8A104C927E2938855CC2508356D7673E75E.apk	0.6707	0.0071	0	0.182	0.1402	0	0	0	0	0	0.2165	0.7835	0	0.2682	0.7318	0	0.1489	0.8511	0	0.1488	0.8512	0.6667	0	0.1429	0.1905	0.9953	0	0.0021	0.0026
AB9E20CC7B1CC2B75120C22115E4829D31F2056E6025F28CB86B9B0DFDEE6E11.apk	0.9393	0	0	0	0	0	0.0551	0	0.0056	0.0238	0	0.9762	0.0179	0	0.9821	0.0058	0	0.9942	0.0058	0	0.9942	0.5	0	0.5	0	0.7	0	0.3	0
AC435FD1BCEE4038621C3C57F6309D77461EEE61C3F9C6B65BEEED436E9E598D.apk	0.6649	0.0038	0	0.202	0.1292	0	0	0	0	0	0.2179	0.7821	0	0.2626	0.7374	0	0.1348	0.8652	0	0.1346	0.8654	0.7	0	0.1	0.2	0.9976	0	0.0008	0.0016
AC970B98A1EBC346A621BA2883414B901D2DA1B83A3EE4AC153E5EF2FE74161F.apk	0.9475	0	0	0	0	0	0.0476	0	0.0049	0.0172	0	0.9828	0.0129	0	0.9871	0.005	0	0.995	0.005	0	0.995	0.5	0	0.5	0	0.7656	0	0.2344	0
ADD821139B48EDCF835CEB6BA5D8D568B85B713A5E8804FA4D73F5B60D970E3C.apk	0.0592	0.0014	0	0.1727	0.7459	0	0.0002	0.0204	0.0002	0.0177	0.354	0.6283	0.0094	0.3197	0.6708	0.0002	0.7666	0.2332	0.0002	0.7666	0.2332	1	0	0	0	1	0	0	0
AEBC682C6F1AD877C5E19C3EBEE09804D387299BD764FC0158FABD192CDC5092.apk	0	0	0	0.8333	0.1667	0	0	0	0	0	0.5	0.5	0	0.5833	0.4167	0	0.1782	0.8218	0	0.1782	0.8218	0.5	0	0	0.5	0.5	0	0	0.5
AF322642B2656290E7412123261CAAB46CE695BEFC738BAA65AF9D0E6C63F905.apk	0.6169	0.0046	0	0.2194	0.1591	0	0	0	0	0	0.2354	0.7646	0	0.2853	0.7147	0	0.1655	0.8345	0	0.1654	0.8346	0.7	0	0.1	0.2	0.9957	0	0.0016	0.0027
B0FEE72DF47A5958C12CD50707CD9536D99FCC0CEE36876910B14FEF0C201F98.apk	0.4543	0.0039	0	0.3533	0.1885	0	0	0	0	0	0.223	0.777	0	0.265	0.735	0	0.1931	0.8069	0	0.1931	0.8069	0.7	0	0.1	0.2	0.9958	0	0.0015	0.0027
B170563AC8D2D60BECC39309A3044CFE7F06A791ADA17B9C868BC1E28D92FDED.apk	0	0	0	0	0	0	0	0	0	0	0	0	0	0	0	0	0	0	0	0	0	0	0	0	0	0	0	0	0
B175A3636E298B01C9E2AC83E9FE5AFE221883C65886EF8904EEB56D13591C9A.apk	0	0	0	0	0	0	0	0	0	0	0	0	0	0	0	0	0	0	0	0	0	0	0	0	0	0	0	0	0
B39551FC238D4B085B15BFA0B322B5F083EB9520CB0E7DEDD41F1AB943DFFB88.apk	0.8281	0.0012	0	0.0925	0.0782	0	0	0	0	0	0.1995	0.8005	0	0.1716	0.8284	0	0.0814	0.9186	0	0.0814	0.9186	0.6	0	0.1333	0.2667	0.9963	0	0.0013	0.0024
B3F27F5BA2BD20DD6B411ABD0A922382D9B46CBD2FF07835165F1B765087DA5F.apk	0.3288	0.0014	0	0.2949	0.3749	0	0	0	0	0	0.2356	0.7644	0	0.2779	0.7221	0	0.3755	0.6245	0	0.3756	0.6244	0.6667	0	0.1429	0.1905	0.9844	0	0.013	0.0026
B4375BAA904BA46EDAE2B08621D6ACF5269268C5DA10103DA0ED71CA28D54A43.apk	0	0	0	0	0	0	1	0	0	0.4	0	0.6	0.5	0	0.5	0.0323	0	0.9677	0.0323	0	0.9677	0	0	0	0	0	0	0	0
B62945D0E1BA1BB1AC71F26365CD23B3F6BDDE2AEF07CBD81CD32D4C446CF667.apk	0	0	0	1	0	0	0	0	0	0	0.3333	0.6667	0	0.5	0.5	0	0.0476	0.9524	0	0.0476	0.9524	0	0	0	1	0	0	0	1
B66C840698B86E798B0E2BDC3443098A1E0A2538496B33B905558C8D886F0D02.apk	0	0	0	0	1	0	0	0	0	0	1	0	0	1	0	0	1	0	0	1	0	1	0	0	0	1	0	0	0
B7C406518643847A1BBD45F363C346CF01DD6D384F5E7181471FEABB68E37F74.apk	0.0428	0.0004	0	0.1488	0.7376	0	0.0001	0.0702	0.0001	0.0175	0.3509	0.6316	0.0097	0.3484	0.6419	0.0002	0.8078	0.192	0.0002	0.8078	0.192	1	0	0	0	1	0	0	0
B9BF4FCD89CCA82B8EE668A65B53E10FCE633E257F9576102159C5AAA3D11E4F.apk	0	0	0	0	0	0	0	0	0	0	0	0	0	0	0	0	0	0	0	0	0	0	0	0	0	0	0	0	0
BA486A7C5E7407BEA5CAB083AE7BF24C31D9D3784137987CDBBFF03994381B86.apk	0	0	0	0.6667	0.3333	0	0	0	0	0	0.5	0.5	0	0.5	0.5	0	0.35	0.65	0	0.35	0.65	0	0	0	0	0	0	0	0
BC1C3E85EF61C882F9E17D1F5EF4E1B898FDA65546CC9D30D642386BF62FC1DB.apk	0.2034	0	0	0.4915	0.1017	0	0.1299	0.0678	0.0056	0.1111	0.1389	0.75	0.125	0.2143	0.6607	0.0108	0.1714	0.8178	0.0108	0.1714	0.8178	1	0	0	0	1	0	0	0
BC1D73988E9F917FE0028BC99519CFC402E5F4EF4ADB60D37EA8AF62862309CC.apk	0.2122	0.0016	0	0.3507	0.4356	0	0	0	0	0	0.213	0.787	0	0.2627	0.7373	0	0.4361	0.5639	0	0.4363	0.5637	0.6087	0	0.2174	0.1739	0.9819	0	0.0131	0.0051
BC3A9DA1131B9D0759ACDE01BDADDF87393CA27D6D624F44E670A368886F4CFB.apk	0	0	0	0	0	0	0	0	0	0	0	0	0	0	0	0	0	0	0	0	0	0	0	0	0	0	0	0	0
BF98F6A35E95614BCA972F0B3A1AA030C9C62758B374BCD80F20856C6FFBA925.apk	0.0001	0	0	0.1892	0.4109	0.0037	0.2989	0.0116	0.0856	0.3469	0.3035	0.3496	0.3063	0.3726	0.321	0.0909	0.4222	0.487	0.0906	0.4223	0.4871	0.3529	0	0.4706	0.1765	0.5447	0	0.201	0.2543
C3BB8A4F3D50C6A9DF6336DD37F168BA8E482695273786CBB5E3E7F241F66200.apk	0.5952	0.0051	0	0.2419	0.1577	0	0	0	0	0	0.248	0.752	0	0.2958	0.7042	0	0.1648	0.8352	0	0.1647	0.8353	0.7	0	0.1	0.2	0.995	0	0.0018	0.0032
C456A7A7387B7DA5FF795483531815DE26A2DFD48E2424B09E1101A0CE649F67.apk	0.8365	0.0057	0	0.0113	0	0	0.1127	0	0.0338	0.0714	0.0476	0.881	0.0714	0.0268	0.9018	0.0343	0.006	0.9597	0.0343	0.006	0.9597	0	0	0	1	0	0	0	1
C5C97D3B508F5E10422F77AA855C32EEABC47D4E008809FE8AC38137D69BF4B0.apk	0.4324	0.0008	0	0.4625	0.1039	0	0	0.0004	0	0.0014	0.3491	0.6494	0.0009	0.3578	0.6413	0	0.106	0.894	0	0.106	0.894	0.8571	0	0.1429	0	0.9977	0	0.0023	0
C60F4C28A3F06D3BFE11C794EE10A00A406DC120FB5B37F6B96665DE4C1FB686.apk	0.0596	0.0014	0	0.1728	0.7454	0	0.0002	0.0204	0.0002	0.0177	0.354	0.6283	0.0094	0.3197	0.6708	0.0002	0.766	0.2338	0.0002	0.766	0.2338	1	0	0	0	1	0	0	0
CB5DD1512FB45E595988FD13D84C500B96EA7D53344199DB496B5DF2F1A31F79.apk	0	0	0	0.9275	0.0725	0	0	0	0	0	0.2083	0.7917	0	0.2692	0.7308	0	0.08	0.92	0	0.08	0.92	1	0	0	0	1	0	0	0
CCC11BD5701D552865985182EDB4C118BD0EF6946CDB20E8BDE12E650A8676A7.apk	0.2222	0	0	0.3333	0.2222	0	0.1111	0.1111	0	0.125	0.25	0.625	0.1667	0.3333	0.5	0.0028	0.3333	0.6639	0.0028	0.3333	0.6639	0	0	0	0	0	0	0	0
CCCD061A7C8B46D3F6CA73B90091BD9D91A5B2375BB55A0F4C6C294B3D11F400.apk	0.0618	0.0005	0	0.4454	0.4923	0	0	0	0	0	0.2196	0.7804	0	0.2752	0.7248	0	0.4923	0.5077	0	0.4923	0.5077	0.65	0	0.15	0.2	0.977	0	0.0104	0.0126
CCE6E1A666851CF0AAC201DF3F8626103CA5AFFD2D21702447B0A7A4D460A219.apk	0	0	0	0.9584	0.0416	0	0	0	0	0	0.1111	0.8889	0	0.1905	0.8095	0	0.0435	0.9565	0	0.0435	0.9565	0	0	0	0	0	0	0	0
CD5D5230E557638CE28BE753608D4C3F9AB2412A4981CD694CFF1F800CEF4939.apk	0	0	0	0.6556	0.3444	0	0	0	0	0	0.5	0.5	0	0.5714	0.4286	0	0.3478	0.6522	0	0.3478	0.6522	0	0	0	0	0	0	0	0
CF520117ACCC9E0B372A596FFE09F1EFCFB26C40950BFC416A127255D30CC685.apk	0	0	0	0	0	0	0	0	0	0	0	0	0	0	0	0	0	0	0	0	0	0	0	0	0	0	0	0	0
D035E5CF8FAE800076A923C50B019063A3AF2E9E147F989DDBF35114445D0A5F.apk	0.2043	0.0025	0	0.3502	0.443	0	0	0	0	0	0.2546	0.7454	0	0.2921	0.7079	0	0.4448	0.5552	0	0.445	0.555	0.65	0	0.15	0.2	0.9796	0	0.0179	0.0025
D0D717FDE50064540153C9A3AACCB6BE00E8D24340D72DA43B430BF0BBE25183.apk	0	0	0	0.4729	0.5271	0	0	0	0	0	0.5	0.5	0	0.75	0.25	0	0.5392	0.4608	0	0.5392	0.4608	1	0	0	0	1	0	0	0
D1D9F111511A8A427AFB294D04B70BFFF535C34DA24758F0734170E5C469745E.apk	0.0598	0.0014	0	0.1697	0.7503	0	0.0002	0.0184	0.0002	0.0177	0.354	0.6283	0.0094	0.3197	0.6708	0.0002	0.7692	0.2305	0.0002	0.7692	0.2305	1	0	0	0	1	0	0	0
D2E2A770646E252A56AB47055D15C9289482D796017A70C12FF7B3CC6AA7A158.apk	0.9495	0	0	0	0	0	0.0458	0	0.0047	0.0173	0	0.9827	0.013	0	0.987	0.0048	0	0.9952	0.0048	0	0.9952	0.5	0	0.5	0	0.7492	0	0.2508	0
D3DC7B57B09BB79BC37DEB1F188C96F81D7D67889834995C22E911A441341B2C.apk	0.9952	0	0	0.0004	0	0	0.0036	0.0001	0.0007	0.034	0.0075	0.9585	0.013	0.0065	0.9804	0.0011	0.0003	0.9985	0.0011	0.0003	0.9985	1	0	0	0	1	0	0	0
D4875D733D56A42AE3536267D04F52859ED1BBC25B2C6B8F67727FA1A4114FFE.apk	0.0227	0.0005	0	0.1798	0.797	0	0	0	0	0	0.3826	0.6174	0	0.3476	0.6524	0	0.7972	0.2028	0	0.7972	0.2028	1	0	0	0	1	0	0	0
D65D7267AC94BA181EFF462E0268FE6FC666F4A0EBB1C20E252D31A318F96370.apk	0.9033	0.0029	0	0.0704	0.0233	0	0	0	0	0	0.1883	0.8117	0	0.1672	0.8328	0	0.0292	0.9708	0	0.0291	0.9709	0.6	0	0.1333	0.2667	0.9945	0	0.0019	0.0036
D6B5CA39B718E0B7F9091C8B17C5ACF0A2A3C0A1A15BA9A0D05658AE1363F788.apk	0.9701	0.026	0	0.003	0.0008	0	0.0002	0	0	0.0085	0.0508	0.9407	0.0045	0.0225	0.973	0.0001	0.0267	0.9732	0.0001	0.0267	0.9732	0.5714	0	0.4286	0	0.9754	0	0.0246	0
D9A400538516E3E2AEE1476F49983B72B82526DCDBDF7C50F852F5833BF15F12.apk	1	0	0	0	0	0	0	0	0	0	0	1	0	0	1	0	0	1	0	0	1	0.3333	0	0	0.6667	0.3299	0	0	0.6701
DA162FBA647449DD55318D9D2FDC77A4EFE79218CEA54979E27CE798085F3504.apk	0.8598	0.1052	0	0	0	0	0.0324	0	0.0026	0.0131	0.0196	0.9673	0.0123	0.0172	0.9705	0.0027	0.1045	0.8928	0.0027	0.1046	0.8927	0.6667	0	0.3333	0	0.91	0	0.09	0
DB159E6756954E3C0B91C46E1687352134248BE2622AF99B1D84B1D82137E216.apk	0	0	0	0.4286	0.1429	0	0.2143	0.1429	0.0714	0.25	0.1667	0.5833	0.1739	0.2609	0.5652	0.0731	0.2853	0.6416	0.0731	0.2853	0.6416	0.5	0	0.5	0	0.6031	0	0.3969	0
DC1F6BCB66C04973D40CED383825F5F99EFB3F68053B1EB0A97F8A9BA4CDCF24.apk	0.951	0	0	0	0	0	0.0445	0	0.0046	0.0195	0	0.9805	0.0184	0	0.9816	0.0046	0	0.9954	0.0047	0	0.9953	1	0	0	0	1	0	0	0
DCD08C8F4B6D37C96A14C9E8114AD737554AD7E023781BA2C6DD7D8BB58489D1.apk	0.0129	0.0005	0	0.5421	0.4446	0	0	0	0	0	0.4425	0.5575	0	0.463	0.537	0	0.4452	0.5548	0	0.4452	0.5548	0.5385	0.1538	0.3077	0	0.9313	0.0366	0.0322	0
DD8FD6654459009AFC2B958F4333CC90C704FED3DAE23DDD190845CF4FC2918A.apk	0.9551	0	0	0	0	0	0.0407	0	0.0042	0.0173	0	0.9827	0.013	0	0.987	0.0054	0	0.9946	0.0054	0	0.9946	0.5	0	0.5	0	0.7568	0	0.2432	0
DDBB5D8FADD930EBE4B0BDDA5239576D7D1C8BEF8D580220EA9EC4C370E78D2A.apk	0.8945	0.0018	0	0.0757	0.028	0	0	0	0	0	0.1927	0.8073	0	0.1656	0.8344	0	0.0323	0.9677	0	0.0322	0.9678	0.6	0	0.1333	0.2667	0.9954	0	0.0016	0.003
DDD9509C2669E62050D359168A6602DF2E6118F61DD7B8ED6C927AFECF91B61B.apk	0.6585	0.0044	0	0.2007	0.1364	0	0	0	0	0	0.2181	0.7819	0	0.252	0.748	0	0.1421	0.8579	0	0.142	0.858	0.6957	0	0.1304	0.1739	0.9873	0	0.0104	0.0024
DE69F7ACDBD926B5A22D8BF402C55040E36D4F3DC48D85F696372A1D5B83A62D.apk	0	0	0	0.9514	0.0486	0	0	0	0	0	0.0714	0.9286	0	0.1515	0.8485	0	0.0494	0.9506	0	0.0494	0.9506	0	0	0	0	0	0	0	0
DEBF147860EAB30C4BA8AD9900DE13E3F653A6D6A952C2C626F548C8F149642C.apk	0.5568	0.0029	0	0.24	0.2002	0	0	0	0	0	0.2338	0.7662	0	0.2744	0.7256	0	0.2038	0.7962	0	0.2038	0.7962	0.6667	0	0.1429	0.1905	0.9868	0	0.0109	0.0022
E18323508DD17074D730D66411C18186E26D46EA87F246396758C9EDB1A21DA0.apk	0.9491	0	0	0	0	0	0.0461	0	0.0047	0.0172	0	0.9828	0.0129	0	0.9871	0.0048	0	0.9952	0.0048	0	0.9952	0.5	0	0.5	0	0.7593	0	0.2407	0
E2448A93C69EEC562C109562019A808DB1B4E4F2FC376BBF4E2DD117B861F73D.apk	0	0	0	0	0	0	0	0	0	0	0	0	0	0	0	0	0	0	0	0	0	0	0	0	0	0	0	0	0
E3D790F3524C8577B090A25240BB31A1570E5942831FFB05C27E4980C8B29D6A.apk	0	0	0	0.6606	0.3394	0	0	0	0	0	0.5	0.5	0	0.5714	0.4286	0	0.3488	0.6512	0	0.3488	0.6512	0	0	0	0	0	0	0	0
E3DAD5B519253B2FC3FA9BD9E281C17CDE0F828C489E81C7BC3DE3C2066331A5.apk	0.4191	0.01	0	0.3406	0.2203	0	0.0067	0.0033	0	0.0118	0.4	0.5882	0.0109	0.3443	0.6448	0.0001	0.2348	0.7651	0.0001	0.2348	0.7651	1	0	0	0	1	0	0	0
E4F694B34B34B52BBEB6772EB3CA366522921720E3D286FE142A8B76F421DD22.apk	0.6699	0	0	0.1942	0.1068	0	0.0097	0.0194	0	0.0286	0.2571	0.7143	0.0235	0.2235	0.7529	0.0001	0.1268	0.8731	0.0001	0.1268	0.8731	1	0	0	0	1	0	0	0
E5E84D4E9891BCEA6A9DB3AFBF7FBD02520953FB6064AA7DF0A51ABF288E8682.apk	0.9489	0	0	0	0	0	0.0464	0	0.0048	0.0173	0	0.9827	0.013	0	0.987	0.0048	0	0.9952	0.0049	0	0.9951	0.5	0	0.5	0	0.7504	0	0.2496	0
E71296E524B4183B178B2568BA52A719C2CFCA0D829296EBE3F4D733D6042D2F.apk	0.9393	0	0	0	0	0	0.0551	0	0.0056	0.0238	0	0.9762	0.0179	0	0.9821	0.0057	0	0.9943	0.0057	0	0.9943	0.5	0	0.5	0	0.7	0	0.3	0
E80CACE44D4EAE2399F77087345171F0D150F4B418D3D5B2BC64A875D618677B.apk	0.9872	0	0.0001	0	0	0	0.0107	0	0.002	0.0126	0	0.9874	0.0118	0	0.9882	0.0022	0	0.9978	0.0022	0	0.9978	0.6667	0	0.3333	0	0.9109	0	0.0891	0
E810440239F0E6DB0CBCDB52C73815C40229E4476AC16BEB3F6C57DF0F995D88.apk	0.5838	0.0048	0	0.2365	0.1748	0	0	0	0	0	0.2273	0.7727	0	0.2725	0.7275	0	0.1806	0.8194	0	0.1806	0.8194	0.6667	0	0.1429	0.1905	0.9834	0	0.0148	0.0018
E8920BB0CB906BA95295644624FB84C2045313F9555D96203FE723FB0895DA6F.apk	0.0998	0.0009	0	0.6096	0.2897	0	0	0	0	0	0.2056	0.7944	0	0.2586	0.7414	0	0.2905	0.7095	0	0.2905	0.7095	0.6	0	0.2	0.2	0.9845	0	0.0079	0.0077
E9AD0F059888B370B01B9B243FAEC51E7E08C08CD72BB10E980CF3F06E0B782E.apk	0	0	0	0	0	0	0	0	0	0	0	0	0	0	0	0	0	0	0	0	0	0	0	0	0	0	0	0	0
EABDD6C0BED06C48B0944E3F7C8D4B1B8B1ACE6D983C0B2DDBCA431D8B8F3EF4.apk	0	0	0	0	0	0	0	0	0	0	0	0	0	0	0	0	0	0	0	0	0	0	0	0	0	0	0	0	0
EAC4016C7C2B2F36A0676DD64D95F453315DB9D28DFC29403E9D5A941EE77768.apk	0.0603	0.0014	0	0.1696	0.7499	0	0.0002	0.0185	0.0002	0.0177	0.354	0.6283	0.0094	0.3197	0.6708	0.0003	0.7686	0.2311	0.0003	0.7686	0.2311	1	0	0	0	1	0	0	0
EDE416B521D6BD33BF70953E764172B8114DEE0270F1BA59B581090E353DCE40.apk	0.0909	0.0009	0	0.1855	0.7008	0	0	0.0216	0.0003	0.0206	0.2577	0.7216	0.0112	0.2772	0.7116	0.0011	0.6894	0.3095	0.0011	0.6894	0.3095	1	0	0	0	1	0	0	0
EE8D99FEBB49E55B4D762865B275B3047951DA76281CDBE7AE14BDD3DD9F34A3.apk	0	0	0	0.6667	0.3333	0	0	0	0	0	0.5	0.5	0	0.5	0.5	0	0.3421	0.6579	0	0.3421	0.6579	0	0	0	0	0	0	0	0
EF1068E3F0FACECBE151885D6F41478F335C5D7C8CBB1D72F8DADD1C177FE0E0.apk	0.9449	0	0	0	0	0	0.0499	0	0.0051	0.0173	0	0.9827	0.013	0	0.987	0.0064	0	0.9936	0.0064	0	0.9936	0.5	0	0.5	0	0.7568	0	0.2432	0
EFE7A271936932E165CBB359167461D87E6AEC95863EFD98948EFD9E19B1BCE1.apk	0.9507	0	0	0	0	0	0.0447	0	0.0046	0.0195	0	0.9805	0.0184	0	0.9816	0.0047	0	0.9953	0.0047	0	0.9953	1	0	0	0	1	0	0	0
F0A8BFAD340791DB69740F3BCB2F8A6320129A7AF1E38199D1639979F96355C7.apk	0	0	0	0.9537	0.0463	0	0	0	0	0	0.0714	0.9286	0	0.1562	0.8438	0	0.0486	0.9514	0	0.0486	0.9514	0	0	0	0	0	0	0	0
F1B4A1F0D0D66D1F49C6E27C6F4BB55D94C086C950A0CDEB46F2F0AAA15F20A3.apk	0.9105	0	0	0	0	0	0.0816	0	0.008	0.0231	0	0.9769	0.0174	0	0.9826	0.0081	0	0.9919	0.0082	0	0.9918	0.5	0	0.5	0	0.7838	0	0.2162	0
F1D0CC2E757ECDF7DEDBFD0B741D7696FD7F20C4C3237462E839711B601491B1.apk	0.0741	0	0	0.5556	0.3704	0	0	0	0	0	0.3846	0.6154	0	0.5652	0.4348	0	0.3797	0.6203	0	0.3797	0.6203	1	0	0	0	1	0	0	0
F33CA27F36F4C9D2893CA30357C17B831C4CAD0C78A261D14D183E3197B6DE39.apk	0.8557	0.1046	0	0	0	0	0.037	0	0.0026	0.0135	0.0203	0.9662	0.0127	0.0178	0.9695	0.0027	0.1039	0.8933	0.0027	0.1041	0.8932	0.6667	0	0.3333	0	0.9227	0	0.0773	0
F50805A41B214DEC4D1A95DE8C69333B012DB125DBEEE5983A46D3B12B459841.apk	0	0	0	0	0	0	0	0	0	0	0	0	0	0	0	0	0	0	0	0	0	0	0	0	0	0	0	0	0
F665F2D11D5D814AB849DCBACE68647BB88133C38F63AD57042344EE4F0AA8F7.apk	0.9047	0.0016	0	0.0722	0.0215	0	0	0	0	0	0.1634	0.8366	0	0.146	0.854	0	0.0251	0.9749	0	0.0251	0.9749	0.6	0	0.1333	0.2667	0.9958	0	0.0015	0.0027
FB003D48D73352E82E890E56DB56FA3FFAA0F8A14258E8839E4F40FA58A00455.apk	0.2247	0.0018	0	0.3359	0.4376	0	0	0	0	0	0.209	0.791	0	0.2577	0.7423	0	0.4384	0.5616	0	0.4386	0.5614	0.6364	0	0.1818	0.1818	0.9823	0	0.0134	0.0044
FB51CF488FD0D2741F60A36013321CEEB33925449EA5773F69AB48C7850EF117.apk	0	0	0	0.8333	0	0	0	0.1667	0	0.1429	0.2857	0.5714	0.1111	0.3333	0.5556	0.0026	0.1705	0.8269	0.0026	0.1705	0.8269	1	0	0	0	1	0	0	0
FCEF76604A72A2ECBD15CBE81AC49B710833352D778B8933C728EC4AF8643736.apk	0.3633	0	0.0001	0.5106	0.1236	0	0.0017	0.0004	0.0002	0.0146	0.2619	0.7235	0.0088	0.3081	0.6831	0.0005	0.1279	0.8717	0.0005	0.1279	0.8717	0.7273	0	0.2727	0	0.9762	0	0.0238	0
FE94F09D81F57FD2288C2AA334714CF62E1A847E2DE8E0B3FCF3C1CBEFF307CA.apk	0.0132	0	0	0.5969	0.3728	0.0105	0.0057	0.0008	0	0.0148	0.4889	0.4963	0.0108	0.5833	0.4059	0.0105	0.3755	0.6139	0.0105	0.3755	0.6139	0.6667	0	0.3333	0	0.8773	0	0.1227	0
FF98C188D55352BB20E3B5B1DC2C76A451327B4B83CD1723DA2482A41083B6CA.apk	0.0386	0.0009	0	0.2074	0.6884	0	0.0001	0.0645	0.0001	0.0177	0.354	0.6283	0.0093	0.3302	0.6605	0.0002	0.753	0.2468	0.0002	0.753	0.2468	1	0	0	0	1	0	0	0
FFBCC04C11DBB6CC220A365236CD834E08F7A480E736DF55E4D2E7D7A2EC1615.apk	0.9499	0	0	0	0	0	0.0454	0	0.0047	0.0173	0	0.9827	0.013	0	0.987	0.0047	0	0.9953	0.0048	0	0.9952	0.5	0	0.5	0	0.7461	0	0.2539	0
