00039901D26FA9121F32762D8B0E67DF7CFBCBB53E0FE3DA7FB1298DAB84C816.apk	2011-08-21	0	0	0	0	0	0	0.9928	0.0004	0.0067	0.2308	0.0385	0.7308	0.3529	0.0441	0.6029	0.0079	0.0006	0.9915	0.0079	0.0006	0.9915	1	0	0	0	1	0	0	0
001E8BCC83F230D7CA5351BA7A7A333AE4EA1A066EBECED4233AD9FB2E169A80.apk	2011-08-21	0	0	0	0	0	0	0.6836	0	0.3164	0.4524	0	0.5476	0.4571	0	0.5429	0.335	0	0.665	0.335	0	0.665	0.6	0.2	0.2	0	0.8955	0.0945	0.01	0
001E950D93654CD742E0B0FB3E255E038F19D7C5DE3B01DBAAAAE0141A59DECA.apk	2011-11-07	0	0	0	0	0	0	0.9527	0.0018	0.0455	0.2292	0.0208	0.75	0.2966	0.0085	0.6949	0.0898	0.003	0.9072	0.0898	0.003	0.9072	1	0	0	0	1	0	0	0
0020BA387352749482B017024B23A05DAB4C6BDB5D6837D2B7ED3841F13D88AA.apk	2011-11-08	0	0	0	0.8028	0.1972	0	0	0	0	0	0.3488	0.6512	0	0.4059	0.5941	0	0.2007	0.7993	0	0.2007	0.7993	0.6	0	0	0.4	0.8303	0	0	0.1697
002231C8B06C39A5E844BCC291C738FA9306C65E591C6CF75916D40B3308EF91.apk	2011-09-27	0	0	0	0	0	0	0.9758	0.0081	0.0161	0.2963	0.0741	0.6296	0.3333	0.1373	0.5294	0.0337	0.0152	0.951	0.0337	0.0152	0.951	1	0	0	0	1	0	0	0
002CB93EA3560B7409B63B4F1BDF0119AB9EC0B176149D329551498115C8E198.apk	2011-06-01	0	0	0	0	0	0	0.893	0	0.107	0.25	0	0.75	0.2955	0	0.7045	0.1089	0	0.8911	0.1089	0	0.8911	1	0	0	0	1	0	0	0
0032F5CA93040CE4FB8700BB9F1F79350F165F1C3989C65AA6E22C23DDD9C19F.apk	2011-10-04	0	0	0	0	0	0	0.6178	0	0.3822	0.584	0	0.416	0.5418	0	0.4582	0.3832	0	0.6168	0.3832	0	0.6168	0.5	0	0.5	0	0.9982	0	0.0018	0
00351AA2AE126627A4CA90E51F023AFF711697FD084BB3E347174F8F5C8FF233.apk	2011-08-28	0.277	0	0	0	0	0	0.5324	0	0.1906	0.1667	0	0.8333	0.1429	0	0.8571	0.1835	0	0.8165	0.1835	0	0.8165	1	0	0	0	1	0	0	0
00363349DBA0F2B1CF1BE25AE3861275771448ECB3602FCD458954E36E8062BB.apk	2011-08-21	0	0	0	0	0	0	0.9487	0	0.0513	0.2353	0	0.7647	0.2857	0	0.7143	0.0591	0	0.9409	0.0591	0	0.9409	1	0	0	0	1	0	0	0
0044219582EB2FEC78997E36948CA43B9EF5A6D0F8F820EF8208D3E391D43166.apk	2011-09-13	0	0	0	0.5333	0.2667	0	0.2	0	0	0.0769	0.3077	0.6154	0.1111	0.3889	0.5	0.006	0.2733	0.7207	0.006	0.2733	0.7207	1	0	0	0	1	0	0	0
0048A43424A37FD8143C5A60807014FBCF995F4D79FEAB70F884E42BE812BE51.apk	2011-09-03	0	0	0	0.7418	0.2582	0	0	0	0	0	0.4878	0.5122	0	0.5571	0.4429	0	0.2648	0.7352	0	0.2648	0.7352	0.3333	0	0.2222	0.4444	0.5621	0	0.0096	0.4283
004D45AF47C23CDD979A96D147D4ACDC686F27CA3FFCFDCBFA78FF2490F3E0F5.apk	2011-08-20	0	0	0	0.46	0.34	0	0.2	0	0	0.1905	0.2857	0.5238	0.1351	0.3514	0.5135	0.0033	0.3403	0.6565	0.0033	0.3403	0.6565	1	0	0	0	1	0	0	0
004F532CAA4E5F58017BCC5964DC479318A05D2292ADDE87B0463788894D9016.apk	2011-09-03	0	0	0	0	0	0	0.9765	0	0.0235	0.2642	0	0.7358	0.3902	0	0.6098	0.0251	0	0.9749	0.0251	0	0.9749	0.5	0.25	0.25	0	0.2822	0.6961	0.0216	0
0055089825D80E4F62044EC5E7178EDE999313146565A09F6F9F998BA4DBBBFA.apk	2011-10-04	0	0	0	0	0	0	0	0	0	0	0	0	0	0	0	0	0	0	0	0	0	0	0	0	0	0	0	0	0
0056BDC3219FA2F0561BC8987D0060FC2FA1730CF2B0F9A851561C02408CB26C.apk	2011-08-29	0	0	0	0	0	0	0.2351	0	0.7649	0.2069	0	0.7931	0.5	0	0.5	0.7649	0	0.2351	0.7649	0	0.2351	1	0	0	0	1	0	0	0
0064FABD0E9F04C619232F8CC76F54F02C526B24E46F5C28DAD9F15E638BE539.apk	2011-11-08	0	0	0	0	0	0	0.9635	0	0.0365	0.2778	0	0.7222	0.34	0	0.66	0.0992	0	0.9008	0.0992	0	0.9008	1	0	0	0	1	0	0	0
0077851748B24A4029436A455499C2F577A68BF71CD56F808FA9E28C72CDA7AE.apk	2011-11-08	0	0	0	0	0	0	0.8144	0.0378	0.1478	0.3721	0.0465	0.5814	0.369	0.0357	0.5952	0.1973	0.0373	0.7653	0.1973	0.0373	0.7653	1	0	0	0	1	0	0	0
007C5D26A6481A212D2F31716A18C6EA1FED7AD204ECB418708A1F8738DE13FA.apk	2011-08-20	0	0	0	0	0	0	0.8182	0	0.1818	0.6	0	0.4	0.4286	0	0.5714	0.2778	0	0.7222	0.2778	0	0.7222	1	0	0	0	1	0	0	0
00844BAEDD7DF25C21E17BF1A88E0B147A937EA0005B9F0CC08E2E72A7597CE5.apk	2011-08-21	0	0	0	0	0	0	0.8591	0	0.1409	0.3617	0	0.6383	0.3611	0	0.6389	0.15	0	0.85	0.15	0	0.85	0.3333	0.3333	0.3333	0	0.9833	0.0105	0.0063	0
00982F6FC8240348217949AC579781232BBE67C51CD9054C447BD9AA9E9BA0EE.apk	2011-09-13	0	0	0	0	0	0	0.6987	0	0.3013	0.9041	0	0.0959	0.7978	0	0.2022	0.3293	0	0.6707	0.3293	0	0.6707	1	0	0	0	1	0	0	0
009CE9DC174621126F01F65FFD58F2388FEB06E281DCDF98727A0A8644B05BB4.apk	2011-09-14	0	0	0	0.6154	0.1282	0	0.1026	0.1282	0.0256	0.1053	0.4211	0.4737	0.0909	0.3939	0.5152	0.0266	0.2585	0.7148	0.0266	0.2585	0.7148	1	0	0	0	1	0	0	0
00AA57C6BCECE5CDB94CFE5D643806991A174EEC3A2C4EADAD691FDDFF4AE43D.apk	2011-08-21	0.0814	0	0	0.1549	0.0694	0	0.5768	0.0027	0.1148	0.1463	0.1951	0.6585	0.1905	0.1952	0.6143	0.1313	0.099	0.7698	0.1321	0.0996	0.7683	0.625	0.375	0	0	0.8785	0.1215	0	0
00AE92C558EDFD7716E25CED222CEF16E87CEF9B95C131D68211D0B2D1DE98F3.apk	2011-10-27	0	0	0	0.4939	0.0346	0	0.4257	0.0012	0.0445	0.2462	0.0769	0.6769	0.2338	0.0647	0.7015	0.0536	0.0372	0.9092	0.0536	0.0372	0.9092	0.5714	0	0.4286	0	0.9573	0	0.0427	0
00B27154D99C961EAC41939A764CB6F4CE51C6D57450585F8A7E84C90D4FAF36.apk	2011-08-23	0	0	0	0	0	0	0.8792	0	0.1208	0.25	0	0.75	0.4	0	0.6	0.1262	0	0.8738	0.1262	0	0.8738	1	0	0	0	1	0	0	0
00B2D4759ED05014F1C75696B71A895042EE73559BC0B804A16BB99E962E0626.apk	2011-08-26	0.6082	0	0	0	0	0	0.3149	0	0.077	0.3095	0	0.6905	0.2762	0	0.7238	0.0919	0	0.9081	0.0919	0	0.9081	0.7143	0.2857	0	0	0.961	0.039	0	0
00BD96432E3635942091857FE213FA82382FDA620C5BBA5221F43E39E852576D.apk	2011-11-08	0	0	0	0	0	0	0.9294	0	0.0706	0.08	0	0.92	0.2055	0	0.7945	0.0744	0	0.9256	0.0759	0	0.9241	0.5	0.5	0	0	0.5977	0.4023	0	0
00BE6A9AC93FC6CE699D2D4A58A4805E6BECE48B4A77C120CCF40FB70535F268.apk	2011-11-13	0	0	0	0	0	0	0.9621	0	0.0379	0.45	0	0.55	0.449	0	0.551	0.0745	0	0.9255	0.0745	0	0.9255	1	0	0	0	1	0	0	0
00CA8C2BFDDB6E63C38A669B67ADF517780F3181376708DE2D830A9F7508CE8F.apk	2011-08-27	0	0	0	0	0	0	0.6522	0	0.3478	0.9231	0	0.0769	0.8478	0	0.1522	0.4193	0	0.5807	0.4193	0	0.5807	1	0	0	0	1	0	0	0
00CDC54E28BD608849434818EB3F42A7F662C862647BD8F33C7FBDD5549F4CCF.apk	2011-11-13	0	0	0	0	0	0	0.9851	0	0.0149	0.2381	0	0.7619	0.3061	0	0.6939	0.0158	0	0.9842	0.0158	0	0.9842	1	0	0	0	1	0	0	0
00D18E765798172FFAEF544F7CB4F734BF536438D4AB6AF1C94E615A6E47DDA7.apk	2011-11-07	0	0	0	0	0	0	0.9231	0	0.0769	0.3415	0	0.6585	0.252	0	0.748	0.1117	0	0.8883	0.1131	0	0.8869	0.6	0	0	0.4	0.9609	0	0	0.0391
00D930699E701F77D5F840A0D52141895744C312A3AE23F261E6C84668581116.apk	2011-08-26	0	0	0	0	0	0	0	0	0	0	0	0	0	0	0	0	0	0	0	0	0	0	0	0	0	0	0	0	0
00EB7C0A535E4AC0E670E48BB9F9FFBE7F7055B108D2E27FD2468FFB7481CFE7.apk	2011-11-14	0	0	0	0	0	0	0.9	0	0.1	0.2619	0	0.7381	0.2788	0	0.7212	0.1355	0	0.8645	0.1355	0	0.8645	1	0	0	0	1	0	0	0
00F303FCBBADC09E3DFDC0759DB14AA1C573D4EEE5E995CF11A96AFF25D4EEDD.apk	2011-11-08	0	0	0	0	0	0	0.9057	0	0.0943	0.1818	0	0.8182	0.1892	0	0.8108	0.0956	0	0.9044	0.0956	0	0.9044	0.6	0	0.4	0	0.8462	0	0.1538	0
01019DDD6A42EB7C8F74904AFEE154C7CA9F98CA62789E0B3083DAD5896D5E3E.apk	2011-11-08	0.2355	0	0	0	0	0	0.6388	0.0206	0.1051	0.2029	0.0435	0.7536	0.3099	0.0468	0.6433	0.1181	0.0223	0.8596	0.1181	0.0223	0.8596	0.8333	0.1667	0	0	0.8963	0.1037	0	0
0104E13BB814578A14975870FCBB4B7411EB1369D1AE800E54B4FA54F17BF39C.apk	2011-11-08	0	0	0	0	0	0	0.9002	0	0.0998	0.4444	0	0.5556	0.4255	0	0.5745	0.1137	0	0.8863	0.1137	0	0.8863	1	0	0	0	1	0	0	0
0106486CC72BF5B07D1286C08B152021DBE5AF902D9A658AA6E75A2E176DBA89.apk	2011-11-14	0	0	0	0.7295	0.0839	0	0.1612	0.0009	0.0245	0.1695	0.2542	0.5763	0.1269	0.4508	0.4223	0.0288	0.1005	0.8707	0.0288	0.1005	0.8707	1	0	0	0	1	0	0	0
010CDE74DC9D7D6BD4F542F84C7A6960076D1EA988F66F864E10B3B11F922E7A.apk	2011-11-07	0	0	0	0.7859	0.2141	0	0	0	0	0	0.4318	0.5682	0	0.3694	0.6306	0	0.2222	0.7778	0	0.2235	0.7765	1	0	0	0	1	0	0	0
0113279466F9F82B1F5A3A38971BCEFF30FA97C41593FB8BE1763367099C7BC9.apk	2011-11-08	0	0	0	0	0	0	0.9621	0	0.0379	0.5625	0	0.4375	0.642	0	0.358	0.0421	0	0.9579	0.0421	0	0.9579	1	0	0	0	1	0	0	0
0115FDF58FCD1E1393233F8856437DA3557AB7B3B7EA6FB1C145C561F944815C.apk	2011-09-23	0	0	0	0.7142	0.2858	0	0	0	0	0	0.3559	0.6441	0	0.5381	0.4619	0	0.305	0.695	0	0.305	0.695	1	0	0	0	1	0	0	0
0128E0230DD11F88752BB565B044779816F2DCDEC8514805C6A2218837349769.apk	2011-11-08	0	0	0	0	0	0	0.8673	0	0.1327	0.3837	0	0.6163	0.4152	0	0.5848	0.1343	0	0.8657	0.1343	0	0.8657	1	0	0	0	1	0	0	0
013165FD500EEE573169B612A914C12DE7636AFA4138A4A91D6AB9E0F966A719.apk	2011-09-27	0	0	0	0	0	0	0.965	0	0.035	0.3111	0	0.6889	0.2476	0	0.7524	0.0396	0	0.9604	0.0396	0	0.9604	1	0	0	0	1	0	0	0
0134092181744B4A389D47E78F341E101E4655FF945ECA4F5AB661B0EE4EFD66.apk	2011-11-08	0	0	0	0.7885	0.1987	0	0.0127	0.0001	0	0.0312	0.4896	0.4792	0.0193	0.695	0.2857	0	0.199	0.801	0	0.199	0.801	1	0	0	0	1	0	0	0
01347B8CEC793924A0FB53CE2A08E6B5CE4E389F79AF1A41F3CAE6C778DB1A1B.apk	2011-11-08	0	0	0	0.8578	0.1422	0	0	0	0	0	0.3409	0.6591	0	0.3981	0.6019	0	0.1439	0.8561	0	0.1439	0.8561	0.6	0	0	0.4	0.8316	0	0	0.1684
0138C6F0FDD173BD53456859D7E0CD949757788BBF0F7ACFF4A7930DAD8D025D.apk	2011-12-08	0	0	0	0.6165	0.096	0.0211	0.1761	0.0338	0.0565	0.3542	0.1979	0.4479	0.3478	0.2126	0.4396	0.0781	0.13	0.7919	0.0781	0.13	0.7919	1	0	0	0	1	0	0	0
0140E40A121C971B3EECAFE338729580FC7081A84641BF6A6EF9EE10F0E5D9BF.apk	2011-11-13	0	0	0	0	0	0	1	0	0	0.1667	0	0.8333	0.1724	0	0.8276	0.0446	0	0.9554	0.0446	0	0.9554	1	0	0	0	1	0	0	0
0147E773B491AF9CF11AAD719406E33F64F1EB1FEC8E8359BEB32F164A5D56FE.apk	2011-11-08	0	0	0	0.869	0.1266	0	0	0.0044	0	0.0222	0.3333	0.6444	0.0096	0.3942	0.5962	0.0001	0.1325	0.8674	0.0001	0.1325	0.8674	0.5	0	0	0.5	0.7879	0	0	0.2121
01517566349B9E2590BDC57637DF823EA30EF7D9040FD42C21681C250BBB9A22.apk	2011-11-13	0	0	0	0	0	0	0.9424	0	0.0576	0.1389	0	0.8611	0.2581	0	0.7419	0.062	0	0.938	0.062	0	0.938	1	0	0	0	1	0	0	0
016273054C6D346A65CDA39F3C566105C6D148EDA966AD27A6B010CE1A937B5C.apk	2011-01-13	0	0	0	0	0	0	0.8296	0	0.1704	0.2326	0	0.7674	0.3237	0	0.6763	0.1786	0	0.8214	0.1786	0	0.8214	1	0	0	0	1	0	0	0
016BF97BCDA351D53025EA69EC23A62FE9139C9457A50F115E776180E15DE68D.apk	2011-09-26	0	0	0	0	0	0	0.7674	0	0.2326	0.6111	0	0.3889	0.4815	0	0.5185	0.2756	0	0.7244	0.2756	0	0.7244	1	0	0	0	1	0	0	0
016E00880C5251BC0E03FC34396F489D8AA48CEA11F67DD06A6CDA098B6A8C1E.apk	2011-10-14	0	0	0	0	0	0	0.6099	0.0009	0.3892	0.5084	0.0056	0.486	0.5914	0.0059	0.4027	0.3915	0.001	0.6075	0.3915	0.001	0.6075	0.5	0.1667	0.1667	0.1667	0.9302	0.0099	0.0479	0.012
01775C514AD24B07399753704B6B94D63DFEFDE9A368A426B720DD9673E27395.apk	2011-11-13	0	0	0	0	0	0	0.8947	0	0.1053	0.4286	0	0.5714	0.2857	0	0.7143	0.1224	0	0.8776	0.1224	0	0.8776	1	0	0	0	1	0	0	0
017A1D030EC0B05E1F31C237CCD4FE60BF85D8EF58BA85EC92080FD0BFE04606.apk	2011-11-13	0.1121	0.0005	0.0005	0	0	0	0.4452	0	0.4417	0.1724	0.023	0.8046	0.217	0.0128	0.7702	0.4333	0.001	0.5657	0.4333	0.001	0.5657	1	0	0	0	1	0	0	0
018B6A4D22A36C172CD7F69089DA2A6CBBEE91999DE43DF292D41B49D4A45808.apk	2011-11-08	0	0	0	0	0	0	0.7856	0	0.2144	0.2821	0	0.7179	0.3077	0	0.6923	0.2168	0	0.7832	0.2168	0	0.7832	1	0	0	0	1	0	0	0
018D37C15CD2E466028F36F4F85B2EA429FCDE95C06613D7EACDBB6B63B6983E.apk	2011-08-28	0	0	0	0.74	0.0761	0.0055	0.0935	0.0504	0.0344	0.2819	0.2953	0.4228	0.3005	0.3394	0.3601	0.0444	0.1303	0.8252	0.0444	0.1303	0.8252	0.625	0.25	0.125	0	0.9525	0.0384	0.0091	0
019E6D1033059BDF2786B669EA73B0881FD69DA7C755DD2B9C0683F780F32BC7.apk	2011-03-12	0	0	0	0.0015	0.0003	0.0001	0.8161	0.0015	0.1804	0.1045	0.4776	0.4179	0.2214	0.3071	0.4714	0.1808	0.004	0.8152	0.1808	0.004	0.8152	1	0	0	0	1	0	0	0
01A5AA092A43BFACCFE8D9815D3A1CB3601BCD5D9E4B89FC03428F54FC81361A.apk	2011-10-04	0	0	0	0	0	0	0.84	0	0.16	0.5714	0	0.4286	0.5379	0	0.4621	0.1621	0	0.8379	0.1621	0	0.8379	1	0	0	0	1	0	0	0
01A855548F67C51B7219FBC514EEE5ADBC1DEE06B469C6C5850C47A79BC74D87.apk	2011-08-20	0	0	0	0.1158	0.0011	0	0.796	0.0232	0.0639	0.1961	0.0588	0.7451	0.2632	0.0526	0.6842	0.0894	0.0279	0.8827	0.0894	0.0279	0.8827	0.625	0	0.125	0.25	0.9392	0	0.0135	0.0473
01AF6560EAB88457048855CEC444114F7A2E42D12A7F26EEBE1CD8943D96FAE5.apk	2011-08-21	0	0	0	0	0	0	0.7915	0.0328	0.1758	0.3469	0.0204	0.6327	0.4015	0.0146	0.5839	0.2051	0.0304	0.7645	0.2051	0.0304	0.7645	1	0	0	0	1	0	0	0
01BDE9ADE8632CB45C42210BD988B209FBFBD3D6E868B5D4D97F223764F30000.apk	2011-11-08	0	0	0	0	0	0	0.821	0	0.179	0.3043	0	0.6957	0.25	0	0.75	0.1818	0	0.8182	0.1818	0	0.8182	1	0	0	0	1	0	0	0
01C21BD5F65C682F84C036488B30DCA7A4CCBF5D34BF12B151D650373F8ADCE4.apk	2011-08-26	0	0	0	0	0	0	0.3938	0	0.6062	0.4423	0	0.5577	0.6959	0	0.3041	0.6065	0	0.3935	0.6065	0	0.3935	1	0	0	0	1	0	0	0
01CE81DDA90AD52AFC4F419B183CB71A42030E15B9568F06D93A35FF3A1B53B7.apk	2011-04-22	0.0626	0	0	0.388	0.0518	0	0.4751	0.0005	0.022	0.1593	0.4027	0.4381	0.153	0.3442	0.5029	0.0233	0.0551	0.9216	0.0233	0.0551	0.9216	1	0	0	0	1	0	0	0
01D191C0511777B7C730F434AF04D25D8C5060FDD1885579A425E92F5FA95A5C.apk	2011-08-21	0	0	0	0	0	0	0	0	0	0	0	0	0	0	0	0	0	0	0	0	0	0	0	0	0	0	0	0	0
01EDB202AE6CC45152B586BD87F8E45E34417A05BEF60DA77EA6B21A00131401.apk	2011-11-08	0	0	0	0.5814	0.4186	0	0	0	0	0	0.4333	0.5667	0	0.4348	0.5652	0	0.4189	0.5811	0	0.4189	0.5811	1	0	0	0	1	0	0	0
01EE375C6B45F70C337CCA54FC83AA178BFD5F12AE1806DA086C4B01423206A2.apk	2011-11-13	0	0	0	0	0	0	0.0722	0	0.9278	0.3571	0	0.6429	0.4082	0	0.5918	0.9274	0	0.0726	0.9274	0	0.0726	1	0	0	0	1	0	0	0
01F46BF567D1BFE6665B04CAF0A593A3D8E1D4371AAFFCC66F9027836693BD5A.apk	2011-08-23	0	0	0	0	0	0	0.7565	0	0.2435	0.4186	0	0.5814	0.383	0	0.617	0.246	0	0.754	0.246	0	0.754	1	0	0	0	1	0	0	0
01FB3D06F0F39214006CC369C0E79A59C6D9E110CEB4DD3EE386695F4E77B38E.apk	2011-11-08	0	0	0	0	0	0	0.8756	0	0.1244	0.2308	0	0.7692	0.3108	0	0.6892	0.1312	0	0.8688	0.1312	0	0.8688	1	0	0	0	1	0	0	0
02061BAD320EA8FDA85BE189529E5AFB3F2863D2489FB820F514C56C84934CFB.apk	2011-11-13	0	0	0	0	0	0	0.7572	0	0.2428	0.5882	0	0.4118	0.5714	0	0.4286	0.2749	0	0.7251	0.2749	0	0.7251	1	0	0	0	1	0	0	0
020E52C9522BE9C154C5250B3DC8CB7D2868876CB62F91F28A02E7CF2D7D49B7.apk	2011-11-14	0	0	0	0	0	0	0.8758	0	0.1242	0.3676	0	0.6324	0.3665	0	0.6335	0.1386	0	0.8614	0.1387	0	0.8613	1	0	0	0	1	0	0	0
02213CB3694BB829BF337BA445ADEBFABBCF26DF1089CBD0C2FB99EF6D9ED94F.apk	2011-10-04	0	0	0	0	0	0	0.7462	0	0.2538	0.4545	0	0.5455	0.4038	0	0.5962	0.2557	0	0.7443	0.2557	0	0.7443	1	0	0	0	1	0	0	0
022B6178D4950A882C1AC3BA9BC3948B173A3886477D436EF0AB231B366AABB2.apk	2011-08-28	0	0	0	0.7742	0.0323	0	0.0968	0.0645	0.0323	0.1111	0.2222	0.6667	0.1765	0.2059	0.6176	0.0373	0.1006	0.862	0.0373	0.1006	0.862	1	0	0	0	1	0	0	0
023B029BC241A00E1E6B1D31E656919507FD4D07590EE057231C0144896E72ED.apk	2011-11-13	0	0	0	0.5698	0.4292	0	0	0.001	0	0.0204	0.4082	0.5714	0.0101	0.404	0.5859	0.001	0.4278	0.5713	0.001	0.4278	0.5713	0.6	0.4	0	0	0.9531	0.0469	0	0
024D03586EAA2B19811ADADFBBFB113D2DD740B35D8A1EF32D3AFCE6071C9AFC.apk	2011-09-03	0	0	0	0	0	0	0.8433	0	0.1567	0.3091	0	0.6909	0.385	0	0.615	0.161	0	0.839	0.161	0	0.839	0.6667	0.3333	0	0	0.9571	0.0429	0	0
0251E003443AB1A703514CC8B6C7A4D79F4D3D7D670A6093AD493989D7FA3C5F.apk	2011-11-08	0	0	0	0	0	0	0.874	0	0.126	0.2083	0	0.7917	0.2971	0	0.7029	0.1532	0	0.8468	0.1532	0	0.8468	1	0	0	0	1	0	0	0
0253F237395FED6CEA20A6B5CD267ABA101B83E56EFB2CC8259915B7917E0C5B.apk	2011-09-26	0	0	0	0	0	0	0.9072	0.0061	0.0867	0.2632	0.0526	0.6842	0.26	0.04	0.7	0.0904	0.0068	0.9028	0.0904	0.0068	0.9028	1	0	0	0	1	0	0	0
02570644100283085A339953809117DF54933E89DC90279344891F08988A6030.apk	2011-11-14	0	0	0	0	0	0	0.9865	0	0.0135	0.2619	0	0.7381	0.28	0	0.72	0.0166	0	0.9834	0.0166	0	0.9834	1	0	0	0	1	0	0	0
025919EB7F7A320E78DA275F61635A64121A7941B80DB8D09E5FEC1C6FD469AB.apk	2011-11-08	0	0	0	0	0	0	0.7013	0	0.2987	0.54	0	0.46	0.5043	0	0.4957	0.2994	0	0.7006	0.2994	0	0.7006	1	0	0	0	1	0	0	0
02646A3766AFE9E51A5EC1AEADB9F6B21B9B955A3F1008284FD6B186E3AA82AE.apk	2011-10-04	0	0	0	0.1207	0.0074	0	0.6664	0.1779	0.0277	0.1379	0.2931	0.569	0.2073	0.2744	0.5183	0.0282	0.1856	0.7862	0.0282	0.1856	0.7862	1	0	0	0	1	0	0	0
02697E890B928E5A1F23883008937DB62720BFC64697159C9FFEAC2A6C562314.apk	2011-11-13	0	0	0	0	0	0	0.9821	0	0.0179	0.25	0	0.75	0.2051	0	0.7949	0.0329	0	0.9671	0.0329	0	0.9671	1	0	0	0	1	0	0	0
02699DCB8CBF8F442FC488143169F1ADEFC0458F274967C9040220D2FD24FEE9.apk	2011-11-14	0.9164	0	0	0	0	0	0.0712	0	0.0123	0.2209	0	0.7791	0.1378	0	0.8622	0.0192	0	0.9808	0.0192	0	0.9808	1	0	0	0	1	0	0	0
0278A0F39E44FE621D49245E16A543D09575F5329AE00BAD21A4F0F1338DC263.apk	2011-11-13	0	0	0	0	0	0	0	0	0	0	0	0	0	0	0	0	0	0	0	0	0	0	0	0	0	0	0	0	0
0294B15E2B073B269CD388C81C5894A4E5531B3C1D164C5C88183D1DB17ADF56.apk	2011-08-21	0	0	0	0	0	0	0.8333	0	0.1667	0.5	0	0.5	0.375	0	0.625	0.181	0	0.819	0.181	0	0.819	1	0	0	0	1	0	0	0
0299B466EAA309FE2BE4D09977697B45CBA82A386659885DC96E1FF321F201B0.apk	2011-11-13	0	0	0	0	0	0	0.7646	0.0011	0.2343	0.3	0.0333	0.6667	0.3529	0.0147	0.6324	0.2371	0.0014	0.7614	0.2371	0.0014	0.7614	1	0	0	0	1	0	0	0
029C19EBB4F5BBB04EB4765281D21B5D62A14C74AA6389077F09776068F922AF.apk	2011-09-26	0	0	0	0	0	0	0.8424	0	0.1576	0.4667	0	0.5333	0.4355	0	0.5645	0.2276	0	0.7724	0.2276	0	0.7724	1	0	0	0	1	0	0	0
029E0762E1B8F6683463D193CDF3250DAB4B8320A52B8264E1932DDED5685F02.apk	2011-08-29	0.006	0	0	0.8667	0.1273	0	0	0	0	0	0.3786	0.6214	0	0.4952	0.5048	0	0.1287	0.8713	0	0.1287	0.8713	1	0	0	0	1	0	0	0
02A91EF6EC58623719D42E468A0461E18BEEAB418FF33B088098E72B3E8BA6AE.apk	2011-08-15	0	0	0	0	0	0	0.7895	0	0.2105	0.3205	0	0.6795	0.3744	0	0.6256	0.2287	0	0.7713	0.2287	0	0.7713	0.5714	0.2857	0.1429	0	0.64	0.32	0.04	0
02BC377F72C41D5AD451C5EEA9D8A181EDA626AEEE81C1298BFE91D6A80F3A4E.apk	2011-11-07	0	0	0	0.2405	0.0619	0	0.6133	0.0019	0.0823	0.2475	0.0495	0.703	0.2818	0.1354	0.5829	0.1067	0.0726	0.8207	0.1067	0.0726	0.8207	0.4545	0.1818	0.1818	0.1818	0.823	0.0328	0.0131	0.1311
02BF40393F85E4E963DC566B2CBA1D7E04E7B62569E94555253D5AA403A14E2B.apk	2011-11-08	0	0	0	0	0	0	0.9937	0	0.0063	0.4815	0	0.5185	0.3864	0	0.6136	0.0064	0	0.9936	0.0064	0	0.9936	1	0	0	0	1	0	0	0
02C96526C4DC7F1C7AE8E00DBF30F1C119DE7CA42042FA6AD00237F5AB4B6026.apk	2011-11-13	0	0	0	0.064	0.138	0	0.5993	0.1212	0.0774	0.1333	0.1333	0.7333	0.1628	0.3372	0.5	0.0779	0.2597	0.6624	0.0779	0.2597	0.6624	1	0	0	0	1	0	0	0
02CC8A5A6C6DCFAA8E2ACC9D797B71DA0C884693AC4481026A69793A64C595EB.apk	2011-11-13	0	0	0	0.8212	0.1788	0	0	0	0	0	0.2857	0.7143	0	0.4444	0.5556	0	0.1792	0.8208	0	0.1792	0.8208	0	0	0	1	0	0	0	1
02D07297882CC32CF08079F0230AD9CEAA82D8A984D75ACE3EEB251EA6B4614C.apk	2011-09-26	0	0	0	0	0	0	0	0	0	0	0	0	0	0	0	0	0	0	0	0	0	0	0	0	0	0	0	0	0
02E86234209CF50E82363F6D4381788EEB978A5251AE9989508137D1A0EBF0D9.apk	2011-09-03	0	0	0	0	0	0	0.8765	0	0.1235	0.1923	0	0.8077	0.2593	0	0.7407	0.1385	0	0.8615	0.1385	0	0.8615	1	0	0	0	1	0	0	0
02E93725180D52B9FBC7493B2A50E800B1B124A306E7A3885EBC6488E5B584EC.apk	2011-11-14	0	0	0	0.5092	0.2982	0.0073	0.1143	0.0602	0.0107	0.0556	0.2963	0.6481	0.0621	0.4099	0.528	0.0209	0.3617	0.6174	0.0209	0.3617	0.6174	1	0	0	0	1	0	0	0
02ED39E4B65EA3FC50D3DDFEE631C6F98D3DB088CAFA1C9574FCA22C4F0C34CD.apk	2011-08-25	0	0	0	0	0	0	0.9887	0	0.0113	0.5278	0	0.4722	0.478	0	0.522	0.0295	0	0.9705	0.0295	0	0.9705	1	0	0	0	1	0	0	0
02ED512FF52B5D56986E39C5EE30F4D5E5DFB9B5BD8E198B36DB54B9C557368B.apk	2011-09-27	0	0	0	0.4542	0.4372	0.0003	0.0813	0.0083	0.0186	0.0776	0.3534	0.569	0.1107	0.5286	0.3607	0.0191	0.4456	0.5353	0.0191	0.4456	0.5353	1	0	0	0	1	0	0	0
02F341D7D0F58C7B1ECD9FE668FA0C6EEFE92ADD73CD932D32B58F5D5B8D10C4.apk	2011-08-21	0	0	0	0	0	0	0.9213	0	0.0787	0.3333	0	0.6667	0.3415	0	0.6585	0.1153	0	0.8847	0.1153	0	0.8847	1	0	0	0	1	0	0	0
02F4B761D842B74714EE847BF65710D17CD45C1C58F362C7A9A9E788B3CC4AE2.apk	2011-11-13	0	0	0	0.6593	0.2597	0.0027	0.0649	0	0.0135	0.1034	0.3276	0.569	0.0833	0.3583	0.5583	0.0169	0.2606	0.7225	0.0169	0.2606	0.7225	0.5714	0	0.4286	0	0.728	0	0.272	0
02FBE63505D561B78CBEB65117F50675AA8E892B834D6CE365A8F9AFFD316E8B.apk	2011-09-03	0	0	0	0	0	0	0.9358	0	0.0642	0.25	0	0.75	0.2632	0	0.7368	0.0851	0	0.9149	0.0851	0	0.9149	0.75	0.25	0	0	0.9863	0.0137	0	0
0300B2D2A918131E37C09E0090FE086ED980163204690AEC29D089276838666D.apk	2011-11-14	0	0	0	0.2995	0.2133	0	0.4528	0.0052	0.0292	0.1047	0.2326	0.6628	0.2284	0.2241	0.5474	0.0405	0.2188	0.7407	0.0405	0.2188	0.7407	1	0	0	0	1	0	0	0
0305F04F9588A438B7C2E6F64C0A92590E2103E244698C2D63119DD32FA9BBB4.apk	2011-11-13	0	0	0	0.4065	0.5935	0	0	0	0	0	0.5417	0.4583	0	0.7674	0.2326	0	0.6054	0.3946	0	0.6054	0.3946	1	0	0	0	1	0	0	0
0310DE308999AA70D55AD8B2F59305123F38967D0E9B722017476AF20F65924D.apk	2011-11-08	0	0	0	0	0	0	0	0	0	0	0	0	0	0	0	0	0	0	0	0	0	0	0	0	0	0	0	0	0
0312AE0924E9673128BBCC8CB728233082368FE89D5CE0C0ADAEF2A8BAB6E6BF.apk	2011-09-26	0.4	0	0	0	0	0	0.5474	0	0.0526	0.1613	0	0.8387	0.0921	0	0.9079	0.0702	0	0.9298	0.0702	0	0.9298	1	0	0	0	1	0	0	0
0320042974A1295B67128F62233130FFF47DDA3B8E2F03F7FCD6CFA017334895.apk	2011-09-03	0	0	0	0	0	0	0	1	0	0.5	0.5	0	0.5	0.5	0	0.0263	0.9737	0	0.0263	0.9737	0	1	0	0	0	1	0	0	0
032BCDC649C318B9870EDC03F358CB9ED50400A54DADD6F4987D917022E96119.apk	2011-08-26	0.3884	0	0	0	0	0	0.5666	0	0.045	0.2308	0	0.7692	0.223	0	0.777	0.0561	0	0.9439	0.0561	0	0.9439	1	0	0	0	1	0	0	0
03355D0769B3E7FB6AAF9534C6EF28185F7847FC66B218065E08BD4008CE8CB3.apk	2011-09-13	0.3435	0	0.0004	0.0014	0	0	0.4097	0	0.2449	0.2375	0.0125	0.75	0.4817	0.0086	0.5097	0.2455	0	0.7545	0.2455	0	0.7545	1	0	0	0	1	0	0	0
033C1CA1472F22168FB7515DB3ED027A28AA03E366DAB0B45547DDFAE1E887EC.apk	2011-11-15	0	0	0	0	0	0	0.8053	0	0.1947	0.2857	0	0.7143	0.3571	0	0.6429	0.2126	0	0.7874	0.2126	0	0.7874	1	0	0	0	1	0	0	0
033FC00C7F49A9CA1567ED9F8E611F3844801DF68A7FF7793E2249B7FD6CBD3F.apk	2011-09-03	0	0	0	0	0	0	0.726	0	0.274	0.938	0	0.062	0.8777	0	0.1223	0.4194	0	0.5806	0.4194	0	0.5806	1	0	0	0	1	0	0	0
035842091EDE1AC1348399841BED07458F4A25F09CB2FA3D19E43401B13D7C5B.apk	2011-11-08	0.9425	0	0	0	0	0	0.0513	0	0.0061	0.1667	0	0.8333	0.1731	0	0.8269	0.0075	0	0.9925	0.0075	0	0.9925	1	0	0	0	1	0	0	0
0362EFF86835F2E7D4755C4849AE6C37C51E633B1009E0F109323770A934076F.apk	2011-08-21	0	0	0	0	0	0	0.8259	0	0.1741	0.2093	0	0.7907	0.2541	0	0.7459	0.1936	0	0.8064	0.1936	0	0.8064	1	0	0	0	1	0	0	0
0371CCFE48A22BDBE91D9B2B26C4C63068AFB494D37E140CAA5A5E139C66545B.apk	2011-08-20	0	0	0	0.0402	0.0345	0	0.592	0.023	0.3103	0.3158	0.0526	0.6316	0.443	0.0506	0.5063	0.3518	0.0553	0.5929	0.3518	0.0553	0.5929	1	0	0	0	1	0	0	0
0371D9969B49B08E73B443A9E8D6CDD6622768A47243E8B5A9C39C1E51FE1590.apk	2011-11-08	0	0	0	0	0	0	0.977	0	0.023	0.2778	0	0.7222	0.5106	0	0.4894	0.0245	0	0.9755	0.0245	0	0.9755	1	0	0	0	1	0	0	0
03787A9B23D84F0E52DCFD82798AD57B087FD99D64512CEEAE51BF5EE339BAF3.apk	2011-09-14	0	0	0	0	0	0	0.7807	0	0.2193	0.4545	0	0.5455	0.449	0	0.551	0.2599	0	0.7401	0.2599	0	0.7401	1	0	0	0	1	0	0	0
0383933A78CDA498FE93601FFA1B1F57E1101CEACF6452EB485727CF9D42CC51.apk	2011-11-07	0	0	0	0	0	0	0.9286	0	0.0714	0.3889	0	0.6111	0.3158	0	0.6842	0.1078	0	0.8922	0.1078	0	0.8922	1	0	0	0	1	0	0	0
038F645043262973AB02AD6642AF421E04594100A2762A7871B4FC609038B6DD.apk	2011-12-29	0	0	0	0.2926	0.0472	0	0.5794	0.0115	0.0693	0.3279	0.0492	0.623	0.3296	0.1006	0.5698	0.1076	0.0649	0.8276	0.1076	0.0649	0.8276	0.7143	0.2857	0	0	0.9823	0.0177	0	0
03901C33922EDDA491AAB6482029E525BD617B47654777B8676B553955416F02.apk	2011-11-08	0	0	0	0	0	0	0	0	0	0	0	0	0	0	0	0	0	0	0	0	0	0	0	0	0	0	0	0	0
0391CE4EDAFEBA1AD21F8F76022479210F7F3A34304813FAA1E48C4455C62255.apk	2011-09-26	0.5178	0	0	0	0	0	0.353	0	0.1292	0.3731	0	0.6269	0.3444	0	0.6556	0.1457	0	0.8543	0.1457	0	0.8543	1	0	0	0	1	0	0	0
03A562C63A14736A14FCEDCCD27CD5A776F38DBFEB10DDF4C4F2C00D3325EAE3.apk	2011-08-22	0	0	0	0	0	0	0.8618	0.0099	0.1283	0.2759	0.0345	0.6897	0.3088	0.0147	0.6765	0.1613	0.0108	0.828	0.1613	0.0108	0.828	1	0	0	0	1	0	0	0
03B211284404938C1680B6C2A25EE2BAC1583082A3A6DD9FF97493B0CF004473.apk	2011-08-22	0.0488	0	0	0	0	0	0.3479	0	0.6033	0.4041	0	0.5959	0.4275	0	0.5725	0.5988	0	0.4012	0.5991	0	0.4009	1	0	0	0	1	0	0	0
03B41C8ABEE7174F628FC75069D94070FB5D37B3A2686BF430C8BE44DC8808AC.apk	2011-11-14	0	0	0	0	0	0	0.8358	0	0.1642	0.36	0	0.64	0.3478	0	0.6522	0.2032	0	0.7968	0.2032	0	0.7968	1	0	0	0	1	0	0	0
03B6DE558BC8D13D14BAF2A5023B14CABB873F42ABDB4C4932B615AB366DC385.apk	2011-11-14	0	0	0	0	0	0	0.7778	0	0.2222	0.5312	0	0.4688	0.5263	0	0.4737	0.3273	0	0.6727	0.3273	0	0.6727	1	0	0	0	1	0	0	0
03C68334D9D3DFAB5E72F23E552E28D9BC141E54938CA1A0FF6C926AA5FF1E9B.apk	2011-01-04	0	0	0	0	0	0	0.9762	0	0.0238	0.375	0	0.625	0.3333	0	0.6667	0.0733	0	0.9267	0.0733	0	0.9267	1	0	0	0	1	0	0	0
03C99B1139FECD0EC5FDB41C21B0A0A6B9960A1D4DDC93D262EF179E33CE7156.apk	2011-09-14	0	0	0	0	0	0	0.8729	0	0.127	0.3485	0.0152	0.6364	0.4301	0.0052	0.5648	0.128	0.0001	0.8719	0.128	0.0001	0.8719	1	0	0	0	1	0	0	0
03E8B9C014FF8C63AE1A7FFF72686992D0C10EE7DDB6B865BC4DC38F132CCE29.apk	2011-10-04	0	0	0	0.7273	0.0909	0	0.1364	0.0455	0	0.0714	0.2857	0.6429	0.1333	0.2667	0.6	0.0021	0.1384	0.8594	0.0021	0.1384	0.8594	0	0	0	0	0	0	0	0
03F563C3B2163A2B77ED95D8C80F2E8D183FED46A1CF7931F2ACD77E5EB5C6F9.apk	2011-02-07	0	0	0	0	0	0	0.9866	0	0.0134	0.1429	0	0.8571	0.2411	0	0.7589	0.0162	0	0.9838	0.0162	0	0.9838	0.5714	0.2857	0.1429	0	0.8485	0.1212	0.0303	0
041515636CE3F3B4BFAF198F6DBC047EFCA0B8FECF12B9B2B3A2814170A241E8.apk	2011-09-03	0	0	0	0.8491	0.1509	0	0	0	0	0	0.24	0.76	0	0.3386	0.6614	0	0.1938	0.8062	0	0.1949	0.8051	1	0	0	0	1	0	0	0
0419CACD78CADE80A9CAA70E5A40FE531D53759742F788CB50F469852C47C890.apk	2011-11-14	0	0	0	0	0	0	0.7882	0.0014	0.2104	0.5	0.0174	0.4826	0.5275	0.0118	0.4608	0.2129	0.0015	0.7856	0.2129	0.0015	0.7856	1	0	0	0	1	0	0	0
041C6D8782A4FAAE52C3EFBB7BBB16979BBE3DA96211C50BDD15C656821414E6.apk	2011-09-27	0.3714	0	0.0064	0	0	0	0.2243	0	0.3979	0.6136	0	0.3864	0.7099	0	0.2901	0.4048	0	0.5952	0.4048	0	0.5952	1	0	0	0	1	0	0	0
0422498DBF6573C212287EB6A89D07A1C360823225234B99250B4FF792C007B1.apk	2011-11-01	0	0	0	0	0	0	0.9601	0	0.0399	0.2727	0	0.7273	0.4182	0	0.5818	0.0511	0	0.9489	0.0511	0	0.9489	1	0	0	0	1	0	0	0
0424F373E91BE3967352D40526A49C6FD50DC99C943F65C808A2006817502DDA.apk	2011-11-08	0	0	0	0	0	0	0.8691	0	0.1309	0.4674	0	0.5326	0.4649	0	0.5351	0.1503	0	0.8497	0.1503	0	0.8497	0.1765	0.0588	0.1176	0.6471	0.6246	0.0724	0.0572	0.2458
0424F38F874C88DC0E161B9C9B51E452EE0BB225BBD39FA097B07FBB3F818F0C.apk	2011-11-13	0	0	0	0	0	0	0.8574	0	0.1426	0.1842	0	0.8158	0.281	0	0.719	0.1428	0	0.8572	0.1437	0	0.8563	1	0	0	0	1	0	0	0
042788BF0D00BB10921C22329CD96B4DE453E9BFBAF7631C743A6750F999EFA5.apk	2011-08-20	0	0	0	0.2126	0.0414	0	0.7459	0	0	0.0769	0.1538	0.7692	0.1304	0.1304	0.7391	0.002	0.0428	0.9552	0.002	0.0428	0.9552	0	0	0	1	0	0	0	1
0427DFADFDCD12A7A2B4F17E347214BC4826CEDF1405EFE96A9F04499D5BBF54.apk	2011-09-06	0	0	0	0	0	0	0.8373	0	0.1627	0.3288	0	0.6712	0.3831	0	0.6169	0.1661	0	0.8339	0.1661	0	0.8339	0.5	0	0.5	0	0.5122	0	0.4878	0
042CA659DCB371CDF4978DBD6D107E92B5C7898FC9224958768E70B53945F689.apk	2011-02-01	0	0	0	0	0	0	0.7542	0	0.2458	0.6	0	0.4	0.5139	0	0.4861	0.2648	0	0.7352	0.2648	0	0.7352	1	0	0	0	1	0	0	0
042F43CE1967BC26ED954DE221E51D41E1FC3BE18CF470C0C34539F8007C8F45.apk	2011-08-27	0	0	0	0.1006	0.0428	0	0.7404	0.0014	0.1148	0.1613	0.2258	0.6129	0.2473	0.2308	0.522	0.13	0.0656	0.8044	0.1302	0.0657	0.804	0.625	0.375	0	0	0.9419	0.0581	0	0
0433246F4FDDEA2E5BD47FE127F530891D4866905795ED237C74BF50512C786E.apk	2011-08-20	0	0	0	0.7368	0	0	0.2105	0.0526	0	0.1111	0.1111	0.7778	0.0952	0.0476	0.8571	0.0087	0.0522	0.9391	0.0087	0.0522	0.9391	1	0	0	0	1	0	0	0
043395E337E0CAA07AEBED0780785E8F0F0063F90E701A1BE7E4B9B2B9499327.apk	2011-11-08	0	0	0	0.0652	0.9348	0	0	0	0	0	0.5636	0.4364	0	0.7562	0.2438	0	0.9347	0.0653	0	0.9347	0.0653	1	0	0	0	1	0	0	0
043E7B7BCE29C7F131DFFB9FBA1CDE266B75B9DECEFAEBAFFF5715E0963B1CDF.apk	2011-11-13	0	0	0	0	0	0	0	0	0	0	0	0	0	0	0	0	0	0	0	0	0	0	0	0	0	0	0	0	0
0440CC9B636866F960F0B2867299BAD74F6EA306FB32C4A81C460FABD8DDE0BD.apk	2011-09-03	0	0	0	0.4611	0.5183	0.0021	0.0134	0.0032	0.0019	0.253	0.1446	0.6024	0.2457	0.3183	0.436	0.0048	0.5208	0.4744	0.0048	0.5209	0.4743	1	0	0	0	1	0	0	0
0442044BF586168B04835DA846DAB08469FA4543471197E973F2F786D4796E85.apk	2011-11-13	0	0	0	0	0	0	1	0	0	0.1667	0	0.8333	0.1724	0	0.8276	0.0311	0	0.9689	0.0311	0	0.9689	1	0	0	0	1	0	0	0
04505AA61F0686FF72420F334F86E37497A61A9B9D6B10CD1C064AB388000FEE.apk	2011-09-26	0	0	0	0	0	0	0.7526	0.0009	0.2464	0.3786	0.0071	0.6143	0.4822	0	0.5178	0.2534	0.0011	0.7455	0.2537	0	0.7463	0.6	0.2	0.2	0	0.9683	0.0275	0.0042	0
04533CD03BA2A0E804EB070F280D9597CCFE85F7DB58D218E30CEDBEE8C3CBC4.apk	2011-10-04	0	0	0	0.7817	0.2183	0	0	0	0	0	0.3182	0.6818	0	0.3214	0.6786	0	0.2303	0.7697	0	0.2303	0.7697	0.6	0	0	0.4	0.9454	0	0	0.0546
04635A0E35236ABF32262C29567EA3ECB55640237E4555B16C96E2ED542D3A10.apk	2011-11-07	0	0	0	0	0	0	0.8919	0	0.1081	0.4135	0	0.5865	0.5053	0	0.4947	0.1176	0	0.8824	0.1176	0	0.8824	1	0	0	0	1	0	0	0
0464E07B51E9B6C8EBDAAE0CA81FE5855BCC80590A71DD9A1FF251533C53815D.apk	2011-08-25	0	0	0	0	0	0	1	0	0	0.5	0	0.5	0.4	0	0.6	0.25	0	0.75	0.25	0	0.75	1	0	0	0	1	0	0	0
0470FC6E1B465CB8E18A6567475FEB2C32D401A0FA5A6D39788628A059BC93D7.apk	2011-08-27	0	0	0	0.1548	0.0338	0	0.7241	0.0191	0.0682	0.1296	0.2407	0.6296	0.1538	0.2544	0.5917	0.0726	0.0634	0.864	0.0726	0.0634	0.864	1	0	0	0	1	0	0	0
04746397B28998BB985F7DB1365C5ACCE9A6696AC73052C201EB4ECEEFB3F960.apk	2011-09-26	0	0	0	0	0	0	0.9792	0	0.0208	0.2105	0	0.7895	0.25	0	0.75	0.0261	0	0.9739	0.0261	0	0.9739	1	0	0	0	1	0	0	0
047874B24D99F32E3E7DA324D8C95D9A6FFC32583CD72A073B706600DC57AB3A.apk	2011-11-14	0.5507	0.0049	0	0.045	0.0114	0	0.297	0.0128	0.0783	0.093	0.1163	0.7907	0.1562	0.0833	0.7604	0.0805	0.0307	0.8888	0.0805	0.0307	0.8888	0.5	0	0.1667	0.3333	0.2023	0	0.1323	0.6654
0484D76E039086BDE784C3FD8E37FF31EFB2D1E6A4775FBBB19F03DAEF62FEFD.apk	2011-11-08	0	0	0	0.4181	0.1305	0.0637	0.2448	0.1245	0.0184	0.1688	0.1558	0.6753	0.2155	0.2615	0.523	0.0886	0.2553	0.6561	0.0887	0.2554	0.6559	0.5	0	0.1667	0.3333	0.9263	0	0.01	0.0637
049C131ABA54417ED0F942AC6FED1AB8C427DB46CE8971F21E517306B8CE7818.apk	2011-08-23	0	0	0	0	0	0	0.9509	0.0049	0.0442	0.234	0.0213	0.7447	0.3158	0.0088	0.6754	0.0673	0.0052	0.9274	0.0673	0.0052	0.9274	0.625	0.25	0.125	0	0.8	0.1765	0.0235	0
049D98BF0DE6D36A532CAEF3E4B367077A05F5ED2F137F7BAA62BDAC227CEC2B.apk	2011-04-28	0.0105	0	0.0003	0	0	0	0.4445	0	0.5447	0.615	0	0.385	0.6712	0	0.3288	0.5452	0	0.4548	0.5612	0	0.4388	0.7143	0	0	0.2857	0.9308	0	0	0.0692
049DC082DB9683724C85BE4D98A192153A5D6375A73AB4908438D47961BED419.apk	2011-08-23	0	0	0	0	0	0	0.9565	0.0217	0.0217	0.1875	0.0625	0.75	0.1923	0.0385	0.7692	0.0833	0.0278	0.8889	0.0833	0.0278	0.8889	0.5	0	0	0.5	0.8571	0	0	0.1429
04A36AD1A166DB2B117B7E792D1464D073A6518D36C8C720882F479D8816D8A9.apk	2011-09-13	0	0	0	0	0	0	0.1411	0	0.8589	0.2131	0	0.7869	0.3706	0	0.6294	0.8586	0	0.1414	0.8586	0	0.1414	1	0	0	0	1	0	0	0
04B00194C4843C209183A6EA7898F1B2C1C1AB293DD0B0F42582B71386CEF7D7.apk	2011-11-08	0	0	0	0.869	0.1266	0	0	0.0044	0	0.0222	0.3333	0.6444	0.0096	0.3942	0.5962	0.0001	0.1333	0.8666	0.0001	0.1333	0.8666	0.5	0	0	0.5	0.7871	0	0	0.2129
04B742C556D55F1A964B3686B032D7EBEE0D54DAD0FDA7620399162007FD2F7F.apk	2011-11-13	0	0	0	0	0	0	0	0	0	0	0	0	0	0	0	0	0	0	0	0	0	0	0	0	0	0	0	0	0
04CB188E4D85E975683C20A31C9A2540AEE43DC7DE6EF807FCE60B42A3A41324.apk	2011-11-08	0	0	0	0	0	0	0.9093	0.0001	0.0907	0.48	0.04	0.48	0.4419	0.0233	0.5349	0.0908	0.0001	0.9091	0.0908	0.0001	0.9091	1	0	0	0	1	0	0	0
04CCFC36D765ADC8AD77FD106F44DBD7FAE7E9E6D486EBB6E0D84428D4880468.apk	2011-10-25	0	0	0	0.4116	0.4319	0.0007	0.0129	0.1415	0.0014	0.0229	0.458	0.5191	0.0594	0.4466	0.4941	0.0032	0.5709	0.4259	0.0032	0.5709	0.4259	0.4	0.6	0	0	0.9149	0.0851	0	0
04D5547557FBC67A6B52C910956710F0C2C32E0137D580548F84DD33C9A23408.apk	2011-09-03	0	0	0	0	0	0	0	0	0	0	0	0	0	0	0	0	0	0	0	0	0	0	0	0	0	0	0	0	0
04DBB5583D367DB9FD61483F969D9CF2C72F49FBC6E5D2D2133CA542F82461C1.apk	2011-08-21	0	0	0	0	0	0	1	0	0	0.5	0	0.5	0.4	0	0.6	0.1818	0	0.8182	0.1818	0	0.8182	1	0	0	0	1	0	0	0
04DCEA9705B39C4FB590D9DB1127DD362F7E425F104B6AA320A1BAFC90A36898.apk	2011-11-14	0	0	0	0	0	0	0.9459	0	0.0541	0.4286	0	0.5714	0.2778	0	0.7222	0.0978	0	0.9022	0.0978	0	0.9022	1	0	0	0	1	0	0	0
04E34555CBEEE219CD7F592C5AF8171D3E8482ED6A762D9858A77859D26B9E93.apk	2011-08-21	0	0	0	0	0	0	0.8197	0	0.1803	0.3333	0	0.6667	0.4444	0	0.5556	0.2784	0	0.7216	0.2784	0	0.7216	1	0	0	0	1	0	0	0
04ED85A048395C5C5C3E0D14FB2F458B91B69E058034639A3C35879C45F6210C.apk	2011-09-27	0	0	0	0.2869	0.0278	0	0.3242	0.0003	0.3608	0.1026	0.4667	0.4308	0.1689	0.3991	0.432	0.3559	0.0376	0.6065	0.3559	0.0376	0.6065	0.7143	0.2857	0	0	0.9136	0.0864	0	0
04FBE67B564C244F08C2CA4503BBAF2528589749FF9E52E637DEBD8B366A8336.apk	2011-08-29	0	0	0	0	0	0	0	0	0	0	0	0	0	0	0	0	0	0	0	0	0	0	0	0	0	0	0	0	0
04FE856153B4632E892A1DE98E46D0E07CD357542AA701B98FA190EE3D822DA0.apk	2011-08-28	0	0	0	0	0	0	0.9106	0	0.0894	0.1364	0	0.8636	0.25	0	0.75	0.1065	0	0.8935	0.1065	0	0.8935	1	0	0	0	1	0	0	0
0505CCCD73F1ADD2653A2983EC2B3892791D5394BE91C000F48BD9141993F045.apk	2011-09-14	0	0	0	0	0	0	0.4297	0	0.5703	0.36	0.02	0.62	0.6833	0.009	0.3077	0.5704	0	0.4296	0.5704	0	0.4296	1	0	0	0	1	0	0	0
0519664D9BD40ADE5015F2E3664A2AF1817871665DC8294975293FE3F33CD49C.apk	2011-11-13	0	0	0	0.5338	0.3923	0	0.0594	0	0.0146	0.1935	0.2742	0.5323	0.1122	0.4286	0.4592	0.0194	0.3941	0.5865	0.0194	0.3941	0.5865	1	0	0	0	1	0	0	0
051AFEE5261AD8E5B5D231DF311F8C19CF83CC1778672ADAC5F57184D35C8315.apk	2011-09-03	0	0	0	0.3333	0.0256	0	0.5897	0.0128	0.0385	0.2	0.1333	0.6667	0.1887	0.0755	0.7358	0.0992	0.0534	0.8473	0.0992	0.0534	0.8473	0.625	0.125	0	0.25	0.6897	0.069	0	0.2414
051C306E9CAB2BE59FE8256139B03DB7A1760713C7C279EAA56849868B97D143.apk	2011-09-27	0	0	0	0.8206	0.111	0	0.0651	0	0.0033	0.0357	0.2143	0.75	0.0514	0.3486	0.6	0.0051	0.1198	0.8751	0.0051	0.1198	0.8751	0.75	0	0.25	0	0.968	0	0.032	0
0525252B249502A4672487656DED52F2205C2A7AF6B4EC264696A5FCA27CA0EE.apk	2011-08-28	0	0	0	0	0	0	0.8259	0.0134	0.1607	0.2778	0.0556	0.6667	0.3256	0.0233	0.6512	0.1873	0.015	0.7978	0.1873	0.015	0.7978	1	0	0	0	1	0	0	0
052D210693648C9FE61936928F9D974214DE56A2FA0FC21845747EE24E1FD539.apk	2011-08-26	0	0	0	0	0	0	0.875	0	0.125	0.2727	0	0.7273	0.2353	0	0.7647	0.1818	0	0.8182	0.1818	0	0.8182	1	0	0	0	1	0	0	0
0532838905B0531E8FF5538EAB7E49298A527D9C128A9877492C65B74CB2944E.apk	2011-06-30	0.0024	0	0	0.0168	0.0023	0	0.8249	0	0.1536	0.2642	0.3585	0.3774	0.3407	0.2816	0.3777	0.1539	0.0027	0.8434	0.1539	0.0027	0.8434	1	0	0	0	1	0	0	0
053CD5B3311063577956DFA6C4E1B74E054596E9852A165238FA993AE0DD7B58.apk	2011-11-08	0	0	0	0.913	0.0652	0	0.0217	0	0	0.0476	0.2381	0.7143	0.0476	0.2381	0.7143	0.0003	0.0664	0.9333	0.0003	0.0664	0.9333	1	0	0	0	1	0	0	0
05429A25477C14683D0799C8F7CCC7481BCA5CC349ED66EB323938EFAB700521.apk	2011-09-26	0	0	0	0	0	0	0	0	0	0	0	0	0	0	0	0	0	0	0	0	0	0	0	0	0	0	0	0	0
054A0A6B004CDF1B7F62476838130A9773FF22CAFA4FC0537F95FCF9C5D55733.apk	2011-11-13	0	0	0	0.739	0.1463	0	0.0741	0.009	0.0316	0.2857	0.2	0.5143	0.2207	0.2483	0.531	0.0477	0.1632	0.789	0.0477	0.1632	0.789	0.4286	0.2857	0.2857	0	0.7536	0.1884	0.058	0
054D282849B03F398E6B3AD5447A46A0D63A653CA92C8A75701C1C09E372B005.apk	2011-08-23	0	0	0	0	0	0	0.8087	0	0.1913	0.2759	0	0.7241	0.3226	0	0.6774	0.2153	0	0.7847	0.2153	0	0.7847	1	0	0	0	1	0	0	0
055B0C559BDAAD45C6E59667A502EFB083F5C464A70AECF9D785E27BFE295C83.apk	2011-08-27	0	0	0	0	0	0	0	0	0	0	0	0	0	0	0	0	0	0	0	0	0	0	0	0	0	0	0	0	0
055FAA98C4A414B0DACD22AF2F565408CE529C736F9847A20AB580EC90BE8CFB.apk	2011-08-27	0	0	0	0	0	0	0.8143	0	0.1857	0.3333	0	0.6667	0.38	0	0.62	0.2195	0	0.7805	0.2195	0	0.7805	1	0	0	0	1	0	0	0
0569CDE7A8605D4D6B63F262B1519B99BCFB65CDA54EA74F649BC4A5D93AD5EB.apk	2011-08-20	0	0	0	0	0	0	0	0	0	0	0	0	0	0	0	0	0	0	0	0	0	0	0	0	0	0	0	0	0
056FBCEB8A8E3902EB2F9B5138FC2B0F806B137A266D92809FFA1898CA999687.apk	2011-08-27	0	0	0	0	0	0	0.9268	0	0.0732	0.3158	0	0.6842	0.537	0	0.463	0.0869	0	0.9131	0.0869	0	0.9131	1	0	0	0	1	0	0	0
0571F7C7FA1260432B9256ED5513F47E7F18DFC34380A0E980038B6AB9BA2CC4.apk	2011-11-14	0	0	0	0	0	0	0.8889	0	0.1111	0.2222	0	0.7778	0.2105	0	0.7895	0.1522	0	0.8478	0.1522	0	0.8478	1	0	0	0	1	0	0	0
057AB709EEF9134674FA60A1CD48446437CAF888B69F85DB04D47FC3F9BFD028.apk	2011-08-29	0	0	0	0.0733	0.0103	0	0.6705	0.0001	0.2459	0.2727	0.0182	0.7091	0.3846	0.0817	0.5337	0.2465	0.0107	0.7428	0.2465	0.0107	0.7428	1	0	0	0	1	0	0	0
05A4FB644984339C6C4C6BA81B6BA8A88AC06F19A107E2F79582EFC472F63D0F.apk	2011-11-08	0	0	0	0.3968	0.593	0	0.0101	0.0001	0	0.0112	0.3371	0.6517	0.0077	0.4654	0.5269	0.0002	0.59	0.4098	0.0002	0.59	0.4098	1	0	0	0	1	0	0	0
05A90867D342E7BD455D60731569C13E55614B791BD0FC2C15D79D4675DA2420.apk	2011-11-08	0	0	0	0	0	0	0.6213	0	0.3787	0.2609	0	0.7391	0.4655	0	0.5345	0.3833	0	0.6167	0.3833	0	0.6167	1	0	0	0	1	0	0	0
05AF8B7449BD919A46B1A830C5F3E8C264EE867E13C173D89945900E5EFAE102.apk	2011-11-13	0	0	0	0	0	0	0	0	0	0	0	0	0	0	0	0	0	0	0	0	0	0	0	0	0	0	0	0	0
05BE8F87AB3145315CAFECFC59A2D07A5D6F9193EB9A1F27D36E0E81DE86D1CE.apk	2011-11-15	0	0	0	0	0	0	0.2209	0	0.7791	0.4286	0	0.5714	0.4	0	0.6	0.6937	0	0.3063	0.6937	0	0.3063	1	0	0	0	1	0	0	0
05C7D8A9F991968E819A644EA6DDE35016632040555EC7D42FFC3337C051E3E0.apk	2011-11-15	0	0	0	0	0	0	0.8182	0	0.1818	0.5	0	0.5	0.3077	0	0.6923	0.2105	0	0.7895	0.2105	0	0.7895	1	0	0	0	1	0	0	0
05CB8894DF17C07787EA032066D91011AD98C1B8FF3A6574259EEF94B9B945A9.apk	2011-11-13	0	0	0	0	0	0	0.995	0	0.005	0.125	0	0.875	0.2344	0	0.7656	0.005	0	0.995	0.005	0	0.995	1	0	0	0	1	0	0	0
05CFE3520C38F770CBE12D1A2825014B1AD0A8E3E2DB4B9F42FCEBC24975B8F1.apk	2011-11-13	0	0	0	0.7763	0.2108	0	0	0.0129	0	0.0303	0.2727	0.697	0.0208	0.3333	0.6458	0.0035	0.2407	0.7558	0.0036	0.2459	0.7505	1	0	0	0	1	0	0	0
05DBDF8124D98F0A223DF3BEFC669B9F500E4ACAB151F08FCEE2B813B38F6B6F.apk	2011-09-27	0	0	0	0.4228	0.0925	0.0198	0.3642	0.0462	0.0545	0.2444	0.1333	0.6222	0.1909	0.1909	0.6182	0.084	0.1431	0.7729	0.084	0.1431	0.7729	1	0	0	0	1	0	0	0
05E81528B5066A5D61BB8E4B120EF7977FFF186868BFF9995FABB93ABCD5E626.apk	2011-11-07	0	0	0	0	0	0	0.8378	0.0103	0.1519	0.3538	0.0462	0.6	0.375	0.0326	0.5924	0.1604	0.0111	0.8285	0.1604	0.0111	0.8285	1	0	0	0	1	0	0	0
05ECBF7558D0F5FD8C3EE38893A5DC8EE529A22CE54729579512853107ED84AE.apk	2011-08-28	0	0	0	0	0	0	0.9925	0	0.0075	0.4265	0	0.5735	0.4587	0	0.5413	0.0085	0	0.9915	0.0085	0	0.9915	1	0	0	0	1	0	0	0
05F9F4BE9A8D994832F3FDAE1DA98E634171E253C210B9618757467568BBE562.apk	2011-11-14	0	0	0	0.1845	0.0476	0	0.5714	0.0774	0.119	0.1522	0.2174	0.6304	0.2185	0.1933	0.5882	0.1603	0.1533	0.6864	0.1603	0.1533	0.6864	1	0	0	0	1	0	0	0
05FA17E533321E90170A907126CBD6DD93E8B721374A75A2C1E929409493B1DF.apk	2011-11-08	0	0	0	0	0	0	0.7631	0	0.2368	0.3418	0.0127	0.6456	0.4938	0.0041	0.5021	0.2375	0.0001	0.7624	0.2376	0.0001	0.7624	1	0	0	0	1	0	0	0
05FB4E5D8C39255FF0BB8C921DE5BB62A3CE4CF77F844E284AF650ECAC278FD0.apk	2011-09-14	0.0101	0	0	0	0	0	0.1305	0	0.8594	0.1667	0	0.8333	0.294	0	0.706	0.859	0	0.141	0.8592	0	0.1408	1	0	0	0	1	0	0	0
06017AF3EEF7B33C13136194DA7D633FEA7F312CA4596A0A40254CBD91CDEFA1.apk	2011-08-28	0.0389	0	0	0	0	0.0027	0.7227	0.0067	0.229	0.2736	0.0472	0.6792	0.3393	0.027	0.6336	0.2467	0.0093	0.744	0.245	0.0094	0.7456	0.1818	0.1818	0.1818	0.4545	0.4	0.3611	0.05	0.1889
060DAE52F8BFD9709C34BD8E337604A7DAA24C57794A577A71661618888ACA89.apk	2011-08-22	0	0	0	0	0	0	0.849	0	0.151	0.4231	0	0.5769	0.4259	0	0.5741	0.1616	0	0.8384	0.1616	0	0.8384	1	0	0	0	1	0	0	0
060FF19B086B0CA3596BDE3A8FDB46CD3D2678996A99A3855E78A5198CDE646A.apk	2011-09-26	0	0	0	0	0	0	0.8971	0	0.1029	0.2	0	0.8	0.3562	0	0.6438	0.1184	0	0.8816	0.1184	0	0.8816	1	0	0	0	1	0	0	0
0612C796EDD8BC3F5EF172D573347F2E9DF33BDF38362C076AE97C8AC4BD70CD.apk	2011-01-24	0	0	0	0	0	0	0.6032	0	0.3968	0.303	0	0.697	0.4801	0	0.5199	0.3979	0	0.6021	0.3979	0	0.6021	0.3333	0.3333	0.3333	0	0.7397	0.2478	0.0125	0
061E95684696D9DA1BA915BA751C4268E985511DF25AAE7D3D7E6250E73D832D.apk	2011-11-08	0	0	0	0	0	0	0.8528	0.0222	0.125	0.5789	0.0526	0.3684	0.5	0.05	0.45	0.1786	0.0262	0.7952	0.1786	0.0262	0.7952	1	0	0	0	1	0	0	0
062447518CBAEB3B73F9EE629A93B49FFBE2046772C603446B58EDB34A0B1C5F.apk	2011-12-08	0.6321	0	0	0.0583	0.0168	0	0.2418	0.0223	0.0287	0.1538	0.1538	0.6923	0.224	0.144	0.632	0.0464	0.0486	0.9049	0.0464	0.0486	0.9049	1	0	0	0	1	0	0	0
06305EA079F00AEED9066A9F4EF24EC0306265652D028900BC06684E149F080F.apk	2011-08-20	0	0	0	0.4286	0.1905	0	0.381	0	0	0.0714	0.3571	0.5714	0.0833	0.3333	0.5833	0.0038	0.197	0.7992	0.0038	0.197	0.7992	1	0	0	0	1	0	0	0
0657FE93F677B0BE94A9196AEE06AD828F1C8B575254F158C4C27546FEA709A8.apk	2011-08-26	0	0	0	0	0	0	0	0	0	0	0	0	0	0	0	0	0	0	0	0	0	0	0	0	0	0	0	0	0
0670D6FD750F51493DCA0253357AF8CE885269BDAD21B76F85B027F8F43332B0.apk	2011-08-20	0	0	0	0.8485	0.0606	0	0.0842	0.0034	0.0034	0.1154	0.2308	0.6538	0.1091	0.2	0.6909	0.0047	0.0657	0.9295	0.0047	0.0657	0.9295	1	0	0	0	1	0	0	0
0679E566D6DFCFFDDBA0FED2FF61F15E6B84286B4DF5CB5BEADFE8249E8C83CD.apk	2011-08-26	0	0	0	0	0	0	0.8122	0.0018	0.186	0.7273	0.0227	0.25	0.623	0.0164	0.3607	0.2087	0.0026	0.7888	0.2087	0.0026	0.7888	1	0	0	0	1	0	0	0
067F6EACD8963BCD5B25C95D90823455F6406159AE794BD03FDEA3A318114EF2.apk	2011-11-08	0	0	0	0	0	0	0	0	0	0	0	0	0	0	0	0	0	0	0	0	0	0	0	0	0	0	0	0	0
06834996303C2C611F21B494ACD1D8CC3864BA0A8C91D741C49FEA49391BD43C.apk	2011-08-22	0.3728	0	0	0	0	0	0.6218	0	0.0053	0.0693	0	0.9307	0.0819	0	0.9181	0.0104	0	0.9896	0.0104	0	0.9896	1	0	0	0	1	0	0	0
0688A26F4E7B0DE76BA61E58245E1A80EBAA1654D33049704BDD1B514C4AC125.apk	2011-08-25	0	0	0	0	0	0	0	0	0	0	0	0	0	0	0	0	0	0	0	0	0	0	0	0	0	0	0	0	0
0688B9690AFD59B9212F1C3622009B0635F03CB5D99E4EFA83D0A5CE98A05CCC.apk	2011-11-13	0	0	0	0	0	0	0	0	0	0	0	0	0	0	0	0	0	0	0	0	0	0	0	0	0	0	0	0	0
0688F5810C6443050CFF35C0DD9922091FCFD0FEB6B7B4911BEFB5E67D35DD0C.apk	2011-11-13	0	0	0	0.8724	0.1235	0	0	0.0041	0	0.0217	0.3478	0.6304	0.0095	0.4	0.5905	0.0001	0.1293	0.8706	0.0001	0.1293	0.8706	0.5	0	0	0.5	0.7876	0	0	0.2124
068A2EAF45D68FD4EED6F4A2F48BB11F35BC26B7CA3EE6608B8DE17B4900F56B.apk	2011-11-13	0	0	0	0	0	0	0.9398	0	0.0602	0.2222	0	0.7778	0.25	0	0.75	0.0971	0	0.9029	0.0971	0	0.9029	1	0	0	0	1	0	0	0
068AF1973DE2A1EBB2B797952ACAF66954A25D751E77D5CA32EF87CA8BE10BD3.apk	2011-11-15	0	0	0	0	0	0	0	0	0	0	0	0	0	0	0	0	0	0	0	0	0	0	0	0	0	0	0	0	0
068EE619088E7721FEDD18C6E82D832D24F04AB8B7A5A3AB04AF1C3B1EBF4A6E.apk	2011-11-08	0	0	0	0	0	0	0.7171	0	0.2829	0.75	0	0.25	0.6792	0	0.3208	0.3341	0	0.6659	0.3341	0	0.6659	1	0	0	0	1	0	0	0
0698751ACCC371864F65A2FA0B61E42E0069AA8FFA1CE66C77E65BDABE20C5D3.apk	2011-08-21	0.071	0	0	0.0822	0.0058	0	0.6588	0.0006	0.1816	0.1743	0.1376	0.6881	0.1895	0.0817	0.7288	0.1817	0.0074	0.8109	0.1818	0.0074	0.8108	1	0	0	0	1	0	0	0
06A7D7E4482F2E8E4D6F19C85A30E172A019D78FF19FA92844212E49EB199DF9.apk	2011-11-15	0	0	0	0	0	0	0.989	0	0.011	0.1111	0	0.8889	0.2105	0	0.7895	0.0354	0	0.9646	0.0354	0	0.9646	1	0	0	0	1	0	0	0
06B2E19081E3A6D61378224A220245ECD82EB7A3B3A8A53BF66AA15FAB331625.apk	2011-08-23	0	0	0	0.2256	0.1118	0.0201	0.3551	0.1378	0.1496	0.3544	0.1266	0.519	0.3288	0.1937	0.4775	0.1853	0.2441	0.5705	0.1853	0.2441	0.5705	1	0	0	0	1	0	0	0
06B79239665FAE77FFBDC5C575EE5FCB41D893662DB80512B69ADB75FDF72986.apk	2011-09-26	0	0	0	0	0	0	0.9366	0	0.0634	0.4107	0	0.5893	0.3413	0	0.6587	0.1061	0	0.8939	0.1061	0	0.8939	1	0	0	0	1	0	0	0
06BC161DC650FD5F848A2C00042D2509C2EE582509B99A640F942FECB0281AC9.apk	2011-02-25	0	0	0	0.3051	0.2676	0	0.1356	0.108	0.1837	0.2239	0.2537	0.5224	0.3009	0.2434	0.4558	0.1842	0.375	0.4407	0.1842	0.375	0.4407	1	0	0	0	1	0	0	0
06CBA3FEBE932135FC6411F6913B924DA90562EC49A3C9E52A5349F366D360C8.apk	2011-11-14	0	0	0	0	0	0	0.8792	0	0.1208	0.3148	0	0.6852	0.2889	0	0.7111	0.1562	0	0.8438	0.1562	0	0.8438	1	0	0	0	1	0	0	0
06D3774031A1FF01EB8A65ADB769E0DEFB1801F68FAC9E53E233AECE7E5EC432.apk	2011-11-07	0	0	0	0	0	0	0.9321	0.0231	0.0448	0.3103	0.0345	0.6552	0.2946	0.031	0.6744	0.0537	0.0234	0.9229	0.0537	0.0234	0.9229	1	0	0	0	1	0	0	0
06D7FF24CEC28C4339A186AEA86D9F7E8110CB520F680C08DAB81D1CFDA823FA.apk	2011-08-22	0	0	0	0	0	0	0.9692	0	0.0308	0.1875	0	0.8125	0.125	0	0.875	0.0342	0	0.9658	0.0342	0	0.9658	1	0	0	0	1	0	0	0
06DB5135E51B538C0FF29720B4510FD919D9B9AB6F30A8536EA2F3EC60372FE6.apk	2011-11-08	0	0	0	0	0.0011	0	0.9612	0.0011	0.0367	0.3	0.0333	0.6667	0.2836	0.0224	0.694	0.0679	0.0047	0.9274	0.0679	0.0047	0.9274	1	0	0	0	1	0	0	0
06DC4C52ED46B806501B0F70667F811F46F37CEF4C1C52C28FCAAA591F0ED570.apk	2011-10-04	0	0	0	0	0	0	0.9133	0	0.0867	0.25	0	0.75	0.25	0	0.75	0.1069	0	0.8931	0.1069	0	0.8931	1	0	0	0	1	0	0	0
06DDA6725BA4F2456465E1BDDBD2BF89E7DA07AB40E0097C7ACA2A7380AAA337.apk	2011-11-14	0	0	0	0	0	0	0	0	0	0	0	0	0	0	0	0	0	0	0	0	0	0	0	0	0	0	0	0	0
06E9A2C59009AFD261F92E64D562792A1D158085E73D2170198B5135897F8A01.apk	2011-08-27	0	0	0	0	0	0	0.5812	0	0.4188	0.4231	0	0.5769	0.4068	0	0.5932	0.4183	0	0.5817	0.4183	0	0.5817	0.5	0.5	0	0	0.7941	0.2059	0	0
06F8BD7A239FF6BF90D7E02DDA59EDA47C87A7E73A8592483838BEE0F25F18A5.apk	2011-08-21	0	0	0	0	0	0	0	0	0	0	0	0	0	0	0	0	0	0	0	0	0	0	0	0	0	0	0	0	0
06FAB59CBBDE775B6246D766A9FB688E372B7991691BB0CAFA297CF74B681731.apk	2011-09-26	0	0	0	0	0	0	0.5983	0	0.4017	0.2683	0	0.7317	0.3	0	0.7	0.3922	0	0.6078	0.3931	0	0.6069	0.6667	0.3333	0	0	0.8182	0.1818	0	0
06FB2F1C1683060FAF91316CA4D5DDFD1274D24FB48328E51D84ADA3C200730F.apk	2011-11-13	0	0	0	0	0	0	0.7707	0	0.2293	0.3	0	0.7	0.3478	0	0.6522	0.2305	0	0.7695	0.2305	0	0.7695	1	0	0	0	1	0	0	0
070487926816EEC551C2BA8683780A6F9377B150636F2AAF086CC43C9EE2D4E4.apk	2011-11-13	0	0	0	0.9284	0.0716	0	0	0	0	0	0.2474	0.7526	0	0.3297	0.6703	0	0.0786	0.9214	0	0.0786	0.9214	0.5455	0	0.1818	0.2727	0.9139	0	0.0294	0.0567
0708D2A9E4EF444C9A99B2E321F11E6D726D35E038A358A5ACC2F1D5E5D4C349.apk	2011-09-14	0.3665	0	0	0.5214	0.1121	0	0	0	0	0	0.2297	0.7703	0	0.3396	0.6604	0	0.1208	0.8792	0	0.121	0.879	0.8571	0.1429	0	0	0.9762	0.0238	0	0
070F96E028A7DFC68AFBA4C49CED1C49929EF32579BD56E47C27CAEA7D0B88FC.apk	2011-09-03	0	0	0	0	0	0	0.7446	0.0067	0.2487	0.3125	0.0125	0.675	0.3909	0.0091	0.6	0.2589	0.0069	0.7342	0.2596	0.0069	0.7335	1	0	0	0	1	0	0	0
07314688CE719CBED60F61DE9F04BFC8845E04A20A409CD6323A714A46BE9724.apk	2011-08-28	0	0	0	0.4729	0.5261	0.0002	0	0.0007	0	0.0229	0.5496	0.4275	0.0217	0.6601	0.3182	0.0003	0.5273	0.4724	0.0003	0.5273	0.4724	1	0	0	0	1	0	0	0
0739BC141820AC83D0C4F1D219EA573A292239D887685D4F09DB36C97704C5CF.apk	2011-08-21	0	0	0	0.8485	0.0606	0	0.0842	0	0.0067	0.1538	0.1923	0.6538	0.1273	0.1818	0.6909	0.0089	0.0628	0.9283	0.0089	0.0628	0.9283	1	0	0	0	1	0	0	0
0742DD9BC539BB259ECBE519EF80361D6F6DBAF97634407BBC1F7AE54BF4D670.apk	2011-11-08	0	0	0	0.0042	0	0	0.6722	0.0018	0.3218	0.1803	0.0328	0.7869	0.2831	0.012	0.7048	0.3213	0.0019	0.6768	0.3213	0.0019	0.6768	1	0	0	0	1	0	0	0
074CE6CE5AA1968E1BB09E9DA1C15CFBB4FBF9FD2B2B2981B917122DC5C1E2D7.apk	2011-11-08	0	0	0	0	0	0	0.975	0.0009	0.0241	0.25	0.0227	0.7273	0.3371	0.0112	0.6517	0.0292	0.0011	0.9697	0.0292	0.0011	0.9697	1	0	0	0	1	0	0	0
074DFCEB4A4F36A400D27F1848B7F37E32A54071BD2BE67F8A5605B8CA56F2E4.apk	2011-11-13	0	0	0	0.1667	0.3961	0	0.145	0.1255	0.1667	0.2361	0.4861	0.2778	0.3826	0.349	0.2685	0.219	0.4788	0.3023	0.2197	0.4803	0.3	1	0	0	0	1	0	0	0
0755C4089F3C388BE17635AE88D4CDE80116C68737E62352F7F2690C8DE4AB05.apk	2011-07-28	0	0	0	0	0	0	0.9508	0	0.0492	0.5273	0	0.4727	0.4196	0	0.5804	0.0897	0	0.9103	0.0897	0	0.9103	0.5	0	0	0.5	0.9714	0	0	0.0286
0761AFDE97719F6D05B0314959B1202DE64770E85697C73DAEE6E73C37AF63C5.apk	2011-11-07	0	0	0	0.8784	0.1193	0	0	0.0023	0	0.037	0.1852	0.7778	0.026	0.3506	0.6234	0.0001	0.1226	0.8773	0.0001	0.1226	0.8773	1	0	0	0	1	0	0	0
076485D39DA6A0997F0405C308C02602FBF239C666D2E1F03E69170DCD671CEB.apk	2011-09-13	0	0	0	0	0	0	1	0	0	0.5	0	0.5	0.5	0	0.5	0.0154	0	0.9846	0.0154	0	0.9846	0	0	0	0	0	0	0	0
077F533F19A961662107B4CE829A6E7792320B2A7550D25ACA8E8C0B1DFE1031.apk	2011-09-26	0	0	0	0	0	0	0.8889	0	0.1111	0.1667	0	0.8333	0.2381	0	0.7619	0.1141	0	0.8859	0.1141	0	0.8859	1	0	0	0	1	0	0	0
0784777EF8B336E10AAFC9BC2D37C5919BA03376EA14B463240A0F64473DB88F.apk	2011-11-07	0	0	0	0.948	0.0105	0	0.0396	0.0017	0.0002	0.0909	0.2955	0.6136	0.0561	0.271	0.6729	0.0017	0.0189	0.9794	0.0017	0.0189	0.9794	1	0	0	0	1	0	0	0
0785AE0E137B1A7EDB0C33E91BB09083ABAD47D130661A469A2778DD42E6C49F.apk	2011-11-13	0	0	0	0	0	0	0.875	0	0.125	0.5	0	0.5	0.375	0	0.625	0.25	0	0.75	0.25	0	0.75	1	0	0	0	1	0	0	0
078B71C82D5EB3299867FF45E9413D70D8280E348D2381687DB7161886DB9C62.apk	2011-09-26	0	0	0	0	0	0	0.9454	0.0014	0.0532	0.2857	0.0286	0.6857	0.3253	0.012	0.6627	0.0816	0.0025	0.9159	0.0816	0.0025	0.9159	1	0	0	0	1	0	0	0
079A0585C6B7CBAA3F75B8CE5F69C5A5C98FCEEA8DEDF87C8A8C0F2A641E1950.apk	2011-09-14	0	0	0	0	0	0	0	0	0	0	0	0	0	0	0	0	0	0	0	0	0	0	0	0	0	0	0	0	0
07B761F4CA7ED5341CE129DE3D433912E71618185A5F1C88F5B62BBA73228E38.apk	2011-01-10	0	0	0	0	0	0	0.746	0	0.254	0.6111	0	0.3889	0.5195	0	0.4805	0.2728	0	0.7272	0.2728	0	0.7272	1	0	0	0	1	0	0	0
07BED1674876FC132992FF98B3A303410B440095276A65119BE77C8934617C5A.apk	2011-11-13	0	0	0	0.0105	0.0053	0	0.8027	0.0016	0.1799	0.2083	0.125	0.6667	0.3109	0.1008	0.5882	0.1848	0.0104	0.8047	0.1848	0.0104	0.8047	1	0	0	0	1	0	0	0
07C37980078B477630C4384FCD1327B534F3092C5646532207CF39F651DD19D3.apk	2011-11-07	0	0	0	0.4303	0.5622	0	0.0056	0.0002	0.0017	0.2185	0.1656	0.6159	0.1589	0.3014	0.5397	0.0022	0.5617	0.4362	0.0022	0.5617	0.4362	0.3333	0.2222	0.4444	0	0.8182	0.0945	0.0873	0
07CB4E5CD55220DB7E67F89FF013BFEEFA72B7C9A031D55A72B20EEC37935980.apk	2011-08-20	0	0	0	0	0	0	0	0	0	0	0	0	0	0	0	0	0	0	0	0	0	0	0	0	0	0	0	0	0
07CF7AF22964B4D2DFAC8C2F96ACF6E741C5AF3DD95DB8247F7DEE5F1DB2AD73.apk	2011-11-13	0	0	0	0	0	0	0.2042	0	0.7958	0.2955	0	0.7045	0.3143	0	0.6857	0.7825	0	0.2175	0.7825	0	0.2175	1	0	0	0	1	0	0	0
07DFF34DD392C5BE5ECCF53B8A41116DA65EDE424222C80ED86054D59015130B.apk	2011-11-13	0	0	0	0.6371	0.1775	0	0.1279	0	0.0574	0.1964	0.25	0.5536	0.1593	0.292	0.5487	0.0705	0.1923	0.7372	0.0705	0.1923	0.7372	1	0	0	0	1	0	0	0
07E20547F9DC5F2865A5DE9DA70BD2DCB354051E1646059D6AA5BA63EF1160F3.apk	2011-08-20	0	0	0	0.8466	0.0605	0	0.0859	0	0.0071	0.1538	0.1923	0.6538	0.1273	0.1818	0.6909	0.0083	0.0617	0.93	0.0083	0.0617	0.93	1	0	0	0	1	0	0	0
07EAC2F342413A159BF0F4D261017F4CDA2C794F0AF9008056136FA90AC4A3A4.apk	2011-10-25	0	0	0	0.0082	0.001	0	0.7375	0.0002	0.2531	0.4236	0.0278	0.5486	0.4934	0.0154	0.4912	0.2625	0.0017	0.7358	0.2631	0.0017	0.7352	0.5833	0	0.1667	0.25	0.9784	0	0.0123	0.0093
07F02B98C15BEE176F52C169A100D108035F953E01960459F6EDE43F3D396618.apk	2011-11-08	0	0	0	0	0	0	0.3678	0	0.6322	0.359	0	0.641	0.3333	0	0.6667	0.6302	0	0.3698	0.6302	0	0.3698	1	0	0	0	1	0	0	0
07F47DFE884A264EB938D93302D7AD5C7D0F1D970A454C955207477564F47E84.apk	2011-11-08	0	0	0	0.5591	0.2664	0.001	0.1268	0.022	0.0247	0.2679	0.1964	0.5357	0.2015	0.2454	0.5531	0.0271	0.2881	0.6849	0.0271	0.2881	0.6849	0.6	0	0	0.4	0.9206	0	0	0.0794
07F58954483F0A6CEEACB8109212CC6F5D4A01D0E7DE735995CA2A34C200D5E7.apk	2011-08-20	0	0	0	0.8485	0.0606	0	0.0842	0	0.0067	0.1538	0.1923	0.6538	0.1273	0.1818	0.6909	0.0081	0.062	0.9299	0.0081	0.062	0.9299	1	0	0	0	1	0	0	0
080F23C923CFD9850DB40AD8D8D2121E4406F6A0F9CA93522B463CAC4DFA1054.apk	2011-11-14	0	0	0	0	0	0	0.9204	0	0.0796	0.2188	0	0.7812	0.2985	0	0.7015	0.0942	0	0.9058	0.0942	0	0.9058	1	0	0	0	1	0	0	0
0823B2AEB4C61223D5A74A45BA2EA9BA768F38ECF073E52E4CF423366EC17219.apk	2011-08-20	0.3685	0	0	0	0	0	0.5308	0	0.1008	0.2051	0	0.7949	0.2234	0	0.7766	0.1038	0	0.8962	0.1038	0	0.8962	1	0	0	0	1	0	0	0
0824FC403488393CC2B6B4BD04F2341C4BE30C8A61C4669F93544904960EE7C5.apk	2011-11-08	0	0	0	0	0	0	0.9231	0	0.0769	0.3	0	0.7	0.16	0	0.84	0.1176	0	0.8824	0.1176	0	0.8824	1	0	0	0	1	0	0	0
0827A45BEEAC0B7DF6195B81A86C831D90CD1FC7859F2FB2D3F93C19EF432E7D.apk	2011-08-22	0	0	0	0.2923	0.1915	0	0.4713	0	0.0449	0.0769	0.2692	0.6538	0.1061	0.3106	0.5833	0.0471	0.1958	0.7571	0.0471	0.1958	0.7571	0.4	0	0.2	0.4	0.6627	0	0.1569	0.1804
082E2CABFBAE9D7F69FA675284D5027E7F1C5DB8915B407E9A141A2B1085D647.apk	2011-08-23	0	0	0	0	0	0	0.7758	0	0.2242	0.2381	0	0.7619	0.3277	0	0.6723	0.2248	0	0.7752	0.2248	0	0.7752	1	0	0	0	1	0	0	0
083552B12502E0084CD4E5C87DD68A29BD0A9A790278349EC589241206F4E4E2.apk	2011-11-08	0	0	0	0.7958	0.1972	0	0	0.007	0	0.0227	0.3409	0.6364	0.0098	0.402	0.5882	0.0041	0.2869	0.709	0.0041	0.2869	0.709	0.5	0	0	0.5	0.7222	0	0	0.2778
083B979B57C4954A01BD4DB0014C2D4867BD511F3C992F4B5F0B5E24BD9CBF93.apk	2011-09-26	0	0	0	0	0	0	1	0	0	0.05	0	0.95	0.1042	0	0.8958	0.0081	0	0.9919	0.0082	0	0.9918	1	0	0	0	1	0	0	0
083E59C26FFBB4A25F74A2CD68649A21B3820F54B39D08A722E677E085D01C0A.apk	2011-11-14	0	0	0	0.6846	0.1824	0	0.111	0.0066	0.0154	0.1186	0.2712	0.6102	0.1491	0.2368	0.614	0.0303	0.1943	0.7754	0.0303	0.1943	0.7754	0.5455	0.1818	0.2727	0	0.7662	0.1429	0.0909	0
084B3EEC19A74AE669E66F07B1E917AD01726DF40F52C0039A5C464EDC636B41.apk	2011-11-14	0	0	0	0.353	0.3389	0	0.2504	0.0191	0.0385	0.1449	0.2899	0.5652	0.22	0.2933	0.4867	0.0441	0.3561	0.5998	0.0441	0.3561	0.5998	0.6667	0	0	0.3333	0.9892	0	0	0.0108
084EE971F29239D56AF58D5B9734112AEAA30F580594F0F20AC9A308105AC031.apk	2011-11-13	0	0	0	0	0	0	0.9874	0	0.0126	0.4	0	0.6	0.32	0	0.68	0.0417	0	0.9583	0.0417	0	0.9583	1	0	0	0	1	0	0	0
085D31BB4A0EE2A605CD6928B8FBE3E2DCF8513A3331139FC21DBB48E25FA076.apk	2011-11-08	0	0	0	0.5327	0.4672	0	0	0	0	0.011	0.5165	0.4725	0.003	0.6439	0.3531	0	0.4673	0.5327	0	0.4673	0.5327	1	0	0	0	1	0	0	0
086CF71553ACBABC0E23F33461E4F37408E12407F472A165EEA61D5C36D136B8.apk	2011-09-13	0	0	0	0	0	0	0	0	0	0	0	0	0	0	0	0	0	0	0	0	0	0	0	0	0	0	0	0	0
0873A887C578E4C7AE36FB856E3CB8715D1C65E4122DC2E94E18610CAD3ADA75.apk	2011-01-22	0.0004	0.0001	0	0.9809	0.0187	0	0	0	0	0	0.3898	0.6102	0	0.4481	0.5519	0	0.019	0.981	0	0.019	0.981	1	0	0	0	1	0	0	0
0882F194452583CD7F60DFD956611B24FB47161EC46AA88C038870E6A5F0289E.apk	2011-08-21	0	0	0	0	0	0	0.874	0.0055	0.1204	0.5046	0.0092	0.4862	0.5327	0.0065	0.4608	0.1803	0.0057	0.814	0.1803	0.0057	0.814	0.4118	0	0	0.5882	0.6593	0	0	0.3407
08864C88B362A8209AFB79210A290F13A969FB7D57EE2915C1662F0408DEAC1D.apk	2011-09-14	0.1121	0	0	0.4649	0.0863	0	0.2329	0.0978	0.0061	0.018	0.5315	0.4505	0.0437	0.5331	0.4231	0.0069	0.192	0.8011	0.0069	0.1921	0.801	1	0	0	0	1	0	0	0
088AD3D8652E2F6201C02F2E83E2268945102EA951207700ACD1911F2FFD0113.apk	2011-09-03	0	0	0	0	0	0	0.8202	0.0247	0.1551	0.3333	0.0303	0.6364	0.4231	0.0256	0.5513	0.195	0.0249	0.7801	0.195	0.0249	0.7801	1	0	0	0	1	0	0	0
08901ACC78674BDE9440B9BC962F2048831454B086D415915433A5631C79A8FD.apk	2011-08-23	0.096	0.006	0	0.5754	0.2543	0.0044	0.0142	0.0388	0.0107	0.0872	0.2953	0.6174	0.1004	0.3327	0.5669	0.0165	0.2996	0.6839	0.0165	0.3006	0.6828	1	0	0	0	1	0	0	0
089671B9ACA6166AE1BDE752FA27A66CF043D0225E3A6CE8037A70294C375225.apk	2011-11-08	0	0	0	0	0	0	0	0	0	0	0	0	0	0	0	0	0	0	0	0	0	0	0	0	0	0	0	0	0
089A25451BE2B7BE06089C7B4C91E13EC20A072B9FE77F6E6B2C886E6C8D6D78.apk	2011-02-02	0	0	0	0	0	0	0.7353	0	0.2647	0.3158	0	0.6842	0.375	0	0.625	0.3158	0	0.6842	0.3158	0	0.6842	0.6667	0	0.3333	0	0.9574	0	0.0426	0
08A05FEDC62C11AF36B28D45DDE96CE87E860F0C62BBDD79E1A0B370B7A099BF.apk	2011-11-13	0	0	0	0	0	0	1	0	0	0.5	0	0.5	0.5	0	0.5	0.0312	0	0.9688	0.0312	0	0.9688	0	0	0	0	0	0	0	0
08A6EFFF7F9B9065E06767D4835F0B077839AE20FB968454322F68BE9BFA41FA.apk	2011-11-08	0	0	0	0	0	0	0.9831	0	0.0169	0.4	0	0.6	0.2667	0	0.7333	0.0676	0	0.9324	0.0676	0	0.9324	1	0	0	0	1	0	0	0
08A8F672F99E55C330188EAD4C2C695DAF4A3B788E65AB9718D1C0ABFF386A4F.apk	2011-08-28	0	0	0	0	0	0	0.8758	0	0.1242	0.1765	0	0.8235	0.3431	0	0.6569	0.1247	0	0.8753	0.1247	0	0.8753	1	0	0	0	1	0	0	0
08AB543A578A81B4D5DE5D3312A179576CB5096F8A898321A0B6CE9F9A98F9B4.apk	2011-11-08	0	0	0	0	0	0	0	0	0	0	0	0	0	0	0	0	0	0	0	0	0	0	0	0	0	0	0	0	0
08BC601733E5A75F6D1F34FA854A4B5F23E94C03852930326749A99BF8A65E35.apk	2011-10-04	0	0	0	0.4353	0.3288	0	0.1245	0.0867	0.0248	0.3548	0.1989	0.4462	0.3367	0.3179	0.3454	0.0253	0.4154	0.5594	0.0253	0.4154	0.5594	1	0	0	0	1	0	0	0
08BF4EEFFB77C430F021CEAB7B8359E2B353D7537EA93B0A024AC4486D8527B8.apk	2011-08-21	0	0	0	0	0	0	0.6667	0.1667	0.1667	0.4	0.2	0.4	0.375	0.125	0.5	0.1707	0.1659	0.6634	0.1707	0.1659	0.6634	1	0	0	0	1	0	0	0
08CBDEC13488585D34EE9B5573004CD9A218878071CF243AA2DBED460684AA9D.apk	2011-11-13	0	0	0	0	0	0	1	0	0	0.4	0	0.6	0.375	0	0.625	0.1304	0	0.8696	0.1304	0	0.8696	1	0	0	0	1	0	0	0
08D15B9F1EDED92BD46ED6CB4E33F4A49C6176737E78332C7C04FD4FCCD02517.apk	2011-11-13	0	0	0	0	0	0	1	0	0	0.5	0	0.5	0.4	0	0.6	0.0625	0	0.9375	0.0625	0	0.9375	1	0	0	0	1	0	0	0
08D25F8CBA5A7DB0A1236B7C5488FBE0C6D4B95E36591BADC7DB6B865597CEA1.apk	2011-09-03	0.0049	0	0	0	0	0	0.9223	0.0115	0.0613	0.2674	0.0116	0.7209	0.3829	0.0045	0.6126	0.0667	0.0114	0.9219	0.0667	0.0114	0.9219	0.7778	0	0	0.2222	0.875	0	0	0.125
08E1074A5412A1326BF32DE061128B2906176826D4BA00F9B81A8974C1F5E4A5.apk	2011-08-23	0.0018	0.0023	0	0	0	0	0.8323	0	0.1637	0.442	0.0507	0.5072	0.4732	0.039	0.4878	0.1781	0.004	0.818	0.1781	0.004	0.818	0.7778	0.2222	0	0	0.8294	0.1706	0	0
08E59A288567FFD6CC213E8B1C9E56B402577068CC8FE336290DC15AF22C4C3F.apk	2011-11-13	0	0	0	0.8578	0.1374	0	0	0.0047	0	0.0222	0.3333	0.6444	0.0096	0.3942	0.5962	0.0001	0.144	0.856	0.0001	0.144	0.856	0.5	0	0	0.5	0.7877	0	0	0.2123
08E8FA063BF510DA98B249363B53E777D50BB7B241BAE11004F9D5387984D00F.apk	2011-11-08	0	0	0	0	0	0	0.9069	0	0.0931	0.4902	0	0.5098	0.3902	0	0.6098	0.1672	0	0.8328	0.1672	0	0.8328	0.375	0.25	0.375	0	0.8286	0.0857	0.0857	0
08F0D84E4019DD70D6E45E123FD36E3384A0E5F8247008E0EFA005CD0FE0E357.apk	2011-11-13	0	0	0	0.0083	0.001	0	0.9565	0.0002	0.034	0.314	0.1074	0.5785	0.3074	0.1185	0.5741	0.0361	0.0021	0.9618	0.0361	0.0021	0.9618	0.5556	0.1667	0.2778	0	0.8905	0.0671	0.0424	0
08FC118C6B5AF24576E7B101D3E2A20F170BAB0AC49B36CA11F2E9FA00A35F70.apk	2011-08-20	0	0	0	0.7786	0.0673	0	0.1244	0.0202	0.0095	0.08	0.24	0.68	0.0625	0.3125	0.625	0.0109	0.0933	0.8957	0.0109	0.0933	0.8957	0.5	0.5	0	0	0.6941	0.3059	0	0
0906738639CD6AE36A8E97AD899AC05271486E60809C714073775397E6898783.apk	2011-08-25	0	0	0	0.0534	0.017	0	0.8134	0.0724	0.0437	0.1311	0.2787	0.5902	0.2071	0.2426	0.5503	0.0448	0.0905	0.8646	0.0449	0.0905	0.8646	1	0	0	0	1	0	0	0
090A2645ED5B408A6047ED6F890A174F4698C5DCD5890EEC22A4E5A531983395.apk	2011-03-16	0.25	0	0	0.1667	0	0	0.5	0	0.0833	0.1818	0.0909	0.7273	0.2	0.0667	0.7333	0.0851	0.001	0.9139	0.0851	0.001	0.9139	0.6667	0	0	0.3333	0.6005	0	0	0.3995
090D1062F4683AC145F265CFC6C758B572F6346AD64EF75271B58214AFFE78CE.apk	2011-09-26	0	0	0	0	0	0	0.9994	0	0.0006	0.2258	0	0.7742	0.2571	0	0.7429	0.001	0	0.999	0.001	0	0.999	1	0	0	0	1	0	0	0
090FF5E31E988308A148ECF847C8F6699636E5F09CA041D30EEA5A4CC2436056.apk	2011-09-26	0	0	0	0.2882	0.6825	0	0.0264	0	0.0029	0.137	0.1096	0.7534	0.1472	0.2381	0.6147	0.005	0.6762	0.3188	0.005	0.6762	0.3188	0.6667	0	0	0.3333	0.9447	0	0	0.0553
091B0A8D576D6F0CF70CBA4F26B2D122CF1ECB58D6E80803F3FABD4F47C6C4AE.apk	2011-09-03	0	0	0	0	0	0	0.9898	0	0.0102	0.4286	0	0.5714	0.2632	0	0.7368	0.0324	0	0.9676	0.0324	0	0.9676	1	0	0	0	1	0	0	0
092086C7F4E4D54E55061EB3873FE5796ACA2520EE08EFEFE223DF8888EFA08C.apk	2011-11-14	0	0	0	0	0	0	0.7828	0.0697	0.1475	0.1667	0.0556	0.7778	0.2821	0.0513	0.6667	0.1661	0.0671	0.7668	0.1661	0.0671	0.7668	1	0	0	0	1	0	0	0
0922FF1288E29745123DDE75B6FDED0FEA2995383F21A7064D8E07C6696DDDC4.apk	2011-10-25	0	0	0	0.653	0.3142	0	0.0328	0	0	0.0204	0.4082	0.5714	0.0233	0.4574	0.5194	0.0005	0.3175	0.682	0.0005	0.3175	0.682	1	0	0	0	1	0	0	0
092508833BC274DCD8620EC530136F80197CBAC0DCA81EE39E2A8CF3A3C9C443.apk	2011-09-27	0	0	0	0	0	0	0.9477	0	0.0523	0.2759	0	0.7241	0.3614	0	0.6386	0.0575	0	0.9425	0.0575	0	0.9425	1	0	0	0	1	0	0	0
092C8633D532C93C011650BC5AB178A824C8130F9DB9A7CC38D72231D133AC81.apk	2011-08-27	0	0	0	0.1641	0.0046	0.0004	0.8209	0.0003	0.0097	0.2759	0.0345	0.6897	0.2963	0.0833	0.6204	0.0112	0.0052	0.9836	0.0112	0.0052	0.9836	1	0	0	0	1	0	0	0
092E3D1D5CE62B4520E4BE67DB4C95BA1833CC92C9B1855802C7E7D3B9A7D1E4.apk	2011-10-25	0	0	0	0	0	0	0.9765	0	0.0235	0.1875	0	0.8125	0.24	0	0.76	0.0283	0	0.9717	0.0283	0	0.9717	1	0	0	0	1	0	0	0
09408CACF822D5FC0D809528D9AF8FAE402669C33C907ABDD13AEA16537B44CB.apk	2011-08-21	0	0	0	0	0	0	0	0	0	0	0	0	0	0	0	0	0	0	0	0	0	0	0	0	0	0	0	0	0
0940EB83F6B55FD8D1FE34F53504F288EDB157A6070F3BA7B39FF15C8E9BAA20.apk	2011-03-15	0.0113	0	0.0003	0	0	0	0.8489	0	0.1396	0.3	0	0.7	0.5458	0	0.4542	0.1435	0	0.8565	0.1435	0	0.8565	1	0	0	0	1	0	0	0
095396D9E8247CC83E5AA77EC2CD6AF9E2D4BE8DC1BED63B6A4CF01C4420F80D.apk	2011-11-13	0	0	0	0	0	0	0.8764	0	0.1236	0.2632	0	0.7368	0.3077	0	0.6923	0.1567	0	0.8433	0.1567	0	0.8433	1	0	0	0	1	0	0	0
000569476720338E9E6083EBD637C5F583624553B1BFB0BA3D0A182A8CE64692.apk	2011-11-07	0	0	0	1	0	0	0	0	0	0	0.1429	0.8571	0	0.25	0.75	0	0.0045	0.9955	0	0.0045	0.9955	0	0	0	0	0	0	0	0
00223FA9A0F9E155D6D08613BC35478ED01F8F6A4EF87A2FE37A71E78C6F2838.apk	2011-11-14	0	0	0	0	0	0	1	0	0	0.5	0	0.5	0.5	0	0.5	0.0154	0	0.9846	0.0154	0	0.9846	1	0	0	0	1	0	0	0
00237366D7B0CE81276235AD1B49A59DBACA58371AF84ECEFF4FD34C7FBC0F8C.apk	2011-11-14	0	0	0	0	0	0	0.829	0	0.171	0.2222	0	0.7778	0.2558	0	0.7442	0.1798	0	0.8202	0.1798	0	0.8202	1	0	0	0	1	0	0	0
0025D87A398BD7F9D198F1B195241D39D65121365E3B3ADF3E03E13459DF0BA9.apk	2011-11-06	0	0	0	0	0	0	0.8802	0	0.1198	0.2903	0	0.7097	0.2911	0	0.7089	0.1388	0	0.8612	0.1396	0	0.8604	1	0	0	0	1	0	0	0
0028D560E98D424E39AF682342209B1C4FB353EE97CF85349FD03FCCE42BDC7D.apk	2011-10-21	0	0	0	0	0	0	0	0	0	0	0	0	0	0	0	0	0	0	0	0	0	0	0	0	0	0	0	0	0
003AB99F7F7D48CA07F55323263819A6C7E105C9B6B1F6CAF4B5257C72A215C3.apk	2011-11-13	0	0	0	0	0	0	1	0	0	0.0714	0	0.9286	0.125	0	0.875	0.0077	0	0.9923	0.0077	0	0.9923	1	0	0	0	1	0	0	0
0045FD9F1DF18DF73D0FE31FDB9F39C03E4A11E97C905AA7F6217A20A8DA5374.apk	2011-11-06	0	0	0	0	0	0	0.7742	0	0.2258	0.2353	0	0.7647	0.375	0	0.625	0.264	0	0.736	0.264	0	0.736	1	0	0	0	1	0	0	0
004DBFB4A1CD3B0A0BE2FA95BBD9AC3886A164C1E0A55421ABE46B7ACA3F45C3.apk	2011-11-22	0.0577	0	0	0.8738	0.0539	0	0.0114	0.0011	0.002	0.0301	0.1278	0.8421	0.0265	0.2361	0.7374	0.0021	0.0555	0.9425	0.0021	0.0555	0.9425	0.8571	0	0.1429	0	0.9545	0	0.0455	0
004E2FDB3D008F21E149B88E73AEEB14805759B6E4C6DABA40C764C5332A79D8.apk	2011-11-14	0	0	0	0	0	0	0.9444	0	0.0556	0.2857	0	0.7143	0.1579	0	0.8421	0.1053	0	0.8947	0.1111	0	0.8889	1	0	0	0	1	0	0	0
0051C9BFC18CE8059F97E01F6AD183FAB59DF30CFF12C5539755A4119F3F5ABA.apk	2011-10-20	0	0	0	0	0	0	0	0	0	0	0	0	0	0	0	0	0	0	0	0	0	0	0	0	0	0	0	0	0
0051FF095C5EB7091BF4819595B3E7B7609142287EE8C20957A7F4D9CABDC1FA.apk	2011-05-19	0	0	0	0	0	0	0	0	0	0	0	0	0	0	0	0	0	0	0	0	0	0	0	0	0	0	0	0	0
00540719EA1D34B2DA503370EE868CB9F849017C46931AD3EF9A2E400F45BC1E.apk	2011-09-13	0	0	0	0.2693	0.0468	0	0.5039	0.0476	0.1325	0.3898	0.1102	0.5	0.3236	0.12	0.5564	0.1692	0.0993	0.7315	0.1692	0.0993	0.7315	1	0	0	0	1	0	0	0
00616CDC55CEA60F70A6DF04EA6F2BC7429A256B8D52F163D84F27C5E0AD78AC.apk	2011-11-13	0	0	0	0	0	0	0.902	0	0.098	0.3654	0	0.6346	0.4175	0	0.5825	0.1388	0	0.8612	0.1388	0	0.8612	1	0	0	0	1	0	0	0
0068C939193BCC1AAB385F5C55220C72473F51304858367D6B0F3F1D61EA7DF4.apk	2011-11-07	0	0	0	0.5362	0.0099	0	0.3235	0.0746	0.0559	0.3333	0.0303	0.6364	0.3016	0.0794	0.619	0.0718	0.0841	0.8441	0.0718	0.0841	0.8441	1	0	0	0	1	0	0	0
006AFF7799922A003134AB3D393874FFBCBBF367EBDCA1A40BF98590A1F608C6.apk	2011-09-06	0	0	0	0.6546	0.0924	0	0.2307	0.0083	0.0139	0.0816	0.5714	0.3469	0.1134	0.4124	0.4742	0.0202	0.1204	0.8594	0.0202	0.1204	0.8594	1	0	0	0	1	0	0	0
006CAA4D9E157526A9CED0A801AE9432EF29CA800931BE9366C3C483ABEDC1E7.apk	2011-08-14	0	0	0	0	0	0	0	0	0	0	0	0	0	0	0	0	0	0	0	0	0	0	0	0	0	0	0	0	0
00914A1D0C06491CA18A07D006892212B72C222CE573966B0CE29B6CBC79CC64.apk	2011-03-28	0.0007	0	0	0	0	0	0.9482	0	0.0512	0.3419	0	0.6581	0.5012	0	0.4988	0.052	0	0.948	0.052	0	0.948	1	0	0	0	1	0	0	0
0094CBE5B945DE51D1C69C9F71B9E7B7C77D0F2922AA2BD6B277131956ED0DF1.apk	2011-11-06	0	0	0	0.6074	0.1506	0	0.2267	0.0085	0.0068	0.0952	0.2698	0.6349	0.1048	0.2984	0.5968	0.0071	0.1595	0.8335	0.0071	0.1595	0.8335	0.5714	0	0	0.4286	0.6639	0	0	0.3361
009B4615529D24477A8C2AD98AA3EA8813C29B64E5F3DB6DEC5919F40517612D.apk	2011-08-28	0	0	0	0	0	0	0	0	0	0	0	0	0	0	0	0	0	0	0	0	0	0	0	0	0	0	0	0	0
00A5D994287D412C14AEF8392EC157433A70FCA25601C5168DDCE7CD2C73AFEB.apk	2011-11-06	0	0	0	0	0	0	0.9513	0	0.0487	0.3438	0	0.6562	0.3818	0	0.6182	0.052	0	0.948	0.052	0	0.948	1	0	0	0	1	0	0	0
00A8A4B09CD08CFC367053EDB70EC0ECF1903789326F32029971DD5FE2D8C73F.apk	2011-06-14	0.5704	0	0	0	0	0	0.4085	0	0.0211	0.1667	0	0.8333	0.129	0	0.871	0.0261	0	0.9739	0.0261	0	0.9739	1	0	0	0	1	0	0	0
00B3A3386717BAC4ED510951B777DF4177B22540DBE2F6D6BD7A640AB784388E.apk	2011-10-20	0	0	0	0	0	0	0.8696	0	0.1304	0.3333	0	0.6667	0.3182	0	0.6818	0.1399	0	0.8601	0.1399	0	0.8601	1	0	0	0	1	0	0	0
00B3AF7B4C44A9D1A96ADDA59775CBFBC5F0639613A0D2BE86C77CB5E8C78541.apk	2011-09-21	0	0	0	0	0	0	0.9032	0.0093	0.0875	0.3721	0.0233	0.6047	0.4625	0.0125	0.525	0.0888	0.0093	0.9019	0.0888	0.0093	0.9019	0.5	0	0	0.5	0.495	0	0	0.505
00C9514989694EF9669FBE24A91BB8D9E2CA3756E538C368B537FB6F73EBC179.apk	2011-11-07	0	0	0	0	0	0	0.6966	0.0004	0.303	0.5814	0.0116	0.407	0.6579	0.0053	0.3368	0.3035	0.0004	0.6961	0.3035	0.0004	0.6961	1	0	0	0	1	0	0	0
00D15CE4E64E0369D147BD3F024EC4D5341F5DFABDCA5DA97D5ACD74EE15273B.apk	2011-11-08	0.1128	0.0036	0	0.1227	0.0157	0	0.7069	0.0045	0.0337	0.1157	0.2727	0.6116	0.1385	0.1824	0.6791	0.0402	0.0337	0.926	0.0403	0.0338	0.9259	1	0	0	0	1	0	0	0
00D6ADB9ECA9DDBACD4D486565EE95DD793ACEF6E0114D9857AA10C3F3B06985.apk	2011-11-07	0	0	0	0.0496	0.0054	0	0.8054	0.0203	0.1194	0.2361	0.0556	0.7083	0.3382	0.0686	0.5931	0.1429	0.0303	0.8269	0.1444	0.0306	0.825	0.5714	0	0.4286	0	0.8411	0	0.1589	0
00D7E36681D9327DCDCAB45630C5B7F3B5D43E5EBDD4AD6CAAFC776486ABE522.apk	2011-11-08	0	0	0	0.8961	0.0414	0	0.0584	0	0.0041	0.0862	0.1379	0.7759	0.0714	0.1905	0.7381	0.0075	0.0488	0.9437	0.0075	0.0489	0.9436	1	0	0	0	1	0	0	0
00E378D9E08726679B82FEBA9B9249EC4B428736BD5295973232FE4BD8E47487.apk	2011-11-06	0	0	0	0.0598	0.0345	0	0.8314	0.0066	0.0676	0.2883	0.0811	0.6306	0.3197	0.1227	0.5576	0.0857	0.047	0.8673	0.0857	0.047	0.8673	0.6	0	0.4	0	0.8742	0	0.1258	0
00E41BDA11AAD3A2AB8183F8508AD588F518E8C05CAB5ADD6A654B5DD1EB3A09.apk	2011-11-08	0	0	0	0	0	0	0.8824	0	0.1176	0.25	0	0.75	0.3154	0	0.6846	0.1238	0	0.8762	0.1243	0	0.8757	1	0	0	0	1	0	0	0
00E63AABA303E14513AE63C2AD2F80329C9B0D6EE8CA331A73E1B48197D536EA.apk	2011-11-13	0	0	0	0	0	0	1	0	0	0.2	0	0.8	0.1818	0	0.8182	0.0308	0	0.9692	0.0308	0	0.9692	1	0	0	0	1	0	0	0
00ED56FE4A20BCC28AF710FF5618605E824346C3C2E37A1CA090707C34EF9D4A.apk	2011-11-08	0	0	0	0	0	0	0	0	0	0	0	0	0	0	0	0	0	0	0	0	0	0	0	0	0	0	0	0	0
00F16F6E1613995BC305D9C59D8C6B84D6DD0C19B2835955A60A19E35A58002B.apk	2011-11-07	0	0	0	0	0	0	0	0	0	0	0	0	0	0	0	0	0	0	0	0	0	0	0	0	0	0	0	0	0
00FC381FF386E8DAF67AFB452EF4D2E8DBB1D14543E5749FAF8FD410B252C2D3.apk	2011-11-08	0	0	0	0	0	0	0.9231	0	0.0769	0.25	0	0.75	0.2	0	0.8	0.1429	0	0.8571	0.1429	0	0.8571	1	0	0	0	1	0	0	0
00FC40E730C98851CD2F05A02B37D85B1F26D30DD9471A204BB5FCF9BAB76D3E.apk	2011-11-06	0.0978	0	0	0.8061	0.0954	0	0.0006	0	0	0.0088	0.3596	0.6316	0.0028	0.3775	0.6197	0	0.098	0.9019	0	0.098	0.9019	0.2857	0	0.0952	0.619	0.7721	0	0.0143	0.2136
00FC82246650FE0307F3747BEE0F124683B3F7181B32D7BB54994A31AC11011A.apk	2011-11-15	0	0	0	0.1364	0.09	0	0.6976	0.0026	0.0733	0.16	0.1467	0.6933	0.1529	0.2025	0.6446	0.0737	0.0931	0.8332	0.0737	0.0931	0.8332	1	0	0	0	1	0	0	0
011A7D105CA1662395F54DA25FA65D500B2839F4772C8788373F2FEAFDE7B3BD.apk	2011-11-06	0	0	0	0.6933	0.0913	0	0.188	0.0045	0.0228	0.1573	0.0899	0.7528	0.1271	0.2302	0.6426	0.0292	0.104	0.8668	0.0292	0.104	0.8668	0.6	0	0.4	0	0.9778	0	0.0222	0
01225D744662E208C6BCBA9D3F80BBA1CFE51BC5C74D21BE60AF78AD21228C67.apk	2011-11-08	0	0	0	0.4531	0.1094	0	0.3516	0.0234	0.0625	0.1944	0.0833	0.7222	0.1842	0.1316	0.6842	0.1078	0.1324	0.7598	0.1078	0.1324	0.7598	1	0	0	0	1	0	0	0
0127C365BB49B787D417CACA569FAF5BF4C93DFEFF7E6AB619048F8FB4554A31.apk	2011-11-08	0	0	0	0	0	0	0.9547	0	0.0453	0.1786	0	0.8214	0.2	0	0.8	0.0468	0	0.9532	0.0468	0	0.9532	1	0	0	0	1	0	0	0
0131BEE8E2948ED2E5C4707B5FD84815C31A88BFB416C777DDDE95CF953C6DED.apk	2011-11-08	0	0	0	0	0	0	0	0	0	0	0	0	0	0	0	0	0	0	0	0	0	0	0	0	0	0	0	0	0
01389257210F8298E129CDCC3B0EFFEF008D12C5447C3DFB21A524B22EA69D85.apk	2011-12-20	0	0	0	0.7937	0.1905	0	0	0.0159	0	0.037	0.2593	0.7037	0.0185	0.2963	0.6852	0.0004	0.2084	0.7911	0.0004	0.2084	0.7911	0.8	0	0.2	0	0.9338	0	0.0662	0
014EAE39116BBDE8F9AA265A865F65C42AED5D4999665FE260C9234B1BA446C8.apk	2011-08-23	0	0	0	0	0	0	0.6703	0	0.3297	0.6444	0	0.3556	0.5125	0	0.4875	0.3298	0	0.6702	0.3298	0	0.6702	1	0	0	0	1	0	0	0
0156C1FD63F81F5DD0D3C74FCE15E3A2579078522A8B23A541FE6740996E0AC6.apk	2011-11-07	0	0	0	0.8508	0.149	0	0	0.0002	0	0.0625	0.4375	0.5	0.0217	0.5435	0.4348	0	0.1493	0.8507	0	0.1493	0.8507	1	0	0	0	1	0	0	0
015FD402444A9B7A7030B959A70CAB67A5FBFAA8064D29ADF2905E466A89C482.apk	2011-01-19	0	0	0	0	0	0	0	0	0	0	0	0	0	0	0	0	0	0	0	0	0	0	0	0	0	0	0	0	0
01636E400558320CBF38331961C83E0643A796E61E30DB4D286EDE85930EB367.apk	2011-11-08	0	0	0	0.5003	0.008	0	0.0146	0.4717	0.0053	0.0918	0.3061	0.602	0.2476	0.301	0.4515	0.0054	0.4797	0.5149	0.0054	0.4797	0.5149	1	0	0	0	1	0	0	0
01718BFE393C5235CDB559EAFE1BC3921238E063C087881FED2FE3DB187C4B5E.apk	2011-11-14	0.0001	0	0	0.5919	0.1476	0.1459	0.0473	0.0032	0.064	0.2597	0.1429	0.5974	0.364	0.1339	0.5021	0.211	0.1507	0.6383	0.2111	0.1507	0.6383	1	0	0	0	1	0	0	0
0182B83916FAE3EFDBCA1BD7EFCD9584FFC5A539080B9405A0880697AE11EBE9.apk	2011-11-08	0	0	0	0	0	0	0	0	0	0	0	0	0	0	0	0	0	0	0	0	0	0	0	0	0	0	0	0	0
01890146F2D7298AD5F8BB50F412759755481DD6195B1D957D805F41E052C43B.apk	2011-11-09	0	0	0	0	0	0	0	0	0	0	0	0	0	0	0	0	0	0	0	0	0	0	0	0	0	0	0	0	0
018C45BDCC1BC317981A5DE963DBA2BFFCF7276848F550C5215A7322B35F62A8.apk	2011-11-13	0	0	0	0	0	0	0.8889	0	0.1111	0.4286	0	0.5714	0.2	0	0.8	0.1579	0	0.8421	0.1579	0	0.8421	1	0	0	0	1	0	0	0
018FC40652FD762F0915E6E318028C8514E3D0982034528A6650F8D7F1ACBF89.apk	2011-09-14	0.1604	0	0	0.3623	0.0744	0	0.2667	0.001	0.1353	0.3121	0.0355	0.6525	0.2939	0.0415	0.6645	0.1719	0.0674	0.7607	0.1724	0.0676	0.76	1	0	0	0	1	0	0	0
01901DC8B94418E87A012BFE38B8DF4E1D33B7170B157D83CF9F1AD883FE9CD6.apk	2011-11-08	0	0	0	0	0	0	0.8752	0	0.1248	0.254	0	0.746	0.378	0	0.622	0.1414	0	0.8586	0.1418	0	0.8582	0.4	0	0.6	0	0.8639	0	0.1361	0
019F8450BF384305DED6132E6D7FD3D40AB1EABDA07612BE8BE7F87DE1C8830D.apk	2011-09-13	0	0	0	0.2692	0.1154	0	0.5385	0	0.0769	0.1765	0.2353	0.5882	0.2	0.24	0.56	0.0812	0.1197	0.7992	0.0812	0.1197	0.7992	1	0	0	0	1	0	0	0
01A7DE2FE7852F6E5DF57854A2034283E6FA9728AAD70EA1009F840221ADF659.apk	2011-11-15	0	0	0	0	0	0	0.8235	0	0.1765	0.3333	0	0.6667	0.2632	0	0.7368	0.186	0	0.814	0.186	0	0.814	1	0	0	0	1	0	0	0
01AD379F7FB8735D6E8863006FD12E4EA0203092152C6D4F22783DB6B662B6CE.apk	2011-11-08	0	0	0	0.6536	0.3039	0.0009	0.005	0.0091	0.0276	0.2607	0.5299	0.2094	0.1689	0.6479	0.1832	0.029	0.3144	0.6566	0.029	0.3146	0.6563	1	0	0	0	1	0	0	0
01B09969E2CC40119C0B0556F8A197596B931C1EE7F05F6E6FD58800A9F1E87D.apk	2011-08-23	0.1501	0.0335	0	0.2833	0.0447	0	0.4099	0.0277	0.0509	0.1524	0.2195	0.628	0.1905	0.2171	0.5924	0.0528	0.1074	0.8399	0.0528	0.1074	0.8399	0.8889	0	0.1111	0	0.9984	0	0.0016	0
01C64018C8DB21F180184BC148E85AE15652BA6ACEEBC893D340FD47A093DBE3.apk	2011-07-08	0	0	0	0.5629	0.0662	0	0.3444	0.0199	0.0066	0.037	0.1852	0.7778	0.0541	0.2297	0.7162	0.0109	0.0989	0.8902	0.0109	0.0989	0.8902	1	0	0	0	1	0	0	0
01D38BFE5F2F1FD1B7605E21D7F4D1E3E335F15F553A8376B56500D050CD5E9A.apk	2011-12-13	0	0	0	0.3078	0.2737	0	0.2882	0	0.1303	0.1739	0.3406	0.4855	0.1808	0.3644	0.4548	0.1356	0.2832	0.5811	0.1359	0.2837	0.5804	0.3182	0.1364	0.5455	0	0.83	0.1153	0.0548	0
01F202D5C009EB40D60B2BA61417B02E5AFDC14F5B94E3D07265E8D0DA03862A.apk	2011-01-15	0	0	0	0.3921	0.6026	0	0.0017	0.0024	0.0012	0.0781	0.4375	0.4844	0.0701	0.5796	0.3503	0.0013	0.605	0.3937	0.0013	0.605	0.3937	1	0	0	0	1	0	0	0
01F8E6071F8C984721914C7DF5134F95133667E48D2B91C86C636167FEBDDE9F.apk	2011-08-25	0	0	0	0.0115	0.0008	0	0.8634	0.0004	0.124	0.454	0.0517	0.4943	0.4341	0.0562	0.5097	0.1275	0.0018	0.8707	0.1275	0.0018	0.8707	0.8182	0.1818	0	0	0.9753	0.0247	0	0
0200DB25DC47B41971EA7AE4ED3527D75F2F776AF0219F083D4E54D0C7131561.apk	2011-09-04	0	0	0	1	0	0	0	0	0	0	0.5	0.5	0	0.5	0.5	0	0.0161	0.9839	0	0.0161	0.9839	0	0	0	0	0	0	0	0
02036838FDBD09BDA0C9C3AF9056F3C43B0B5308DD92979875EE7039ABE1E7B7.apk	2011-11-06	0	0	0	0.8962	0.0969	0	0.0059	0.0002	0.0008	0.0222	0.4296	0.5481	0.0183	0.4817	0.5	0.002	0.1226	0.8754	0.002	0.1227	0.8753	0.5	0	0.5	0	0.92	0	0.08	0
02144B763581DD9ADC693225AC8D1120862A730DB2DAB2B5CE61A65B5F519404.apk	2011-11-13	0.4589	0	0.0016	0.112	0.0699	0.0024	0.2398	0.0073	0.1083	0.3621	0.1207	0.5172	0.4003	0.1583	0.4414	0.1504	0.0879	0.7617	0.1504	0.0879	0.7617	0.65	0.1	0.1	0.15	0.7684	0.1579	0.0158	0.0579
0225A854B5767A43B828866BB94580E2A83CAA007EDD8ACAEB52E6F9A3524A4F.apk	2011-10-20	0	0	0	0.4956	0.1349	0	0.273	0.0614	0.0351	0.087	0.3043	0.6087	0.1048	0.3524	0.5429	0.0422	0.2122	0.7456	0.0426	0.2141	0.7433	1	0	0	0	1	0	0	0
02260E81E2F7E8A0B8454A5D836F3DB81FE59C8139B1FF216F0F1DAF33632CE3.apk	2011-11-13	0	0	0	0	0	0	0.9101	0	0.0899	0.4118	0	0.5882	0.3158	0	0.6842	0.1296	0	0.8704	0.1296	0	0.8704	1	0	0	0	1	0	0	0
022DDA2EBE0F8F784FE8452DC9DEFD9AD1E6D6D3877BF017793FB5D039A8D186.apk	2011-11-08	0	0	0	0.9822	0.0164	0	0.0012	0.0001	0.0002	0.0909	0.1818	0.7273	0.0609	0.2435	0.6957	0.0007	0.0186	0.9806	0.0007	0.0186	0.9806	1	0	0	0	1	0	0	0
023226379844A83103E58D9D850DCD447876DCD4C76367438D6177B535DB7A5E.apk	2011-11-07	0	0	0	0	0	0	0.9739	0.0029	0.0232	0.2609	0.0435	0.6957	0.2692	0.0192	0.7115	0.0404	0.004	0.9555	0.0406	0.0041	0.9553	1	0	0	0	1	0	0	0
0233B0F497FF247A2BF56362F7417F586152F58281D73E101CEA5352B2DDEFA2.apk	2011-11-08	0.2864	0.0079	0	0.5277	0.118	0	0.0504	0.0042	0.0055	0.0513	0.2222	0.7265	0.0424	0.2938	0.6638	0.0081	0.1418	0.85	0.0081	0.1418	0.85	0.8	0	0.2	0	0.9846	0	0.0154	0
0237F8C9F50ACB8F2BEC505721D8EED5D43A770DD8B72300C80601C4367CCCE7.apk	2011-11-07	0.2487	0.0332	0	0.3648	0.0995	0	0.2509	0	0.0029	0.075	0.175	0.75	0.0595	0.1905	0.75	0.0042	0.1339	0.8619	0.0042	0.1339	0.8619	0.75	0	0.25	0	0.9101	0	0.0899	0
024B130433EF076CEF26F4017E2F8A4B1E7DE2A337CBC09F6B58326729C365EA.apk	2011-11-07	0	0	0	0.6654	0.258	0.0012	0.054	0.013	0.0085	0.0405	0.2568	0.7027	0.0476	0.4167	0.5357	0.0108	0.2755	0.7136	0.0108	0.2758	0.7133	1	0	0	0	1	0	0	0
02536432DC001C6092082EC77818161D8A73F21E5C605A05CD842ED22CA1D899.apk	2011-11-13	0	0	0	0	0	0	0.872	0	0.128	0.2857	0	0.7143	0.3204	0	0.6796	0.1297	0	0.8703	0.1297	0	0.8703	1	0	0	0	1	0	0	0
02734B2239389BE2423926D255F7921EF4772BE2AB8E5B01E902EA230AFB02AB.apk	2011-11-13	0	0	0	0	0	0	0.8	0	0.2	0.3542	0	0.6458	0.337	0	0.663	0.2024	0	0.7976	0.2024	0	0.7976	0.2857	0	0.4286	0.2857	0.3349	0	0.4394	0.2257
02799C6FDBE626287232785B464CCD281AFC8F041D8262B92E658FB02B680F5C.apk	2011-11-14	0	0	0	0	0	0	1	0	0	0.1429	0	0.8571	0.1429	0	0.8571	0.0202	0	0.9798	0.0202	0	0.9798	1	0	0	0	1	0	0	0
027FEBBD14794861F2E6A9A99D624E7A118CF34A2F1CBF650977D0D79E5C5186.apk	2011-05-25	0	0	0	0	0	0	0.8144	0	0.1856	0.8182	0	0.1818	0.6818	0	0.3182	0.2773	0	0.7227	0.2773	0	0.7227	1	0	0	0	1	0	0	0
0294D3DA1E3F2EA5BE948944F9B7C51CB4F28B43A272DBB693B5104425D012AE.apk	2011-11-06	0	0	0	0.2109	0.036	0	0.5789	0.0059	0.1683	0.3	0.0533	0.6467	0.3635	0.1004	0.5361	0.188	0.0478	0.7641	0.1881	0.0478	0.764	0.6923	0	0.1538	0.1538	0.9819	0	0.0113	0.0068
02978777F05959AA50533D006A75CA91F99FF5A0383AF05728A2D849185863B1.apk	2011-11-08	0	0	0	0	0	0	0.867	0	0.133	0.2826	0	0.7174	0.3333	0	0.6667	0.1717	0	0.8283	0.1717	0	0.8283	1	0	0	0	1	0	0	0
02A6AFE2CA325809B83E3AFE37D4CF2FFC5DBF0CBA7D5FBF9EBBE9525D9FE2A8.apk	2011-11-06	0	0	0	0.2375	0.0394	0	0.2329	0.0038	0.4864	0.3472	0.125	0.5278	0.3224	0.1202	0.5574	0.4806	0.0459	0.4735	0.4806	0.0459	0.4735	0.8571	0	0.1429	0	0.9559	0	0.0441	0
02AC951E8305B5D9EEE9C58408654C918969FE4048A3AFF2A29DD860FAE60016.apk	2011-11-08	0	0	0	0.9478	0.0522	0	0	0	0	0	0.2407	0.7593	0	0.2761	0.7239	0	0.0564	0.9436	0	0.0564	0.9436	1	0	0	0	1	0	0	0
02BE684062964A1B9E46126F586C5AAB0C6075834E6A23643B9A015C7039467A.apk	2011-11-14	0	0	0	0	0	0	0	0	0	0	0	0	0	0	0	0	0	0	0	0	0	0	0	0	0	0	0	0	0
02CF24EC25A4AA87BA6A45BA29A38269D7F27A6F8A8CB373653DA7B628A77FD0.apk	2011-11-08	0	0	0	0	0	0	0	0	0	0	0	0	0	0	0	0	0	0	0	0	0	0	0	0	0	0	0	0	0
02D0D73873079225945743BC2CD7AA8D8ADD5D8A87EA8A7D1F54C0A2FE6DFDA7.apk	2011-06-22	0.6186	0	0	0.1213	0.0369	0	0.1201	0.0888	0.0143	0.2418	0.0989	0.6593	0.1883	0.0586	0.7531	0.0235	0.1222	0.8544	0.0235	0.1222	0.8544	1	0	0	0	1	0	0	0
02D7A980D98C555B0BAA6519477777919A54E66B26F2A434DD7CBA104ABA46C2.apk	2011-11-08	0	0	0	0.5813	0.4187	0	0	0	0	0	0.3441	0.6559	0	0.4214	0.5786	0	0.4187	0.5813	0	0.4187	0.5813	1	0	0	0	1	0	0	0
02D7D6C2C3A0425E75AEA0CF36AC97A5A13E6424D45B9F51AA6A42D6F545122F.apk	2011-08-23	0	0	0	0.8306	0.1694	0	0	0	0	0	0.4563	0.5437	0	0.5843	0.4157	0	0.2087	0.7913	0	0.2087	0.7913	1	0	0	0	1	0	0	0
02DA84F300F7F48A1492ABC84845A8746F6E1430DBEC715F81C19B0731881B86.apk	2011-11-07	0	0	0	0.7836	0.0238	0.0012	0.103	0.0479	0.0405	0.3214	0.25	0.4286	0.3361	0.2311	0.4328	0.0547	0.0787	0.8665	0.0547	0.0787	0.8665	1	0	0	0	1	0	0	0
02E641A0B93523CECA06562D0529433E7965B7C6E08C94AB5080523DD61E36AA.apk	2011-11-02	0	0	0	0	0	0	0	0	0	0	0	0	0	0	0	0	0	0	0	0	0	0	0	0	0	0	0	0	0
02EA0B35B6CC803A36B9EAD87014734AA68E1C4B309D0F889E09DD558C1F977C.apk	2011-06-30	0	0	0	0	0	0	0.8638	0	0.1362	0.3556	0	0.6444	0.3738	0	0.6262	0.1445	0	0.8555	0.1445	0	0.8555	1	0	0	0	1	0	0	0
02EAE1146EC7B2B0001FC563B1911C34601C1B8E3742C9DE81684B4CF393B263.apk	2011-09-21	0	0	0	0	0	0	0	0	0	0	0	0	0	0	0	0	0	0	0	0	0	0	0	0	0	0	0	0	0
02EFACE7F41DE1D9F8542D39A97AA5C155FB0C064AA7ECD751AC47FB3ECEA7E2.apk	2011-11-07	0	0	0	0	0	0	0.8953	0	0.1047	0.1282	0	0.8718	0.2529	0	0.7471	0.1097	0	0.8903	0.1101	0	0.8899	0.5	0	0.5	0	0.7216	0	0.2784	0
02FCBF1B4545FC547B3BC17A98F756F8108DBF41E4FC35BC841B950024F0A377.apk	2011-11-13	0	0	0	0.1751	0.0656	0	0.6171	0.0109	0.1313	0.3974	0.1282	0.4744	0.3533	0.1133	0.5333	0.1862	0.0857	0.7282	0.1862	0.0857	0.7282	1	0	0	0	1	0	0	0
0302C4B20F326532F7EF5EF79BF9AB0A13DC34583632A3CA54ABBF16C43635DC.apk	2011-09-13	0	0	0	0	0	0	0	0	0	0	0	0	0	0	0	0	0	0	0	0	0	0	0	0	0	0	0	0	0
030582C1D0D7F620C27047F0610A19927B8076FE749D7F1E54C364E707057A28.apk	2011-11-07	0	0	0	0	0	0	0.2384	0.7095	0.0521	0.2857	0.0714	0.6429	0.3203	0.0392	0.6405	0.0706	0.6634	0.2661	0.0706	0.6634	0.2661	1	0	0	0	1	0	0	0
030C51847A19A5BDF92312C139648229DFFA2EEAF1CDB6F43C3E4708DAC98ADC.apk	2011-11-14	0	0	0	0	0	0	0	0	0	0	0	0	0	0	0	0	0	0	0	0	0	0	0	0	0	0	0	0	0
030EEB680AC0617F32AEC33FD40C651F02954C25A51D0FE79409D62002AF873D.apk	2011-11-07	0	0	0	0.7601	0.2302	0	0	0.0097	0	0.0192	0.5192	0.4615	0.0116	0.4767	0.5116	0.0002	0.2431	0.7567	0.0002	0.2431	0.7567	1	0	0	0	1	0	0	0
0327A851BBA04D10132A39DCB6075567CE0BA19A0BFBDB245F6D31F7D4D5BD92.apk	2011-11-07	0	0	0	0.0447	0.005	0	0.8177	0.0177	0.1149	0.2394	0.0563	0.7042	0.3399	0.069	0.5911	0.1429	0.0284	0.8287	0.1443	0.0287	0.827	0.5714	0	0.4286	0	0.8222	0	0.1778	0
0333797639CDF35876EE2E55E5DA0F04DBAB8F919DFE462215ED6BBCA0639D6D.apk	2011-11-08	0.1027	0.0033	0	0.0884	0.0258	0	0.7553	0	0.0246	0.1081	0.1982	0.6937	0.1036	0.1909	0.7055	0.0284	0.0368	0.9348	0.0284	0.0368	0.9348	0.75	0	0.25	0	0.994	0	0.006	0
034FB1007CFA5E6F0C3456D5DFC3D156BE5FA827CE4D5D161C3A4B985A0D6E9C.apk	2011-11-13	0	0	0	0	0	0	0.9557	0	0.0443	0.2321	0	0.7679	0.3439	0	0.6561	0.0473	0	0.9527	0.0473	0	0.9527	1	0	0	0	1	0	0	0
036B907DFF9CAEDAF6549E9C9DF6E3919E6AD21EF2FA54D4D0B3CF9BFDB24365.apk	2011-09-15	0	0	0	0.5004	0.0857	0.0003	0.3537	0.014	0.0459	0.1404	0.4386	0.4211	0.0988	0.5157	0.3855	0.0468	0.1046	0.8485	0.0468	0.1046	0.8485	1	0	0	0	1	0	0	0
036E4DA59B898E770CD80A37F438A08F972A0408BFAC0A77C831F56F2F8A32C9.apk	2011-11-08	0	0	0	0.8913	0.1087	0	0	0	0	0	0.3151	0.6849	0	0.6511	0.3489	0	0.11	0.89	0	0.11	0.89	1	0	0	0	1	0	0	0
038BCC3B0984A4030DC8F7307B0DAF902611A902BB83956CCF656F3D6A163D3C.apk	2011-08-22	0	0	0	0.625	0.3472	0	0.0278	0	0	0.0435	0.3913	0.5652	0.0455	0.5455	0.4091	0.0172	0.4224	0.5603	0.0172	0.4224	0.5603	0	0	0	0	0	0	0	0
038D06975221130B1095E4531425E7A9E04C226E2CC6738036265539A98FF853.apk	2011-11-08	0	0	0	0	0	0	0	0	0	0	0	0	0	0	0	0	0	0	0	0	0	0	0	0	0	0	0	0	0
03B8EC1516EEC921D579FFA4877B3620F7EA86FE74DDACEE94099231EFC365B5.apk	2011-11-08	0	0	0	0.8889	0.1111	0	0	0	0	0	0.2308	0.7692	0	0.24	0.76	0	0.1262	0.8738	0	0.1262	0.8738	1	0	0	0	1	0	0	0
03E548730EE80BD3A129BE2FED1DD9714B7D64650E790EA96F516EFAF74F5763.apk	2011-11-13	0	0	0	0	0	0	0.9612	0	0.0388	0.28	0	0.72	0.325	0	0.675	0.0461	0	0.9539	0.0461	0	0.9539	1	0	0	0	1	0	0	0
03F086F99582C9FBF5345B6DFAE2EB82872018D3FBD87B5E2BD43EAA8F9E2F52.apk	2011-07-23	0	0	0	0	0	0	0	0	0	0	0	0	0	0	0	0	0	0	0	0	0	0	0	0	0	0	0	0	0
03FF42DF03C46E9BAE0F224CEB2BB4D01EDF675E06AEBC41D8E0A0668AA490AC.apk	2011-11-08	0	0	0	0.6056	0.1072	0	0.161	0.0046	0.1216	0.1154	0.1154	0.7692	0.078	0.2837	0.6383	0.1198	0.1189	0.7613	0.1266	0.1257	0.7477	1	0	0	0	1	0	0	0
04032AA81C3F5553C7A11FBF7ECD23F3E53BBEC0B2D4B96BB9B72D172D16A0E7.apk	2011-11-02	0	0	0	0.3052	0.0469	0	0.5008	0.0704	0.0767	0.1579	0.1579	0.6842	0.1667	0.119	0.7143	0.0822	0.1175	0.8003	0.0822	0.1175	0.8003	1	0	0	0	1	0	0	0
04093AB4812977EE29F54F0164352BA034B1DEA35A14BAFF75A30943C4A07B1A.apk	2011-11-07	0	0	0	0	0	0	0.9861	0	0.0139	0.4444	0	0.5556	0.375	0	0.625	0.1042	0	0.8958	0.1042	0	0.8958	1	0	0	0	1	0	0	0
041338426AEB81B364B4F03A918F4631FC4E6E488AAE13EE1B77E93C2D1BFEAC.apk	2011-11-07	0	0	0	0	0	0	0.9568	0	0.0432	0.1935	0	0.8065	0.2667	0	0.7333	0.0852	0	0.9148	0.0852	0	0.9148	1	0	0	0	1	0	0	0
04166B7D8B0269296B276F99114DE186FF6171FC9911BFC5A3A3EC31EF0445A5.apk	2011-11-08	0	0	0	0.5415	0.4585	0	0	0	0	0	0.62	0.38	0	0.6197	0.3803	0	0.4583	0.5417	0	0.4583	0.5417	0.5	0	0.4	0.1	0.9398	0	0.0489	0.0113
04203AC2FD74989D5D70BB73D2AE70D9F736EE916C9B1EF37B5A65EBC6174778.apk	2011-09-14	0	0	0	0	0	0	0	0	0	0	0	0	0	0	0	0	0	0	0	0	0	0	0	0	0	0	0	0	0
042694279DDA310EACFCC4DFD167DB8B2E762D880A5B6DB6295B25A785FEF94D.apk	2011-05-25	0	0	0	0	0	0	0.9715	0	0.0285	0.2941	0	0.7059	0.3088	0	0.6912	0.0355	0	0.9645	0.0357	0	0.9643	0.6	0.4	0	0	0.955	0.045	0	0
042A7C9BEB48468AC71043A7086D58C1989C852152B30CEAB6CDB428F8E67811.apk	2011-08-23	0	0	0	0.3406	0	0.0072	0.529	0.0362	0.087	0.3125	0.0625	0.625	0.3158	0.0526	0.6316	0.0956	0.0363	0.868	0.0956	0.0363	0.868	0.2857	0	0.4286	0.2857	0.2534	0	0.4932	0.2534
044132B5F20DB745AAB793116B36B3444F12C5B6E18262D76D09F1F392EC2411.apk	2011-09-13	0.3143	0	0	0.3429	0.0857	0	0.2286	0	0.0286	0.125	0.1875	0.6875	0.125	0.1667	0.7083	0.0678	0.1186	0.8136	0.0678	0.1186	0.8136	1	0	0	0	1	0	0	0
04528114A3BC1C5FD22641B485DE3D43E9C257A1C60129289112A621B9A0D02B.apk	2011-11-08	0	0	0	0	0	0	0.9721	0.0116	0.0162	0.1579	0.1053	0.7368	0.2955	0.1136	0.5909	0.0202	0.0131	0.9667	0.0202	0.0131	0.9667	1	0	0	0	1	0	0	0
0454134270B35CB26DD213AA022E30D7124E95E7AF61A89A439B371E5427DD23.apk	2011-11-13	0	0	0	0	0	0	0.9778	0	0.0222	0.2857	0	0.7143	0.1739	0	0.8261	0.0725	0	0.9275	0.0746	0	0.9254	1	0	0	0	1	0	0	0
045DC270FAC6C701AA80812A86DB5DD9CB40C65FE4EAB5E0887A6C05C4EEE0CF.apk	2011-11-13	0.3619	0	0	0.5735	0.0452	0	0.0168	0.0017	0.0009	0.0267	0.1733	0.8	0.0258	0.1856	0.7887	0.0028	0.0577	0.9396	0.0028	0.0577	0.9396	1	0	0	0	1	0	0	0
047B15A94F5B573E206B9EF3E75EB804534F015C3997FC61CCA6C41BDCA713C1.apk	2011-11-07	0	0	0	0	0	0	0	0	0	0	0	0	0	0	0	0	0	0	0	0	0	0	0	0	0	0	0	0	0
04817EFF3372642D38C819C3366582CDBC0A9CC0975D018B6FB3136185156141.apk	2011-11-07	0	0	0	0.8307	0.0631	0	0.0932	0.0027	0.0103	0.1	0.2286	0.6714	0.1047	0.2674	0.6279	0.0138	0.0735	0.9127	0.0138	0.0735	0.9127	1	0	0	0	1	0	0	0
0486A993AF00CA2D57B19F83BE299EEE7EDB810481D904D2A5122220691D9BE7.apk	2011-11-13	0	0	0	0	0	0	0	0	0	0	0	0	0	0	0	0	0	0	0	0	0	0	0	0	0	0	0	0	0
049359A0F079C845C74C2E7F8AF1D33BC95D9D68FCFE95A894AF82D560360219.apk	2011-08-21	0	0	0	0	0	0	0.9	0	0.1	0.5714	0	0.4286	0.4571	0	0.5429	0.2471	0	0.7529	0.2471	0	0.7529	1	0	0	0	1	0	0	0
0494387339069FA89377BE7595668DD505F58CD6C9009EA394C837B80685E05B.apk	2011-11-13	0	0	0	0.0034	0.0007	0	0.9956	0.0001	0.0002	0.1096	0.1233	0.7671	0.1311	0.2077	0.6612	0.0003	0.001	0.9987	0.0003	0.001	0.9987	0.75	0.25	0	0	0.8821	0.1179	0	0
049CA30BE14E8E862BC8213A8AB5FC17E312E3140FAC2F7B1D18FF10788A2AA5.apk	2011-11-07	0.1086	0.0145	0	0.3733	0.0523	0	0.364	0.0354	0.0519	0.2	0.1067	0.6933	0.2364	0.1212	0.6424	0.0634	0.1034	0.8333	0.0634	0.1034	0.8333	0.8333	0	0.1667	0	0.9658	0	0.0342	0
049E9444D8A83F0BA3F5AF93E50A4723C2617AE9A281954BBE567000625561D2.apk	2011-11-13	0	0	0	0	0	0	0.995	0	0.005	0.4	0	0.6	0.2667	0	0.7333	0.0233	0	0.9767	0.0235	0	0.9765	1	0	0	0	1	0	0	0
04A442FE13785275B517F68EA29B23CB03B52A4630C1DF21102BD16CC353B049.apk	2011-02-20	0	0	0	0	0	0	0.993	0	0.007	0.3478	0	0.6522	0.5821	0	0.4179	0.0072	0	0.9928	0.0072	0	0.9928	1	0	0	0	1	0	0	0
04AE80CA5EEFBDD2109F6B10322D84AF403FD0215760BA54D82E274D9CEE9CE1.apk	2011-04-27	0	0	0	0	0	0	0.9267	0	0.0733	0.2381	0	0.7619	0.3333	0	0.6667	0.074	0	0.926	0.074	0	0.926	1	0	0	0	1	0	0	0
04B90823DF27FEF67B4176BE519F903EB880B0939A9CF902F370CA062CCE5086.apk	2011-10-02	0	0	0	0.06	0.0157	0	0.8843	0.0005	0.0396	0.225	0.05	0.725	0.2528	0.0743	0.6729	0.043	0.0171	0.9399	0.043	0.0171	0.9399	1	0	0	0	1	0	0	0
04C6FA891282D7C7DB603171211E55873086FD736FBFF2D10A1DC01A2AFE97DF.apk	2011-11-07	0.0875	0.0117	0	0.3149	0.0428	0	0.4448	0.0285	0.07	0.2	0.1067	0.6933	0.2364	0.1212	0.6424	0.0784	0.0849	0.8367	0.0784	0.0849	0.8367	0.8333	0	0.1667	0	0.9675	0	0.0325	0
04CFEF441184AB1EE1E24B38B6C5038BEF96D6C39CDB5DA2871FAE7DBCE99E12.apk	2011-11-13	0	0	0	0	0	0	0.8917	0	0.1083	0.3896	0	0.6104	0.4298	0	0.5702	0.163	0	0.837	0.163	0	0.837	0.7333	0	0	0.2667	0.8897	0	0	0.1103
04D36C51A48520F6043997650A7E452156923308EC83AB7B9F77BE27D92171EA.apk	2011-11-13	0	0	0	0	0	0	0.9091	0	0.0909	0.2	0	0.8	0.2	0	0.8	0.0968	0	0.9032	0.0968	0	0.9032	1	0	0	0	1	0	0	0
04D61CF71BCD9E9FF83D35FA86C82CB0E4D1476C39CB1A87217E7D4DFA4B71AF.apk	2011-09-13	0.5554	0	0	0.1593	0.0299	0	0.2024	0.0033	0.0498	0.1552	0.069	0.7759	0.1118	0.0724	0.8158	0.0508	0.0338	0.9154	0.0508	0.0338	0.9154	1	0	0	0	1	0	0	0
04DC930FA14EEBA986BB6FF2646E31112FA51DF4CC6D4C050B5E78B98ED8D19D.apk	2011-11-08	0	0	0	0.5404	0.0651	0.0293	0.3222	0.0154	0.0277	0.2	0.1909	0.6091	0.2185	0.2185	0.5629	0.0672	0.0892	0.8436	0.0672	0.0892	0.8436	0.2222	0.2222	0.3333	0.2222	0.9622	0.0222	0.0099	0.0058
04E36ED42916A3E2FC16190B10C0092F8A0DC8927693F918EC5756398310FFA3.apk	2011-11-08	0	0	0	0	0	0	0.9945	0.0027	0.0027	0.129	0.0645	0.8065	0.2299	0.023	0.7471	0.0156	0.0039	0.9805	0.0156	0.0039	0.9805	1	0	0	0	1	0	0	0
