00039901D26FA9121F32762D8B0E67DF7CFBCBB53E0FE3DA7FB1298DAB84C816.apk	2011-08-21	0	0	0	0	0	0	0
001E8BCC83F230D7CA5351BA7A7A333AE4EA1A066EBECED4233AD9FB2E169A80.apk	2011-08-21	0	0	1	0	0	0	0
001E950D93654CD742E0B0FB3E255E038F19D7C5DE3B01DBAAAAE0141A59DECA.apk	2011-11-07	0	0	1	0	0	0	0
0020BA387352749482B017024B23A05DAB4C6BDB5D6837D2B7ED3841F13D88AA.apk	2011-11-08	1	0	0	0	0.6667	0	0
002231C8B06C39A5E844BCC291C738FA9306C65E591C6CF75916D40B3308EF91.apk	2011-09-27	0	0	0	0	0	0	0
002CB93EA3560B7409B63B4F1BDF0119AB9EC0B176149D329551498115C8E198.apk	2011-06-01	0	0	0	0	0	0	0
0032F5CA93040CE4FB8700BB9F1F79350F165F1C3989C65AA6E22C23DDD9C19F.apk	2011-10-04	0	0	0.8333	0.1667	0	0	0
00351AA2AE126627A4CA90E51F023AFF711697FD084BB3E347174F8F5C8FF233.apk	2011-08-28	0	0	0	0	0	0	0
00363349DBA0F2B1CF1BE25AE3861275771448ECB3602FCD458954E36E8062BB.apk	2011-08-21	1	0	0	0	0	1	0
0044219582EB2FEC78997E36948CA43B9EF5A6D0F8F820EF8208D3E391D43166.apk	2011-09-13	0	0	0	0	0	0	0
004D45AF47C23CDD979A96D147D4ACDC686F27CA3FFCFDCBFA78FF2490F3E0F5.apk	2011-08-20	0	0	0	0	0	0	0
004F532CAA4E5F58017BCC5964DC479318A05D2292ADDE87B0463788894D9016.apk	2011-09-03	0	0	0.0667	0.9333	0	0	0
0055089825D80E4F62044EC5E7178EDE999313146565A09F6F9F998BA4DBBBFA.apk	2011-10-04	0	0	0	0	0	0	0
0056BDC3219FA2F0561BC8987D0060FC2FA1730CF2B0F9A851561C02408CB26C.apk	2011-08-29	0	0	0	0	0	0	0
0064FABD0E9F04C619232F8CC76F54F02C526B24E46F5C28DAD9F15E638BE539.apk	2011-11-08	0	0	1	0	0	0	0
0077851748B24A4029436A455499C2F577A68BF71CD56F808FA9E28C72CDA7AE.apk	2011-11-08	1	0	0	0	0	1	0
007C5D26A6481A212D2F31716A18C6EA1FED7AD204ECB418708A1F8738DE13FA.apk	2011-08-20	0	0	0	0	0	0	0
00844BAEDD7DF25C21E17BF1A88E0B147A937EA0005B9F0CC08E2E72A7597CE5.apk	2011-08-21	0	0	0	1	0	0	0
00982F6FC8240348217949AC579781232BBE67C51CD9054C447BD9AA9E9BA0EE.apk	2011-09-13	0	0	0.1538	0.8462	0.8462	0	0
009CE9DC174621126F01F65FFD58F2388FEB06E281DCDF98727A0A8644B05BB4.apk	2011-09-14	0	0	0	0	0	0	0
00AA57C6BCECE5CDB94CFE5D643806991A174EEC3A2C4EADAD691FDDFF4AE43D.apk	2011-08-21	0	0	0.5	0.5	0	0	0.5
00AE92C558EDFD7716E25CED222CEF16E87CEF9B95C131D68211D0B2D1DE98F3.apk	2011-10-27	0	0	0.875	0.125	0.125	0	0
00B27154D99C961EAC41939A764CB6F4CE51C6D57450585F8A7E84C90D4FAF36.apk	2011-08-23	0	0	1	0	0	0	0
00B2D4759ED05014F1C75696B71A895042EE73559BC0B804A16BB99E962E0626.apk	2011-08-26	0.3571	0.3571	0.2857	0	0	0.7143	0
00BD96432E3635942091857FE213FA82382FDA620C5BBA5221F43E39E852576D.apk	2011-11-08	0	0	1	0	0	0	0
00BE6A9AC93FC6CE699D2D4A58A4805E6BECE48B4A77C120CCF40FB70535F268.apk	2011-11-13	0	0	1	0	0	0	0
00CA8C2BFDDB6E63C38A669B67ADF517780F3181376708DE2D830A9F7508CE8F.apk	2011-08-27	0	0	0	0	0	0	0
00CDC54E28BD608849434818EB3F42A7F662C862647BD8F33C7FBDD5549F4CCF.apk	2011-11-13	0	0	0.6667	0.3333	0.3333	0	0
00D18E765798172FFAEF544F7CB4F734BF536438D4AB6AF1C94E615A6E47DDA7.apk	2011-11-07	1	0	0	0	0	0	0
00D930699E701F77D5F840A0D52141895744C312A3AE23F261E6C84668581116.apk	2011-08-26	0	0	0	0	0	0	0
00EB7C0A535E4AC0E670E48BB9F9FFBE7F7055B108D2E27FD2468FFB7481CFE7.apk	2011-11-14	0	0	0	0	0	0	0
01019DDD6A42EB7C8F74904AFEE154C7CA9F98CA62789E0B3083DAD5896D5E3E.apk	2011-11-08	0	0	1	0	0	0	0
0104E13BB814578A14975870FCBB4B7411EB1369D1AE800E54B4FA54F17BF39C.apk	2011-11-08	0	0	0	1	1	0	0
0106486CC72BF5B07D1286C08B152021DBE5AF902D9A658AA6E75A2E176DBA89.apk	2011-11-14	1	0	0	0	0	0.75	0
010CDE74DC9D7D6BD4F542F84C7A6960076D1EA988F66F864E10B3B11F922E7A.apk	2011-11-07	0	0	0	0	0	0	0
0113279466F9F82B1F5A3A38971BCEFF30FA97C41593FB8BE1763367099C7BC9.apk	2011-11-08	1	0	0	0	0	1	0
0115FDF58FCD1E1393233F8856437DA3557AB7B3B7EA6FB1C145C561F944815C.apk	2011-09-23	0.3333	0	0	0.6667	0	0	0
0128E0230DD11F88752BB565B044779816F2DCDEC8514805C6A2218837349769.apk	2011-11-08	1	0	0	0	0	0.375	0
013165FD500EEE573169B612A914C12DE7636AFA4138A4A91D6AB9E0F966A719.apk	2011-09-27	0	0	0.2	0.8	0.8	0	0
0134092181744B4A389D47E78F341E101E4655FF945ECA4F5AB661B0EE4EFD66.apk	2011-11-08	0	0	0	0	0	0	0
01347B8CEC793924A0FB53CE2A08E6B5CE4E389F79AF1A41F3CAE6C778DB1A1B.apk	2011-11-08	1	0	0	0	0.6667	0	0
0138C6F0FDD173BD53456859D7E0CD949757788BBF0F7ACFF4A7930DAD8D025D.apk	2011-12-08	0.8333	0	0.1667	0	0	0.3333	0
0140E40A121C971B3EECAFE338729580FC7081A84641BF6A6EF9EE10F0E5D9BF.apk	2011-11-13	0	0	0	0	0	0	0
0147E773B491AF9CF11AAD719406E33F64F1EB1FEC8E8359BEB32F164A5D56FE.apk	2011-11-08	1	0	0	0	0.6667	0	0
01517566349B9E2590BDC57637DF823EA30EF7D9040FD42C21681C250BBB9A22.apk	2011-11-13	0	0	1	0	0	0	0
016BF97BCDA351D53025EA69EC23A62FE9139C9457A50F115E776180E15DE68D.apk	2011-09-26	0	0	0	1	0	0	0
016E00880C5251BC0E03FC34396F489D8AA48CEA11F67DD06A6CDA098B6A8C1E.apk	2011-10-14	1	0	0	0	0	0.6667	0
01775C514AD24B07399753704B6B94D63DFEFDE9A368A426B720DD9673E27395.apk	2011-11-13	0	0	0	0	0	0	0
017A1D030EC0B05E1F31C237CCD4FE60BF85D8EF58BA85EC92080FD0BFE04606.apk	2011-11-13	0	0	0	0	0	0	0
018B6A4D22A36C172CD7F69089DA2A6CBBEE91999DE43DF292D41B49D4A45808.apk	2011-11-08	0	0	0	1	0	0	0
018D37C15CD2E466028F36F4F85B2EA429FCDE95C06613D7EACDBB6B63B6983E.apk	2011-08-28	0	0	1	0	0	0	0
019E6D1033059BDF2786B669EA73B0881FD69DA7C755DD2B9C0683F780F32BC7.apk	2011-03-12	0	0	0	0	0	0	0
01A5AA092A43BFACCFE8D9815D3A1CB3601BCD5D9E4B89FC03428F54FC81361A.apk	2011-10-04	0	0	0	0	0	0	0
01A855548F67C51B7219FBC514EEE5ADBC1DEE06B469C6C5850C47A79BC74D87.apk	2011-08-20	1	0	0	0	0	0.5	0
01AF6560EAB88457048855CEC444114F7A2E42D12A7F26EEBE1CD8943D96FAE5.apk	2011-08-21	1	0	0	0	0	0.4783	0
01BDE9ADE8632CB45C42210BD988B209FBFBD3D6E868B5D4D97F223764F30000.apk	2011-11-08	0	0	0	0	0	0	0
01C21BD5F65C682F84C036488B30DCA7A4CCBF5D34BF12B151D650373F8ADCE4.apk	2011-08-26	0	0	0	0	0	0	0
01CE81DDA90AD52AFC4F419B183CB71A42030E15B9568F06D93A35FF3A1B53B7.apk	2011-04-22	0	0	0	0	0	0	0
01D191C0511777B7C730F434AF04D25D8C5060FDD1885579A425E92F5FA95A5C.apk	2011-08-21	0	0	0	0	0	0	0
01EDB202AE6CC45152B586BD87F8E45E34417A05BEF60DA77EA6B21A00131401.apk	2011-11-08	0	0	0	0	0	0	0
01EE375C6B45F70C337CCA54FC83AA178BFD5F12AE1806DA086C4B01423206A2.apk	2011-11-13	0	0	1	0	0	0	0
01F46BF567D1BFE6665B04CAF0A593A3D8E1D4371AAFFCC66F9027836693BD5A.apk	2011-08-23	0	0	0	0	0	0	0
01FB3D06F0F39214006CC369C0E79A59C6D9E110CEB4DD3EE386695F4E77B38E.apk	2011-11-08	1	0	0	0	0	0	0
02061BAD320EA8FDA85BE189529E5AFB3F2863D2489FB820F514C56C84934CFB.apk	2011-11-13	0.9825	0	0	0.0175	0.0175	0.1053	0
020E52C9522BE9C154C5250B3DC8CB7D2868876CB62F91F28A02E7CF2D7D49B7.apk	2011-11-14	1	0	0	0	0	0.3333	0
02213CB3694BB829BF337BA445ADEBFABBCF26DF1089CBD0C2FB99EF6D9ED94F.apk	2011-10-04	0	0	0.6	0.4	0	0.4	0
022B6178D4950A882C1AC3BA9BC3948B173A3886477D436EF0AB231B366AABB2.apk	2011-08-28	0	0	0	0	0	0	0
023B029BC241A00E1E6B1D31E656919507FD4D07590EE057231C0144896E72ED.apk	2011-11-13	0	0	1	0	0	0	0
024D03586EAA2B19811ADADFBBFB113D2DD740B35D8A1EF32D3AFCE6071C9AFC.apk	2011-09-03	0	0	0	0	0	0	0
0251E003443AB1A703514CC8B6C7A4D79F4D3D7D670A6093AD493989D7FA3C5F.apk	2011-11-08	1	0	0	0	0	1	0
0253F237395FED6CEA20A6B5CD267ABA101B83E56EFB2CC8259915B7917E0C5B.apk	2011-09-26	0	0	0	0	0	0	0
02570644100283085A339953809117DF54933E89DC90279344891F08988A6030.apk	2011-11-14	1	0	0	0	0	0.7692	0
025919EB7F7A320E78DA275F61635A64121A7941B80DB8D09E5FEC1C6FD469AB.apk	2011-11-08	0	0	1	0	0	0	0
02646A3766AFE9E51A5EC1AEADB9F6B21B9B955A3F1008284FD6B186E3AA82AE.apk	2011-10-04	0	0	0	0	0	0	0
02697E890B928E5A1F23883008937DB62720BFC64697159C9FFEAC2A6C562314.apk	2011-11-13	0	0	1	0	0	0	0
02699DCB8CBF8F442FC488143169F1ADEFC0458F274967C9040220D2FD24FEE9.apk	2011-11-14	0	0	1	0	0	0	0
0278A0F39E44FE621D49245E16A543D09575F5329AE00BAD21A4F0F1338DC263.apk	2011-11-13	0	0	0	0	0	0	0
0294B15E2B073B269CD388C81C5894A4E5531B3C1D164C5C88183D1DB17ADF56.apk	2011-08-21	0	0	0	0	0	0	0
0299B466EAA309FE2BE4D09977697B45CBA82A386659885DC96E1FF321F201B0.apk	2011-11-13	0	0	0	0	0	0	0
029C19EBB4F5BBB04EB4765281D21B5D62A14C74AA6389077F09776068F922AF.apk	2011-09-26	0	0	1	0	0	0	0
029E0762E1B8F6683463D193CDF3250DAB4B8320A52B8264E1932DDED5685F02.apk	2011-08-29	0	0	0	1	1	0	0
02A91EF6EC58623719D42E468A0461E18BEEAB418FF33B088098E72B3E8BA6AE.apk	2011-08-15	0	0	0.1667	0.8333	0	0	0
02BC377F72C41D5AD451C5EEA9D8A181EDA626AEEE81C1298BFE91D6A80F3A4E.apk	2011-11-07	0.9091	0	0.0909	0	0.0909	0.9091	0
02BF40393F85E4E963DC566B2CBA1D7E04E7B62569E94555253D5AA403A14E2B.apk	2011-11-08	0	0	0	0	0	0	0
02C96526C4DC7F1C7AE8E00DBF30F1C119DE7CA42042FA6AD00237F5AB4B6026.apk	2011-11-13	0	0	0	0	0	0	0
02CC8A5A6C6DCFAA8E2ACC9D797B71DA0C884693AC4481026A69793A64C595EB.apk	2011-11-13	0	0	0	0	0	0	0
02D07297882CC32CF08079F0230AD9CEAA82D8A984D75ACE3EEB251EA6B4614C.apk	2011-09-26	0	0	0	0	0	0	0
02E86234209CF50E82363F6D4381788EEB978A5251AE9989508137D1A0EBF0D9.apk	2011-09-03	0	0	0	0	0	0	0
02E93725180D52B9FBC7493B2A50E800B1B124A306E7A3885EBC6488E5B584EC.apk	2011-11-14	1	0	0	0	0	0.7805	0
02ED39E4B65EA3FC50D3DDFEE631C6F98D3DB088CAFA1C9574FCA22C4F0C34CD.apk	2011-08-25	0	0	0.3846	0.6154	0	0	0
02ED512FF52B5D56986E39C5EE30F4D5E5DFB9B5BD8E198B36DB54B9C557368B.apk	2011-09-27	0	0	0	0	0	0	0
02F341D7D0F58C7B1ECD9FE668FA0C6EEFE92ADD73CD932D32B58F5D5B8D10C4.apk	2011-08-21	0	0	1	0	0	0	0
02F4B761D842B74714EE847BF65710D17CD45C1C58F362C7A9A9E788B3CC4AE2.apk	2011-11-13	0	0	0	0	0	0	0
02FBE63505D561B78CBEB65117F50675AA8E892B834D6CE365A8F9AFFD316E8B.apk	2011-09-03	0	0	1	0	0	0	0
0300B2D2A918131E37C09E0090FE086ED980163204690AEC29D089276838666D.apk	2011-11-14	1	0	0	0	0	0	0
0305F04F9588A438B7C2E6F64C0A92590E2103E244698C2D63119DD32FA9BBB4.apk	2011-11-13	0	0	0	0	0	0	0
0310DE308999AA70D55AD8B2F59305123F38967D0E9B722017476AF20F65924D.apk	2011-11-08	0	0	0	0	0	0	0
0312AE0924E9673128BBCC8CB728233082368FE89D5CE0C0ADAEF2A8BAB6E6BF.apk	2011-09-26	0	0	0	0	0	0	0
0320042974A1295B67128F62233130FFF47DDA3B8E2F03F7FCD6CFA017334895.apk	2011-09-03	0	0	0	0	0	0	0
032BCDC649C318B9870EDC03F358CB9ED50400A54DADD6F4987D917022E96119.apk	2011-08-26	0	0	1	0	0	0	0
03355D0769B3E7FB6AAF9534C6EF28185F7847FC66B218065E08BD4008CE8CB3.apk	2011-09-13	0	0	0	0	0	0	0
033C1CA1472F22168FB7515DB3ED027A28AA03E366DAB0B45547DDFAE1E887EC.apk	2011-11-15	0	0	0	0	0	0	0
033FC00C7F49A9CA1567ED9F8E611F3844801DF68A7FF7793E2249B7FD6CBD3F.apk	2011-09-03	0	0	0	0	0	0	0
035842091EDE1AC1348399841BED07458F4A25F09CB2FA3D19E43401B13D7C5B.apk	2011-11-08	0	0	0	0	0	0	0
0362EFF86835F2E7D4755C4849AE6C37C51E633B1009E0F109323770A934076F.apk	2011-08-21	1	0	0	0	0	1	0
0371CCFE48A22BDBE91D9B2B26C4C63068AFB494D37E140CAA5A5E139C66545B.apk	2011-08-20	0	0	0	0	0	0	0
0371D9969B49B08E73B443A9E8D6CDD6622768A47243E8B5A9C39C1E51FE1590.apk	2011-11-08	0	0	0	0	0	0	0
03787A9B23D84F0E52DCFD82798AD57B087FD99D64512CEEAE51BF5EE339BAF3.apk	2011-09-14	0	0	0	0	0	0	0
0383933A78CDA498FE93601FFA1B1F57E1101CEACF6452EB485727CF9D42CC51.apk	2011-11-07	0	0	1	0	0	0	0
038F645043262973AB02AD6642AF421E04594100A2762A7871B4FC609038B6DD.apk	2011-12-29	0	0	1	0	0	0	0
03901C33922EDDA491AAB6482029E525BD617B47654777B8676B553955416F02.apk	2011-11-08	0	0	0	0	0	0	0
0391CE4EDAFEBA1AD21F8F76022479210F7F3A34304813FAA1E48C4455C62255.apk	2011-09-26	1	0	0	0	0	0.875	0
03A562C63A14736A14FCEDCCD27CD5A776F38DBFEB10DDF4C4F2C00D3325EAE3.apk	2011-08-22	0	0	0	0	0	0	0
03B211284404938C1680B6C2A25EE2BAC1583082A3A6DD9FF97493B0CF004473.apk	2011-08-22	1	0	0	0	0	0.25	0
03B41C8ABEE7174F628FC75069D94070FB5D37B3A2686BF430C8BE44DC8808AC.apk	2011-11-14	1	0	0	0	0	1	0
03B6DE558BC8D13D14BAF2A5023B14CABB873F42ABDB4C4932B615AB366DC385.apk	2011-11-14	0	0	0	0	0	0	0
03C68334D9D3DFAB5E72F23E552E28D9BC141E54938CA1A0FF6C926AA5FF1E9B.apk	2011-01-04	0	0	0	0	0	0	0
03C99B1139FECD0EC5FDB41C21B0A0A6B9960A1D4DDC93D262EF179E33CE7156.apk	2011-09-14	0	0	0	1	1	0	0
03F563C3B2163A2B77ED95D8C80F2E8D183FED46A1CF7931F2ACD77E5EB5C6F9.apk	2011-02-07	0	0	1	0	0	0	0
041515636CE3F3B4BFAF198F6DBC047EFCA0B8FECF12B9B2B3A2814170A241E8.apk	2011-09-03	0.4	0	0.6	0	0	0	0
0419CACD78CADE80A9CAA70E5A40FE531D53759742F788CB50F469852C47C890.apk	2011-11-14	1	0	0	0	0	0.625	0
041C6D8782A4FAAE52C3EFBB7BBB16979BBE3DA96211C50BDD15C656821414E6.apk	2011-09-27	0	0	0	0	0	0	0
0422498DBF6573C212287EB6A89D07A1C360823225234B99250B4FF792C007B1.apk	2011-11-01	0	0	0	0	0	0	0
0424F373E91BE3967352D40526A49C6FD50DC99C943F65C808A2006817502DDA.apk	2011-11-08	0.8077	0	0	0.1923	0	0	0.1923
0424F38F874C88DC0E161B9C9B51E452EE0BB225BBD39FA097B07FBB3F818F0C.apk	2011-11-13	0	0	1	0	0	0	0
042788BF0D00BB10921C22329CD96B4DE453E9BFBAF7631C743A6750F999EFA5.apk	2011-08-20	0	0	0	0	0	0	0
0427DFADFDCD12A7A2B4F17E347214BC4826CEDF1405EFE96A9F04499D5BBF54.apk	2011-09-06	0	0	0	0	0	0	0
042CA659DCB371CDF4978DBD6D107E92B5C7898FC9224958768E70B53945F689.apk	2011-02-01	0	0	0	0	0	0	0
042F43CE1967BC26ED954DE221E51D41E1FC3BE18CF470C0C34539F8007C8F45.apk	2011-08-27	0	0	1	0	0	0	0
0433246F4FDDEA2E5BD47FE127F530891D4866905795ED237C74BF50512C786E.apk	2011-08-20	0	0	0	0	0	0	0
043395E337E0CAA07AEBED0780785E8F0F0063F90E701A1BE7E4B9B2B9499327.apk	2011-11-08	1	0	0	0	0.8537	0	0.0976
043E7B7BCE29C7F131DFFB9FBA1CDE266B75B9DECEFAEBAFFF5715E0963B1CDF.apk	2011-11-13	0	0	0	0	0	0	0
0440CC9B636866F960F0B2867299BAD74F6EA306FB32C4A81C460FABD8DDE0BD.apk	2011-09-03	1	0	0	0	0	1	0
0442044BF586168B04835DA846DAB08469FA4543471197E973F2F786D4796E85.apk	2011-11-13	0	0	0	0	0	0	0
04505AA61F0686FF72420F334F86E37497A61A9B9D6B10CD1C064AB388000FEE.apk	2011-09-26	0.6842	0	0	0.3158	0	0.8947	0
04533CD03BA2A0E804EB070F280D9597CCFE85F7DB58D218E30CEDBEE8C3CBC4.apk	2011-10-04	1	0	0	0	0	0	0
04635A0E35236ABF32262C29567EA3ECB55640237E4555B16C96E2ED542D3A10.apk	2011-11-07	0	0	1	0	0	0	0
0464E07B51E9B6C8EBDAAE0CA81FE5855BCC80590A71DD9A1FF251533C53815D.apk	2011-08-25	0	0	0	0	0	0	0
0470FC6E1B465CB8E18A6567475FEB2C32D401A0FA5A6D39788628A059BC93D7.apk	2011-08-27	0	0	0	1	1	0	0
04746397B28998BB985F7DB1365C5ACCE9A6696AC73052C201EB4ECEEFB3F960.apk	2011-09-26	0	0	0	0	0	0	0
047874B24D99F32E3E7DA324D8C95D9A6FFC32583CD72A073B706600DC57AB3A.apk	2011-11-14	0	0	0	0	0	0	0
0484D76E039086BDE784C3FD8E37FF31EFB2D1E6A4775FBBB19F03DAEF62FEFD.apk	2011-11-08	0.9355	0	0	0.0645	0	0.8387	0
049C131ABA54417ED0F942AC6FED1AB8C427DB46CE8971F21E517306B8CE7818.apk	2011-08-23	0.619	0	0.1905	0.1905	0	0.6667	0
049D98BF0DE6D36A532CAEF3E4B367077A05F5ED2F137F7BAA62BDAC227CEC2B.apk	2011-04-28	1	0	0	0	0	0	0
049DC082DB9683724C85BE4D98A192153A5D6375A73AB4908438D47961BED419.apk	2011-08-23	0	0	0	0	0	0	0
04A36AD1A166DB2B117B7E792D1464D073A6518D36C8C720882F479D8816D8A9.apk	2011-09-13	0	0	0	0	0	0	0
04B00194C4843C209183A6EA7898F1B2C1C1AB293DD0B0F42582B71386CEF7D7.apk	2011-11-08	1	0	0	0	0.6667	0	0
04B742C556D55F1A964B3686B032D7EBEE0D54DAD0FDA7620399162007FD2F7F.apk	2011-11-13	0	0	0	0	0	0	0
04CB188E4D85E975683C20A31C9A2540AEE43DC7DE6EF807FCE60B42A3A41324.apk	2011-11-08	0	0	0	0	0	0	0
04CCFC36D765ADC8AD77FD106F44DBD7FAE7E9E6D486EBB6E0D84428D4880468.apk	2011-10-25	0	0	1	0	0	0	0
04D5547557FBC67A6B52C910956710F0C2C32E0137D580548F84DD33C9A23408.apk	2011-09-03	0	0	0	0	0	0	0
04DBB5583D367DB9FD61483F969D9CF2C72F49FBC6E5D2D2133CA542F82461C1.apk	2011-08-21	0	0	0	0	0	0	0
04DCEA9705B39C4FB590D9DB1127DD362F7E425F104B6AA320A1BAFC90A36898.apk	2011-11-14	0	0	0	0	0	0	0
04E34555CBEEE219CD7F592C5AF8171D3E8482ED6A762D9858A77859D26B9E93.apk	2011-08-21	0	0	0	0	0	0	0
04ED85A048395C5C5C3E0D14FB2F458B91B69E058034639A3C35879C45F6210C.apk	2011-09-27	0	0	1	0	0	0	0
04FBE67B564C244F08C2CA4503BBAF2528589749FF9E52E637DEBD8B366A8336.apk	2011-08-29	0	0	0	0	0	0	0
04FE856153B4632E892A1DE98E46D0E07CD357542AA701B98FA190EE3D822DA0.apk	2011-08-28	0	0	0	0	0	0	0
0505CCCD73F1ADD2653A2983EC2B3892791D5394BE91C000F48BD9141993F045.apk	2011-09-14	0	0	0	1	1	0	0
0519664D9BD40ADE5015F2E3664A2AF1817871665DC8294975293FE3F33CD49C.apk	2011-11-13	1	0	0	0	0	0.8333	0
051AFEE5261AD8E5B5D231DF311F8C19CF83CC1778672ADAC5F57184D35C8315.apk	2011-09-03	0	0	1	0	0	0	0
051C306E9CAB2BE59FE8256139B03DB7A1760713C7C279EAA56849868B97D143.apk	2011-09-27	0	0	1	0	0	0	0
0525252B249502A4672487656DED52F2205C2A7AF6B4EC264696A5FCA27CA0EE.apk	2011-08-28	0	0	0	0	0	0	0
052D210693648C9FE61936928F9D974214DE56A2FA0FC21845747EE24E1FD539.apk	2011-08-26	0	0	0	0	0	0	0
0532838905B0531E8FF5538EAB7E49298A527D9C128A9877492C65B74CB2944E.apk	2011-06-30	0	0	0	0	0	0	0
053CD5B3311063577956DFA6C4E1B74E054596E9852A165238FA993AE0DD7B58.apk	2011-11-08	0	0	0	0	0	0	0
05429A25477C14683D0799C8F7CCC7481BCA5CC349ED66EB323938EFAB700521.apk	2011-09-26	0	0	0	0	0	0	0
054A0A6B004CDF1B7F62476838130A9773FF22CAFA4FC0537F95FCF9C5D55733.apk	2011-11-13	0.6	0	0.4	0	0	0.2	0
054D282849B03F398E6B3AD5447A46A0D63A653CA92C8A75701C1C09E372B005.apk	2011-08-23	0	0	0	0	0	0	0
055B0C559BDAAD45C6E59667A502EFB083F5C464A70AECF9D785E27BFE295C83.apk	2011-08-27	0	0	0	0	0	0	0
055FAA98C4A414B0DACD22AF2F565408CE529C736F9847A20AB580EC90BE8CFB.apk	2011-08-27	0	0	0	0	0	0	0
0569CDE7A8605D4D6B63F262B1519B99BCFB65CDA54EA74F649BC4A5D93AD5EB.apk	2011-08-20	0	0	0	0	0	0	0
056FBCEB8A8E3902EB2F9B5138FC2B0F806B137A266D92809FFA1898CA999687.apk	2011-08-27	0	0	0	0	0	0	0
0571F7C7FA1260432B9256ED5513F47E7F18DFC34380A0E980038B6AB9BA2CC4.apk	2011-11-14	0	0	0	1	1	0	0
057AB709EEF9134674FA60A1CD48446437CAF888B69F85DB04D47FC3F9BFD028.apk	2011-08-29	0	0	0	0	0	0	0
05A4FB644984339C6C4C6BA81B6BA8A88AC06F19A107E2F79582EFC472F63D0F.apk	2011-11-08	0	0	1	0	0	0	0
05A90867D342E7BD455D60731569C13E55614B791BD0FC2C15D79D4675DA2420.apk	2011-11-08	1	0	0	0	0	0	0
05AF8B7449BD919A46B1A830C5F3E8C264EE867E13C173D89945900E5EFAE102.apk	2011-11-13	0	0	0	0	0	0	0
05BE8F87AB3145315CAFECFC59A2D07A5D6F9193EB9A1F27D36E0E81DE86D1CE.apk	2011-11-15	0	0	0	0	0	0	0
05C7D8A9F991968E819A644EA6DDE35016632040555EC7D42FFC3337C051E3E0.apk	2011-11-15	0	0	0	0	0	0	0
05CB8894DF17C07787EA032066D91011AD98C1B8FF3A6574259EEF94B9B945A9.apk	2011-11-13	0	0	0	1	1	0	0
05CFE3520C38F770CBE12D1A2825014B1AD0A8E3E2DB4B9F42FCEBC24975B8F1.apk	2011-11-13	0	0	0	1	0.4286	0	0
05DBDF8124D98F0A223DF3BEFC669B9F500E4ACAB151F08FCEE2B813B38F6B6F.apk	2011-09-27	0	0	0	0	0	0	0
05E81528B5066A5D61BB8E4B120EF7977FFF186868BFF9995FABB93ABCD5E626.apk	2011-11-07	0	0	0	0	0	0	0
05ECBF7558D0F5FD8C3EE38893A5DC8EE529A22CE54729579512853107ED84AE.apk	2011-08-28	0.6667	0.3333	0	0	0	0.4	0
05F9F4BE9A8D994832F3FDAE1DA98E634171E253C210B9618757467568BBE562.apk	2011-11-14	0	0	1	0	0	0	0
05FA17E533321E90170A907126CBD6DD93E8B721374A75A2C1E929409493B1DF.apk	2011-11-08	1	0	0	0	0	0.5	0
05FB4E5D8C39255FF0BB8C921DE5BB62A3CE4CF77F844E284AF650ECAC278FD0.apk	2011-09-14	0	0	0	0	0	0	0
06017AF3EEF7B33C13136194DA7D633FEA7F312CA4596A0A40254CBD91CDEFA1.apk	2011-08-28	0	0	1	0	0	0.76	0
060DAE52F8BFD9709C34BD8E337604A7DAA24C57794A577A71661618888ACA89.apk	2011-08-22	0.3636	0	0.6364	0	0	0	0
060FF19B086B0CA3596BDE3A8FDB46CD3D2678996A99A3855E78A5198CDE646A.apk	2011-09-26	0	0	0	0	0	0	0
0612C796EDD8BC3F5EF172D573347F2E9DF33BDF38362C076AE97C8AC4BD70CD.apk	2011-01-24	0	0	1	0	0	0	0
061E95684696D9DA1BA915BA751C4268E985511DF25AAE7D3D7E6250E73D832D.apk	2011-11-08	1	0	0	0	0	1	0
062447518CBAEB3B73F9EE629A93B49FFBE2046772C603446B58EDB34A0B1C5F.apk	2011-12-08	0.8	0	0.2	0	0	0	0
06305EA079F00AEED9066A9F4EF24EC0306265652D028900BC06684E149F080F.apk	2011-08-20	0	0	0	0	0	0	0
0657FE93F677B0BE94A9196AEE06AD828F1C8B575254F158C4C27546FEA709A8.apk	2011-08-26	0	0	0	0	0	0	0
0670D6FD750F51493DCA0253357AF8CE885269BDAD21B76F85B027F8F43332B0.apk	2011-08-20	0	0	0	0	0	0	0
0679E566D6DFCFFDDBA0FED2FF61F15E6B84286B4DF5CB5BEADFE8249E8C83CD.apk	2011-08-26	0	0	0	0	0	0	0
067F6EACD8963BCD5B25C95D90823455F6406159AE794BD03FDEA3A318114EF2.apk	2011-11-08	0	0	0	0	0	0	0
06834996303C2C611F21B494ACD1D8CC3864BA0A8C91D741C49FEA49391BD43C.apk	2011-08-22	1	0	0	0	0	1	0
0688A26F4E7B0DE76BA61E58245E1A80EBAA1654D33049704BDD1B514C4AC125.apk	2011-08-25	0	0	0	0	0	0	0
0688B9690AFD59B9212F1C3622009B0635F03CB5D99E4EFA83D0A5CE98A05CCC.apk	2011-11-13	0	0	0	0	0	0	0
0688F5810C6443050CFF35C0DD9922091FCFD0FEB6B7B4911BEFB5E67D35DD0C.apk	2011-11-13	1	0	0	0	0.6667	0	0
068A2EAF45D68FD4EED6F4A2F48BB11F35BC26B7CA3EE6608B8DE17B4900F56B.apk	2011-11-13	0	0	0	0	0	0	0
068AF1973DE2A1EBB2B797952ACAF66954A25D751E77D5CA32EF87CA8BE10BD3.apk	2011-11-15	0	0	0	0	0	0	0
068EE619088E7721FEDD18C6E82D832D24F04AB8B7A5A3AB04AF1C3B1EBF4A6E.apk	2011-11-08	0	0	0	0	0	0	0
0698751ACCC371864F65A2FA0B61E42E0069AA8FFA1CE66C77E65BDABE20C5D3.apk	2011-08-21	1	0	0	0	0	1	0
06A7D7E4482F2E8E4D6F19C85A30E172A019D78FF19FA92844212E49EB199DF9.apk	2011-11-15	0	0	1	0	0	0	0
06B2E19081E3A6D61378224A220245ECD82EB7A3B3A8A53BF66AA15FAB331625.apk	2011-08-23	0	0	0	0	0	0	0
06B79239665FAE77FFBDC5C575EE5FCB41D893662DB80512B69ADB75FDF72986.apk	2011-09-26	0.5	0	0.5	0	0	0	0
06BC161DC650FD5F848A2C00042D2509C2EE582509B99A640F942FECB0281AC9.apk	2011-02-25	0	0	0	0	0	0	0
06CBA3FEBE932135FC6411F6913B924DA90562EC49A3C9E52A5349F366D360C8.apk	2011-11-14	0	0	1	0	0	0	0
06D3774031A1FF01EB8A65ADB769E0DEFB1801F68FAC9E53E233AECE7E5EC432.apk	2011-11-07	1	0	0	0	0	1	0
06D7FF24CEC28C4339A186AEA86D9F7E8110CB520F680C08DAB81D1CFDA823FA.apk	2011-08-22	0	0	0	0	0	0	0
06DB5135E51B538C0FF29720B4510FD919D9B9AB6F30A8536EA2F3EC60372FE6.apk	2011-11-08	1	0	0	0	0	0	0
06DC4C52ED46B806501B0F70667F811F46F37CEF4C1C52C28FCAAA591F0ED570.apk	2011-10-04	1	0	0	0	0	0	0
06DDA6725BA4F2456465E1BDDBD2BF89E7DA07AB40E0097C7ACA2A7380AAA337.apk	2011-11-14	0	0	0	0	0	0	0
06E9A2C59009AFD261F92E64D562792A1D158085E73D2170198B5135897F8A01.apk	2011-08-27	0	0	0	1	0	0.0909	0
06F8BD7A239FF6BF90D7E02DDA59EDA47C87A7E73A8592483838BEE0F25F18A5.apk	2011-08-21	0	0	0	0	0	0	0
06FAB59CBBDE775B6246D766A9FB688E372B7991691BB0CAFA297CF74B681731.apk	2011-09-26	0	0	1	0	0	0	0
06FB2F1C1683060FAF91316CA4D5DDFD1274D24FB48328E51D84ADA3C200730F.apk	2011-11-13	0	0	1	0	0	0	0
070487926816EEC551C2BA8683780A6F9377B150636F2AAF086CC43C9EE2D4E4.apk	2011-11-13	0.8667	0.1111	0.0111	0.0111	0.9556	0.0111	0
0708D2A9E4EF444C9A99B2E321F11E6D726D35E038A358A5ACC2F1D5E5D4C349.apk	2011-09-14	0	0	0.5	0.5	0.3333	0.1667	0
070F96E028A7DFC68AFBA4C49CED1C49929EF32579BD56E47C27CAEA7D0B88FC.apk	2011-09-03	0.5385	0	0.4615	0	0	0	0
07314688CE719CBED60F61DE9F04BFC8845E04A20A409CD6323A714A46BE9724.apk	2011-08-28	0	0	0	0	0	0	0
0739BC141820AC83D0C4F1D219EA573A292239D887685D4F09DB36C97704C5CF.apk	2011-08-21	0	0	0	0	0	0	0
0742DD9BC539BB259ECBE519EF80361D6F6DBAF97634407BBC1F7AE54BF4D670.apk	2011-11-08	0.5556	0	0	0.4444	0.4444	0	0
074CE6CE5AA1968E1BB09E9DA1C15CFBB4FBF9FD2B2B2981B917122DC5C1E2D7.apk	2011-11-08	0	0	0	0	0	0	0
074DFCEB4A4F36A400D27F1848B7F37E32A54071BD2BE67F8A5605B8CA56F2E4.apk	2011-11-13	0	0	0	0	0	0	0
0755C4089F3C388BE17635AE88D4CDE80116C68737E62352F7F2690C8DE4AB05.apk	2011-07-28	1	0	0	0	0	0	0
0761AFDE97719F6D05B0314959B1202DE64770E85697C73DAEE6E73C37AF63C5.apk	2011-11-07	0.7368	0	0	0.2632	0.2632	0	0
077F533F19A961662107B4CE829A6E7792320B2A7550D25ACA8E8C0B1DFE1031.apk	2011-09-26	0	0	0	0	0	0	0
0784777EF8B336E10AAFC9BC2D37C5919BA03376EA14B463240A0F64473DB88F.apk	2011-11-07	0	0	0	0	0	0	0
0785AE0E137B1A7EDB0C33E91BB09083ABAD47D130661A469A2778DD42E6C49F.apk	2011-11-13	0	0	0	0	0	0	0
078B71C82D5EB3299867FF45E9413D70D8280E348D2381687DB7161886DB9C62.apk	2011-09-26	1	0	0	0	0	0.9655	0
079A0585C6B7CBAA3F75B8CE5F69C5A5C98FCEEA8DEDF87C8A8C0F2A641E1950.apk	2011-09-14	0	0	0	0	0	0	0
07B761F4CA7ED5341CE129DE3D433912E71618185A5F1C88F5B62BBA73228E38.apk	2011-01-10	0	0	0	0	0	0	0
07BED1674876FC132992FF98B3A303410B440095276A65119BE77C8934617C5A.apk	2011-11-13	0	0	0	0	0	0	0
07C37980078B477630C4384FCD1327B534F3092C5646532207CF39F651DD19D3.apk	2011-11-07	0	0	1	0	0	0	0
07CB4E5CD55220DB7E67F89FF013BFEEFA72B7C9A031D55A72B20EEC37935980.apk	2011-08-20	0	0	0	0	0	0	0
07CF7AF22964B4D2DFAC8C2F96ACF6E741C5AF3DD95DB8247F7DEE5F1DB2AD73.apk	2011-11-13	1	0	0	0	0	1	0
07DFF34DD392C5BE5ECCF53B8A41116DA65EDE424222C80ED86054D59015130B.apk	2011-11-13	0	0	1	0	0	1	0
07E20547F9DC5F2865A5DE9DA70BD2DCB354051E1646059D6AA5BA63EF1160F3.apk	2011-08-20	0	0	0	0	0	0	0
07EAC2F342413A159BF0F4D261017F4CDA2C794F0AF9008056136FA90AC4A3A4.apk	2011-10-25	0.4667	0	0.5333	0	0	0	0
07F02B98C15BEE176F52C169A100D108035F953E01960459F6EDE43F3D396618.apk	2011-11-08	0	0	0	0	0	0	0
07F47DFE884A264EB938D93302D7AD5C7D0F1D970A454C955207477564F47E84.apk	2011-11-08	0.5	0	0	0.5	0	0	0
07F58954483F0A6CEEACB8109212CC6F5D4A01D0E7DE735995CA2A34C200D5E7.apk	2011-08-20	0	0	0	0	0	0	0
080F23C923CFD9850DB40AD8D8D2121E4406F6A0F9CA93522B463CAC4DFA1054.apk	2011-11-14	0.9	0	0	0.1	0.1	0.9	0
0823B2AEB4C61223D5A74A45BA2EA9BA768F38ECF073E52E4CF423366EC17219.apk	2011-08-20	0	0	0	0	0	0	0
0824FC403488393CC2B6B4BD04F2341C4BE30C8A61C4669F93544904960EE7C5.apk	2011-11-08	0	0	0	0	0	0	0
0827A45BEEAC0B7DF6195B81A86C831D90CD1FC7859F2FB2D3F93C19EF432E7D.apk	2011-08-22	0	0	0	0	0	0	0
082E2CABFBAE9D7F69FA675284D5027E7F1C5DB8915B407E9A141A2B1085D647.apk	2011-08-23	0	0	0	0	0	0	0
083552B12502E0084CD4E5C87DD68A29BD0A9A790278349EC589241206F4E4E2.apk	2011-11-08	1	0	0	0	0.6667	0	0
083B979B57C4954A01BD4DB0014C2D4867BD511F3C992F4B5F0B5E24BD9CBF93.apk	2011-09-26	0	0	0	1	0	1	0
083E59C26FFBB4A25F74A2CD68649A21B3820F54B39D08A722E677E085D01C0A.apk	2011-11-14	0.2	0	0.4	0.4	0	0	0
084B3EEC19A74AE669E66F07B1E917AD01726DF40F52C0039A5C464EDC636B41.apk	2011-11-14	1	0	0	0	0	0.9737	0
084EE971F29239D56AF58D5B9734112AEAA30F580594F0F20AC9A308105AC031.apk	2011-11-13	0	0	0	0	0	0	0
085D31BB4A0EE2A605CD6928B8FBE3E2DCF8513A3331139FC21DBB48E25FA076.apk	2011-11-08	0	0	0	0	0	0	0
086CF71553ACBABC0E23F33461E4F37408E12407F472A165EEA61D5C36D136B8.apk	2011-09-13	0	0	0	0	0	0	0
0873A887C578E4C7AE36FB856E3CB8715D1C65E4122DC2E94E18610CAD3ADA75.apk	2011-01-22	0	0	0	0	0	0	0
0882F194452583CD7F60DFD956611B24FB47161EC46AA88C038870E6A5F0289E.apk	2011-08-21	1	0	0	0	0	0.2857	0
08864C88B362A8209AFB79210A290F13A969FB7D57EE2915C1662F0408DEAC1D.apk	2011-09-14	0	0	1	0	0	0	0
088AD3D8652E2F6201C02F2E83E2268945102EA951207700ACD1911F2FFD0113.apk	2011-09-03	0	0	0	0	0	0	0
08901ACC78674BDE9440B9BC962F2048831454B086D415915433A5631C79A8FD.apk	2011-08-23	1	0	0	0	0	0.75	0
089671B9ACA6166AE1BDE752FA27A66CF043D0225E3A6CE8037A70294C375225.apk	2011-11-08	0	0	0	0	0	0	0
089A25451BE2B7BE06089C7B4C91E13EC20A072B9FE77F6E6B2C886E6C8D6D78.apk	2011-02-02	0	0	0	1	1	0	0
08A05FEDC62C11AF36B28D45DDE96CE87E860F0C62BBDD79E1A0B370B7A099BF.apk	2011-11-13	0	0	0	0	0	0	0
08A6EFFF7F9B9065E06767D4835F0B077839AE20FB968454322F68BE9BFA41FA.apk	2011-11-08	0	0	0	0	0	0	0
08A8F672F99E55C330188EAD4C2C695DAF4A3B788E65AB9718D1C0ABFF386A4F.apk	2011-08-28	0	0	0	0	0	0	0
08AB543A578A81B4D5DE5D3312A179576CB5096F8A898321A0B6CE9F9A98F9B4.apk	2011-11-08	0	0	0	0	0	0	0
08BC601733E5A75F6D1F34FA854A4B5F23E94C03852930326749A99BF8A65E35.apk	2011-10-04	1	0	0	0	0	0.3	0
08BF4EEFFB77C430F021CEAB7B8359E2B353D7537EA93B0A024AC4486D8527B8.apk	2011-08-21	0	0	0	0	0	0	0
08CBDEC13488585D34EE9B5573004CD9A218878071CF243AA2DBED460684AA9D.apk	2011-11-13	0	0	0	0	0	0	0
08D15B9F1EDED92BD46ED6CB4E33F4A49C6176737E78332C7C04FD4FCCD02517.apk	2011-11-13	0	0	0	0	0	0	0
08D25F8CBA5A7DB0A1236B7C5488FBE0C6D4B95E36591BADC7DB6B865597CEA1.apk	2011-09-03	0	0	0	0	0	0	0
08E1074A5412A1326BF32DE061128B2906176826D4BA00F9B81A8974C1F5E4A5.apk	2011-08-23	1	0	0	0	0	0.3889	0
08E59A288567FFD6CC213E8B1C9E56B402577068CC8FE336290DC15AF22C4C3F.apk	2011-11-13	1	0	0	0	0.6667	0	0
08E8FA063BF510DA98B249363B53E777D50BB7B241BAE11004F9D5387984D00F.apk	2011-11-08	0	0	1	0	0	0	0
08F0D84E4019DD70D6E45E123FD36E3384A0E5F8247008E0EFA005CD0FE0E357.apk	2011-11-13	0	0	0.5556	0.4444	0.0556	0.2222	0
08FC118C6B5AF24576E7B101D3E2A20F170BAB0AC49B36CA11F2E9FA00A35F70.apk	2011-08-20	0	0	1	0	0	0	0
0906738639CD6AE36A8E97AD899AC05271486E60809C714073775397E6898783.apk	2011-08-25	1	0	0	0	0	1	0
090A2645ED5B408A6047ED6F890A174F4698C5DCD5890EEC22A4E5A531983395.apk	2011-03-16	0	0	0	0	0	0	0
090D1062F4683AC145F265CFC6C758B572F6346AD64EF75271B58214AFFE78CE.apk	2011-09-26	1	0	0	0	0	0.7143	0
090FF5E31E988308A148ECF847C8F6699636E5F09CA041D30EEA5A4CC2436056.apk	2011-09-26	1	0	0	0	0.5	0	0
091B0A8D576D6F0CF70CBA4F26B2D122CF1ECB58D6E80803F3FABD4F47C6C4AE.apk	2011-09-03	0	0	0	0	0	0	0
092086C7F4E4D54E55061EB3873FE5796ACA2520EE08EFEFE223DF8888EFA08C.apk	2011-11-14	0	0	0	0	0	0	0
0922FF1288E29745123DDE75B6FDED0FEA2995383F21A7064D8E07C6696DDDC4.apk	2011-10-25	0	0	0	0	0	0	0
092508833BC274DCD8620EC530136F80197CBAC0DCA81EE39E2A8CF3A3C9C443.apk	2011-09-27	0	0	1	0	0	0	0
092C8633D532C93C011650BC5AB178A824C8130F9DB9A7CC38D72231D133AC81.apk	2011-08-27	0	0	0	0	0	0	0
092E3D1D5CE62B4520E4BE67DB4C95BA1833CC92C9B1855802C7E7D3B9A7D1E4.apk	2011-10-25	0	0	1	0	0	0	0
09408CACF822D5FC0D809528D9AF8FAE402669C33C907ABDD13AEA16537B44CB.apk	2011-08-21	0	0	0	0	0	0	0
0940EB83F6B55FD8D1FE34F53504F288EDB157A6070F3BA7B39FF15C8E9BAA20.apk	2011-03-15	0	0	1	0	0	0	0
095396D9E8247CC83E5AA77EC2CD6AF9E2D4BE8DC1BED63B6A4CF01C4420F80D.apk	2011-11-13	0	0	0	0	0	0	0
000569476720338E9E6083EBD637C5F583624553B1BFB0BA3D0A182A8CE64692.apk	2011-11-07	0	0	0	0	0	0	0
00223FA9A0F9E155D6D08613BC35478ED01F8F6A4EF87A2FE37A71E78C6F2838.apk	2011-11-14	0	0	0	0	0	0	0
00237366D7B0CE81276235AD1B49A59DBACA58371AF84ECEFF4FD34C7FBC0F8C.apk	2011-11-14	0.875	0.125	0	0	0	0.625	0
0025D87A398BD7F9D198F1B195241D39D65121365E3B3ADF3E03E13459DF0BA9.apk	2011-11-06	1	0	0	0	0	0.75	0
0028D560E98D424E39AF682342209B1C4FB353EE97CF85349FD03FCCE42BDC7D.apk	2011-10-21	0	0	0	0	0	0	0
003AB99F7F7D48CA07F55323263819A6C7E105C9B6B1F6CAF4B5257C72A215C3.apk	2011-11-13	0	0	0	1	1	0	0
004DBFB4A1CD3B0A0BE2FA95BBD9AC3886A164C1E0A55421ABE46B7ACA3F45C3.apk	2011-11-22	0	0	1	0	0	0	0
004E2FDB3D008F21E149B88E73AEEB14805759B6E4C6DABA40C764C5332A79D8.apk	2011-11-14	0	0	0	0	0	0	0
0051C9BFC18CE8059F97E01F6AD183FAB59DF30CFF12C5539755A4119F3F5ABA.apk	2011-10-20	0	0	0	0	0	0	0
0051FF095C5EB7091BF4819595B3E7B7609142287EE8C20957A7F4D9CABDC1FA.apk	2011-05-19	0	0	0	0	0	0	0
00540719EA1D34B2DA503370EE868CB9F849017C46931AD3EF9A2E400F45BC1E.apk	2011-09-13	0	0	0	0	0	0	0
00616CDC55CEA60F70A6DF04EA6F2BC7429A256B8D52F163D84F27C5E0AD78AC.apk	2011-11-13	1	0	0	0	0	0	0.5714
0068C939193BCC1AAB385F5C55220C72473F51304858367D6B0F3F1D61EA7DF4.apk	2011-11-07	0	0	0	0	0	0	0
006AFF7799922A003134AB3D393874FFBCBBF367EBDCA1A40BF98590A1F608C6.apk	2011-09-06	1	0	0	0	0	0.8125	0
006CAA4D9E157526A9CED0A801AE9432EF29CA800931BE9366C3C483ABEDC1E7.apk	2011-08-14	0	0	0	0	0	0	0
00914A1D0C06491CA18A07D006892212B72C222CE573966B0CE29B6CBC79CC64.apk	2011-03-28	0.5	0.25	0	0.25	0	0.75	0
0094CBE5B945DE51D1C69C9F71B9E7B7C77D0F2922AA2BD6B277131956ED0DF1.apk	2011-11-06	0	0	0	0	0	0	0
009B4615529D24477A8C2AD98AA3EA8813C29B64E5F3DB6DEC5919F40517612D.apk	2011-08-28	0	0	0	0	0	0	0
00A8A4B09CD08CFC367053EDB70EC0ECF1903789326F32029971DD5FE2D8C73F.apk	2011-06-14	0	0	0	1	0.0488	0.1463	0
00B3A3386717BAC4ED510951B777DF4177B22540DBE2F6D6BD7A640AB784388E.apk	2011-10-20	0	0	0	0	0	0	0
00B3AF7B4C44A9D1A96ADDA59775CBFBC5F0639613A0D2BE86C77CB5E8C78541.apk	2011-09-21	0	0	0	0	0	0	0
00C9514989694EF9669FBE24A91BB8D9E2CA3756E538C368B537FB6F73EBC179.apk	2011-11-07	1	0	0	0	0	0	0
00D15CE4E64E0369D147BD3F024EC4D5341F5DFABDCA5DA97D5ACD74EE15273B.apk	2011-11-08	0	0	0	0	0	0	0
00D6ADB9ECA9DDBACD4D486565EE95DD793ACEF6E0114D9857AA10C3F3B06985.apk	2011-11-07	0.8684	0	0	0.1316	0	0.0263	0
00D7E36681D9327DCDCAB45630C5B7F3B5D43E5EBDD4AD6CAAFC776486ABE522.apk	2011-11-08	0	0	0	0	0	0	0
00E378D9E08726679B82FEBA9B9249EC4B428736BD5295973232FE4BD8E47487.apk	2011-11-06	0	0	1	0	0	0	0
00E41BDA11AAD3A2AB8183F8508AD588F518E8C05CAB5ADD6A654B5DD1EB3A09.apk	2011-11-08	0	0	0	1	0	1	0
00E63AABA303E14513AE63C2AD2F80329C9B0D6EE8CA331A73E1B48197D536EA.apk	2011-11-13	0	0	0	0	0	0	0
00ED56FE4A20BCC28AF710FF5618605E824346C3C2E37A1CA090707C34EF9D4A.apk	2011-11-08	0	0	0	0	0	0	0
00F16F6E1613995BC305D9C59D8C6B84D6DD0C19B2835955A60A19E35A58002B.apk	2011-11-07	0	0	0	0	0	0	0
00FC381FF386E8DAF67AFB452EF4D2E8DBB1D14543E5749FAF8FD410B252C2D3.apk	2011-11-08	0	0	0	0	0	0	0
00FC40E730C98851CD2F05A02B37D85B1F26D30DD9471A204BB5FCF9BAB76D3E.apk	2011-11-06	0	0	0.913	0.087	0	0	0
00FC82246650FE0307F3747BEE0F124683B3F7181B32D7BB54994A31AC11011A.apk	2011-11-15	1	0	0	0	0	0.8636	0
011A7D105CA1662395F54DA25FA65D500B2839F4772C8788373F2FEAFDE7B3BD.apk	2011-11-06	0	0	0	0	0	0	0
01225D744662E208C6BCBA9D3F80BBA1CFE51BC5C74D21BE60AF78AD21228C67.apk	2011-11-08	0	0	0	0	0	0	0
0127C365BB49B787D417CACA569FAF5BF4C93DFEFF7E6AB619048F8FB4554A31.apk	2011-11-08	0	0	1	0	0	0	0
0131BEE8E2948ED2E5C4707B5FD84815C31A88BFB416C777DDDE95CF953C6DED.apk	2011-11-08	0	0	0	0	0	0	0
01389257210F8298E129CDCC3B0EFFEF008D12C5447C3DFB21A524B22EA69D85.apk	2011-12-20	0	0	0	0	0	0	0
014EAE39116BBDE8F9AA265A865F65C42AED5D4999665FE260C9234B1BA446C8.apk	2011-08-23	0	0	0	0	0	0	0
0156C1FD63F81F5DD0D3C74FCE15E3A2579078522A8B23A541FE6740996E0AC6.apk	2011-11-07	0	0	0	0	0	0	0
015FD402444A9B7A7030B959A70CAB67A5FBFAA8064D29ADF2905E466A89C482.apk	2011-01-19	0	0	0	0	0	0	0
01636E400558320CBF38331961C83E0643A796E61E30DB4D286EDE85930EB367.apk	2011-11-08	0	0	0	0	0	0	0
01718BFE393C5235CDB559EAFE1BC3921238E063C087881FED2FE3DB187C4B5E.apk	2011-11-14	1	0	0	0	0	1	0
0182B83916FAE3EFDBCA1BD7EFCD9584FFC5A539080B9405A0880697AE11EBE9.apk	2011-11-08	0	0	0	0	0	0	0
01890146F2D7298AD5F8BB50F412759755481DD6195B1D957D805F41E052C43B.apk	2011-11-09	0	0	0	0	0	0	0
018C45BDCC1BC317981A5DE963DBA2BFFCF7276848F550C5215A7322B35F62A8.apk	2011-11-13	0	0	0	0	0	0	0
018FC40652FD762F0915E6E318028C8514E3D0982034528A6650F8D7F1ACBF89.apk	2011-09-14	0	0	0	0	0	0	0
01901DC8B94418E87A012BFE38B8DF4E1D33B7170B157D83CF9F1AD883FE9CD6.apk	2011-11-08	0	0	0	1	0	1	0
019F8450BF384305DED6132E6D7FD3D40AB1EABDA07612BE8BE7F87DE1C8830D.apk	2011-09-13	0	0	0	0	0	0	0
01A7DE2FE7852F6E5DF57854A2034283E6FA9728AAD70EA1009F840221ADF659.apk	2011-11-15	0	0	0	0	0	0	0
01AD379F7FB8735D6E8863006FD12E4EA0203092152C6D4F22783DB6B662B6CE.apk	2011-11-08	0	0	0	0	0	0	0
01B09969E2CC40119C0B0556F8A197596B931C1EE7F05F6E6FD58800A9F1E87D.apk	2011-08-23	0.5263	0	0	0.4737	0	0.5789	0
01C64018C8DB21F180184BC148E85AE15652BA6ACEEBC893D340FD47A093DBE3.apk	2011-07-08	0	0	0	1	1	0	0
01D38BFE5F2F1FD1B7605E21D7F4D1E3E335F15F553A8376B56500D050CD5E9A.apk	2011-12-13	1	0	0	0	0	0.6444	0
01F202D5C009EB40D60B2BA61417B02E5AFDC14F5B94E3D07265E8D0DA03862A.apk	2011-01-15	0	0	0	0	0	0	0
01F8E6071F8C984721914C7DF5134F95133667E48D2B91C86C636167FEBDDE9F.apk	2011-08-25	1	0	0	0	0	0.7097	0
0200DB25DC47B41971EA7AE4ED3527D75F2F776AF0219F083D4E54D0C7131561.apk	2011-09-04	0	0	0	0	0	0	0
02036838FDBD09BDA0C9C3AF9056F3C43B0B5308DD92979875EE7039ABE1E7B7.apk	2011-11-06	0	0	0	0	0	0	0
0225A854B5767A43B828866BB94580E2A83CAA007EDD8ACAEB52E6F9A3524A4F.apk	2011-10-20	0	0	0	0	0	0	0
02260E81E2F7E8A0B8454A5D836F3DB81FE59C8139B1FF216F0F1DAF33632CE3.apk	2011-11-13	0	0	0	0	0	0	0
022DDA2EBE0F8F784FE8452DC9DEFD9AD1E6D6D3877BF017793FB5D039A8D186.apk	2011-11-08	1	0	0	0	0	1	0
023226379844A83103E58D9D850DCD447876DCD4C76367438D6177B535DB7A5E.apk	2011-11-07	0	0	0	0	0	0	0
0233B0F497FF247A2BF56362F7417F586152F58281D73E101CEA5352B2DDEFA2.apk	2011-11-08	1	0	0	0	0	0.8333	0
0237F8C9F50ACB8F2BEC505721D8EED5D43A770DD8B72300C80601C4367CCCE7.apk	2011-11-07	0	0	0	0	0	0	0
024B130433EF076CEF26F4017E2F8A4B1E7DE2A337CBC09F6B58326729C365EA.apk	2011-11-07	0	0	0	0	0	0	0
02536432DC001C6092082EC77818161D8A73F21E5C605A05CD842ED22CA1D899.apk	2011-11-13	0	0	0	0	0	0	0
02734B2239389BE2423926D255F7921EF4772BE2AB8E5B01E902EA230AFB02AB.apk	2011-11-13	0	0	0	0	0	0	0
02799C6FDBE626287232785B464CCD281AFC8F041D8262B92E658FB02B680F5C.apk	2011-11-14	0	0	0	0	0	0	0
027FEBBD14794861F2E6A9A99D624E7A118CF34A2F1CBF650977D0D79E5C5186.apk	2011-05-25	0	0	0	0	0	0	0
0294D3DA1E3F2EA5BE948944F9B7C51CB4F28B43A272DBB693B5104425D012AE.apk	2011-11-06	0.2609	0	0	0.7391	0	0.7391	0
02978777F05959AA50533D006A75CA91F99FF5A0383AF05728A2D849185863B1.apk	2011-11-08	0	0	0	0	0	0	0
02A6AFE2CA325809B83E3AFE37D4CF2FFC5DBF0CBA7D5FBF9EBBE9525D9FE2A8.apk	2011-11-06	0	0	1	0	0	0	0
02AC951E8305B5D9EEE9C58408654C918969FE4048A3AFF2A29DD860FAE60016.apk	2011-11-08	0	0	0.6667	0.3333	0.3333	0	0
02BE684062964A1B9E46126F586C5AAB0C6075834E6A23643B9A015C7039467A.apk	2011-11-14	0	0	0	0	0	0	0
02CF24EC25A4AA87BA6A45BA29A38269D7F27A6F8A8CB373653DA7B628A77FD0.apk	2011-11-08	0	0	0	0	0	0	0
02D0D73873079225945743BC2CD7AA8D8ADD5D8A87EA8A7D1F54C0A2FE6DFDA7.apk	2011-06-22	0	0	0	0	0	0	0
02D7A980D98C555B0BAA6519477777919A54E66B26F2A434DD7CBA104ABA46C2.apk	2011-11-08	1	0	0	0	0	0	0
02D7D6C2C3A0425E75AEA0CF36AC97A5A13E6424D45B9F51AA6A42D6F545122F.apk	2011-08-23	0	0	1	0	0	0	0
02DA84F300F7F48A1492ABC84845A8746F6E1430DBEC715F81C19B0731881B86.apk	2011-11-07	0.9474	0	0	0.0526	0	0.4737	0
02E641A0B93523CECA06562D0529433E7965B7C6E08C94AB5080523DD61E36AA.apk	2011-11-02	0	0	0	0	0	0	0
02EA0B35B6CC803A36B9EAD87014734AA68E1C4B309D0F889E09DD558C1F977C.apk	2011-06-30	0.1379	0	0.8621	0	0	0	0
02EAE1146EC7B2B0001FC563B1911C34601C1B8E3742C9DE81684B4CF393B263.apk	2011-09-21	0	0	0	0	0	0	0
02EFACE7F41DE1D9F8542D39A97AA5C155FB0C064AA7ECD751AC47FB3ECEA7E2.apk	2011-11-07	0	0	0.4737	0.5263	0.4737	0.0526	0
02FCBF1B4545FC547B3BC17A98F756F8108DBF41E4FC35BC841B950024F0A377.apk	2011-11-13	0	0	0	0	0	0	0
0302C4B20F326532F7EF5EF79BF9AB0A13DC34583632A3CA54ABBF16C43635DC.apk	2011-09-13	0	0	0	0	0	0	0
030582C1D0D7F620C27047F0610A19927B8076FE749D7F1E54C364E707057A28.apk	2011-11-07	0	0	0	0	0	0	0
030C51847A19A5BDF92312C139648229DFFA2EEAF1CDB6F43C3E4708DAC98ADC.apk	2011-11-14	0	0	0	0	0	0	0
030EEB680AC0617F32AEC33FD40C651F02954C25A51D0FE79409D62002AF873D.apk	2011-11-07	0	0	0	1	0	1	0
0327A851BBA04D10132A39DCB6075567CE0BA19A0BFBDB245F6D31F7D4D5BD92.apk	2011-11-07	0.8065	0	0	0.1935	0	0.0323	0
0333797639CDF35876EE2E55E5DA0F04DBAB8F919DFE462215ED6BBCA0639D6D.apk	2011-11-08	0	0	0	1	0	1	0
034FB1007CFA5E6F0C3456D5DFC3D156BE5FA827CE4D5D161C3A4B985A0D6E9C.apk	2011-11-13	1	0	0	0	0	1	0
036B907DFF9CAEDAF6549E9C9DF6E3919E6AD21EF2FA54D4D0B3CF9BFDB24365.apk	2011-09-15	0	0	0	0	0	0	0
036E4DA59B898E770CD80A37F438A08F972A0408BFAC0A77C831F56F2F8A32C9.apk	2011-11-08	0	0	0	0	0	0	0
038BCC3B0984A4030DC8F7307B0DAF902611A902BB83956CCF656F3D6A163D3C.apk	2011-08-22	0	0	0	0	0	0	0
038D06975221130B1095E4531425E7A9E04C226E2CC6738036265539A98FF853.apk	2011-11-08	0	0	0	0	0	0	0
03B8EC1516EEC921D579FFA4877B3620F7EA86FE74DDACEE94099231EFC365B5.apk	2011-11-08	0	0	0	0	0	0	0
03E548730EE80BD3A129BE2FED1DD9714B7D64650E790EA96F516EFAF74F5763.apk	2011-11-13	0	0	0	0	0	0	0
03F086F99582C9FBF5345B6DFAE2EB82872018D3FBD87B5E2BD43EAA8F9E2F52.apk	2011-07-23	0	0	0	0	0	0	0
03FF42DF03C46E9BAE0F224CEB2BB4D01EDF675E06AEBC41D8E0A0668AA490AC.apk	2011-11-08	0	0	0	0	0	0	0
04032AA81C3F5553C7A11FBF7ECD23F3E53BBEC0B2D4B96BB9B72D172D16A0E7.apk	2011-11-02	0	0	0	0	0	0	0
04093AB4812977EE29F54F0164352BA034B1DEA35A14BAFF75A30943C4A07B1A.apk	2011-11-07	0	0	1	0	0	0	0
041338426AEB81B364B4F03A918F4631FC4E6E488AAE13EE1B77E93C2D1BFEAC.apk	2011-11-07	0	0	0	0	0	0	0
04166B7D8B0269296B276F99114DE186FF6171FC9911BFC5A3A3EC31EF0445A5.apk	2011-11-08	0.8571	0	0	0.1429	0	0	0
04203AC2FD74989D5D70BB73D2AE70D9F736EE916C9B1EF37B5A65EBC6174778.apk	2011-09-14	0	0	0	0	0	0	0
042694279DDA310EACFCC4DFD167DB8B2E762D880A5B6DB6295B25A785FEF94D.apk	2011-05-25	0.1111	0	0.0889	0.8	0	0.8	0
042A7C9BEB48468AC71043A7086D58C1989C852152B30CEAB6CDB428F8E67811.apk	2011-08-23	0	0	0	0	0	0	0
044132B5F20DB745AAB793116B36B3444F12C5B6E18262D76D09F1F392EC2411.apk	2011-09-13	0	0	0	0	0	0	0
04528114A3BC1C5FD22641B485DE3D43E9C257A1C60129289112A621B9A0D02B.apk	2011-11-08	0	0	0.1111	0.8889	0	0	0
0454134270B35CB26DD213AA022E30D7124E95E7AF61A89A439B371E5427DD23.apk	2011-11-13	0	0	0	0	0	0	0
045DC270FAC6C701AA80812A86DB5DD9CB40C65FE4EAB5E0887A6C05C4EEE0CF.apk	2011-11-13	1	0	0	0	0	0.8333	0
047B15A94F5B573E206B9EF3E75EB804534F015C3997FC61CCA6C41BDCA713C1.apk	2011-11-07	0	0	0	0	0	0	0
04817EFF3372642D38C819C3366582CDBC0A9CC0975D018B6FB3136185156141.apk	2011-11-07	0	0	0	0	0	0	0
0486A993AF00CA2D57B19F83BE299EEE7EDB810481D904D2A5122220691D9BE7.apk	2011-11-13	0	0	0	0	0	0	0
049359A0F079C845C74C2E7F8AF1D33BC95D9D68FCFE95A894AF82D560360219.apk	2011-08-21	0	0	0	0	0	0	0
0494387339069FA89377BE7595668DD505F58CD6C9009EA394C837B80685E05B.apk	2011-11-13	1	0	0	0	0	0	0
049CA30BE14E8E862BC8213A8AB5FC17E312E3140FAC2F7B1D18FF10788A2AA5.apk	2011-11-07	1	0	0	0	0	1	0
049E9444D8A83F0BA3F5AF93E50A4723C2617AE9A281954BBE567000625561D2.apk	2011-11-13	0	0	0	0	0	0	0
04A442FE13785275B517F68EA29B23CB03B52A4630C1DF21102BD16CC353B049.apk	2011-02-20	0	0	0	0	0	0	0
04AE80CA5EEFBDD2109F6B10322D84AF403FD0215760BA54D82E274D9CEE9CE1.apk	2011-04-27	0	0	0	0	0	0	0
04B90823DF27FEF67B4176BE519F903EB880B0939A9CF902F370CA062CCE5086.apk	2011-10-02	1	0	0	0	0	0.3333	0
04C6FA891282D7C7DB603171211E55873086FD736FBFF2D10A1DC01A2AFE97DF.apk	2011-11-07	1	0	0	0	0	1	0
04CFEF441184AB1EE1E24B38B6C5038BEF96D6C39CDB5DA2871FAE7DBCE99E12.apk	2011-11-13	0.9375	0.0625	0	0	0.625	0	0
04D36C51A48520F6043997650A7E452156923308EC83AB7B9F77BE27D92171EA.apk	2011-11-13	0	0	0	0	0	0	0
04D61CF71BCD9E9FF83D35FA86C82CB0E4D1476C39CB1A87217E7D4DFA4B71AF.apk	2011-09-13	0	0	0	0	0	0	0
04DC930FA14EEBA986BB6FF2646E31112FA51DF4CC6D4C050B5E78B98ED8D19D.apk	2011-11-08	0	0	0.2778	0.7222	0	0	0
04E36ED42916A3E2FC16190B10C0092F8A0DC8927693F918EC5756398310FFA3.apk	2011-11-08	0	0	1	0	0	0	0
