com.androidsoft.adhantimes	0.0167	0	0.9833	0.0125	0	0.9875	0.4333	0.2333	0.3	0.0333	0.0002	0.0019	0.0109	0.0041	0	0	0	0	0	0	0	0	0	0	0	0.948	0.0058	0	0	0.0145	0.0289	0	0	0	0	0.0029	0	0	0	0	0	0	0	0	0	0	0	0	0	0	0	0	0	0	0	0	0.0076	0	0.7955	0	0.0985	0	0	0	0	0	0	0	0	0	0	0	0	0	0.0076	0.0076	0	0	0.0833	0	0	0	0.0024	0.0166	0.0132	0.6447	0.1579	0.1184	0.0658	0.0341	0.0019	0.0417	0.6193	0.0057	0.0928	0.0189	0.0227	0.1193	0.0436	0
application.pandurang.vitthala	0	0.0747	0.9253	0	0.0556	0.9444	0.2727	0.2727	0.4242	0.0303	0.0003	0.0011	0.0127	0.0045	0	0	0	0	0	0	0	0	0	0	0	0	0	0	0.0016	0	0	0	0	0	0.0093	0	0	0.0125	0	0	0	0	0.9657	0	0.0078	0.0031	0	0	0	0	0.0044	0	0	0.0664	0	0	0	0	0	0.0133	0	0	0	0	0	0	0	0.8363	0.0708	0	0	0	0	0	0	0	0	0	0	0	0.0088	0	0.0018	0.0137	0.0109	0.5326	0.2283	0.1413	0.087	0.0459	0.0014	0.0516	0.429	0.0115	0.1277	0.0086	0.0588	0.208	0.0574	0
com.apusapps.browser	0.2005	0.0926	0.7069	0.1534	0.0455	0.8011	0.4167	0.1389	0.3056	0.1389	0.0003	0.0023	0.0196	0.0079	0	0	0	0	0	0.0071	0	0.0047	0.9739	0	0	0	0	0	0.0071	0	0	0	0	0	0.0071	0	0	0	0	0	0	0	0	0	0	0	0	0	0.0118	0	0	0	0	0	0	0	0	0	0	0	0	0.8647	0.0529	0	0	0.0176	0	0	0	0	0	0	0	0	0	0.0059	0.0471	0	0	0	0	0	0.005	0.031	0.0463	0.6852	0.0926	0.1019	0.0741	0.0165	0.0015	0.0735	0.5712	0	0.018	0	0.0225	0.1979	0.099	0
be.vantslot.voetbal.kalender	0.0038	0.0216	0.9747	0.0027	0.014	0.9834	0.6818	0.0909	0.1818	0.0455	0.0008	0.0016	0.0173	0.0068	0	0	0.0061	0	0	0	0	0	0	0.0121	0	0	0	0	0	0	0	0	0	0	0	0	0	0	0.0081	0	0	0	0	0	0.9737	0	0	0	0	0	0	0	0	0	0	0	0	0	0	0.0051	0	0	0.0153	0	0	0	0	0	0	0.0663	0	0	0.051	0	0.0102	0	0.852	0	0	0	0	0	0.0027	0.0214	0.0132	0.8158	0.0789	0.0526	0.0395	0.0408	0.0016	0.0506	0.553	0.0016	0.093	0	0.1436	0.0555	0.0604	0
br.com.maisapp	0.0726	0.1482	0.7791	0.0498	0.1218	0.8284	0.4507	0.169	0.338	0.0423	0.001	0.003	0.0163	0.0071	0	0	0	0	0	0	0	0	0.979	0	0	0.0055	0	0	0	0	0	0	0	0	0	0	0	0	0	0	0.0077	0	0	0	0	0.0011	0.0066	0	0	0	0.0127	0	0	0	0	0	0	0	0	0	0	0	0	0	0	0	0	0	0	0	0.0025	0.0127	0	0	0	0.881	0	0.0405	0	0	0.0506	0	0.0027	0.0159	0.02	0.6467	0.1533	0.14	0.04	0.0203	0.0113	0.0734	0.5605	0.0136	0.0723	0.0068	0.0452	0.0723	0.1243	0
br.com.mobizze	0	0.4316	0.5684	0	0.3137	0.6863	0.2759	0.1034	0.5172	0.1034	0.0005	0.0014	0.0208	0.0097	0	0	0	0	0	0.009	0	0	0	0	0	0.9832	0	0	0	0.0026	0	0	0	0	0	0	0	0	0.0039	0	0	0	0	0	0	0	0	0.0013	0	0	0	0	0.8733	0.0523	0	0	0	0.0165	0	0	0	0	0.0138	0	0	0	0	0	0	0	0	0.0055	0	0	0	0	0	0.0386	0	0	0	0	0.0019	0.0175	0.0429	0.5714	0.1143	0.2	0.0714	0.0275	0.0153	0.0826	0.6254	0.0076	0.0428	0.0153	0.0183	0.0902	0.0749	0
ca.GabrielCastro.LTC	0.0048	0.2804	0.7148	0.004	0.226	0.77	0.5	0.24	0.24	0.02	0.0004	0.0017	0.0196	0.0058	0	0	0	0	0	0	0.9703	0	0	0	0.003	0	0	0	0.0059	0	0	0	0	0	0	0	0	0	0	0	0	0	0.0119	0	0	0	0.0089	0	0.0101	0	0	0	0	0	0	0	0	0	0	0	0.0704	0	0	0	0	0.8492	0	0	0	0	0	0.0101	0	0	0	0	0.0503	0	0	0.0101	0	0	0.0029	0.019	0.01	0.67	0.12	0.12	0.08	0.0491	0.0015	0.0475	0.592	0.0077	0.1012	0	0.0491	0.0521	0.0997	0
com.digitalsolutions.digitalcallrecorder	0.0351	0.0222	0.9427	0.0217	0.0181	0.9601	0.3774	0.2075	0.3774	0.0377	0.0015	0.0021	0.0156	0.0074	0	0	0	0	0	0	0	0.0066	0	0.0033	0	0	0.0044	0	0	0.0022	0	0.0099	0	0	0	0	0	0	0	0	0	0	0	0	0.9735	0	0	0	0	0	0	0	0	0	0	0	0	0	0.0163	0	0	0	0.8834	0	0.014	0.0443	0	0	0.0396	0	0	0	0.0023	0	0	0	0	0	0	0	0	0	0.0022	0.0161	0.0159	0.6349	0.1429	0.1349	0.0714	0.0417	0.0107	0.0801	0.453	0.0171	0.1303	0	0.0427	0.1229	0.1015	0
pl.paridae.app.android.timequiz.capitals	0.0002	0.577	0.4228	0.0013	0.387	0.6117	0.3673	0.2245	0.3673	0.0408	0.0013	0.0021	0.0157	0.006	0	0	0	0.0034	0	0	0.9661	0	0	0	0	0	0.0102	0	0	0	0	0	0	0.0051	0.0034	0	0	0	0	0	0	0	0	0	0	0	0	0.0119	0	0	0	0	0	0	0	0	0	0.0088	0.8186	0	0	0	0	0.0664	0	0.0088	0	0	0	0	0	0	0	0	0	0	0	0.0177	0	0	0	0.0796	0.0028	0.018	0.0189	0.6132	0.1415	0.1509	0.0755	0.0679	0.0015	0.0576	0.4727	0.0074	0.1064	0	0.0532	0.1979	0.0355	0
ch.mydrive.webdav	0.1031	0.1027	0.7942	0.0694	0.0949	0.8357	0.625	0.1042	0.2292	0.0417	0.0009	0.0032	0.021	0.0098	0	0	0	0	0	0	0	0	0	0	0	0	0	0.9858	0	0	0	0	0	0	0	0.0011	0	0.0044	0	0	0	0	0	0	0	0.0076	0	0.0011	0	0	0	0	0	0	0	0.0186	0	0	0.0023	0	0	0	0	0	0	0	0	0.014	0	0	0	0	0	0	0	0	0.8977	0.0326	0	0.0349	0	0	0.0036	0.0227	0.0127	0.8101	0.0696	0.0633	0.0443	0.0111	0.0161	0.0553	0.4748	0.0111	0.1771	0	0.0372	0.0473	0.17	0
ch.switchdrive.androidclient	0.1117	0.0182	0.8701	0.0792	0.0189	0.9019	0.5106	0.1915	0.234	0.0638	0.0013	0.0034	0.0236	0.011	0	0	0.0112	0	0	0	0.0037	0	0	0	0	0	0.9726	0	0	0	0	0	0	0	0	0	0	0.0124	0	0	0	0	0	0	0	0	0	0	0.032	0	0	0	0	0	0	0	0.8987	0.016	0	0	0	0	0	0	0	0	0	0	0	0.016	0	0.0373	0	0	0	0	0	0	0	0	0	0	0.0041	0.0272	0.0216	0.6691	0.1583	0.0719	0.0791	0.0195	0.0108	0.0671	0.5758	0.0032	0.0855	0	0.0303	0.0985	0.1093	0
com.wetpalm.colorflood	0.0224	0	0.9776	0.0126	0	0.9874	0.5	0.1667	0.2917	0.0417	0.0004	0.0013	0.0185	0.0071	0	0	0	0	0	0	0	0	0.0039	0	0	0	0	0	0	0	0	0	0	0	0	0.0117	0	0	0	0	0.0078	0	0	0.9766	0	0	0	0	0	0.852	0	0	0	0	0	0	0	0.0102	0	0	0	0	0	0	0.0051	0	0	0	0	0	0	0.0765	0.0102	0	0.0459	0	0	0	0	0	0	0	0.0028	0.0225	0.013	0.6883	0.1429	0.0909	0.0649	0.0513	0.0016	0.0593	0.5449	0.0016	0.0689	0	0.0192	0.1138	0.1394	0
com.allied.comfortsync.root	0.0026	0.4449	0.5525	0.0003	0.3685	0.6311	0.5952	0.119	0.2381	0.0476	0.001	0.0016	0.0206	0.0078	0.0046	0	0	0	0	0.0139	0	0	0	0	0	0	0	0	0	0	0	0	0	0.9777	0	0	0	0	0	0	0	0	0.0037	0	0	0	0	0	0	0	0.0172	0	0	0.027	0	0	0	0	0	0	0.9091	0	0	0	0	0	0	0	0	0	0.0123	0	0	0	0	0	0	0	0	0	0.0344	0	0.0017	0.0142	0.0222	0.7222	0.1222	0.0889	0.0444	0.0243	0.0135	0.0473	0.4514	0.0041	0.0743	0.0081	0.2243	0.0149	0.1378	0
com.andromo.dev35006.app203046	0.0576	0.0706	0.8718	0.0544	0.0944	0.8512	0.6506	0.1446	0.1807	0.0241	0.0019	0.0067	0.0163	0.0061	0	0.0072	0	0	0	0	0	0	0	0	0	0	0	0	0.0018	0	0	0.9766	0	0.0036	0	0	0	0	0	0	0.0108	0	0	0	0	0	0	0	0	0.0574	0	0.0191	0	0	0	0	0	0.0191	0.8804	0	0	0	0	0	0	0	0	0	0	0.0191	0.0048	0	0	0	0	0	0	0	0	0	0	0	0.0112	0.0207	0.0053	0.9182	0.0237	0.0369	0.0158	0.0256	0.0014	0.047	0.3775	0.0014	0.0726	0	0.235	0.1125	0.1268	0
com.aob	0.0667	0.0332	0.9001	0.0366	0.0152	0.9482	0.3793	0.2069	0.3448	0.069	0.0009	0.0024	0.023	0.011	0	0	0	0	0	0	0	0	0	0	0	0	0	0	0	0.0032	0	0.0065	0	0	0	0	0	0	0	0	0.0049	0	0	0.0113	0	0.9741	0	0	0	0	0	0	0	0	0.0169	0	0	0	0	0	0	0	0	0	0	0	0.0034	0.0169	0	0	0	0	0	0.0405	0.027	0	0	0	0.8953	0	0	0	0.0028	0.0268	0.027	0.5405	0.2838	0.0946	0.0541	0.0153	0.0028	0.057	0.5994	0.0042	0.0682	0.0139	0.0556	0.0821	0.1015	0
com.apkcreator.fwdfree	0.0142	0.3838	0.602	0.0046	0.2667	0.7287	0.5455	0.0909	0.3182	0.0455	0.0008	0.0018	0.0218	0.0106	0	0	0	0	0	0	0	0	0.0058	0	0	0	0	0	0	0	0	0	0	0	0	0	0	0	0.9883	0	0	0	0	0	0	0.0058	0	0	0	0	0	0	0	0.0159	0	0	0	0	0	0	0	0	0	0.0159	0.0398	0	0	0	0	0	0	0	0	0	0	0.004	0	0	0	0.0239	0	0.9004	0.0036	0.0259	0.0119	0.7619	0.0833	0.0714	0.0714	0.018	0.0016	0.0196	0.6236	0	0.0524	0.0164	0.0147	0.0917	0.162	0
com.automotiontv.boardwalkhonda	0.0043	0.0574	0.9384	0.0005	0.0403	0.9591	0.2	0.24	0.48	0.08	0.0007	0.0019	0.0199	0.0103	0	0	0	0	0	0	0.9763	0	0	0	0	0	0	0	0	0.0017	0	0	0.0051	0	0.0068	0	0	0	0	0	0	0.0102	0	0	0	0	0	0	0	0	0	0	0	0	0	0.0423	0	0	0	0	0	0	0	0	0	0	0	0.0163	0.0391	0	0	0	0	0	0	0	0.886	0	0	0	0.0163	0	0.0021	0.0208	0.0328	0.5574	0.1803	0.1311	0.0984	0.0179	0.0162	0.0649	0.5747	0.0049	0.0828	0.026	0.0649	0.1006	0.0471	0
com.callbotapp.callbot	0.027	0.3291	0.6439	0.0165	0.2368	0.7466	0.381	0.0952	0.381	0.1429	0.0008	0.0015	0.0228	0.0102	0	0	0	0	0	0	0	0	0.0082	0	0	0	0	0.0059	0.0035	0	0	0	0.9823	0	0	0	0	0	0	0	0	0	0	0	0	0	0	0	0	0.0132	0	0.0132	0	0	0.8918	0	0.0369	0	0.0026	0	0	0	0	0	0	0	0	0	0	0	0	0	0	0	0.0422	0	0	0	0	0	0	0	0.0014	0.0197	0.0566	0.6226	0.1132	0.1321	0.0755	0.015	0.0137	0.0806	0.6189	0.0041	0.0724	0.0082	0.0164	0.0929	0.0779	0
com.clo.clo	0.0343	0.135	0.8307	0.0292	0.1624	0.8084	0.4304	0.2152	0.3291	0.0253	0.0007	0.0018	0.0134	0.0052	0	0	0	0	0.0062	0	0	0	0	0.0134	0	0.969	0	0.001	0	0	0	0	0	0	0.0083	0	0	0	0	0	0	0	0.0021	0	0	0	0	0	0	0	0	0	0	0.0134	0	0	0	0.0535	0	0	0	0	0	0	0	0	0	0	0	0	0.0027	0.0455	0	0	0	0	0	0	0	0.869	0	0.016	0.003	0.013	0.0093	0.6651	0.1488	0.1116	0.0651	0.0501	0.0107	0.064	0.4648	0.0107	0.113	0.0171	0.1812	0.0192	0.0693	0
com.confidly.confidly	0.0084	0	0.9916	0.0011	0	0.9989	0.4167	0.1667	0.25	0.1667	0.0007	0.0014	0.0244	0.0128	0	0	0	0	0	0	0	0	0	0	0	0	0	0	0	0	0	0	0	0	0	0	0	0	0	0	0	0	0	0.005	0	0.995	0	0	0	0	0	0	0	0	0	0	0	0	0	0	0	0	0.016	0	0.901	0	0	0	0	0	0	0.016	0	0.0383	0	0	0	0.0288	0	0	0	0	0.0016	0.0259	0.05	0.675	0.15	0.05	0.075	0.0174	0.0158	0.0554	0.6693	0.0047	0.0649	0	0.019	0.0475	0.106	0
com.couchsurfing.mobile.android	0	0.5328	0.4672	0	0.4363	0.5637	0.1642	0.3881	0.3731	0.0746	0.0006	0.0014	0.0143	0.0046	0	0	0	0	0	0.0021	0	0	0.0085	0	0	0.0053	0	0	0	0	0	0	0	0	0	0.9681	0	0.0117	0	0	0	0	0	0	0.0043	0	0	0	0	0.8444	0	0	0.0166	0	0	0	0.0563	0.053	0	0	0	0	0	0	0	0	0	0	0	0	0	0	0	0.0166	0.0066	0	0	0	0	0.0066	0	0	0.002	0.0138	0.0376	0.3609	0.2857	0.1654	0.1504	0.0352	0.0011	0.066	0.5358	0.0033	0.0924	0.0066	0.011	0.1485	0.1001	0
com.dahi.translate	0.0073	0.1323	0.8604	0.0034	0.0895	0.9071	0.3056	0.1667	0.4722	0.0556	0.0006	0.0013	0.0192	0.0091	0	0	0	0.0022	0.9782	0	0	0	0	0	0	0	0	0	0.0011	0	0	0	0.0022	0	0	0	0	0	0	0.0087	0	0	0	0	0.0076	0	0	0	0	0.8868	0	0	0	0	0.0046	0	0	0	0.0139	0	0	0	0	0	0	0.0416	0	0	0	0	0.0139	0	0	0	0	0	0	0	0.0393	0	0	0	0.0016	0.0171	0.0267	0.5733	0.1467	0.1733	0.08	0.0392	0.0123	0.0956	0.511	0.0196	0.0833	0.0074	0.0748	0.076	0.0809	0
com.djigzo.android.application	0.0159	0.6275	0.3566	0.0113	0.5113	0.4773	0.8049	0.061	0.0854	0.0488	0.0002	0.0019	0.0114	0.0026	0	0	0	0.019	0	0	0	0	0.0035	0	0	0	0	0	0	0	0.9637	0	0	0	0	0	0	0	0.0138	0	0	0	0	0	0	0	0	0	0.0075	0	0	0.0602	0	0	0	0.8346	0	0.0075	0	0	0	0	0	0	0	0	0	0	0	0.0075	0	0	0	0	0	0	0	0	0	0.0827	0	0	0.0036	0.0118	0.0222	0.8389	0.0556	0.0389	0.0444	0.0185	0.0017	0.0151	0.5017	0.005	0.1091	0.0101	0.2248	0.0503	0.0638	0
com.dooblou.WiFiFileExplorer	0.0079	0.1642	0.828	0.0029	0.1426	0.8544	0.2593	0.3148	0.3889	0.037	0.0005	0.0019	0.0155	0.0058	0	0.0065	0	0	0	0	0	0	0	0	0	0	0	0	0.9668	0	0	0.0175	0	0	0	0	0	0.0009	0.0083	0	0	0	0	0	0	0	0	0	0	0	0	0	0	0	0	0	0.0024	0	0.0391	0.0147	0	0	0	0	0	0.0562	0	0	0.8704	0	0.0171	0	0	0	0	0	0	0	0	0	0	0	0.0019	0.0111	0.0154	0.5154	0.2308	0.1462	0.0923	0.0413	0.0026	0.0685	0.5672	0.0155	0.1227	0.0078	0.0633	0.0646	0.0465	0
com.doplgangr.mcu	0.0369	0.2206	0.7424	0.0158	0.1972	0.787	0.3043	0.2391	0.3696	0.087	0.0006	0.0016	0.0189	0.0086	0	0	0	0	0	0	0	0.0089	0	0	0	0	0	0	0	0	0	0	0	0	0.0067	0	0.0056	0.9698	0	0	0.0089	0	0	0	0	0	0	0	0	0	0	0	0.0025	0	0	0	0	0	0	0	0	0	0	0	0	0.0172	0	0	0	0	0	0	0.8941	0	0.0345	0.0049	0.0123	0	0	0.0345	0	0	0.0019	0.0172	0.044	0.4396	0.2418	0.1758	0.0989	0.0356	0.0123	0.0724	0.5779	0.0037	0.0847	0.0074	0.016	0.0577	0.1325	0
com.druva.inSync_android	0	0.3863	0.6137	0	0.2854	0.7146	0.375	0.1607	0.4464	0.0179	0.0011	0.0022	0.0205	0.0075	0	0	0	0	0.004	0.002	0	0	0	0	0	0	0	0	0	0	0	0	0	0	0	0	0	0.006	0.9496	0.0262	0	0.0121	0	0	0	0	0	0	0	0	0	0	0	0	0	0.0656	0	0.0164	0	0	0	0.0055	0	0	0	0	0	0	0	0	0	0	0	0	0	0.0656	0	0.847	0	0	0	0	0.0051	0.0325	0.0081	0.6829	0.065	0.1951	0.0488	0.014	0.0013	0.0292	0.4396	0	0.0902	0.0178	0.2135	0.0445	0.1499	0
com.e6bapps.ganalytics	0.052	0.1788	0.7692	0.0417	0.1625	0.7958	0.5352	0.1127	0.3239	0.0282	0.001	0.0018	0.0181	0.008	0	0	0	0	0	0	0	0	0	0	0.0019	0.0078	0.0019	0	0	0	0	0	0.0078	0.0078	0	0	0	0	0	0	0	0.0049	0	0	0.9679	0	0	0	0	0	0	0	0	0	0	0	0	0.0395	0	0	0	0	0.0044	0.011	0	0	0	0.0548	0	0	0.8772	0	0	0	0.0132	0	0	0	0	0	0	0	0.0023	0.0168	0.0153	0.687	0.0992	0.1298	0.0687	0.0335	0.0105	0.0554	0.4467	0.0084	0.0962	0.0063	0.045	0.1015	0.1967	0
com.edition.player.show	0	0.173	0.827	0	0.0954	0.9046	0.4474	0.2368	0.2632	0.0526	0.0007	0.0022	0.0166	0.0078	0	0	0	0	0	0	0	0	0	0	0	0	0.0175	0	0	0.9676	0	0	0	0	0	0	0.005	0	0	0	0	0	0	0	0.01	0	0	0	0	0	0	0	0	0	0	0.0106	0	0	0	0	0	0.0053	0.8836	0	0	0	0	0	0	0	0.0317	0	0	0	0	0	0	0.0106	0	0	0.0582	0	0.0035	0.0267	0.0235	0.7059	0.1059	0.1059	0.0588	0.0171	0.0016	0.0823	0.4922	0.0016	0.1211	0	0.2174	0.0186	0.0481	0
com.ejr.mctstracker	0.048	0.0525	0.8995	0.0343	0.0439	0.9218	0.2979	0.234	0.4468	0.0213	0.0006	0.002	0.0164	0.0063	0	0	0	0	0	0	0	0	0	0	0	0	0.0016	0	0	0	0	0	0	0.0098	0.0114	0	0	0	0.9691	0	0	0	0	0	0.0081	0	0	0	0	0	0.0593	0.8644	0	0	0	0	0	0	0.0085	0	0	0	0	0	0	0	0	0.0508	0	0.0042	0.0127	0	0	0	0	0	0	0	0	0	0	0	0.0035	0.0204	0.0076	0.6136	0.1742	0.1439	0.0606	0.0418	0.0013	0.0575	0.3294	0.0013	0.149	0.0078	0.0484	0.1961	0.1673	0
com.erkanyilmaz.namazvakitleri	0.0291	0.1265	0.8444	0.0099	0.1977	0.7924	0.5263	0.1579	0.2105	0.1053	0.0008	0.0017	0.0206	0.0112	0.9736	0	0	0	0	0	0	0	0	0	0	0	0	0	0.0088	0.0176	0	0	0	0	0	0	0	0	0	0	0	0	0	0	0	0	0	0	0	0	0	0	0.0202	0	0	0	0	0	0	0	0.0444	0	0.0323	0	0	0	0	0	0	0	0	0	0	0	0	0.879	0	0	0.0242	0	0	0	0.0024	0.0233	0.0377	0.6792	0.1509	0.0566	0.0755	0.0214	0.0039	0.0447	0.7082	0.0195	0.0778	0	0.0175	0.0564	0.0506	0
com.giscloud.mdc	0.008	0.0901	0.9019	0.0008	0.0715	0.9277	0.6522	0.087	0.2174	0.0435	0.0017	0.0026	0.0178	0.0074	0	0	0	0	0	0.0153	0	0	0.9724	0	0	0	0	0	0	0	0	0	0	0	0	0	0	0	0	0.0123	0	0	0	0	0	0	0	0	0	0	0	0	0	0.0809	0	0.0882	0	0	0	0	0	0	0	0	0	0	0.0074	0	0	0	0	0	0	0	0	0	0	0	0.8088	0.0147	0	0	0.0034	0.0291	0.0161	0.7419	0.0968	0.0806	0.0645	0.0206	0.0019	0.045	0.651	0.03	0.0919	0	0.0281	0.0938	0.0375	0
com.google.zxing.client.android	0.0987	0	0.9013	0.0432	0	0.9568	0.7857	0	0.1429	0.0714	0.0008	0.0013	0.0114	0.0051	0	0	0	0	0	0	0	0	0	0	0	0	0	0	0	0	0	0.0061	0	0	0	0	0	0	0	0	0	0.9939	0	0	0	0	0	0	0.1081	0	0	0	0	0	0.0135	0	0	0.7703	0	0	0.0946	0	0	0	0	0	0	0	0	0	0	0	0	0	0	0	0.0135	0	0	0	0	0	0.0026	0.0311	0.0263	0.8684	0	0.0526	0.0526	0.0246	0.0022	0.0424	0.7567	0.0312	0.0558	0	0.0223	0.0469	0.0179	0
com.greywallsoftware.veoci	0.0085	0.1369	0.8547	0.0009	0.0846	0.9145	0.3469	0.1837	0.449	0.0204	0.0015	0.0041	0.0172	0.0075	0	0	0	0	0	0	0.9483	0	0	0	0	0	0	0	0	0.0091	0	0	0	0	0.0061	0	0.0243	0	0	0	0	0	0	0.0122	0	0	0	0	0	0	0	0.0909	0	0	0	0	0	0.007	0	0	0.7622	0	0	0	0	0	0	0	0	0	0	0	0.014	0	0	0	0.007	0.1189	0	0	0	0	0.0053	0.0285	0.0098	0.5392	0.2157	0.1667	0.0686	0.0331	0.0018	0.046	0.3934	0.0221	0.0717	0.0331	0.0276	0.2812	0.0901	0
com.hardcoreapps.loboshaker	0	0.0778	0.9222	0	0.0773	0.9227	0.2449	0.2857	0.4082	0.0612	0.0006	0.0021	0.0141	0.0056	0.0055	0	0	0	0	0	0	0	0	0.015	0	0	0	0	0.0014	0	0	0	0	0	0	0	0	0	0.9781	0	0	0	0	0	0	0	0	0	0.0582	0	0.0103	0	0	0	0	0	0	0	0	0.0137	0	0	0	0	0.8596	0	0	0	0	0	0.0034	0	0	0	0	0	0	0	0.0548	0	0	0	0.0019	0.0148	0.0312	0.5938	0.125	0.1875	0.0625	0.0418	0.0013	0.0641	0.4471	0.0105	0.1229	0.0183	0.217	0.0131	0.0641	0
com.ictap.casm	0.0102	0.0992	0.8905	0.0022	0.0761	0.9217	0.25	0.25	0.45	0.05	0.0013	0.0016	0.0186	0.0067	0	0	0.9627	0	0	0	0.0155	0	0	0	0	0	0	0	0	0	0	0	0	0.0062	0	0	0	0	0	0	0.0155	0	0	0	0	0	0	0	0	0	0	0	0	0	0.069	0	0	0.8276	0	0	0	0.0086	0	0	0	0	0	0	0	0	0	0.0948	0	0	0	0	0	0	0	0	0	0	0.0032	0.0269	0.0182	0.4182	0.3273	0.1636	0.0727	0.0237	0.0022	0.0495	0.4151	0.0387	0.0645	0	0.0344	0.2817	0.0903	0
com.idl.apptitudeBook	0.0204	0.003	0.9766	0.007	0.0015	0.9916	0.7143	0	0.2143	0.0714	0.0003	0.0016	0.0145	0.0054	0	0	0	0	0	0	0	0	0	0	0	0	0	0	0	0	0	0	0	0	0.0095	0	0.019	0.9714	0	0	0	0	0	0	0	0	0	0	0	0	0.094	0	0	0	0	0	0	0	0.0085	0.0085	0	0	0	0	0.8205	0	0	0	0.0513	0	0	0	0	0	0	0	0	0	0	0	0.0171	0	0.0022	0.0223	0.0213	0.8723	0	0.0638	0.0426	0.0372	0.0021	0.0496	0.6921	0.0021	0.0537	0	0.0289	0.1012	0.0331	0
com.in.skydrive.advancefree	0.0409	0.0434	0.9157	0.0324	0.0317	0.9359	0.4483	0.2586	0.2586	0.0345	0.001	0.0024	0.0151	0.0075	0.0067	0	0	0	0	0	0	0.0011	0	0	0	0	0	0	0	0	0	0	0	0	0	0	0	0	0	0.0067	0.0067	0.9787	0	0	0	0	0	0	0.0431	0	0	0	0	0	0	0	0	0	0	0	0	0	0	0.0159	0	0.0113	0	0.0385	0	0	0	0.8889	0	0	0	0	0	0	0	0	0.0023	0	0.0024	0.0161	0.0143	0.65	0.15	0.0929	0.0929	0.0336	0.0105	0.0682	0.5037	0.0042	0.1459	0	0.042	0.1028	0.0892	0
com.jb.gokeyboard.theme.BestThemes.pinkzebra	0.0092	0.2536	0.7372	0.0051	0.186	0.8089	0.25	0.2083	0.5208	0.0208	0.0007	0.0028	0.0157	0.0056	0.0154	0.9645	0	0	0	0	0	0	0	0	0	0	0	0.0031	0.0031	0	0.0031	0	0	0	0	0	0	0	0	0	0	0.0108	0	0	0	0	0	0	0.0687	0	0.0086	0	0	0	0	0	0.0558	0	0	0	0	0	0	0	0	0	0.8369	0	0	0	0	0	0	0.0086	0	0	0	0	0	0	0	0.0215	0.0027	0.0168	0.009	0.5045	0.1802	0.2162	0.0901	0.0418	0.0014	0.0938	0.4271	0.0043	0.0534	0.0144	0.2367	0.0274	0.0996	0
com.jb.gokeyboard.theme.fungreenpower	0.0156	0.2934	0.6911	0.0083	0.2153	0.7765	0.2609	0.2174	0.5	0.0217	0.0008	0.0033	0.0182	0.0066	0.0031	0	0	0.0156	0	0.0031	0	0	0	0	0	0	0	0	0	0	0	0	0	0.011	0	0.964	0	0	0.0031	0	0	0	0	0	0	0	0	0	0	0	0.0171	0.0641	0	0	0	0	0	0.0085	0	0.0556	0	0	0	0	0	0	0	0	0	0	0	0.8462	0	0	0	0	0	0.0085	0	0	0	0	0.0032	0.0196	0.0089	0.5179	0.1875	0.1964	0.0893	0.042	0.0014	0.0984	0.4848	0.0043	0.0449	0.0145	0.2373	0.0145	0.0579	0
com.jb.gokeyboard.theme.tmebluefancy	0.0391	0.1939	0.767	0.0281	0.1496	0.8223	0.38	0.16	0.44	0.02	0.0008	0.0023	0.0172	0.0067	0	0	0.0028	0	0	0	0	0	0.9669	0.0028	0	0	0.0069	0	0	0	0	0	0	0	0	0	0	0	0	0	0	0	0	0.0083	0	0	0	0.0124	0.0571	0	0	0	0	0	0	0	0	0	0	0	0	0	0	0	0	0.0036	0	0	0	0	0	0	0	0	0	0	0.0071	0	0.0179	0.8679	0	0.0464	0.0029	0.0178	0.0081	0.6129	0.129	0.1613	0.0887	0.024	0.0013	0.0893	0.5	0.004	0.096	0	0.2187	0.016	0.0507	0
com.jb.gokeyboard.theme.tmepinkkeyboardpersonalization	0.0391	0.1939	0.767	0.0281	0.1496	0.8223	0.38	0.16	0.44	0.02	0.0008	0.0023	0.0172	0.0067	0	0	0	0	0	0.0028	0	0	0	0	0.9669	0	0	0	0.0028	0	0	0.0069	0	0	0	0.0083	0	0	0	0	0	0	0	0	0.0124	0	0	0	0	0	0	0	0	0	0.0036	0.0179	0	0	0	0.0571	0	0.8679	0	0	0	0	0	0	0	0	0	0	0	0	0	0	0.0071	0	0.0464	0	0	0	0.0029	0.0178	0.0081	0.6129	0.129	0.1613	0.0887	0.024	0.0013	0.0893	0.5	0.004	0.096	0	0.2187	0.016	0.0507	0
com.jb.gokeyboard.theme.twkeyboardforhtconem8	0.0391	0.1939	0.767	0.0281	0.1496	0.8223	0.38	0.16	0.44	0.02	0.0008	0.0023	0.0172	0.0067	0	0	0.0028	0	0	0	0	0	0.9669	0.0028	0	0	0.0069	0	0	0	0	0	0	0	0	0	0	0	0	0	0	0	0	0.0083	0	0	0	0.0124	0.0571	0	0	0	0	0	0	0	0	0	0	0	0	0	0	0	0	0.0036	0	0	0	0	0	0	0	0	0	0	0.0071	0	0.0179	0.8679	0	0.0464	0.0029	0.0178	0.0081	0.6129	0.129	0.1613	0.0887	0.024	0.0013	0.0893	0.5	0.004	0.096	0	0.2187	0.016	0.0507	0
com.jb.gokeyboard.theme.twkeyboardforsonyxperiaz	0.0391	0.1939	0.767	0.0281	0.1496	0.8223	0.38	0.16	0.44	0.02	0.0008	0.0023	0.0172	0.0067	0	0	0.0069	0	0	0	0	0	0.0028	0	0	0	0.0124	0	0	0	0	0	0	0	0	0	0.0083	0	0	0	0	0	0	0.9669	0.0028	0	0	0	0	0	0	0	0.0071	0	0	0	0	0	0	0	0.0464	0	0.0179	0	0	0	0	0	0	0	0	0	0	0	0	0.8679	0.0571	0	0	0	0.0036	0	0.0029	0.0178	0.0081	0.6129	0.129	0.1613	0.0887	0.024	0.0013	0.0893	0.5	0.004	0.096	0	0.2187	0.016	0.0507	0
com.katz.rexall	0.0078	0.0056	0.9866	0.0007	0.0009	0.9984	0.375	0	0.5	0.125	0.0003	0.0009	0.01	0.0059	0	0	0	0	0	0	0	0	0	0	0	0	1	0	0	0	0	0	0	0	0	0	0	0	0	0	0	0	0	0	0	0	0	0	0.0725	0	0	0	0	0	0	0	0.1594	0	0	0	0	0	0	0	0	0	0	0	0	0	0	0	0	0	0	0.0145	0	0	0	0.7536	0	0	0.0023	0.0341	0.037	0.7407	0	0.1481	0.0741	0.0276	0.0025	0.0226	0.8221	0	0.0426	0	0.0226	0.0426	0.0175	0
com.kitapps.android.builder.bpm_dj_electronic_music_production_event	0	0.6128	0.3872	0	0.5164	0.4836	0.5476	0.0952	0.3333	0.0238	0.0003	0.0013	0.0135	0.0047	0	0	0	0	0	0.0127	0	0	0.0021	0	0	0	0.9672	0	0	0	0	0	0	0.0021	0	0	0	0	0	0	0	0	0.0053	0	0.0106	0	0	0	0	0	0	0	0	0.0485	0	0	0	0	0	0	0	0.8727	0	0	0	0	0.0485	0	0	0.0061	0	0	0.0121	0	0	0	0	0	0	0.0121	0	0	0.0013	0.0133	0.011	0.6593	0.1099	0.1429	0.0769	0.0268	0.0011	0.0589	0.4946	0.0257	0.0964	0.0064	0.045	0.1456	0.0996	0
com.lanoosphere.tessa.taxi_metz	0.0275	0.1312	0.8413	0.014	0.1155	0.8706	0.2778	0.2778	0.3889	0.0556	0.0006	0.0016	0.0149	0.0068	0	0.0219	0	0.0064	0	0	0.0193	0	0	0	0	0	0	0	0	0	0	0	0	0.0013	0	0	0	0	0	0	0	0	0	0	0	0	0	0.951	0.0453	0	0	0	0	0	0.0453	0.8725	0	0	0.017	0.017	0	0	0	0	0	0	0	0	0	0	0	0.0028	0	0	0	0	0	0	0	0	0	0	0.0017	0.0148	0.0227	0.5114	0.2386	0.1477	0.0795	0.0509	0.0013	0.0326	0.6188	0.0052	0.1423	0.0131	0.0483	0.0261	0.0614	0
com.locationlabs.finder.sprint	0.002	0.4847	0.5133	0.0004	0.3494	0.6502	0.5132	0.1053	0.3553	0.0263	0.0011	0.004	0.0177	0.0062	0	0.9634	0	0	0	0.0157	0	0	0	0	0	0	0	0	0	0	0	0.0031	0.0094	0	0	0.0021	0	0	0	0	0	0.0063	0	0	0	0	0	0	0	0	0	0	0	0	0.048	0	0	0	0	0	0	0	0	0.018	0	0	0	0	0	0	0	0	0.012	0	0	0.0661	0	0	0.8498	0	0.006	0	0.0053	0.0207	0.014	0.6923	0.0629	0.1748	0.0559	0.0348	0.0018	0.0366	0.413	0.0089	0.1784	0.0125	0.041	0.1445	0.1285	0
com.milan.novine	0.0018	0.0813	0.917	0.0003	0.073	0.9268	0.3472	0.2083	0.3889	0.0556	0.0006	0.0017	0.0137	0.0065	0	0	0.9801	0	0	0	0.001	0	0	0	0	0	0.0084	0.001	0	0	0	0	0	0.0042	0.0052	0	0	0	0	0	0	0	0	0	0	0	0	0	0	0	0	0	0	0.8842	0	0	0.0022	0	0	0	0	0	0	0	0	0	0	0	0.0445	0.0111	0	0.0178	0	0	0	0	0.0401	0	0	0	0	0	0.002	0.0122	0.0288	0.5036	0.223	0.1727	0.0719	0.0295	0.0189	0.0507	0.5507	0.0177	0.0814	0.0071	0.0507	0.079	0.1144	0
com.mobilitat.mls	0.0384	0	0.9616	0.0241	0	0.9759	0.2727	0.2727	0.3636	0.0909	0.001	0.0027	0.024	0.0131	0	0	0	0	0	0	0	0	0	0	0.0058	0	0	0	0.0195	0	0	0	0	0	0.0195	0	0	0.9552	0	0	0	0	0	0	0	0	0	0	0	0.0178	0	0	0	0	0.0391	0	0	0	0.032	0	0	0	0	0	0	0	0	0	0	0	0	0	0.8897	0	0	0	0	0.0214	0	0	0	0	0.0031	0.0268	0.0303	0.5758	0.197	0.0909	0.1061	0.0192	0.0035	0.0523	0.7247	0.0105	0.0453	0.0244	0.0226	0.0523	0.0453	0
com.mobisoft.morhipo	0.0964	0.245	0.6586	0.0417	0.2088	0.7495	0.2203	0.1864	0.5424	0.0508	0.0005	0.0017	0.0171	0.0061	0	0.0011	0	0	0	0	0	0	0	0	0	0	0	0	0	0.0107	0	0	0	0.0021	0	0	0	0	0	0	0	0.0096	0.0064	0	0	0.9701	0	0	0	0	0.8653	0	0	0.012	0	0	0	0	0	0	0	0	0.006	0.0539	0	0	0.012	0	0	0	0	0	0	0	0.0509	0	0	0	0	0	0	0	0.0022	0.0164	0.0248	0.4298	0.2314	0.2314	0.0826	0.0516	0.0011	0.0639	0.5852	0.0034	0.0807	0.0067	0.046	0.0729	0.0886	0
com.monsta.imagenscomfrasesdecarinho	0.014	0.2783	0.7077	0.0071	0.2119	0.781	0.4091	0.1061	0.4394	0.0455	0.001	0.0025	0.0197	0.0091	0.002	0	0	0	0	0	0	0	0.016	0	0	0	0	0	0	0	0.9641	0.002	0	0.002	0.014	0	0	0	0	0	0	0	0	0	0	0	0	0	0	0	0	0	0	0.0367	0	0	0	0	0	0	0	0.8963	0	0	0	0	0	0	0.0389	0	0	0	0	0	0	0	0.0108	0	0	0.013	0.0043	0	0.0026	0.0168	0.0226	0.609	0.1053	0.203	0.0602	0.0457	0.0117	0.0879	0.5217	0.0047	0.0903	0.0117	0.0504	0.0879	0.0879	0
com.musicmind	0.0022	0.3563	0.6416	0.0003	0.3234	0.6763	0.2925	0.1415	0.5	0.066	0.0005	0.0026	0.0142	0.0059	0	0	0	0	0.0009	0	0	0	0.0047	0	0	0	0	0	0	0	0	0	0	0.0065	0	0	0	0.9785	0.0075	0	0	0	0	0	0	0	0.0019	0	0	0	0	0.0023	0	0	0	0	0	0	0	0	0	0	0	0	0.8773	0	0.0341	0	0.0205	0	0	0	0.05	0	0	0	0	0.0159	0	0	0	0	0.0021	0.0134	0.0443	0.538	0.1266	0.2215	0.0696	0.0109	0.0158	0.0901	0.5218	0.0069	0.1139	0.0059	0.0426	0.0832	0.1089	0
com.neurondevelopments.levelsaid	0.0232	0.2054	0.7714	0.0113	0.1564	0.8323	0.5769	0.1538	0.2308	0.0385	0.0012	0.0018	0.0172	0.0092	0	0	0	0	0	0	0	0	0	0	0	0	0.0049	0	0	0	0.0098	0	0	0	0	0	0	0	0	0	0	0	0.9707	0	0	0.0146	0	0	0	0.8909	0.0091	0.0591	0	0	0	0	0	0	0	0	0.0227	0	0	0	0	0	0	0.0136	0	0	0	0	0	0.0045	0	0	0	0	0	0	0	0	0.0035	0.0219	0.0119	0.7738	0.0952	0.0714	0.0476	0.0212	0.0019	0.0462	0.725	0	0.0769	0	0.0173	0.0596	0.0519	0
com.nilhcem.hostseditor	0.0291	0.1665	0.8044	0.0124	0.142	0.8456	0.6818	0.0909	0.1364	0.0909	0.0008	0.0016	0.0246	0.0119	0	0	0	0	0	0	0	0	0	0	0	0	0	0	0	0	0	0.0064	0	0.9936	0	0	0	0	0	0	0	0	0	0	0	0	0	0	0	0	0	0	0	0	0	0	0.0166	0	0	0	0	0	0.0033	0	0	0.0299	0	0	0	0	0	0	0	0.0166	0	0	0	0	0.0365	0	0	0.897	0.0034	0.0243	0.0235	0.8353	0.0706	0.0235	0.0471	0.0179	0.0033	0.0488	0.5935	0.0049	0.0455	0	0.0195	0.0894	0.1772	0
com.nvdevelopment.dict.derumt.free	0.0252	0.199	0.7759	0.0126	0.1481	0.8393	0.4211	0.0789	0.4737	0.0263	0.0005	0.0012	0.0159	0.006	0	0	0	0	0	0	0	0	0	0	0	0	0	0	0	0	0	0.0043	0	0	0	0	0	0.01	0	0	0	0.03	0.9544	0	0.0014	0	0	0	0.8652	0	0	0.015	0	0.0037	0.0112	0	0	0	0	0	0	0	0	0	0	0	0.0562	0	0	0	0	0.0487	0	0	0	0	0	0	0	0	0	0	0.0024	0.0184	0.0093	0.6729	0.0841	0.1682	0.0654	0.0394	0.0012	0.1082	0.583	0.0135	0.064	0.0074	0.0492	0.0246	0.1095	0
com.nvdevelopment.ref.constcolombia.free	0.0252	0.199	0.7759	0.0126	0.1481	0.8393	0.4211	0.0789	0.4737	0.0263	0.0005	0.0012	0.0159	0.006	0	0	0	0	0	0	0	0	0	0	0	0	0	0	0	0	0	0.0043	0	0	0	0	0	0.01	0	0	0	0.03	0.9544	0	0.0014	0	0	0	0.8652	0	0	0.015	0	0.0037	0.0112	0	0	0	0	0	0	0	0	0	0	0	0.0562	0	0	0	0	0.0487	0	0	0	0	0	0	0	0	0	0	0.0024	0.0184	0.0093	0.6729	0.0841	0.1682	0.0654	0.0394	0.0012	0.1082	0.583	0.0135	0.064	0.0074	0.0492	0.0246	0.1095	0
com.on_labs.android.aplus	0.1801	0.0794	0.7405	0.085	0.0533	0.8618	0.7778	0	0.1667	0.0556	0.0006	0.0018	0.0152	0.0065	0	0	0	0	0.0034	0.0068	0	0	0	0	0	0	0	0	0	0	0	0	0	0	0	0	0	0	0	0	0	0	0	0	0.9897	0	0	0	0.0242	0	0	0	0.0484	0	0	0.8226	0	0.0081	0	0	0	0	0	0.0161	0	0	0	0	0	0.0806	0	0	0	0	0	0	0	0	0	0	0	0	0.0028	0.0354	0.0189	0.8868	0	0.0566	0.0377	0.0162	0.0015	0.0176	0.4676	0	0.1662	0	0.0132	0.2059	0.1118	0
com.picovico.android	0.0919	0.1522	0.7559	0.0587	0.1161	0.8252	0.5283	0.1698	0.2642	0.0377	0.0011	0.0033	0.0179	0.0071	0	0	0	0	0	0	0	0	0	0.9878	0	0	0	0	0	0	0	0	0	0	0	0.003	0	0	0	0	0	0	0.0015	0	0	0	0	0.0076	0	0	0.0115	0	0	0.0615	0	0	0.0038	0	0.8577	0	0	0	0	0	0	0	0	0	0	0	0	0	0	0.0154	0	0	0	0	0	0	0	0.05	0.0036	0.0232	0.0149	0.7239	0.1045	0.097	0.0597	0.0376	0.0012	0.0446	0.4636	0.0012	0.1138	0	0.0481	0.1655	0.1244	0
com.redyApps.redyGymLog	0	0.3302	0.6698	0	0.318	0.682	0.3623	0.1884	0.4058	0.0435	0.0007	0.0017	0.015	0.0063	0	0.0128	0	0	0	0	0	0	0	0	0	0	0	0	0	0	0	0.0082	0.0036	0	0	0.0027	0	0.9663	0	0	0	0	0	0	0	0	0.0064	0	0	0.0588	0	0	0	0	0	0.0109	0	0.0131	0	0.8758	0	0	0.037	0	0	0	0	0	0	0	0	0	0	0	0	0	0	0	0.0044	0	0	0	0.0022	0.0118	0.0185	0.5988	0.1605	0.1543	0.0679	0.045	0.0115	0.0946	0.4971	0.0092	0.1061	0.0115	0.0461	0.0877	0.0911	0
com.repotechnology.champion	0.0047	0.0086	0.9867	0.0006	0.0078	0.9915	0.4286	0.1429	0.3878	0.0408	0.0013	0.003	0.0226	0.0121	0	0	0	0	0	0	0	0	0	0.0028	0	0	0	0	0	0	0	0	0	0	0.0083	0	0	0	0.9875	0.0014	0	0	0	0	0	0	0	0	0	0	0	0	0	0	0	0	0	0	0	0	0	0	0	0.8679	0	0	0	0	0.0622	0.0026	0.0363	0	0	0	0	0	0.0155	0	0	0	0	0.0155	0.0029	0.0212	0.0213	0.6383	0.1809	0.117	0.0426	0.0162	0.0147	0.0723	0.5295	0.0192	0.1032	0	0.0737	0.1239	0.0472	0
com.rescuetime.android	0.0064	0.0667	0.9269	0.0007	0.0466	0.9527	0.3939	0.2727	0.2727	0.0606	0.0007	0.0039	0.0258	0.0087	0	0	0	0	0	0	0	0	0	0	0	0	0.0024	0	0	0.0109	0	0	0.0206	0	0	0	0	0	0	0	0	0.966	0	0	0	0	0	0	0	0	0	0	0	0	0	0	0	0	0	0.0036	0	0	0	0	0.9134	0	0.0253	0.0108	0.0289	0	0	0	0	0	0	0	0.0181	0	0	0	0	0	0.0031	0.0188	0.0204	0.6633	0.1633	0.0816	0.0714	0.0183	0.0017	0.0466	0.624	0	0.0649	0	0.015	0.0882	0.1414	0
com.rootuninstaller.taskbarw8	0.0643	0.0892	0.8465	0.0463	0.0541	0.8996	0.5273	0.1091	0.3273	0.0364	0.0014	0.0052	0.0237	0.0113	0	0.0038	0.0013	0	0	0	0	0	0	0	0	0.0025	0	0	0	0.0038	0	0	0	0	0	0	0.0075	0	0	0	0.9698	0.0113	0	0	0	0	0	0	0	0	0	0	0.8842	0	0	0	0	0	0.0158	0	0	0	0	0	0	0	0	0	0	0	0	0	0	0.0368	0	0.0447	0	0	0	0	0.0158	0.0026	0.004	0.0261	0.0149	0.7239	0.0821	0.1194	0.0597	0.0286	0.0023	0.0469	0.4691	0.0195	0.1064	0	0.0492	0.1144	0.1636	0
com.sbgapps.scoreit	0.0574	0.0899	0.8526	0.0253	0.0611	0.9136	0.5625	0.125	0.1875	0.125	0.0006	0.0015	0.0224	0.0108	0	0	0	0	0	0	0.9941	0	0	0	0	0	0	0	0	0	0	0	0	0	0	0.0015	0	0	0	0	0	0.0044	0	0	0	0	0	0	0	0	0	0	0.8991	0	0	0	0	0.0153	0	0	0	0	0	0	0	0.0183	0	0	0	0	0	0	0	0	0	0.0306	0	0	0.0367	0	0	0	0.0016	0.0227	0.0408	0.7347	0.1224	0.0408	0.0612	0.0161	0.0146	0.0599	0.6652	0.0044	0.0687	0	0.0175	0.0453	0.1082	0
com.seazon.fo	0.1402	0.0038	0.8561	0.054	0.0025	0.9435	0.8462	0	0.0769	0.0769	0.0008	0.001	0.0102	0.0039	0	0.9776	0	0	0	0	0	0	0	0	0	0	0.0075	0	0	0	0	0	0	0	0	0	0	0	0	0	0	0	0	0	0.0149	0	0	0	0	0	0	0	0	0	0	0	0	0	0	0	0.0392	0	0	0	0	0	0	0	0	0	0	0.0784	0	0	0	0	0	0.8824	0	0	0	0	0.0027	0.0362	0.0278	0.8611	0	0.0278	0.0833	0.023	0.0021	0.0188	0.6674	0	0.0774	0	0.0377	0.0837	0.09	0
com.sedevelop.dict.enfren.free	0.0252	0.199	0.7759	0.0126	0.1481	0.8393	0.4211	0.0789	0.4737	0.0263	0.0005	0.0012	0.0159	0.006	0	0	0	0	0	0	0	0	0	0	0	0	0	0	0	0	0	0.0043	0	0	0	0	0	0.01	0	0	0	0.03	0.9544	0	0.0014	0	0	0	0.8652	0	0	0.015	0	0.0037	0.0112	0	0	0	0	0	0	0	0	0	0	0	0.0562	0	0	0	0	0.0487	0	0	0	0	0	0	0	0	0	0	0.0024	0.0184	0.0093	0.6729	0.0841	0.1682	0.0654	0.0394	0.0012	0.1082	0.583	0.0135	0.064	0.0074	0.0492	0.0246	0.1095	0
com.socrative.teacher	0.0079	0	0.9921	0.0009	0	0.9991	0.4167	0.1667	0.25	0.1667	0.0007	0.0015	0.0245	0.013	0	0	0	0	0.005	0	0	0	0	0	0	0	0	0	0.995	0	0	0	0	0	0	0	0	0	0	0	0	0	0	0	0	0	0	0	0	0	0	0	0.0283	0	0.9025	0	0	0	0	0.0157	0	0	0	0	0	0	0	0	0	0.0157	0	0	0.0377	0	0	0	0	0	0	0	0	0	0.0016	0.0259	0.05	0.675	0.15	0.05	0.075	0.0174	0.0158	0.0555	0.6688	0.0048	0.065	0	0.019	0.0475	0.1062	0
com.sports.cricket.schedule	0.0158	0.008	0.9762	0.0072	0.0119	0.9808	0.2826	0.3043	0.3696	0.0435	0.0006	0.0017	0.0147	0.0071	0	0	0	0	0	0	0.0069	0	0	0	0	0	0.9804	0	0	0	0.0012	0	0	0.0058	0	0	0	0	0	0	0	0	0.0058	0	0	0	0	0	0	0.012	0.0168	0	0	0	0	0.8849	0	0	0	0	0	0	0	0	0	0	0.0408	0.0432	0	0.0024	0	0	0	0	0	0	0	0	0	0	0	0	0.0019	0.0132	0.0177	0.5133	0.2478	0.1327	0.0885	0.0412	0.0129	0.0657	0.6095	0.0052	0.1134	0	0.0515	0.0232	0.0773	0
com.srigunting.kumpulandoa	0.0029	0.0492	0.9479	0.0004	0.035	0.9646	0.2667	0.1667	0.5	0.0667	0.0008	0.0019	0.0204	0.0106	0	0	0	0	0	0	0	0	0.0083	0	0	0	0	0.0096	0.0014	0	0	0	0	0	0	0	0	0	0.978	0	0	0	0	0.0028	0	0	0	0	0	0	0	0	0	0	0	0	0	0	0	0.0133	0.0027	0.048	0	0	0.0133	0	0	0	0	0	0	0	0	0	0	0	0.88	0	0.0427	0	0	0	0.0022	0.0188	0.0256	0.6154	0.1282	0.1667	0.0641	0.048	0.015	0.09	0.5367	0.009	0.1034	0	0.06	0.0975	0.0405	0
com.telerik.GoogleLinks	0.0064	0.1241	0.8695	0.0006	0.0892	0.9102	0.4444	0	0.4444	0.1111	0.0012	0.0006	0.0149	0.0058	0	0	0	0	0	0	0	0	0	0	0	0	0	0	0	0.0048	0	0	0	0	0	0	0	0	0	0	0	0	0	0.9952	0	0	0	0	0.1235	0	0	0	0	0	0	0	0	0	0	0	0	0	0	0.0494	0	0	0	0	0	0	0	0	0	0	0	0	0.8272	0	0	0	0	0	0.0018	0.0287	0.04	0.72	0	0.16	0.08	0.0276	0.0025	0.0226	0.8216	0	0.0427	0	0.0226	0.0427	0.0176	0
com.texterity.android.CaliforniaFreemason	0.0343	0.135	0.8307	0.0292	0.1624	0.8084	0.4304	0.2152	0.3291	0.0253	0.0007	0.0018	0.0134	0.0052	0	0	0	0	0.0062	0	0	0	0	0.0134	0	0.969	0	0.001	0	0	0	0	0	0	0.0083	0	0	0	0	0	0	0	0.0021	0	0	0	0	0	0	0	0	0	0	0.0134	0	0	0	0.0535	0	0	0	0	0	0	0	0	0	0	0	0	0.0027	0.0455	0	0	0	0	0	0	0	0.869	0	0.016	0.003	0.013	0.0093	0.6651	0.1488	0.1116	0.0651	0.0501	0.0107	0.064	0.4648	0.0107	0.113	0.0171	0.1812	0.0192	0.0693	0
com.texterity.android.ComplianceToday	0.0343	0.135	0.8307	0.0292	0.1624	0.8084	0.4304	0.2152	0.3291	0.0253	0.0007	0.0018	0.0134	0.0052	0	0	0	0	0.0062	0	0	0	0	0.0134	0	0.969	0	0.001	0	0	0	0	0	0	0.0083	0	0	0	0	0	0	0	0.0021	0	0	0	0	0	0	0	0	0	0	0.0134	0	0	0	0.0535	0	0	0	0	0	0	0	0	0	0	0	0	0.0027	0.0455	0	0	0	0	0	0	0	0.869	0	0.016	0.003	0.013	0.0093	0.6651	0.1488	0.1116	0.0651	0.0501	0.0107	0.064	0.4648	0.0107	0.113	0.0171	0.1812	0.0192	0.0693	0
com.texterity.android.DirtWheels	0.0343	0.135	0.8307	0.0292	0.1624	0.8084	0.4304	0.2152	0.3291	0.0253	0.0007	0.0018	0.0134	0.0052	0	0	0	0	0.0062	0	0	0	0	0.0134	0	0.969	0	0.001	0	0	0	0	0	0	0.0083	0	0	0	0	0	0	0	0.0021	0	0	0	0	0	0	0	0	0	0	0.0134	0	0	0	0.0535	0	0	0	0	0	0	0	0	0	0	0	0	0.0027	0.0455	0	0	0	0	0	0	0	0.869	0	0.016	0.003	0.013	0.0093	0.6651	0.1488	0.1116	0.0651	0.0501	0.0107	0.064	0.4648	0.0107	0.113	0.0171	0.1812	0.0192	0.0693	0
com.texterity.android.DisasterRecoveryJournal	0.0343	0.135	0.8307	0.0292	0.1624	0.8084	0.4304	0.2152	0.3291	0.0253	0.0007	0.0018	0.0134	0.0052	0	0	0	0	0.0062	0	0	0	0	0.0134	0	0.969	0	0.001	0	0	0	0	0	0	0.0083	0	0	0	0	0	0	0	0.0021	0	0	0	0	0	0	0	0	0	0	0.0134	0	0	0	0.0535	0	0	0	0	0	0	0	0	0	0	0	0	0.0027	0.0455	0	0	0	0	0	0	0	0.869	0	0.016	0.003	0.013	0.0093	0.6651	0.1488	0.1116	0.0651	0.0501	0.0107	0.064	0.4648	0.0107	0.113	0.0171	0.1812	0.0192	0.0693	0
com.texterity.android.HumanResourceExecutive	0.0343	0.135	0.8307	0.0292	0.1624	0.8084	0.4304	0.2152	0.3291	0.0253	0.0007	0.0018	0.0134	0.0052	0	0	0	0	0.0062	0	0	0	0	0.0134	0	0.969	0	0.001	0	0	0	0	0	0	0.0083	0	0	0	0	0	0	0	0.0021	0	0	0	0	0	0	0	0	0	0	0.0134	0	0	0	0.0535	0	0	0	0	0	0	0	0	0	0	0	0	0.0027	0.0455	0	0	0	0	0	0	0	0.869	0	0.016	0.003	0.013	0.0093	0.6651	0.1488	0.1116	0.0651	0.0501	0.0107	0.064	0.4648	0.0107	0.113	0.0171	0.1812	0.0192	0.0693	0
com.texterity.android.ODT	0.0343	0.135	0.8307	0.0292	0.1624	0.8084	0.4304	0.2152	0.3291	0.0253	0.0007	0.0018	0.0134	0.0052	0	0	0	0	0.0062	0	0	0	0	0.0134	0	0.969	0	0.001	0	0	0	0	0	0	0.0083	0	0	0	0	0	0	0	0.0021	0	0	0	0	0	0	0	0	0	0	0.0134	0	0	0	0.0535	0	0	0	0	0	0	0	0	0	0	0	0	0.0027	0.0455	0	0	0	0	0	0	0	0.869	0	0.016	0.003	0.013	0.0093	0.6651	0.1488	0.1116	0.0651	0.0501	0.0107	0.064	0.4648	0.0107	0.113	0.0171	0.1812	0.0192	0.0693	0
com.texterity.android.Oncology	0.0343	0.135	0.8307	0.0292	0.1624	0.8084	0.4304	0.2152	0.3291	0.0253	0.0007	0.0018	0.0134	0.0052	0	0	0	0	0.0062	0	0	0	0	0.0134	0	0.969	0	0.001	0	0	0	0	0	0	0.0083	0	0	0	0	0	0	0	0.0021	0	0	0	0	0	0	0	0	0	0	0.0134	0	0	0	0.0535	0	0	0	0	0	0	0	0	0	0	0	0	0.0027	0.0455	0	0	0	0	0	0	0	0.869	0	0.016	0.003	0.013	0.0093	0.6651	0.1488	0.1116	0.0651	0.0501	0.0107	0.064	0.4648	0.0107	0.113	0.0171	0.1812	0.0192	0.0693	0
com.texterity.android.PelotonApp	0.0343	0.135	0.8307	0.0292	0.1624	0.8084	0.4304	0.2152	0.3291	0.0253	0.0007	0.0018	0.0134	0.0052	0	0	0	0	0.0062	0	0	0	0	0.0134	0	0.969	0	0.001	0	0	0	0	0	0	0.0083	0	0	0	0	0	0	0	0.0021	0	0	0	0	0	0	0	0	0	0	0.0134	0	0	0	0.0535	0	0	0	0	0	0	0	0	0	0	0	0	0.0027	0.0455	0	0	0	0	0	0	0	0.869	0	0.016	0.003	0.013	0.0093	0.6651	0.1488	0.1116	0.0651	0.0501	0.0107	0.064	0.4648	0.0107	0.113	0.0171	0.1812	0.0192	0.0693	0
com.texterity.android.SeniorLivingExecutive	0.0356	0.114	0.8503	0.03	0.1458	0.8242	0.44	0.2267	0.3067	0.0267	0.0006	0.0018	0.0133	0.0052	0	0	0	0.0075	0.0086	0.0021	0	0	0	0	0	0	0	0	0	0.0064	0	0	0	0	0	0	0	0.9753	0	0	0	0	0	0	0	0	0	0	0	0	0	0.0545	0	0	0	0	0	0	0.0136	0	0	0	0.0027	0	0	0	0	0	0	0	0	0	0	0.0163	0	0	0	0	0	0.8665	0	0.0463	0.0029	0.0128	0.0097	0.6667	0.1546	0.1014	0.0676	0.0356	0.0111	0.0634	0.5662	0.0044	0.1157	0.0178	0.0445	0.0723	0.069	0
com.texterity.android.SprayFoam	0.0343	0.135	0.8307	0.0292	0.1624	0.8084	0.4304	0.2152	0.3291	0.0253	0.0007	0.0018	0.0134	0.0052	0	0	0	0	0.0062	0	0	0	0	0.0134	0	0.969	0	0.001	0	0	0	0	0	0	0.0083	0	0	0	0	0	0	0	0.0021	0	0	0	0	0	0	0	0	0	0	0.0134	0	0	0	0.0535	0	0	0	0	0	0	0	0	0	0	0	0	0.0027	0.0455	0	0	0	0	0	0	0	0.869	0	0.016	0.003	0.013	0.0093	0.6651	0.1488	0.1116	0.0651	0.0501	0.0107	0.064	0.4648	0.0107	0.113	0.0171	0.1812	0.0192	0.0693	0
com.texterity.android.VermontLife	0.0343	0.135	0.8307	0.0292	0.1624	0.8084	0.4304	0.2152	0.3291	0.0253	0.0007	0.0018	0.0134	0.0052	0	0	0	0	0.0062	0	0	0	0	0.0134	0	0.969	0	0.001	0	0	0	0	0	0	0.0083	0	0	0	0	0	0	0	0.0021	0	0	0	0	0	0	0	0	0	0	0.0134	0	0	0	0.0535	0	0	0	0	0	0	0	0	0	0	0	0	0.0027	0.0455	0	0	0	0	0	0	0	0.869	0	0.016	0.003	0.013	0.0093	0.6651	0.1488	0.1116	0.0651	0.0501	0.0107	0.064	0.4648	0.0107	0.113	0.0171	0.1812	0.0192	0.0693	0
com.tobykurien.webapps	0.0136	0.2001	0.7863	0.0056	0.1206	0.8738	0.5294	0.1176	0.2353	0.1176	0.0005	0.0009	0.0222	0.0087	0	0	0	0	0.993	0	0	0	0	0	0	0	0	0	0	0	0	0	0	0	0	0	0	0	0	0	0	0	0	0	0.007	0	0	0	0	0	0.0332	0	0	0	0	0.0026	0	0	0	0	0	0	0	0	0	0	0	0	0.8827	0	0	0.0128	0	0	0	0.0153	0	0	0.0536	0	0	0	0.0011	0.0149	0.0392	0.7255	0.1176	0.0588	0.0588	0.0164	0.0149	0.0523	0.6009	0.0045	0.0987	0	0.0179	0.0912	0.1031	0
com.triveous.recorder	0.089	0.2063	0.7047	0.0501	0.156	0.7939	0.4627	0.209	0.2836	0.0448	0.0006	0.0024	0.0193	0.0082	0	0	0	0	0	0.0136	0	0	0	0	0.0107	0	0	0	0	0	0	0.0039	0	0	0.0019	0.0019	0.968	0	0	0	0	0	0	0	0	0	0	0	0	0	0	0	0	0.0432	0	0	0	0.0114	0	0.0364	0	0	0	0	0	0	0	0	0	0	0	0.0045	0	0	0	0.0136	0	0	0	0	0.8909	0	0.0026	0.0226	0.0217	0.7246	0.087	0.1014	0.0652	0.0207	0.0083	0.1074	0.4438	0.0058	0.124	0.0083	0.0306	0.0826	0.1686	0
com.tyczj.weddingalbum	0.032	0.2042	0.7638	0.0207	0.1586	0.8207	0.2836	0.209	0.4328	0.0746	0.0009	0.0026	0.0179	0.0078	0	0	0	0.001	0	0	0	0	0	0	0	0	0	0	0	0.006	0	0	0.979	0	0	0.003	0	0	0.006	0	0	0	0	0	0	0.005	0	0	0	0	0	0	0	0	0	0	0	0.0046	0	0	0	0	0	0	0	0	0	0	0	0	0.8871	0	0	0.0161	0	0.0392	0	0.0115	0	0.0415	0	0	0.0027	0.0177	0.0327	0.4902	0.2353	0.1699	0.0719	0.0272	0.0161	0.116	0.5368	0.004	0.0696	0.0101	0.0444	0.0686	0.107	0
com.vaishnavism.vishnusahasranaamam.english	0.0112	0	0.9888	0.0014	0	0.9986	0.375	0	0.375	0.25	0.001	0.0017	0.0235	0.0144	0	0	0	0	0	0	0	0	0	0.9941	0	0	0	0	0	0	0.0059	0	0	0	0	0	0	0	0	0	0	0	0	0	0	0	0	0	0	0	0	0	0	0	0	0	0	0	0	0	0	0	0.0433	0	0.0192	0	0	0	0	0.8894	0	0	0	0.024	0	0	0	0	0	0	0	0.024	0.0019	0.0308	0.0741	0.7778	0	0.0741	0.0741	0.0247	0.0022	0.0314	0.6413	0.0067	0.0381	0	0.0202	0.1054	0.13	0
com.vk.reader	0	0.3133	0.6867	0	0.2358	0.7642	0.4286	0.1786	0.3571	0.0357	0.0011	0.0028	0.0179	0.0084	0.0019	0.971	0	0	0	0	0	0	0.0019	0	0	0	0	0	0.0087	0	0	0	0	0	0	0	0	0.0039	0	0	0	0.0106	0	0.0019	0	0	0	0	0	0	0	0.0144	0	0.0041	0	0	0	0.8825	0	0	0	0	0.0515	0	0	0	0	0	0.0351	0	0	0	0	0	0	0	0	0	0	0	0	0.0124	0.0023	0.018	0.0226	0.6015	0.1128	0.218	0.0451	0.0376	0.0096	0.0752	0.4474	0.0058	0.1186	0.0135	0.162	0.0106	0.1196	0
com.eastros.c2x	0.0483	0.1491	0.8026	0.0265	0.091	0.8824	0.619	0	0.2857	0.0952	0.0008	0.0022	0.0234	0.0108	0.9686	0.0055	0	0	0	0	0	0	0	0	0	0	0	0	0	0	0.0018	0	0	0	0	0	0.0092	0	0	0	0	0	0.0055	0	0	0.0092	0	0	0	0	0	0	0	0.02	0	0	0	0	0.02	0	0	0	0	0	0	0	0	0	0.056	0	0.032	0	0	0	0	0.004	0	0	0.868	0	0	0	0.0029	0.0259	0.0294	0.8529	0	0.0735	0.0441	0.0416	0.0017	0.0233	0.5025	0.025	0.1065	0.0166	0.0616	0.1098	0.1115	0
coop.nisc.android.smarthub	0.003	0.4768	0.5202	0.0004	0.3881	0.6116	0.6883	0.1104	0.1753	0.026	0.0018	0.0039	0.0159	0.0067	0	0.0022	0	0.0011	0	0	0	0	0	0	0	0.958	0	0	0.0075	0	0	0	0	0	0	0.0161	0	0	0	0.0151	0	0	0	0	0	0	0	0	0	0	0.0357	0	0	0	0	0	0	0	0	0	0	0	0	0	0	0	0	0	0	0	0	0	0.0179	0.0587	0	0.8699	0	0.0026	0.0153	0	0	0	0.0068	0.0199	0.01	0.8678	0.0324	0.0449	0.0449	0.0284	0.0086	0.0344	0.5129	0.0086	0.1813	0.012	0.0112	0.073	0.1297	0
mmpud.project.daycountwidget	0.0226	0.0459	0.9315	0.0056	0.0458	0.9487	0.3571	0.1429	0.3571	0.1429	0.001	0.0015	0.0245	0.0144	0.0092	0	0	0	0	0	0	0	0	0	0.0046	0	0	0	0	0	0	0	0	0	0	0	0	0	0	0	0	0	0	0	0	0	0.9862	0	0	0	0	0.0234	0	0	0	0	0	0	0.0312	0	0	0	0	0	0	0	0	0	0	0.8828	0	0.0195	0	0	0	0	0.043	0	0	0	0	0	0.0025	0.0295	0.0455	0.6364	0.1364	0.0909	0.0909	0.021	0.0038	0.0438	0.6743	0.0057	0.0552	0	0.0171	0.1105	0.0686	0
cz.kupi	0.0568	0.1493	0.7939	0.0485	0.1518	0.7997	0.5204	0.1122	0.3265	0.0408	0.0017	0.0038	0.0145	0.0066	0	0	0.0021	0	0	0	0	0	0.0114	0	0	0.971	0	0	0	0	0	0	0	0.0021	0.0041	0	0	0	0	0	0	0	0	0	0	0	0.0093	0	0.0114	0	0	0	0	0	0	0	0	0	0	0	0	0	0	0.0136	0	0	0	0	0	0	0	0	0	0	0	0	0.0364	0.8795	0	0	0.0545	0.0045	0.0044	0.0178	0.0136	0.8061	0.0476	0.1054	0.0272	0.0448	0.0085	0.0745	0.5541	0.0169	0.0592	0.0118	0.0364	0.077	0.1168	0
cz.lidovky.mobil	0.0159	0	0.9841	0.0018	0	0.9982	0.5	0	0.25	0.25	0	0.0001	0.0017	0.001	0	0	0	0	0	0	0	0	0	0	0	0	0	0	0	0	0	1	0	0	0	0	0	0	0	0	0	0	0	0	0	0	0	0	0	0	0	0	0	0	0	0	0	0	0	0	0	0	0	0	0	0	0	0	0	0	0	0	0	0	0	0	0	0	0	0	1	0	0.0022	0.0345	0.0526	0.7895	0	0.0526	0.1053	0.0367	0.0033	0.03	0.83	0	0.0133	0	0.03	0.0567	0	0
de.actionbound	0.0043	0.0048	0.9909	0.0006	0.0028	0.9965	0.4211	0.1316	0.3947	0.0526	0.0012	0.0027	0.0225	0.0114	0	0	0.0081	0	0	0	0	0	0	0.9812	0	0	0	0	0	0	0	0.0013	0	0	0	0.0013	0	0.0081	0	0	0	0	0	0	0	0	0	0	0	0	0.0585	0	0	0	0	0	0.8644	0	0	0	0.016	0	0	0	0	0	0	0.016	0	0	0	0	0	0	0	0.0027	0	0	0	0	0.0426	0	0.0026	0.0209	0.0233	0.6744	0.1163	0.1279	0.0581	0.0261	0.0145	0.0711	0.5181	0.029	0.1045	0.0087	0.0682	0.1219	0.0377	0
de.androidsolutions.bistum.wbg	0.0206	0.0223	0.9571	0.0118	0.022	0.9662	0.5938	0.1562	0.2188	0.0312	0.0008	0.002	0.0151	0.0069	0	0	0	0.0062	0	0	0	0	0	0	0	0	0.9729	0	0	0.0099	0	0	0	0	0	0	0	0	0	0.0012	0	0	0	0.0099	0	0	0	0	0	0	0	0	0	0	0.0136	0	0	0	0	0.8753	0	0	0	0	0	0	0	0	0	0	0	0	0	0	0.0407	0	0	0.0515	0.0163	0	0.0027	0	0.0025	0.0141	0.0149	0.7388	0.097	0.097	0.0522	0.0515	0.0132	0.0555	0.5799	0.0238	0.0872	0.0132	0.0528	0.041	0.0819	0
de.appinside.devcenter.yltw63	0.0785	0.0789	0.8427	0.0412	0.0483	0.9105	0.5238	0.0952	0.2857	0.0952	0.0006	0.001	0.0166	0.006	0	0	0	0	0	0	0	0	0	0	0	0	0	0	0	0	0.0093	0	0	0.9788	0	0	0	0	0	0	0.0027	0	0	0.0093	0	0	0	0	0.0513	0	0	0.8718	0.0073	0.0037	0	0	0	0	0	0	0	0	0	0	0	0	0	0	0	0	0	0	0	0	0	0	0	0.0549	0	0	0.011	0	0.0014	0.0161	0.0312	0.7031	0.1094	0.0938	0.0625	0.0438	0.0014	0.0629	0.6252	0.0315	0.1026	0	0.0137	0.0479	0.0711	0
de.damageinc.thusp	0.0111	0.0791	0.9098	0.0067	0.0624	0.9309	0.3276	0.2414	0.3966	0.0345	0.0005	0.0019	0.0146	0.0067	0.0056	0	0.0067	0.0123	0	0.9742	0	0	0	0	0	0	0	0	0	0	0	0	0	0	0	0.0011	0	0	0	0	0	0	0	0	0	0	0	0	0	0	0.0538	0	0	0	0	0.0171	0	0	0	0	0.0122	0	0	0	0	0	0	0	0	0	0	0	0	0.0416	0	0.8729	0	0	0	0	0	0.0024	0.0022	0.0148	0.0147	0.5662	0.1985	0.1544	0.0662	0.0354	0.0177	0.0807	0.4895	0.011	0.1094	0.0155	0.0497	0.0983	0.0928	0
de.esymetric.rungps_lite	0.0687	0.2144	0.7169	0.034	0.1453	0.8207	0.2105	0.3947	0.2895	0.1053	0.0008	0.0019	0.0149	0.005	0	0	0	0	0.0055	0	0	0	0	0	0.0129	0	0	0.9375	0.0294	0	0	0	0	0	0	0	0	0.0018	0	0	0	0	0.0129	0	0	0	0	0	0	0	0	0	0.0761	0	0	0	0	0	0	0	0	0	0	0	0.8098	0.0707	0	0	0	0	0.0163	0	0	0.0054	0	0	0	0	0	0	0	0.0217	0.0022	0.0154	0.0494	0.5062	0.2222	0.1235	0.0988	0.0195	0.0018	0.0533	0.3748	0.0107	0.1101	0.0195	0.2984	0.0124	0.0995	0
de.leatherwallpaper	0	0.1812	0.8188	0	0.0825	0.9175	0.3	0.25	0.35	0.1	0.0003	0.0012	0.0195	0.0062	0	0	0	0	0	0	0	0	0	0	0	0	0	0.9845	0	0	0.0026	0	0	0	0	0	0	0	0.0052	0.0078	0	0	0	0	0	0	0	0	0	0	0	0	0.1148	0	0.0164	0	0	0	0.0082	0	0	0	0	0	0	0	0	0	0	0	0	0.7869	0	0.0574	0.0164	0	0	0	0	0	0	0	0.0026	0.0256	0.0385	0.6154	0.1538	0.1154	0.0769	0.0631	0.002	0.0375	0.3748	0.0079	0.0848	0	0.0237	0.2663	0.14	0
de.sandnersoft.Arbeitskalender_Lite	0.0052	0.3206	0.6742	0.0006	0.223	0.7764	0.7213	0.082	0.1639	0.0328	0.0011	0.0034	0.0224	0.0116	0	0	0	0	0	0	0	0	0	0.9836	0	0	0	0	0	0	0	0	0	0	0	0	0	0	0	0	0.009	0	0	0	0.0075	0	0	0	0	0	0	0	0	0	0	0	0	0	0	0	0.0145	0	0	0	0.0145	0	0	0	0	0	0	0.0319	0	0	0	0	0	0.9043	0.0348	0	0	0	0.0056	0.0359	0.0119	0.875	0.0417	0.0536	0.0179	0.0103	0.0019	0.0281	0.492	0.0028	0.2058	0	0.0112	0.0833	0.1646	0
com.hb.dialer.free	0.0002	0.6731	0.3268	0.0001	0.444	0.5558	0.6757	0.1622	0.1486	0.0135	0.0009	0.0026	0.018	0.0072	0	0	0	0.9609	0	0	0	0.0043	0	0	0	0	0	0	0	0.0072	0	0	0	0.0043	0	0	0	0	0.0101	0	0	0.0029	0	0.0101	0	0	0	0	0	0	0	0	0.0036	0	0.8587	0	0	0	0	0.0109	0	0	0	0.0652	0	0	0	0	0	0	0	0.0072	0	0	0	0	0	0	0	0	0	0.0543	0.0041	0.0261	0.0063	0.7468	0.1203	0.0696	0.057	0.032	0.001	0.0599	0.4186	0.003	0.1109	0	0.1698	0.0789	0.1259	0
es.wul4.android.santander	0	0.1562	0.8438	0	0.1363	0.8637	0.3333	0.2381	0.3571	0.0714	0.0007	0.0014	0.0195	0.008	0	0	0	0	0	0.0088	0	0.0088	0	0	0.0022	0	0	0	0	0.0022	0.9692	0	0	0	0	0	0.0055	0	0	0	0	0	0.0033	0	0	0	0	0	0	0	0	0.0429	0	0	0.8794	0.0483	0	0	0	0	0	0.0134	0	0	0	0	0	0.0027	0	0	0	0	0	0	0	0	0	0	0	0.0134	0	0	0.0019	0.0156	0.0345	0.5517	0.1494	0.1494	0.1149	0.0248	0.0138	0.0536	0.6272	0.0261	0.1018	0.0083	0.0468	0.0151	0.0825	0
eu.bioport.reporterio	0	0.3007	0.6993	0	0.248	0.752	0.6053	0.1316	0.1842	0.0789	0.001	0.0028	0.0257	0.0114	0	0	0	0	0	0	0	0	0.0049	0	0.0147	0	0	0	0	0	0.9621	0	0	0	0	0	0	0	0	0	0	0	0.0049	0	0	0	0.0134	0	0	0	0.0329	0	0	0	0	0	0	0	0.0438	0	0	0	0	0	0	0.0055	0	0	0	0.0137	0	0	0	0	0	0	0	0.0192	0	0.8849	0	0	0.0038	0.0235	0.025	0.7917	0.075	0.05	0.0583	0.0147	0.0134	0.0401	0.522	0.004	0.0828	0.024	0.0534	0.1135	0.1322	0
eu.spm.calcissimo	0.0069	0.1717	0.8215	0.0044	0.1063	0.8893	0.5294	0.1765	0.2353	0.0588	0.0001	0.0014	0.02	0.0062	0	0	0	0	0	0	0	0	0.002	0	0	0	0	0	0.0241	0	0	0	0	0	0	0	0	0	0.9738	0	0	0	0	0	0	0	0	0	0	0.0065	0	0.8377	0	0.013	0	0	0	0	0	0	0	0	0.0325	0	0.0974	0	0	0.013	0	0	0	0	0	0	0	0	0	0	0	0	0	0	0.0021	0.0203	0.0189	0.6226	0.1698	0.0755	0.1132	0.0219	0.002	0.0676	0.499	0	0.0398	0	0.0179	0.2644	0.0875	0
fi.android.takealot	0.1051	0.3014	0.5935	0.0767	0.2561	0.6672	0.5462	0.1462	0.2846	0.0231	0.0017	0.0037	0.0164	0.0057	0	0	0.0099	0	0.002	0	0	0	0	0.9704	0	0	0	0	0	0	0.0059	0	0	0	0	0	0	0	0	0	0	0.0099	0	0	0	0	0	0.002	0.0141	0	0	0	0	0	0	0	0	0	0	0.0366	0	0.8676	0	0	0	0	0	0	0	0	0.0141	0	0	0	0	0.062	0	0	0.0056	0	0	0	0.0036	0.017	0.0134	0.7009	0.0848	0.1429	0.058	0.0438	0.001	0.0856	0.4624	0.0162	0.1028	0.0133	0.1332	0.0219	0.1199	0
fr.easytouseapps.calcloan	0.0366	0.0183	0.9451	0.0195	0.0158	0.9647	0.6333	0.1	0.2333	0.0333	0.0004	0.0017	0.0158	0.0062	0.0172	0	0	0	0	0	0	0	0	0	0	0	0	0	0	0	0	0	0	0	0	0	0	0	0	0.9656	0	0	0.0086	0	0	0	0	0.0086	0	0	0.8382	0	0	0	0.0147	0	0	0	0	0	0	0	0.0956	0	0	0	0	0	0	0	0	0	0	0	0.0074	0	0	0	0	0	0	0.0441	0.0037	0.0271	0.0122	0.7195	0.1098	0.0854	0.0732	0.0417	0.0017	0.0533	0.435	0.0017	0.08	0	0.2317	0.05	0.105	0
goko.gcs	0.0374	0.0508	0.9119	0.0244	0.0296	0.946	0.5455	0.1212	0.2727	0.0606	0.0008	0.0028	0.022	0.0103	0.006	0	0	0.0072	0	0	0	0.9843	0	0	0	0	0	0	0	0	0	0	0	0	0.0012	0	0	0	0	0	0	0	0.0012	0	0	0	0	0	0.0386	0	0	0	0	0	0	0	0	0	0	0.892	0	0	0	0	0	0	0	0	0	0	0	0	0	0.0129	0	0.0026	0	0	0.0129	0	0	0.0411	0.0023	0.0215	0.023	0.7126	0.1149	0.092	0.0575	0.0309	0.0124	0.063	0.5698	0.0049	0.0766	0	0.0148	0.0705	0.157	0
sk.halmi.itimerad	0.043	0.0296	0.9274	0.032	0.0231	0.9449	0.5833	0.1458	0.25	0.0208	0.0005	0.0028	0.0111	0.0041	0	0	0	0	0	0	0	0.0187	0	0	0.0023	0.0094	0	0	0	0	0	0	0.0117	0	0	0	0	0.9578	0	0	0	0	0	0	0	0	0	0	0	0	0	0.0064	0	0	0	0	0	0	0	0.0641	0	0.0064	0	0	0.0769	0	0	0	0	0	0	0	0	0.8397	0	0	0.0064	0	0	0	0	0	0.0035	0.0185	0.0075	0.7669	0.0902	0.0902	0.0451	0.0451	0.0014	0.0494	0.6121	0.0014	0.0846	0.0141	0.0169	0.1439	0.031	0
com.frogcoders.internetSpeedBooster	0.0171	0.1127	0.8702	0.0038	0.0623	0.9338	0.5714	0	0.3571	0.0714	0.001	0.0029	0.0137	0.0068	0	0	0	0	0	0	0	0	0	0	0.0047	0.9336	0	0	0	0	0.0427	0	0	0	0	0	0	0	0	0	0	0	0	0	0	0.019	0	0	0.0095	0	0	0.8762	0	0	0	0	0.0095	0	0.019	0	0	0	0	0	0	0	0	0	0	0	0	0	0	0	0	0	0	0.0857	0	0	0	0	0.0024	0.0341	0.027	0.7838	0	0.1351	0.0541	0.021	0.0019	0.1011	0.729	0.0076	0.0592	0	0.0458	0.0191	0.0153	0
jitdesign.icsimport	0.0152	0.0279	0.9569	0.0053	0.0156	0.9791	0.7	0	0.2	0.1	0.0003	0.0006	0.0112	0.0054	0	0	0	0.038	0	0	0	0	0.9241	0	0	0	0	0	0	0	0	0	0.0253	0	0	0	0	0	0	0	0	0	0	0.0127	0	0	0	0	0	0	0	0	0	0	0	0	0	0	0	0	0	0	0.8289	0	0.0132	0	0	0	0	0	0	0	0	0	0	0	0	0	0	0.0132	0.1447	0	0.0021	0.0336	0.0333	0.8333	0	0.0667	0.0667	0.0233	0.0021	0.0445	0.5148	0	0.0466	0.0212	0.0212	0.3008	0.0254	0
jp.iggy.android.jblocknow	0.0354	0.0074	0.9572	0.0105	0.002	0.9875	0.2778	0.2778	0.3889	0.0556	0.0001	0.0008	0.004	0.0021	0	0	0	0	0	0	0	0	0	0	0	0	0	0	0	0	0	0	0	0	0	1	0	0	0	0	0	0	0	0	0	0	0	0	0	0	0	0	0	0	0.05	0	0	0	0	0	0	0	0	0	0	0	0	0	0	0	0	0	0	0	0	0	0	0	0.95	0	0	0	0.0042	0.0423	0.025	0.475	0.25	0.125	0.125	0.0271	0.0025	0.0222	0.7241	0	0.0493	0	0.0222	0.1158	0.0369	0
pl.paridae.app.android.quiz.math	0.0002	0.5772	0.4226	0.0013	0.3872	0.6115	0.38	0.22	0.36	0.04	0.0013	0.0021	0.0157	0.006	0	0	0	0	0	0	0	0	0	0	0	0	0.0034	0	0	0	0	0	0.9662	0	0.0051	0	0	0	0.0118	0	0	0.0034	0	0	0	0	0.0102	0	0.0089	0	0	0	0	0	0.0178	0	0	0	0	0	0	0.0089	0	0	0	0	0	0	0	0	0	0	0.0756	0	0.8222	0	0	0	0	0	0	0.0667	0.0028	0.018	0.0189	0.6132	0.1415	0.1509	0.0755	0.0679	0.0015	0.0576	0.4727	0.0074	0.1064	0	0.0532	0.1979	0.0355	0
ms.salt.en2ch2	0.0933	0.1139	0.7928	0.0514	0.0759	0.8728	0.4872	0.2308	0.2308	0.0513	0.0004	0.0016	0.0168	0.0065	0	0	0	0	0	0.0098	0	0	0	0.0082	0.977	0	0.0049	0	0	0	0	0	0	0	0	0	0	0	0	0	0	0	0	0	0	0	0	0	0	0	0	0	0	0	0	0	0	0.0506	0	0.0042	0	0	0	0	0	0.0591	0	0	0	0	0	0	0.0084	0	0	0	0	0	0	0	0.8608	0.0169	0.0029	0.0214	0.0187	0.7757	0.0841	0.0748	0.0467	0.0231	0.0013	0.1013	0.5397	0.0064	0.1474	0	0.0141	0.0731	0.0936	0
net.andromo.dev280448.app265087	0.0251	0.0732	0.9017	0.016	0.0986	0.8854	0.3953	0.2093	0.3256	0.0698	0.0008	0.0022	0.0168	0.0062	0	0	0	0	0	0	0	0	0	0.0018	0	0	0	0	0	0	0	0.0036	0.0073	0	0.9763	0	0	0	0	0	0	0	0	0	0	0.0109	0	0	0	0	0	0	0	0	0	0.0197	0.0197	0	0	0	0	0	0	0	0	0	0.0591	0	0	0.0148	0	0	0	0.0049	0	0	0.8818	0	0	0	0	0	0.0037	0.0206	0.0252	0.7395	0.0756	0.1092	0.0504	0.0268	0.0015	0.0491	0.4018	0.0015	0.0818	0	0.2455	0.061	0.131	0
net.bodas.launcher	0.0429	0.2154	0.7418	0.024	0.149	0.827	0.3333	0.2667	0.3333	0.0667	0.0004	0.0012	0.022	0.007	0	0.003	0	0	0	0	0	0	0	0	0	0	0	0	0	0	0.003	0.003	0	0	0	0.0076	0	0	0	0	0	0	0	0	0	0	0.9834	0	0	0	0.0711	0	0	0.8294	0	0	0	0	0	0	0.0095	0	0	0	0	0	0	0	0	0.0664	0	0.0142	0.0095	0	0	0	0	0	0	0	0	0	0.0025	0.0209	0.027	0.5405	0.2162	0.1216	0.0946	0.0397	0.0016	0.0747	0.4801	0.0079	0.07	0	0.0191	0.2146	0.0922	0
net.samham.electricity	0.0186	0.0913	0.89	0.012	0.0663	0.9217	0.3415	0.2195	0.3659	0.0732	0.0005	0.0028	0.0187	0.0077	0	0	0	0	0	0	0	0	0	0	0	0	0	0	0.0087	0.9633	0	0	0	0	0	0	0	0	0	0	0	0	0	0.007	0.021	0	0	0	0	0	0	0.0043	0	0	0	0	0	0	0.0598	0	0	0.8761	0	0	0.0128	0	0	0	0	0	0	0	0	0	0	0	0	0.0385	0	0	0	0.0085	0.0033	0.0242	0.03	0.67	0.11	0.12	0.07	0.0244	0.0014	0.0989	0.4553	0.0176	0.0691	0.0136	0.0149	0.229	0.0759	0
org.freeandroidtools.root_checker	0.0063	0.0043	0.9894	0.0037	0.0029	0.9934	0.5333	0	0.4	0.0667	0.0004	0.0011	0.0187	0.0072	0	0	0	0	0.0069	0	0	0	0	0	0	0	0	0	0	0	0	0.9811	0	0.0017	0	0	0.0103	0	0	0	0	0	0	0	0	0	0	0	0.0044	0	0.0044	0	0.0444	0	0	0.8711	0	0	0	0	0	0	0	0	0.0622	0	0.0133	0	0	0	0	0	0	0	0	0	0	0	0	0	0	0	0.0015	0.0214	0.0208	0.8333	0	0.0833	0.0625	0.0271	0.0015	0.0843	0.4081	0.0015	0.1009	0	0.0617	0.2003	0.1145	0
org.plannings	0.0041	0.0005	0.9955	0.0004	0.0003	0.9993	0.2632	0.2632	0.3684	0.1053	0.0009	0.0018	0.0247	0.0143	0	0	0	0	0	0	0	0	0	0	0	0	0	0	0	0	0	0	0.9892	0	0	0	0	0	0	0	0	0	0	0	0.0108	0	0	0	0	0	0	0	0	0	0.0031	0	0	0	0	0.8816	0.0156	0	0	0	0	0	0	0	0	0	0	0	0	0	0	0.0156	0	0	0.0436	0.0405	0	0	0.0027	0.0251	0.0328	0.5246	0.2951	0.082	0.0656	0.0195	0.0178	0.0622	0.579	0.0053	0.0746	0	0.0213	0.1048	0.1155	0
photo.gallery.photogallery	0.005	0.1045	0.8905	0.0006	0.0834	0.916	0.5	0.1562	0.3125	0.0312	0.0011	0.0024	0.0174	0.0089	0.0435	0	0	0	0	0	0	0	0	0	0	0.0052	0	0	0	0	0	0	0.9409	0	0	0	0	0	0.0087	0	0.0017	0	0	0	0	0	0	0	0	0	0	0	0.0135	0.902	0	0	0	0	0	0.027	0	0	0.0473	0.0034	0	0	0	0	0	0	0	0	0	0	0	0	0	0	0.0068	0	0	0	0.0026	0.0209	0.0116	0.6977	0.1163	0.1163	0.0581	0.0259	0.0014	0.0562	0.7277	0	0.0548	0.0086	0.049	0.0144	0.062	0
pl.plksa.RozkladJazdy	0.0072	0.1154	0.8774	0.0006	0.0882	0.9112	0.5	0	0.375	0.125	0.0011	0.0004	0.0163	0.0055	0	0	0.9696	0	0	0	0	0	0	0	0	0	0	0	0	0	0.0043	0	0	0	0	0	0	0	0	0	0	0	0.0261	0	0	0	0	0	0	0	0	0	0	0	0	0	0	0	0	0	0.141	0	0	0	0.0641	0	0	0	0	0	0	0	0.7949	0	0	0	0	0	0	0	0	0	0.0017	0.0292	0.0417	0.75	0	0.125	0.0833	0.0268	0.0024	0.0219	0.7859	0	0.056	0	0.0219	0.0414	0.0438	0
pl.trojmiasto.mobile	0.0687	0.1029	0.8285	0.057	0.0828	0.8602	0.6264	0.1319	0.1978	0.044	0.0015	0.0038	0.0189	0.0088	0	0	0.0071	0	0	0	0	0	0	0	0	0	0	0	0.0071	0	0	0	0	0	0	0	0.0051	0	0	0	0	0.9786	0.002	0	0	0	0	0	0	0	0	0	0	0	0	0	0	0	0.035	0	0	0	0.0547	0	0.0131	0	0	0.0022	0	0	0	0	0	0	0	0	0	0.0241	0	0	0	0.8709	0.004	0.019	0.0193	0.8261	0.0435	0.0821	0.029	0.0466	0.0101	0.0648	0.5324	0.0081	0.1154	0.0101	0.0374	0.0304	0.1447	0
rfh.sa.yoviajo	0.02	0.0367	0.9433	0.0128	0.034	0.9532	0.48	0.18	0.26	0.08	0.0007	0.0016	0.0153	0.0072	0	0	0.0022	0.9725	0	0	0.0066	0	0	0	0	0	0	0	0	0	0	0	0.011	0	0	0	0	0	0	0.0033	0	0	0	0	0	0.0044	0	0	0	0.0141	0	0	0	0.0353	0	0	0	0	0	0	0	0	0	0	0	0	0.04	0	0.8965	0	0.0024	0	0.0118	0	0	0	0	0	0	0	0	0	0.0016	0.0145	0.0312	0.6354	0.1354	0.125	0.0729	0.0373	0.0117	0.0688	0.5047	0.0047	0.0897	0	0.0466	0.0781	0.1585	0
ro.mying	0.0919	0.0706	0.8375	0.068	0.0682	0.8639	0.7563	0.0588	0.1681	0.0168	0.0048	0.004	0.0229	0.0091	0.9782	0	0.0036	0	0	0	0	0	0	0	0	0	0.0181	0	0	0	0	0	0	0	0	0	0	0	0	0	0	0	0	0	0	0	0	0	0	0	0	0	0	0.0114	0	0	0	0	0	0.0251	0.0478	0	0	0	0.8815	0	0.0023	0	0	0	0	0	0.0319	0	0	0	0	0	0	0	0	0	0.0059	0.0154	0.007	0.8732	0.0317	0.0669	0.0211	0.0242	0.0135	0.0404	0.5908	0.004	0.1077	0	0.0162	0.0808	0.1225	0
ru.eeteam.sendcontactsfree	0.0036	0.0042	0.9922	0.0005	0.0019	0.9976	0.24	0.24	0.44	0.08	0.0009	0.0019	0.0219	0.0109	0	0	0	0	0	0	0	0	0	0	0	0.0015	0.0031	0	0	0	0	0	0	0.0062	0	0	0	0	0	0.0092	0	0	0	0.98	0	0	0	0	0	0	0	0.0433	0.0031	0	0	0	0	0	0	0	0	0	0.0155	0	0.0155	0	0	0.0433	0	0	0	0.8793	0	0	0	0	0	0	0	0	0	0	0.0021	0.0211	0.0323	0.5968	0.1452	0.1613	0.0645	0.0512	0.016	0.0656	0.5024	0.0064	0.096	0	0.064	0.104	0.0944	0
ru.evgajukov.mobile.circassian.activity	0.0198	0.0246	0.9556	0.0057	0.0182	0.9761	0.75	0.0714	0.1071	0.0714	0.0008	0.0017	0.024	0.012	0	0	0.0045	0	0	0	0	0	0	0	0	0.003	0	0	0	0	0	0	0	0	0	0	0	0	0	0	0.0075	0	0	0	0.985	0	0	0	0.8946	0	0.0301	0	0.0151	0	0	0	0	0	0	0	0	0	0	0	0	0.006	0.0392	0	0	0	0	0	0	0	0	0	0	0	0	0.0151	0	0	0.0027	0.0244	0.0267	0.8133	0.08	0.0267	0.0533	0.0163	0.0148	0.0667	0.5659	0.0044	0.0489	0.0089	0.0178	0.1363	0.12	0
ru.org.familytree	0.0221	0.137	0.8408	0.0153	0.106	0.8786	0.5508	0.1525	0.2627	0.0339	0.0009	0.0032	0.0143	0.0065	0	0	0.0019	0	0	0.0048	0.0019	0	0	0	0	0	0	0	0	0	0.9752	0.0076	0	0	0	0.0076	0.001	0	0	0	0	0	0	0	0	0	0	0	0	0	0	0.0042	0	0	0	0	0	0	0	0.0168	0	0	0.0377	0	0	0.0482	0	0	0	0	0	0.8763	0	0	0.0168	0	0	0	0	0	0	0	0.0035	0.0147	0.0154	0.7027	0.1351	0.1004	0.0463	0.0297	0.0148	0.0631	0.4685	0.0306	0.1391	0.0056	0.0399	0.1039	0.1048	0
sg.mof.sgbudget	0.037	0.2032	0.7598	0.0165	0.1181	0.8653	0.65	0.15	0.15	0.05	0	0.0014	0.0139	0.0049	0	0	0	0	0	0	0	0	0	0	0.007	0	0	0	0	0	0	0	0	0.9789	0	0	0	0.014	0	0	0	0	0	0	0	0	0	0	0	0	0	0	0	0.01	0	0	0	0	0	0	0	0	0	0	0	0	0	0	0.11	0	0	0.07	0	0	0	0.01	0	0.8	0	0	0	0	0.0037	0.025	0.0133	0.7867	0.1067	0.0267	0.0667	0.0215	0.002	0.1135	0.5284	0	0.0098	0	0.0235	0.2701	0.0313	0
com.FlashLight	0.0236	0	0.9764	0.0064	0	0.9936	0.5	0	0.375	0.125	0.001	0.001	0.0189	0.01	0	0	0	0	0	0	0	0	0	0	0	0.0073	0	0	0	0	0	0	0	0	0.978	0	0	0	0	0.0147	0	0	0	0	0	0	0	0	0	0.0069	0	0	0	0	0	0	0	0	0	0.0069	0.0208	0	0	0.0625	0	0	0	0	0	0	0	0	0	0	0	0	0	0.8889	0	0	0.0139	0	0.0022	0.0335	0.0312	0.8125	0	0.0938	0.0625	0.0228	0.0021	0.0497	0.6832	0.0248	0.0352	0	0.0186	0.0393	0.1242	0
com.nxp.nfc.tagwriter	0.2026	0.0254	0.772	0.1251	0.0298	0.8451	0.5067	0.24	0.2	0.0533	0.0031	0.0034	0.0126	0.0048	0	0	0.0165	0	0	0.0099	0	0	0	0	0	0	0.0281	0.0099	0.0116	0	0	0	0	0	0	0	0	0	0	0	0	0	0	0.9224	0.0017	0	0	0	0.0702	0	0	0	0	0.057	0	0	0	0.0044	0	0	0	0	0	0	0.0175	0	0	0	0	0	0	0	0	0	0	0	0	0	0	0.0219	0	0.8289	0.0038	0.0186	0.0217	0.7717	0.0924	0.0707	0.0435	0.028	0.0011	0.0336	0.411	0.0034	0.1579	0.0112	0.0459	0.2038	0.1041	0
app.vovan.testtie	0.0525	0.0822	0.8653	0.0254	0.0522	0.9224	0.7	0.1	0.1833	0.0167	0.0002	0.0036	0.0128	0.0057	0.0131	0	0	0	0	0	0.958	0	0	0	0	0	0	0	0	0	0.0026	0	0	0	0	0	0	0.0157	0	0	0	0	0	0	0	0.0105	0	0	0.0714	0	0	0.8036	0	0	0	0	0.006	0.0655	0	0	0	0	0	0	0	0	0	0.0119	0	0	0	0	0	0	0	0	0.0417	0	0	0	0	0	0.0044	0.0201	0.0076	0.7879	0.0833	0.0758	0.0455	0.0302	0.0017	0.0503	0.6734	0.0017	0.0486	0	0.0168	0.1055	0.072	0
uk.co.elogbooks	0.1567	0.0509	0.7924	0.086	0.0642	0.8498	0.8734	0.0633	0.0506	0.0127	0.0022	0.0063	0.022	0.0088	0	0	0.0119	0	0	0	0	0	0	0	0	0	0	0	0	0.0059	0	0	0	0	0	0	0	0	0.0074	0	0	0	0.9689	0	0	0	0.0059	0	0	0	0	0	0	0	0	0	0	0	0	0	0.0037	0	0.0148	0	0	0	0	0	0	0.0111	0	0.8672	0.0664	0	0	0	0	0	0	0	0	0.0369	0.005	0.0275	0.0065	0.8636	0.0844	0.026	0.0195	0.013	0.0012	0.0296	0.6663	0.0166	0.1361	0.0118	0.0107	0.0592	0.0556	0
uk.co.fareexchange.everyfare.app	0	0.3889	0.6111	0	0.2548	0.7452	0.6852	0.0926	0.1852	0.037	0.0008	0.0023	0.0193	0.0055	0	0	0	0	0	0.0135	0	0	0	0	0	0	0	0	0	0	0.0034	0	0	0	0	0	0.0051	0.0101	0	0	0	0	0	0.0034	0	0.9645	0	0	0	0	0	0.0119	0	0	0	0	0	0	0	0	0	0.0238	0	0.0298	0	0	0	0	0	0	0	0.0714	0	0	0	0	0.8571	0	0.006	0	0	0	0.004	0.0224	0.0161	0.7823	0.0726	0.0806	0.0484	0.0262	0.0015	0.0277	0.6618	0.0029	0.1093	0	0.0481	0.0175	0.105	0
org.taiga.avesha.videocallid	0	0.4977	0.5023	0	0.4349	0.5651	0.4253	0.3218	0.2299	0.023	0.0006	0.0024	0.0177	0.0068	0	0	0	0	0	0	0	0	0	0	0.0045	0	0	0	0	0	0.0045	0	0	0	0	0	0.009	0	0	0	0	0	0	0.9605	0.0153	0.0063	0	0	0	0	0	0	0	0	0	0	0	0.0376	0	0	0	0	0	0.0047	0	0	0	0	0	0	0	0	0	0.0023	0.0117	0.0164	0	0	0.061	0	0	0.8662	0.0027	0.0151	0.0118	0.6746	0.1361	0.1006	0.0769	0.0379	0.0021	0.0821	0.5537	0.0084	0.1211	0	0.0505	0.06	0.0842	0
vn.com.vng.phim123	0.103	0.1923	0.7047	0.0722	0.1771	0.7507	0.5155	0.1649	0.2887	0.0309	0.0021	0.0039	0.0178	0.0079	0	0	0	0	0	0	0	0	0	0	0	0	0	0	0	0	0	0.0098	0	0	0	0	0	0	0	0.9707	0	0	0	0.0029	0.0029	0	0	0.0137	0.0175	0	0	0	0	0	0	0	0	0	0.035	0	0	0	0	0	0	0	0	0.8972	0	0	0	0.0022	0	0	0	0	0.0109	0	0	0	0	0.0372	0.0036	0.019	0.0146	0.6439	0.1512	0.122	0.0683	0.0356	0.0091	0.0649	0.5475	0.0128	0.0923	0.0091	0.0366	0.0612	0.1307	0
net.moimcomms.waple	0.0402	0.2843	0.6755	0.0255	0.205	0.7695	0.3333	0.2667	0.35	0.05	0.0009	0.0024	0.0177	0.0076	0.0164	0	0.9647	0	0	0.0038	0	0	0	0	0	0.005	0	0	0	0	0	0	0	0	0	0	0	0	0	0	0	0	0.0101	0	0	0	0	0	0	0	0	0.0118	0	0	0.0118	0	0	0	0	0	0	0	0.0442	0	0	0	0	0	0	0	0	0.0029	0	0	0.882	0	0.0472	0	0	0	0	0	0.0026	0.0204	0.0256	0.5983	0.1197	0.1709	0.0855	0.035	0.0011	0.0778	0.4677	0.0011	0.1008	0.011	0.0438	0.1544	0.1073	0
com.uc.addon.web2pdf	0.0054	0.0805	0.9141	0.0022	0.0309	0.9669	0.4545	0.3636	0.0909	0.0909	0.0013	0.0016	0.0204	0.0111	0	0	0	0	0	0	0	0	0	0	0	0	0	0	0	0	0	0	0	0	0	0	0	0	0	0	0.9932	0	0	0.0068	0	0	0	0	0	0.0189	0	0	0	0	0.9371	0	0	0	0	0	0	0	0	0	0	0	0	0	0	0	0	0	0	0.0189	0	0	0	0.0189	0	0.0063	0	0	0.003	0.0318	0.0233	0.6279	0.2093	0.0233	0.1163	0.0241	0.0022	0.0263	0.4158	0	0.0372	0	0.0788	0.2888	0.1269	0
com.dddev.Shift_Work_Calendar	0.0221	0.0027	0.9753	0.0154	0.0009	0.9837	0.4138	0.1034	0.4483	0.0345	0.0002	0.0013	0.0177	0.0073	0.9664	0	0	0	0.0112	0	0.0075	0	0	0	0.0149	0	0	0	0	0	0	0	0	0	0	0	0	0	0	0	0	0	0	0	0	0	0	0	0	0	0	0	0	0	0.0407	0	0.009	0	0	0.0136	0	0	0	0	0	0	0	0	0	0	0	0	0	0.0045	0.8733	0	0	0	0.0588	0	0	0	0.0026	0.0215	0.0128	0.6667	0.1154	0.1667	0.0385	0.0385	0.0015	0.0554	0.6215	0.0015	0.1185	0	0.0169	0.0554	0.0908	0
