de.androidsolutions.bistum.wbg	0.0012	0	0	0.9405	0.0568	0.0001	0.0012	0.0002	0.0001	0.0442	0.3982	0.5575	0.0228	0.4335	0.5437	0.0003	0.0595	0.9401	0.0003	0.0596	0.9401	1	0	0	0	1	0	0	0
com.dooblou.WiFiFileExplorer	0.7789	0	0	0.0368	0.0383	0	0.1312	0	0.0147	0.0155	0.0206	0.9639	0.0159	0.0278	0.9563	0.0147	0.0383	0.947	0.0148	0.0384	0.9469	0.6	0	0.4	0	0.9785	0	0.0215	0
de.appinside.devcenter.yltw63	0.0234	0	0	0.3492	0.6187	0.0002	0.0045	0.0019	0.0022	0.0868	0.3711	0.5421	0.0553	0.4196	0.5251	0.0039	0.6144	0.3817	0.0039	0.6144	0.3817	0.6667	0	0	0.3333	0.8788	0	0	0.1212
de.androidsolutions.bistum.wbg	0.0016	0	0	0.9287	0.0678	0.0001	0.0015	0.0002	0.0001	0.0424	0.3729	0.5847	0.0244	0.4216	0.554	0.0003	0.0694	0.9303	0.0003	0.0694	0.9302	1	0	0	0	1	0	0	0
com.socrative.teacher	0	0	0	0	0	0	0.9871	0	0.0129	0.1176	0	0.8824	0.1765	0	0.8235	0.0226	0	0.9774	0.0226	0	0.9774	1	0	0	0	1	0	0	0
com.triveous.recorder	0.0085	0	0	0.3142	0.6683	0	0.0041	0.0006	0.0041	0.0394	0.5577	0.4028	0.043	0.6167	0.3404	0.0056	0.6669	0.3274	0.0056	0.6669	0.3274	0.6	0	0	0.4	0.5185	0	0	0.4815
com.jb.gokeyboard.theme.twkeyboardforhtconem8	0.959	0.0016	0	0	0	0	0.0222	0	0.0172	0.0598	0.0109	0.9293	0.0472	0.0062	0.9466	0.0174	0.0016	0.981	0.0174	0.0016	0.9809	0.7778	0	0.2222	0	0.9932	0	0.0068	0
com.erkanyilmaz.namazvakitleri	0	0	0	0	0	0	0.9112	0	0.0888	0.2895	0	0.7105	0.4578	0	0.5422	0.0894	0	0.9106	0.0894	0	0.9106	0.6667	0.3333	0	0	0.8498	0.1502	0	0
com.jb.gokeyboard.theme.twkeyboardforsonyxperiaz	0.959	0.0014	0	0	0	0	0.0221	0	0.0176	0.0598	0.0109	0.9293	0.0472	0.0062	0.9466	0.0178	0.0014	0.9808	0.0178	0.0014	0.9808	0.7778	0	0.2222	0	0.9948	0	0.0052	0
com.monsta.imagenscomfrasesdecarinho	0	0	0	0.7818	0.2	0	0.0182	0	0	0.0417	0.25	0.7083	0.0217	0.3261	0.6522	0.0001	0.2005	0.7995	0.0001	0.2042	0.7957	0	0	0	0	0	0	0	0
com.aob	0.9862	0	0	0.0006	0.0002	0	0.0107	0	0.0023	0.0879	0.0256	0.8864	0.0708	0.0142	0.915	0.0033	0.0004	0.9962	0.0033	0.0004	0.9962	0.5	0	0.5	0	0.9971	0	0.0029	0
com.seazon.fo	0	0	0	0.3225	0.0023	0.0022	0.5512	0.0021	0.1196	0.3191	0.0213	0.6596	0.3849	0.0481	0.5669	0.1224	0.0045	0.873	0.1224	0.0045	0.873	1	0	0	0	1	0	0	0
ru.evgajukov.mobile.circassian.activity	0.0363	0	0	0.5869	0.3654	0.0003	0.0053	0.0031	0.0027	0.1262	0.1845	0.6893	0.0798	0.4017	0.5185	0.0053	0.3695	0.6252	0.0053	0.3696	0.625	1	0	0	0	1	0	0	0
fi.android.takealot	0.0896	0	0	0.5344	0.3382	0	0.0138	0.0241	0	0.0105	0.5368	0.4526	0.0184	0.5521	0.4294	0.0001	0.3629	0.637	0.0001	0.3629	0.637	0	0	0	1	0	0	0	1
net.samham.electricity	0.743	0	0	0.0596	0.0368	0	0.1249	0	0.0357	0.0771	0.1622	0.7606	0.0676	0.2027	0.7297	0.036	0.0382	0.9258	0.0361	0.0384	0.9255	0.5	0	0.25	0.25	0.978	0	0.0083	0.0137
com.neurondevelopments.levelsaid	0.9876	0	0	0	0	0	0.009	0	0.0033	0.083	0	0.917	0.0914	0	0.9086	0.0064	0	0.9936	0.0064	0	0.9936	0.6667	0	0.3333	0	0.9301	0	0.0699	0
com.confidly.confidly	0	0	0	0	0	0	0.9954	0	0.0046	0.2727	0	0.7273	0.32	0	0.68	0.0134	0	0.9866	0.0134	0	0.9866	1	0	0	0	1	0	0	0
com.sports.cricket.schedule	0	0	0	0.0018	0.0018	0	0.9789	0.0106	0.007	0.2414	0.069	0.6897	0.22	0.06	0.72	0.0243	0.0162	0.9595	0.0243	0.0162	0.9595	1	0	0	0	1	0	0	0
pl.plksa.RozkladJazdy	0.9984	0.0008	0	0.0003	0.0001	0	0.0005	0	0	0.0075	0.0373	0.9552	0.0042	0.0146	0.9813	0	0.001	0.999	0	0.001	0.999	0.5	0	0.5	0	0.978	0	0.022	0
com.telerik.GoogleLinks	0.9965	0.0021	0	0.0004	0.0001	0	0.0009	0	0	0.0078	0.0469	0.9453	0.0045	0.0178	0.9777	0.0001	0.0024	0.9976	0.0001	0.0024	0.9976	0.4286	0	0.5714	0	0.9454	0	0.0546	0
com.tobykurien.webapps	0.8636	0.0024	0	0.0637	0.0086	0.0003	0.0424	0.0038	0.0153	0.0584	0.2618	0.6798	0.0568	0.2065	0.7367	0.0159	0.0163	0.9678	0.0159	0.0163	0.9678	0.875	0	0.125	0	0.9999	0	0.0001	0
rfh.sa.yoviajo	0.6227	0.0015	0.0003	0.2213	0.1127	0	0.0284	0.0041	0.009	0.0423	0.0387	0.919	0.0339	0.0667	0.8994	0.0095	0.1178	0.8727	0.0095	0.1178	0.8727	0.7143	0	0	0.2857	0.9457	0	0	0.0543
vn.com.vng.phim123	0.213	0	0	0.1111	0.0278	0	0.5001	0.0185	0.1294	0.2368	0.0789	0.6842	0.2436	0.1026	0.6538	0.13	0.0466	0.8235	0.13	0.0466	0.8235	0	0	0	1	0	0	0	1
com.jb.gokeyboard.theme.tmebluefancy	0.9608	0.0013	0	0	0	0	0.0216	0	0.0164	0.0598	0.0109	0.9293	0.0475	0.0062	0.9463	0.0166	0.0014	0.9821	0.0166	0.0014	0.982	0.7778	0	0.2222	0	0.994	0	0.006	0
org.freeandroidtools.root_checker	0.995	0	0	0	0	0	0.005	0	0	0.0066	0	0.9934	0.0077	0	0.9923	0.0011	0	0.9989	0.0011	0	0.9989	1	0	0	0	1	0	0	0
com.vaishnavism.vishnusahasranaamam.english	0	0	0	0	0	0	0.9299	0	0.0701	0.1765	0	0.8235	0.2353	0	0.7647	0.0704	0	0.9296	0.0704	0	0.9296	1	0	0	0	1	0	0	0
com.mobisoft.morhipo	0.8884	0.0014	0	0.0575	0.0427	0	0.0087	0.0013	0	0.0056	0.2682	0.7263	0.0046	0.2079	0.7875	0	0.0464	0.9536	0	0.0464	0.9536	0	0.1667	0.5	0.3333	0	0.0195	0.1518	0.8286
com.jb.gokeyboard.theme.tmepinkkeyboardpersonalization	0.9586	0.0014	0	0	0	0	0.0223	0	0.0177	0.0598	0.0109	0.9293	0.0472	0.0062	0.9466	0.0179	0.0014	0.9806	0.018	0.0014	0.9806	0.7778	0	0.2222	0	0.9934	0	0.0066	0
com.sbgapps.scoreit	0.9142	0.0002	0.0011	0.0271	0.0223	0	0.0184	0.0037	0.013	0.0783	0.0716	0.8501	0.0659	0.0593	0.8749	0.0169	0.028	0.9552	0.0169	0.028	0.9551	1	0	0	0	1	0	0	0
fr.easytouseapps.calcloan	0.956	0	0	0	0	0	0.0339	0	0.0102	0.0746	0	0.9254	0.0507	0	0.9493	0.0103	0	0.9897	0.0103	0	0.9897	0.7143	0	0.2857	0	0.9392	0	0.0608	0
com.katz.rexall	0.9991	0.0003	0	0.0005	0	0	0.0001	0	0	0.0085	0.0254	0.9661	0.004	0.0121	0.9839	0	0.0004	0.9996	0	0.0004	0.9996	0.4286	0	0.5714	0	0.976	0	0.024	0
cz.lidovky.mobil	0	0	0	0	0	0	0.9985	0	0.0015	0.2727	0	0.7273	0.2593	0	0.7407	0.0065	0	0.9935	0.0065	0	0.9935	1	0	0	0	1	0	0	0
com.nilhcem.hostseditor	0	0	0	0.6667	0.227	0.0071	0.0213	0.0426	0.0355	0.1087	0.4348	0.4565	0.1163	0.4419	0.4419	0.0428	0.2701	0.6871	0.0428	0.2701	0.6871	0	0	0	0	0	0	0	0
com.gerbes.mobile	0.0097	0	0	0.4883	0.5016	0	0	0.0004	0	0.0044	0.6096	0.386	0.0017	0.6319	0.3663	0.0003	0.5257	0.474	0.0003	0.5257	0.474	0	0	0	1	0	0	0	1
com.dialquick	0.9997	0.0001	0	0.0001	0	0	0.0002	0	0	0.0104	0.0208	0.9688	0.0062	0.0062	0.9877	0.0001	0.0001	0.9998	0.0001	0.0001	0.9998	0.75	0	0.25	0	0.9977	0	0.0023	0
mdis.kangur	0.1456	0	0	0.1735	0.6181	0.0001	0.0354	0.0016	0.0258	0.1617	0.1779	0.6604	0.1595	0.1556	0.6849	0.0315	0.6	0.3685	0.0315	0.6003	0.3682	0.6154	0	0	0.3846	0.9422	0	0	0.0578
com.borezo.kasperskyfan	0	0	0	0	0	0	0.9863	0	0.0137	0.2143	0	0.7857	0.2361	0	0.7639	0.0172	0	0.9828	0.0172	0	0.9828	0.3333	0.3333	0.3333	0	0.9481	0.039	0.013	0
com.outilsobdfacile.obd.connecteur	0.4898	0	0.0101	0	0	0	0.4735	0	0.0266	0.1163	0	0.8837	0.1061	0	0.8939	0.0371	0	0.9629	0.0371	0	0.9629	0.7778	0	0.2222	0	0.9988	0	0.0012	0
com.theactionapp	0.7064	0.0038	0	0.1768	0.1129	0	0.0001	0	0	0.0041	0.321	0.6749	0.002	0.3417	0.6563	0	0.1214	0.8785	0	0.1214	0.8785	0.4	0	0.6	0	0.9232	0	0.0768	0
com.gpsandfleet.gpstracking	0	0	0	0	0	0	0.8247	0	0.1753	0.3125	0	0.6875	0.3023	0	0.6977	0.1838	0	0.8162	0.1838	0	0.8162	1	0	0	0	1	0	0	0
com.flatron.rosewallpape	0.9882	0	0	0	0	0	0.0112	0	0.0006	0.0216	0	0.9784	0.0145	0	0.9855	0.0022	0	0.9978	0.0022	0	0.9978	0.75	0	0.25	0	0.931	0	0.069	0
cz.mpelant.deskclock	0	0	0	0	0	0	0.9239	0	0.0761	0.3091	0	0.6909	0.3567	0	0.6433	0.0776	0	0.9224	0.0776	0	0.9224	0.4286	0	0.5714	0	0.986	0	0.014	0
com.dietas.adelgazar.free	0.9405	0	0	0	0	0	0.0536	0	0.0059	0.0203	0	0.9797	0.0201	0	0.9799	0.0061	0	0.9939	0.0061	0	0.9939	0.8333	0	0.1667	0	0.9909	0	0.0091	0
com.jimnevin.weatherireland	0.9341	0	0	0	0	0	0.0622	0	0.0036	0.1011	0	0.8989	0.0672	0	0.9328	0.0055	0	0.9945	0.0055	0	0.9945	1	0	0	0	1	0	0	0
au.gov.customs.trs	0.9999	0	0	0	0	0	0.0001	0	0	0.0093	0	0.9907	0.0045	0	0.9955	0.0001	0	0.9999	0.0001	0	0.9999	0.6	0	0.4	0	0.988	0	0.012	0
com.troysoft.caloriecalculator	0	0	0	0	0	0	0.8636	0	0.1364	0.8	0	0.2	0.6667	0	0.3333	0.1568	0	0.8432	0.1568	0	0.8432	1	0	0	0	1	0	0	0
nl.littlebluefrog.leeuwarderbioscopen	0.3748	0.0007	0	0.367	0.2181	0	0.0317	0.0017	0.0061	0.0637	0.1273	0.809	0.0527	0.1024	0.8449	0.0131	0.2026	0.7843	0.0131	0.2031	0.7838	0.5556	0.2222	0	0.2222	0.9437	0.013	0	0.0433
com.rudicedita.com.kimbailey	0.9997	0.0001	0	0.0002	0	0	0	0	0	0.0101	0.0505	0.9394	0.0059	0.0297	0.9644	0	0.0002	0.9997	0	0.0002	0.9997	0.5	0	0.5	0	0.9934	0	0.0066	0
com.spideroak.android	0.9498	0.0034	0	0.0368	0.0096	0	0.0004	0	0	0.0065	0.1176	0.8758	0.0035	0.1315	0.8651	0.0002	0.0193	0.9805	0.0002	0.0194	0.9805	0.5	0	0.5	0	0.9892	0	0.0108	0
com.dobmob.doblistdemo	0.3871	0	0	0.0872	0.2979	0.0008	0.1536	0.0031	0.0703	0.0778	0.0556	0.8667	0.056	0.0773	0.8667	0.0709	0.2984	0.6307	0.0709	0.2984	0.6307	1	0	0	0	1	0	0	0
com.phonegap.kinomondsterne	0.9614	0.0251	0	0.0105	0.003	0	0	0	0	0.0089	0.0536	0.9375	0.0046	0.0387	0.9567	0	0.0282	0.9718	0	0.0282	0.9718	0.6	0	0.4	0	0.994	0	0.006	0
com.bluejuice.thekiteshow	0.0013	0	0	0.3023	0.6947	0.0014	0.0002	0.0001	0	0.0154	0.4923	0.4923	0.0071	0.6209	0.372	0.0016	0.6922	0.3062	0.0016	0.6922	0.3062	0	0	0	0	0	0	0	0
net.mojeto.timelapsecalc.app	0.8792	0	0	0	0	0	0.074	0	0.0468	0.2143	0	0.7857	0.2695	0	0.7305	0.0484	0	0.9516	0.0484	0	0.9516	1	0	0	0	1	0	0	0
org.ibeccato.photoczip	0	0	0	0.3292	0.3276	0.0012	0.2837	0.0228	0.0356	0.2	0.3179	0.4821	0.1495	0.4783	0.3722	0.0423	0.3566	0.601	0.0423	0.3566	0.601	1	0	0	0	1	0	0	0
my.savemoney.taxapp	0.9976	0.0006	0	0.001	0.0002	0	0.0006	0	0	0.0099	0.0495	0.9406	0.006	0.021	0.9731	0.0001	0.0013	0.9986	0.0001	0.0013	0.9986	0.6	0	0.4	0	0.9923	0	0.0077	0
com.uk.edealinfoinc	0.8335	0	0.0132	0.0024	0.0002	0	0.124	0	0.0268	0.0708	0.0295	0.8997	0.0924	0.018	0.8896	0.0404	0.0004	0.9592	0.0404	0.0004	0.9592	0.75	0	0.25	0	0.9979	0	0.0021	0
com.app.dstorz	0	0	0	0	0	0	0.9925	0	0.0075	0.25	0	0.75	0.2381	0	0.7619	0.0387	0	0.9613	0.0387	0	0.9613	1	0	0	0	1	0	0	0
com.Threelineinfotech.thiruverkadu	0.9991	0	0	0	0	0	0.0009	0	0	0.0417	0	0.9583	0.0218	0	0.9782	0.0001	0	0.9999	0.0001	0	0.9999	0.8333	0	0.1667	0	0.9995	0	0.0005	0
eu.wheelchairsite.m	0.8562	0	0	0	0	0	0.1324	0	0.0114	0.0337	0	0.9663	0.0321	0	0.9679	0.0115	0	0.9885	0.0115	0	0.9885	0.75	0	0.25	0	0.9955	0	0.0045	0
co.epearl.ethiopiatv	0.9598	0	0	0	0	0	0.0334	0	0.0068	0.11	0	0.89	0.0943	0	0.9057	0.0084	0	0.9916	0.0084	0	0.9916	0.8889	0	0.1111	0	0.9993	0	0.0007	0
com.tamilnoolakam.Tamilnoolakamapp	0.3937	0	0	0.2358	0.0066	0	0.3616	0.0017	0.0006	0.0533	0.0444	0.9022	0.049	0.0445	0.9065	0.0011	0.0087	0.9902	0.0011	0.0087	0.9902	0.9091	0	0.0909	0	0.9912	0	0.0088	0
com.badcoke.aweather	0.9999	0	0	0	0	0	0.0001	0	0	0.0046	0	0.9954	0.0025	0	0.9975	0	0	1	0	0	1	0.5	0	0.5	0	0.9815	0	0.0185	0
net.ays.PROD342197	0.9746	0.0104	0	0.0142	0.0003	0	0.0005	0	0	0.0085	0.0427	0.9487	0.0049	0.032	0.9631	0	0.0108	0.9891	0	0.0108	0.9891	0.5	0	0.5	0	0.9769	0	0.0231	0
com.hanna.pitbull	0.5012	0.0051	0	0.167	0.2736	0	0.0457	0.0004	0.0071	0.0228	0.2355	0.7417	0.0258	0.2839	0.6904	0.0073	0.2791	0.7136	0.0073	0.2793	0.7134	0.625	0.25	0.125	0	0.9397	0.0595	0.0007	0
com.greydot	0.9998	0	0	0	0	0	0.0001	0	0	0.0125	0.025	0.9625	0.0077	0.0077	0.9847	0	0.0001	0.9999	0	0.0001	0.9999	0.8	0	0.2	0	0.9977	0	0.0023	0
com.mbdholdings.tenseforbengalistudents	0.9938	0.0056	0	0.0001	0	0	0.0005	0	0	0.0047	0.0187	0.9766	0.0025	0.0113	0.9861	0.0001	0.0057	0.9942	0.0001	0.0057	0.9942	0.7143	0	0.2857	0	0.9929	0	0.0071	0
ticket.booking.india	0.9999	0	0	0.0001	0	0	0	0	0	0.0103	0.0515	0.9381	0.0094	0.022	0.9686	0	0.0001	0.9999	0	0.0001	0.9999	0.75	0	0.25	0	0.9986	0	0.0014	0
com.abast.fmjv	0.889	0	0.0131	0.0087	0.0003	0	0.0741	0.0002	0.0146	0.1404	0.0112	0.8483	0.1013	0.016	0.8827	0.0302	0.001	0.9688	0.0302	0.001	0.9688	1	0	0	0	1	0	0	0
com.trialtea.inglesmovil	0.9967	0.0011	0	0.0005	0.0001	0	0.0015	0	0	0.0093	0.0463	0.9444	0.0054	0.0189	0.9757	0.0001	0.0015	0.9984	0.0001	0.0015	0.9984	0.6	0	0.4	0	0.9828	0	0.0172	0
hm.orz.chaos114.android.tethersetting	0.4121	0	0	0.3247	0.2588	0	0.0019	0.0006	0.0019	0.027	0.2703	0.7027	0.0116	0.3803	0.6081	0.0043	0.2888	0.7069	0.0043	0.2894	0.7064	1	0	0	0	1	0	0	0
com.mobusi.bestapps	0	0	0	0	0	0	0.8269	0	0.1731	0.2414	0	0.7586	0.3709	0	0.6291	0.176	0	0.824	0.1759	0	0.8241	1	0	0	0	1	0	0	0
com.manarcadpalli	0.9759	0	0	0	0	0	0.021	0	0.003	0.0917	0	0.9083	0.0648	0	0.9352	0.0032	0	0.9968	0.0032	0	0.9968	1	0	0	0	1	0	0	0
com.bruno.marcadorplacar	0.9452	0	0	0	0	0	0.0525	0	0.0024	0.1244	0	0.8756	0.1094	0	0.8906	0.0031	0	0.9969	0.0032	0	0.9968	0.9231	0	0.0769	0	0.9976	0	0.0024	0
com.iSharpeners.KeertanRadio	0.9438	0.0037	0	0	0	0	0.0463	0.0002	0.006	0.1032	0.0142	0.8826	0.07	0.0045	0.9255	0.0064	0.0039	0.9897	0.0064	0.0039	0.9897	0.6154	0.2308	0.1538	0	0.9891	0.0079	0.003	0
com.mathesoft.fakeapps	0	0	0	0	0	0	0.7698	0	0.2302	0.4706	0	0.5294	0.4194	0	0.5806	0.2371	0	0.7629	0.2371	0	0.7629	1	0	0	0	1	0	0	0
com.cutter.alside	0.9994	0	0	0	0	0	0.0006	0	0	0.011	0	0.989	0.0053	0	0.9947	0.0001	0	0.9999	0.0001	0	0.9999	0.6	0	0.4	0	0.937	0	0.063	0
com.webcamscz.map	0.999	0.0007	0	0.0001	0	0	0.0002	0	0	0.0083	0.0579	0.9339	0.0045	0.0203	0.9752	0	0.0008	0.9992	0	0.0008	0.9992	0.5	0	0.5	0	0.9795	0	0.0205	0
com.mrcombi.ratedemo	0.9739	0	0	0	0	0	0.0212	0	0.0049	0.1532	0	0.8468	0.0879	0	0.9121	0.0058	0	0.9942	0.0058	0	0.9942	1	0	0	0	1	0	0	0
com.abdulrahmansalam.app_ReadArabicLevel2	0.1485	0	0	0	0	0	0.838	0	0.0135	0.0204	0	0.9796	0.0261	0	0.9739	0.0135	0	0.9865	0.0135	0	0.9865	0.4615	0.0769	0.3077	0.1538	0.6495	0.0037	0.1297	0.2171
com.iroshni.mualamulquran	0.8954	0	0.0118	0	0	0	0.089	0	0.0038	0.1345	0	0.8655	0.0963	0	0.9037	0.016	0	0.984	0.016	0	0.984	0.8	0.2	0	0	0.9996	0.0004	0	0
jp.co.a_tm.android.plus_crystal_daisy	0.9302	0	0	0.0599	0.0079	0	0	0.002	0	0.0087	0.0174	0.9739	0.0025	0.0249	0.9726	0.0001	0.0106	0.9893	0.0001	0.0106	0.9893	0.6	0	0.4	0	0.9368	0	0.0632	0
vcam.dk.DeutschNachrichtenZeitungen	0.3048	0	0	0.0871	0.0107	0	0.4632	0.0028	0.1315	0.1732	0.1645	0.6623	0.1541	0.1261	0.7198	0.1316	0.014	0.8544	0.1316	0.014	0.8544	0.6667	0	0.3333	0	0.999	0	0.001	0
com.appdiabetes	0.9992	0.0001	0	0.0004	0.0001	0	0.0001	0	0	0.012	0.0602	0.9277	0.0081	0.0285	0.9634	0.0001	0.0004	0.9995	0.0001	0.0004	0.9995	0.75	0	0.25	0	0.9986	0	0.0014	0
mobi.infolife.weatheralert	0	0	0	0.0315	0.0501	0	0.3763	0.0688	0.4733	0.2683	0.1951	0.5366	0.3407	0.2198	0.4396	0.4708	0.1208	0.4084	0.4708	0.1208	0.4084	0.8	0	0.2	0	0.9677	0	0.0323	0
com.ciandt.tt	0.9041	0.0265	0	0.0471	0.0221	0	0.0003	0	0	0.0092	0.0917	0.8991	0.0052	0.0682	0.9265	0.0001	0.0488	0.9512	0.0001	0.0488	0.9512	0.5	0	0.5	0	0.9917	0	0.0083	0
gust.svm	0	0	0	0	0	0	0.9083	0	0.0917	0.45	0	0.55	0.4571	0	0.5429	0.1423	0	0.8577	0.1423	0	0.8577	1	0	0	0	1	0	0	0
com.color.droid.shivmahapuran	0.8962	0	0	0	0	0	0.0937	0	0.0101	0.0519	0	0.9481	0.0402	0	0.9598	0.0102	0	0.9898	0.0102	0	0.9898	1	0	0	0	1	0	0	0
asp.emo.pack27.ext	0	0	0	0	0	0	0.9785	0	0.0215	0.0909	0	0.9091	0.16	0	0.84	0.0238	0	0.9762	0.0238	0	0.9762	1	0	0	0	1	0	0	0
com.gidon.coffeesnumber	0	0	0	0	0	0	0.9639	0	0.0361	0.4237	0	0.5763	0.4148	0	0.5852	0.0403	0	0.9597	0.0403	0	0.9597	1	0	0	0	1	0	0	0
netiks.FransaBank.mobile	0.9724	0.0012	0	0.0247	0.0016	0	0	0	0	0.0055	0.0331	0.9613	0.0029	0.02	0.9771	0	0.0031	0.9969	0	0.0031	0.9969	0.4286	0	0.5714	0	0.9807	0	0.0193	0
com.skp.valentine	0.9942	0	0	0.0027	0.0001	0	0.0028	0	0.0002	0.0061	0.0082	0.9857	0.004	0.0073	0.9888	0.0002	0.0002	0.9995	0.0002	0.0002	0.9995	0.4286	0.0714	0.3571	0.1429	0.7281	0.0189	0.1158	0.1371
com.tigoenergy.smart	0.9668	0.0119	0	0.021	0.0001	0	0.0002	0	0	0.0081	0.0569	0.935	0.0045	0.0247	0.9708	0	0.0121	0.9879	0	0.0121	0.9879	0.5	0	0.5	0	0.9909	0	0.0091	0
com.wickert.bowlingnight	0.9977	0	0	0.0001	0	0	0.0012	0.0008	0.0002	0.0303	0.0061	0.9637	0.0191	0.0042	0.9767	0.0006	0.0009	0.9985	0.0006	0.0009	0.9985	0.52	0	0.08	0.4	0.96	0	0.003	0.037
password.strength.checker	0	0	0	0	0	0	0.9758	0	0.0242	0.3125	0	0.6875	0.2933	0	0.7067	0.0271	0	0.9729	0.0271	0	0.9729	1	0	0	0	1	0	0	0
at.generalsolutions.contwise.maps.seehotel_reschen	0.9733	0.0051	0	0.01	0.0113	0	0.0002	0	0	0.0061	0.1227	0.8712	0.0031	0.1594	0.8375	0	0.0175	0.9825	0	0.0175	0.9825	0.5	0	0.5	0	0.9846	0	0.0154	0
com.sanfordguide.amt	0.988	0	0	0.012	0	0	0	0	0	0	0.04	0.96	0	0.0254	0.9746	0	0.0001	0.9999	0	0.0001	0.9999	0	0	1	0	0	0	1	0
com.generalgoodswholesale.customerapp	0.9869	0.0097	0	0.0001	0	0	0.0033	0	0	0.0098	0.0294	0.9608	0.0083	0.0138	0.9779	0.0001	0.0098	0.9901	0.0001	0.0098	0.9901	0.5714	0	0.4286	0	0.9744	0	0.0256	0
de.gautzsch.fif	0.9996	0.0001	0	0.0002	0.0001	0	0.0001	0	0	0.009	0.045	0.9459	0.005	0.0174	0.9777	0	0.0002	0.9997	0	0.0002	0.9997	0.5	0	0.5	0	0.9948	0	0.0052	0
es.aena.mobile	0.9132	0.0025	0	0.0624	0.0123	0	0.0095	0	0	0.0104	0.0833	0.9062	0.008	0.0518	0.9402	0.0001	0.0151	0.9849	0.0001	0.0151	0.9848	0.5	0.3333	0.1667	0	0.7716	0.1939	0.0345	0
at.generalsolutions.contwise.maps.hotel_elite_seefeld	0.9704	0.0051	0	0.0118	0.0125	0	0.0002	0	0	0.0063	0.125	0.8688	0.0032	0.1616	0.8352	0	0.0186	0.9814	0	0.0186	0.9814	0.5	0	0.5	0	0.9848	0	0.0152	0
com.dooblou.WiFiFileExplorer	0.8124	0	0	0.0268	0.0282	0	0.1191	0	0.0135	0.0166	0.011	0.9724	0.0171	0.0214	0.9615	0.0135	0.0281	0.9584	0.0136	0.0281	0.9583	0.75	0	0.25	0	0.9936	0	0.0064	0
at.generalsolutions.contwise.maps.sporthotel_exclusive	0.9753	0.0051	0	0.0083	0.011	0	0.0002	0	0	0.0063	0.1266	0.8671	0.0032	0.1648	0.832	0	0.0173	0.9827	0	0.0173	0.9827	0.6	0	0.4	0	0.988	0	0.012	0
com.giscloud.mdc	0.998	0.001	0	0.0007	0.0002	0	0.0001	0	0	0.0085	0.0598	0.9316	0.005	0.0302	0.9648	0.0001	0.0017	0.9983	0.0001	0.0017	0.9983	0.75	0	0.25	0	0.9975	0	0.0025	0
eu.dhcorp.android.weatherproject	0.013	0	0	0	0	0	0.845	0.0806	0.0614	0.1719	0.0625	0.7656	0.2194	0.0581	0.7226	0.0664	0.0799	0.8537	0.0664	0.0799	0.8537	0.7143	0.2857	0	0	0.8561	0.1439	0	0
de.sde.mobile	0.8025	0.0198	0	0.0654	0.0095	0	0.0888	0.0017	0.0123	0.0825	0.0722	0.8454	0.0815	0.0593	0.8593	0.0128	0.0312	0.956	0.0128	0.0312	0.956	0	0.125	0.5	0.375	0	0.0577	0.2588	0.6834
com.sportfusion.asports.seahawks	0.9836	0	0	0.0099	0.0033	0	0	0.0033	0	0.0145	0.029	0.9565	0.0057	0.017	0.9773	0	0.0066	0.9934	0	0.0066	0.9934	0	0	0	1	0	0	0	1
de.appinside.devcenter.yltw63	0.858	0	0.0003	0.0527	0.0736	0.0001	0.0093	0.0011	0.0048	0.0948	0.3164	0.5888	0.0862	0.2742	0.6396	0.0061	0.0766	0.9173	0.0061	0.0766	0.9173	0.6667	0	0	0.3333	0.9994	0	0	0.0006
com.tonado.boli.hiper	0.9593	0	0	0	0	0	0.0337	0	0.0069	0.0378	0	0.9622	0.0269	0	0.9731	0.007	0	0.993	0.007	0	0.993	1	0	0	0	1	0	0	0
com.mobilejazz.urology	0.8835	0.0005	0	0.0883	0.0276	0	0.0002	0	0	0.0078	0.1094	0.8828	0.0045	0.0629	0.9326	0.0001	0.0286	0.9713	0.0001	0.0286	0.9713	0.4286	0	0.2857	0.2857	0.9938	0	0.0025	0.0037
com.mobdub.channel.WWTV	0.1463	0	0	0.7582	0.0955	0	0	0	0	0	0.1478	0.8522	0	0.2721	0.7279	0	0.096	0.904	0	0.096	0.904	1	0	0	0	1	0	0	0
net.olejon.spotcommander	0.9729	0	0	0	0	0	0.0216	0	0.0055	0.0297	0	0.9703	0.0169	0	0.9831	0.0056	0	0.9944	0.0056	0	0.9944	1	0	0	0	1	0	0	0
com.alamkanak.android.financebd	0	0	0	0.8403	0.1592	0	0	0.0005	0	0.0345	0.4483	0.5172	0.0185	0.4815	0.5	0.0005	0.1684	0.8311	0.0005	0.1684	0.8311	0	0	0	0	0	0	0	0
com.montaserramadanm.bluetooth	0.2178	0	0	0	0	0	0.7085	0	0.0737	0.1811	0	0.8189	0.1589	0	0.8411	0.0742	0	0.9258	0.0742	0	0.9258	0.8889	0	0.1111	0	0.9997	0	0.0003	0
edu.ckcc.royalshykdic	0.4298	0	0	0	0	0	0.5698	0	0.0004	0.0146	0	0.9854	0.0092	0	0.9908	0.0009	0	0.9991	0.0009	0	0.9991	0.875	0	0.125	0	0.9918	0	0.0082	0
com.dridev.kamusku	0.9927	0.0036	0	0.0037	0	0	0	0	0	0	0.0328	0.9672	0	0.0127	0.9873	0	0.0036	0.9964	0	0.0036	0.9964	0.3333	0	0	0.6667	0.2182	0	0	0.7818
com.media.miplayer	0	0	0	0.5966	0.3858	0	0.0117	0.0059	0	0.0161	0.5484	0.4355	0.0192	0.5962	0.3846	0.0001	0.3923	0.6077	0.0001	0.3923	0.6077	0	0	0	0	0	0	0	0
id.web.michsan.adhannotifier	0.9845	0	0	0.0054	0.0026	0	0.006	0.0012	0.0004	0.0096	0.0287	0.9617	0.0093	0.0242	0.9665	0.0005	0.0039	0.9957	0.0005	0.0039	0.9957	1	0	0	0	1	0	0	0
br.art.iai.discoverykids	0.0322	0	0	0.7073	0.1967	0	0.0547	0.0048	0.0042	0.1082	0.3766	0.5152	0.0951	0.3638	0.5411	0.0045	0.2021	0.7934	0.0045	0.2021	0.7934	1	0	0	0	1	0	0	0
com.dypix.fibladiActualite	0.9034	0	0	0	0	0	0.0933	0	0.0033	0.0455	0	0.9545	0.0296	0	0.9704	0.0034	0	0.9966	0.0034	0	0.9966	0.25	0	0	0.75	0.1978	0	0	0.8022
radiance.app.proverbes_africains_365	0.9146	0	0.0015	0.0207	0.0077	0	0.0518	0.0007	0.003	0.0588	0.09	0.8512	0.0546	0.0508	0.8945	0.0068	0.0103	0.9828	0.0068	0.0103	0.9828	0.625	0	0.375	0	0.9966	0	0.0034	0
com.homecu.jdecu	0.9884	0	0	0.0102	0.0009	0	0.0004	0	0.0001	0.0099	0.0559	0.9342	0.006	0.0502	0.9439	0.0001	0.0011	0.9987	0.0001	0.0011	0.9987	1	0	0	0	1	0	0	0
com.mgrabowski.virginmobileminutes	0.8819	0	0	0	0	0	0.0957	0	0.0224	0.0522	0	0.9478	0.0456	0	0.9544	0.0225	0	0.9775	0.0229	0	0.9771	0.4	0	0.6	0	0.7281	0	0.2719	0
org.artofliving.srisriquotes.portuguese.app	0.9991	0	0	0.0003	0.0001	0	0.0004	0	0	0.0106	0.0426	0.9468	0.0066	0.0197	0.9737	0	0.0002	0.9997	0	0.0002	0.9997	0.75	0	0.25	0	0.9977	0	0.0023	0
com.mobile.poorvika	0.9478	0.0282	0	0.0213	0.0026	0	0.0001	0	0	0.0079	0.063	0.9291	0.0045	0.0316	0.9639	0.0001	0.0308	0.9691	0.0001	0.0308	0.9691	0.5	0	0.5	0	0.9951	0	0.0049	0
com.jahm.tempconv	0	0	0	0	0	0	0.9777	0	0.0223	0.1364	0	0.8636	0.1695	0	0.8305	0.0249	0	0.9751	0.0249	0	0.9751	1	0	0	0	1	0	0	0
com.appelit.twiist	0.9992	0.0003	0	0.0004	0	0	0	0	0	0.0053	0.0053	0.9894	0.0028	0.0056	0.9916	0	0.0003	0.9996	0	0.0003	0.9996	0.5714	0	0.4286	0	0.9834	0	0.0166	0
com.jabbo.mediatagscanner	0.9953	0.0015	0	0.0025	0.0005	0	0.0002	0	0	0.0048	0.0335	0.9617	0.0033	0.0182	0.9785	0.0002	0.0031	0.9966	0.0002	0.0031	0.9966	0.6667	0	0.3333	0	0.9664	0	0.0336	0
com.flo.ayakkabi	0.9082	0	0	0.0442	0.0362	0	0.0034	0.0081	0	0.009	0.0811	0.9099	0.0063	0.1333	0.8603	0	0.0447	0.9553	0	0.0447	0.9553	0	0.1667	0.5	0.3333	0	0.0927	0.3541	0.5533
klwinkel.weerkaartbe	0.5401	0	0	0	0	0	0.2927	0	0.1671	0.2111	0	0.7889	0.2057	0	0.7943	0.1673	0	0.8327	0.1679	0	0.8321	0.8261	0	0.087	0.087	0.9766	0	0.0082	0.0152
gr.spartansoftware.greekphotography	0	0	0	0	0	0	0.9717	0	0.0283	0.38	0	0.62	0.3478	0	0.6522	0.0386	0	0.9614	0.0386	0	0.9614	1	0	0	0	1	0	0	0
com.briox.riversip.android.general.sports	0.8924	0	0	0.0538	0.0224	0.0269	0	0.0045	0	0.0182	0.0727	0.9091	0.0547	0.0703	0.875	0.027	0.027	0.946	0.027	0.027	0.946	0.5	0	0.5	0	0.7238	0	0.2762	0
dk.minreklame.tilbudsavis	0.3412	0	0	0.3228	0.2054	0	0.0648	0.0355	0.0303	0.0433	0.3846	0.5721	0.0484	0.4488	0.5028	0.0304	0.2421	0.7275	0.0305	0.2427	0.7269	0.1111	0	0.3333	0.5556	0.0101	0	0.1346	0.8553
com.soshall.apps.browser	0.7819	0	0	0	0	0	0.1791	0.0248	0.0142	0.2	0.0923	0.7077	0.1755	0.0816	0.7429	0.0157	0.0254	0.9589	0.0157	0.0254	0.9589	1	0	0	0	1	0	0	0
org.bible.remember_me	0.8223	0.0024	0.0186	0.0103	0.0094	0	0.1068	0.0023	0.028	0.1085	0.0949	0.7966	0.1129	0.0873	0.7998	0.0481	0.0158	0.9361	0.0481	0.0158	0.9361	0.7	0	0.2	0.1	0.9954	0	0.0039	0.0007
id.co.viva.vivapemilu	0.8197	0	0.0141	0.059	0.0349	0	0.0461	0.0007	0.0254	0.1846	0.1231	0.6923	0.1158	0.2035	0.6807	0.0399	0.0364	0.9237	0.0399	0.0364	0.9236	1	0	0	0	1	0	0	0
com.dailyworkhoroscopes.net	1	0	0	0	0	0	0	0	0	0	0	1	0	0	1	0	0	1	0	0	1	0.3333	0	0	0.6667	0.3216	0	0	0.6784
org.gfx54b.android.pollux.mineralh	0	0	0	0.6	0.2	0	0	0.2	0	0.2	0.4	0.4	0.1429	0.4286	0.4286	0.001	0.4002	0.5988	0.001	0.4002	0.5988	0	0	0	0	0	0	0	0
com.wisdom.profcon2015	0.9547	0.0034	0	0.0367	0.005	0	0.0002	0	0	0.0087	0.0957	0.8957	0.0052	0.0753	0.9195	0.0001	0.0096	0.9903	0.0001	0.0096	0.9903	0.6	0	0.4	0	0.9949	0	0.0051	0
com.tju.android.webcams	0.4169	0	0	0	0	0	0.4812	0	0.1019	0.211	0	0.789	0.2095	0	0.7905	0.1072	0	0.8928	0.1072	0	0.8928	1	0	0	0	1	0	0	0
com.tamildevotionalapps.ayyappaashtothram	0.8527	0	0.0001	0	0	0	0.1447	0	0.0025	0.0816	0	0.9184	0.0477	0	0.9523	0.0031	0	0.9969	0.0031	0	0.9969	0.8889	0	0.1111	0	0.9952	0	0.0048	0
com.aisyah.resepmasakan	0.9933	0	0	0	0	0	0.0067	0	0	0.0046	0	0.9954	0.0025	0	0.9975	0	0	1	0	0	1	0.6667	0	0.1111	0.2222	0.928	0	0.005	0.067
