0	 0	 0	 0	 0	 0	 0	 0
0	 0	 0	 0	 0	 0	 0	 0
0	 0	 0	 0	 0	 0	 0	 0
0	 0	 0	 0	 0	 0	 0	 0
0	 0	 0	 0	 0	 0	 0	 0
0	 0	 0	 0	 0	 0	 0	 0
0	 0	 0	 0	 0	 0	 0	 0
0	 0	 0	 0	 0	 0	 0	 0
0	 0	 0	 0	 0	 0	 0	 0
0	 0	 0	 0	 0	 0	 0	 0
0	 0	 0	 0	 0	 0	 0	 4
0	 0	 0	 0	 0	 0	 0	 55
0	 0	 0	 0	 0	 0	 0	 0
0	 0	 0	 0	 0	 0	 0	 0
0	 0	 0	 0	 0	 0	 0	 0
0	 0	 0	 0	 0	 0	 0	 0
0	 0	 0	 0	 0	 0	 0	 0
0	 0	 0	 0	 0	 0	 0	 0
0	 0	 0	 0	 0	 0	 0	 0
0	 0	 0	 0	 0	 0	 0	 0
5	 1	 0	 0	 0	 0	 0	 0
0	 0	 0	 0	 0	 0	 0	 0
0	 0	 0	 0	 0	 0	 0	 0
0	 0	 0	 0	 0	 0	 0	 0
0	 0	 0	 0	 0	 0	 0	 0
0	 0	 0	 0	 0	 0	 0	 0
0	 0	 0	 0	 0	 0	 0	 0
0	 0	 0	 0	 0	 0	 0	 0
0	 0	 0	 0	 0	 0	 0	 0
0	 0	 0	 0	 0	 0	 0	 0
0	 0	 0	 0	 0	 0	 0	 0
0	 0	 0	 0	 0	 0	 0	 0
0	 0	 0	 0	 0	 0	 0	 0
0	 0	 0	 0	 0	 0	 0	 0
0	 0	 0	 0	 0	 0	 0	 0
0	 0	 0	 0	 0	 0	 0	 0
0	 0	 0	 0	 0	 0	 0	 0
0	 0	 0	 0	 0	 0	 0	 0
0	 0	 0	 0	 0	 0	 0	 0
0	 0	 0	 0	 0	 0	 0	 0
0	 0	 0	 0	 0	 0	 0	 0
0	 0	 0	 0	 0	 0	 0	 0
0	 0	 0	 0	 0	 0	 0	 0
0	 0	 0	 0	 0	 0	 0	 0
0	 0	 0	 0	 0	 0	 0	 0
0	 0	 0	 0	 0	 0	 0	 40
0	 0	 0	 0	 0	 0	 0	 0
0	 0	 0	 0	 0	 0	 0	 0
0	 0	 0	 0	 0	 0	 0	 0
0	 0	 0	 0	 0	 0	 0	 0
0	 0	 0	 0	 0	 0	 0	 0
0	 0	 0	 0	 0	 0	 0	 0
0	 0	 0	 0	 0	 0	 0	 0
0	 0	 0	 0	 0	 0	 0	 0
10	 2	 0	 0	 0	 0	 0	 0
0	 0	 0	 0	 0	 0	 0	 0
0	 0	 0	 0	 0	 0	 0	 0
0	 0	 0	 0	 0	 0	 0	 0
0	 0	 0	 0	 0	 0	 0	 0
0	 0	 0	 0	 0	 0	 0	 0
0	 0	 0	 0	 0	 0	 0	 0
0	 0	 0	 0	 0	 0	 0	 0
0	 0	 0	 0	 0	 0	 0	 0
0	 0	 0	 0	 0	 0	 0	 0
0	 0	 0	 0	 0	 0	 0	 0
0	 0	 0	 0	 0	 0	 0	 0
0	 0	 0	 0	 0	 0	 0	 0
0	 0	 0	 0	 0	 0	 0	 0
0	 0	 0	 0	 0	 0	 0	 0
0	 0	 0	 0	 0	 0	 0	 0
0	 0	 0	 0	 0	 0	 0	 0
0	 0	 0	 0	 0	 0	 0	 0
0	 0	 0	 0	 0	 0	 0	 0
0	 0	 0	 0	 0	 0	 0	 0
0	 0	 0	 0	 0	 0	 0	 0
0	 0	 0	 0	 0	 0	 0	 0
0	 0	 0	 0	 0	 0	 0	 0
0	 0	 0	 0	 0	 0	 0	 0
0	 0	 0	 0	 0	 0	 0	 0
0	 0	 0	 0	 0	 0	 0	 26
0	 0	 0	 0	 0	 0	 0	 0
0	 0	 0	 0	 0	 0	 0	 0
0	 0	 0	 0	 0	 0	 0	 0
0	 0	 0	 0	 0	 0	 0	 0
0	 0	 0	 0	 0	 0	 0	 0
0	 0	 0	 0	 0	 0	 0	 0
0	 0	 0	 0	 0	 0	 0	 0
0	 0	 0	 0	 0	 0	 0	 0
13	 2	 0	 0	 0	 2	 0	 0
0	 0	 0	 0	 0	 0	 0	 0
0	 0	 0	 0	 0	 0	 0	 0
0	 0	 0	 0	 0	 0	 0	 0
0	 0	 0	 0	 0	 0	 0	 0
0	 0	 0	 0	 0	 0	 0	 0
0	 0	 0	 0	 0	 0	 0	 0
0	 0	 0	 0	 0	 0	 0	 0
0	 0	 0	 0	 0	 0	 0	 0
0	 0	 0	 0	 0	 0	 0	 0
0	 0	 0	 0	 0	 0	 0	 0
0	 0	 0	 0	 0	 0	 0	 0
0	 0	 0	 0	 0	 0	 0	 0
0	 0	 0	 0	 0	 0	 0	 0
0	 0	 0	 0	 0	 0	 0	 0
0	 0	 0	 0	 0	 0	 0	 0
0	 0	 0	 0	 0	 0	 0	 0
0	 0	 0	 0	 0	 0	 0	 0
0	 0	 0	 0	 0	 0	 0	 0
0	 0	 0	 0	 0	 0	 0	 0
0	 0	 0	 0	 0	 0	 0	 0
0	 0	 0	 0	 0	 0	 0	 0
0	 0	 0	 0	 0	 0	 0	 0
0	 0	 0	 0	 0	 0	 0	 0
0	 0	 0	 0	 0	 0	 0	 0
0	 0	 0	 0	 0	 0	 0	 0
0	 0	 0	 0	 0	 0	 0	 0
0	 0	 0	 0	 0	 0	 0	 0
0	 0	 0	 0	 0	 0	 0	 0
0	 0	 0	 0	 0	 0	 0	 0
0	 0	 0	 0	 0	 0	 0	 0
0	 0	 0	 0	 0	 0	 0	 0
0	 0	 0	 0	 0	 0	 0	 0
0	 0	 0	 0	 0	 0	 0	 0
0	 0	 0	 0	 0	 0	 0	 0
0	 0	 0	 0	 0	 0	 0	 0
0	 0	 0	 0	 0	 0	 0	 0
0	 0	 0	 0	 0	 0	 0	 0
0	 0	 0	 0	 0	 0	 0	 0
0	 0	 0	 0	 0	 0	 0	 0
0	 0	 0	 0	 0	 0	 0	 0
0	 0	 0	 0	 0	 0	 0	 0
0	 0	 0	 0	 0	 0	 0	 0
0	 0	 0	 0	 0	 0	 0	 0
0	 0	 0	 0	 0	 0	 0	 0
0	 0	 0	 0	 0	 0	 0	 0
0	 0	 0	 0	 0	 0	 0	 0
0	 0	 0	 0	 0	 0	 0	 0
0	 0	 0	 0	 0	 0	 0	 0
0	 0	 0	 0	 0	 0	 0	 0
0	 0	 0	 0	 0	 0	 0	 0
0	 0	 0	 0	 0	 0	 0	 0
0	 0	 0	 0	 0	 0	 0	 0
0	 0	 0	 0	 0	 0	 0	 0
0	 0	 0	 0	 0	 0	 0	 0
0	 0	 0	 0	 0	 0	 0	 0
0	 0	 0	 0	 0	 0	 0	 0
0	 0	 0	 0	 0	 0	 0	 0
0	 0	 0	 0	 0	 0	 0	 0
0	 0	 0	 0	 0	 0	 0	 0
0	 0	 0	 0	 0	 0	 0	 0
0	 0	 0	 0	 0	 0	 0	 147
0	 0	 0	 0	 0	 0	 0	 0
0	 0	 0	 0	 0	 0	 0	 0
0	 0	 0	 0	 0	 0	 0	 0
0	 0	 0	 0	 0	 0	 0	 0
0	 0	 0	 0	 0	 0	 0	 0
0	 0	 0	 0	 0	 0	 0	 0
0	 0	 0	 0	 0	 0	 0	 0
0	 0	 0	 0	 0	 0	 0	 0
0	 0	 0	 0	 0	 0	 0	 19
0	 0	 0	 0	 0	 0	 0	 0
0	 0	 0	 0	 0	 0	 0	 0
0	 0	 0	 0	 0	 0	 0	 0
0	 0	 0	 0	 0	 0	 0	 0
0	 0	 0	 0	 0	 0	 0	 0
0	 0	 0	 0	 0	 0	 0	 0
0	 0	 0	 0	 0	 0	 0	 0
0	 0	 0	 0	 0	 0	 0	 0
0	 0	 0	 0	 0	 0	 0	 0
0	 0	 0	 0	 0	 0	 0	 0
0	 0	 0	 0	 0	 0	 0	 0
0	 0	 0	 0	 0	 0	 0	 0
0	 0	 0	 0	 0	 0	 0	 0
0	 0	 0	 0	 0	 0	 0	 0
0	 0	 0	 0	 0	 0	 0	 0
0	 0	 0	 0	 0	 0	 0	 0
0	 0	 0	 0	 0	 0	 0	 0
0	 0	 0	 0	 0	 0	 0	 0
0	 0	 0	 0	 0	 0	 0	 0
0	 0	 0	 0	 0	 0	 0	 0
0	 0	 0	 0	 0	 0	 0	 0
0	 0	 0	 0	 0	 0	 0	 0
0	 0	 0	 0	 0	 0	 0	 0
0	 0	 0	 0	 0	 0	 0	 0
0	 0	 0	 0	 0	 0	 0	 0
0	 0	 0	 0	 0	 0	 0	 0
0	 0	 0	 0	 0	 0	 0	 0
0	 0	 0	 0	 0	 0	 0	 0
0	 0	 0	 0	 0	 0	 0	 0
0	 0	 0	 0	 0	 0	 0	 0
0	 0	 0	 0	 0	 0	 0	 0
0	 0	 0	 0	 0	 0	 0	 0
0	 0	 0	 0	 0	 0	 0	 165
0	 0	 0	 0	 0	 0	 0	 0
0	 0	 0	 0	 0	 0	 0	 0
0	 0	 0	 0	 0	 0	 0	 0
0	 0	 0	 0	 0	 0	 0	 0
0	 0	 0	 0	 0	 0	 0	 0
0	 0	 0	 0	 0	 0	 0	 0
0	 0	 0	 0	 0	 0	 0	 0
0	 0	 0	 0	 0	 0	 0	 0
0	 0	 0	 0	 0	 0	 0	 0
0	 0	 0	 0	 0	 0	 0	 0
0	 0	 0	 0	 0	 0	 0	 0
0	 0	 0	 0	 0	 0	 0	 0
0	 0	 0	 0	 0	 0	 0	 0
0	 0	 0	 0	 0	 0	 0	 0
0	 0	 0	 0	 0	 0	 0	 0
0	 0	 0	 0	 0	 0	 0	 0
0	 0	 0	 0	 0	 0	 0	 0
0	 0	 0	 0	 0	 0	 0	 0
0	 0	 0	 0	 0	 0	 0	 0
0	 0	 0	 0	 0	 0	 0	 0
0	 0	 0	 0	 0	 0	 0	 0
0	 0	 0	 0	 0	 0	 0	 0
0	 0	 0	 0	 0	 0	 0	 0
0	 0	 0	 0	 0	 0	 0	 0
0	 0	 0	 0	 0	 0	 0	 0
0	 0	 0	 0	 0	 0	 0	 0
0	 0	 0	 0	 0	 0	 0	 0
0	 0	 0	 0	 0	 0	 0	 0
0	 0	 0	 0	 0	 0	 0	 0
0	 0	 0	 0	 0	 0	 0	 0
0	 0	 0	 0	 0	 0	 0	 0
0	 0	 0	 0	 0	 0	 0	 0
0	 0	 0	 0	 0	 0	 0	 0
0	 0	 0	 0	 0	 0	 0	 0
0	 0	 0	 0	 0	 0	 0	 0
0	 0	 0	 0	 0	 0	 0	 0
0	 0	 0	 0	 0	 0	 0	 0
0	 0	 0	 0	 0	 0	 0	 0
0	 0	 0	 0	 0	 0	 0	 0
0	 0	 0	 0	 0	 0	 0	 0
0	 0	 0	 0	 0	 0	 0	 0
0	 0	 0	 0	 0	 0	 0	 154
0	 0	 0	 0	 0	 0	 0	 0
0	 0	 0	 0	 0	 0	 0	 0
0	 0	 0	 0	 0	 0	 0	 0
0	 0	 0	 0	 0	 0	 0	 0
0	 0	 0	 0	 0	 0	 0	 0
0	 0	 0	 0	 0	 0	 0	 0
0	 0	 0	 0	 0	 0	 0	 0
0	 0	 0	 0	 0	 0	 0	 0
0	 0	 0	 0	 0	 0	 0	 0
0	 0	 0	 0	 0	 0	 0	 0
0	 0	 0	 0	 0	 0	 0	 0
0	 0	 0	 0	 0	 0	 0	 0
0	 0	 0	 0	 0	 0	 0	 0
0	 0	 0	 0	 0	 0	 0	 0
0	 0	 0	 0	 0	 0	 0	 0
