0	 0	 0	 0	 0	 0	 0	 0
0	 0	 0	 0	 0	 0	 0	 0
0	 0	 0	 0	 0	 0	 0	 0
0	 0	 0	 0	 0	 0	 0	 0
0	 0	 0	 0	 0	 0	 0	 0
0	 0	 0	 0	 0	 0	 0	 0
0	 0	 0	 0	 0	 0	 0	 0
0	 0	 0	 0	 0	 0	 0	 0
0	 0	 0	 0	 0	 0	 0	 0
0	 0	 0	 0	 0	 0	 0	 0
0	 0	 0	 0	 0	 0	 0	 2
0	 0	 0	 0	 0	 0	 0	 1
0	 0	 0	 0	 0	 0	 0	 0
0	 0	 0	 0	 0	 0	 0	 0
0	 0	 0	 0	 0	 0	 0	 0
0	 0	 0	 0	 0	 0	 0	 0
0	 0	 0	 0	 0	 0	 0	 0
0	 0	 0	 0	 0	 0	 0	 0
0	 0	 0	 0	 0	 0	 0	 0
0	 0	 0	 0	 0	 0	 0	 339
0	 0	 0	 0	 0	 0	 0	 4
0	 0	 0	 0	 0	 0	 0	 0
0	 0	 0	 0	 0	 0	 0	 0
0	 0	 0	 0	 0	 0	 0	 0
0	 0	 0	 0	 0	 0	 0	 0
0	 0	 0	 0	 0	 0	 0	 0
0	 0	 0	 0	 0	 0	 0	 0
0	 0	 0	 0	 0	 0	 0	 0
0	 0	 0	 0	 0	 0	 0	 0
0	 0	 0	 0	 0	 0	 0	 0
0	 0	 0	 0	 0	 0	 0	 0
0	 0	 0	 0	 0	 0	 0	 129
0	 0	 0	 0	 0	 0	 0	 0
0	 0	 0	 0	 0	 0	 0	 0
0	 0	 0	 0	 0	 0	 0	 0
0	 0	 0	 0	 0	 0	 0	 0
0	 0	 0	 0	 0	 0	 0	 0
0	 0	 0	 0	 0	 0	 0	 0
0	 0	 0	 0	 0	 0	 0	 3
0	 0	 0	 0	 0	 0	 0	 0
0	 0	 0	 0	 0	 0	 0	 0
0	 0	 0	 0	 0	 0	 0	 0
0	 0	 0	 0	 0	 0	 0	 0
0	 0	 0	 0	 0	 0	 0	 0
0	 0	 0	 0	 0	 0	 0	 0
0	 0	 0	 0	 0	 0	 0	 9
0	 0	 0	 0	 0	 0	 0	 0
0	 0	 0	 0	 0	 0	 0	 0
0	 0	 0	 0	 0	 0	 0	 0
0	 0	 0	 0	 0	 0	 0	 159
0	 0	 0	 0	 0	 0	 0	 0
0	 0	 0	 0	 0	 0	 0	 0
0	 0	 0	 0	 0	 0	 0	 0
0	 0	 0	 0	 0	 0	 0	 254
0	 0	 0	 0	 0	 0	 0	 0
0	 0	 0	 0	 0	 0	 0	 0
0	 0	 0	 0	 0	 0	 0	 0
0	 0	 0	 0	 0	 0	 0	 0
0	 0	 0	 0	 0	 0	 0	 0
0	 0	 0	 0	 0	 0	 0	 0
0	 0	 0	 0	 0	 0	 0	 0
0	 0	 0	 0	 0	 0	 0	 0
0	 0	 0	 0	 0	 0	 0	 0
0	 0	 0	 0	 0	 0	 0	 0
0	 0	 0	 0	 0	 0	 0	 0
0	 0	 0	 0	 0	 0	 0	 107
0	 0	 0	 0	 0	 0	 0	 0
0	 0	 0	 0	 0	 0	 0	 0
0	 0	 0	 0	 0	 0	 0	 0
0	 0	 0	 0	 0	 0	 0	 0
0	 0	 0	 0	 0	 0	 0	 0
0	 0	 0	 0	 0	 0	 0	 0
0	 0	 0	 0	 0	 0	 0	 20
0	 0	 0	 0	 0	 0	 0	 0
0	 0	 0	 0	 0	 0	 0	 0
0	 0	 0	 0	 0	 0	 0	 0
0	 0	 0	 0	 0	 0	 0	 0
0	 0	 0	 0	 0	 0	 0	 0
0	 0	 0	 0	 0	 0	 0	 4
0	 0	 0	 0	 0	 0	 0	 0
0	 0	 0	 0	 0	 0	 0	 0
0	 0	 0	 0	 0	 0	 0	 0
0	 0	 0	 0	 0	 0	 0	 0
0	 0	 0	 0	 0	 0	 0	 62
0	 0	 0	 0	 0	 0	 0	 0
0	 0	 0	 0	 0	 0	 0	 0
0	 0	 0	 0	 0	 0	 0	 0
0	 0	 0	 0	 0	 0	 0	 286
0	 0	 0	 0	 0	 0	 0	 31
0	 0	 0	 0	 0	 0	 0	 0
0	 0	 0	 0	 0	 0	 0	 0
0	 0	 0	 0	 0	 0	 0	 0
0	 0	 0	 0	 0	 0	 0	 0
0	 0	 0	 0	 0	 0	 0	 0
0	 0	 0	 0	 0	 0	 0	 0
0	 0	 0	 0	 0	 0	 0	 0
0	 0	 0	 0	 0	 0	 0	 0
0	 0	 0	 0	 0	 0	 0	 0
0	 0	 0	 0	 0	 0	 0	 0
0	 0	 0	 0	 0	 0	 0	 51
0	 0	 0	 0	 0	 0	 0	 0
0	 0	 0	 0	 0	 0	 0	 0
0	 0	 0	 0	 0	 0	 0	 0
0	 0	 0	 0	 0	 0	 0	 0
0	 0	 0	 0	 0	 0	 0	 0
0	 0	 0	 0	 0	 0	 0	 0
0	 0	 0	 0	 0	 0	 0	 0
0	 0	 0	 0	 0	 0	 0	 6
0	 0	 0	 0	 0	 0	 0	 0
0	 0	 0	 0	 0	 0	 0	 0
0	 0	 0	 0	 0	 0	 0	 0
0	 0	 0	 0	 0	 0	 0	 0
0	 0	 0	 0	 0	 0	 0	 93
0	 0	 0	 0	 0	 0	 0	 0
0	 0	 0	 0	 0	 0	 0	 8
0	 0	 0	 0	 0	 0	 0	 0
0	 0	 0	 0	 0	 0	 0	 0
0	 0	 0	 0	 0	 0	 0	 0
0	 0	 0	 0	 0	 0	 0	 0
0	 0	 0	 0	 0	 0	 0	 3
0	 0	 0	 0	 0	 0	 0	 0
0	 0	 0	 0	 0	 0	 0	 8
0	 0	 0	 0	 0	 0	 0	 0
0	 0	 0	 0	 0	 0	 0	 24
0	 0	 0	 0	 0	 0	 0	 0
0	 0	 0	 0	 0	 0	 0	 0
0	 0	 0	 0	 0	 0	 0	 0
0	 0	 0	 0	 0	 0	 0	 0
0	 0	 0	 0	 0	 0	 0	 0
0	 0	 0	 0	 0	 0	 0	 0
0	 0	 0	 0	 0	 0	 0	 0
0	 0	 0	 0	 0	 0	 0	 0
0	 0	 0	 0	 0	 0	 0	 26
0	 0	 0	 0	 0	 0	 0	 0
0	 0	 0	 0	 0	 0	 0	 0
0	 0	 0	 0	 0	 0	 0	 0
0	 0	 0	 0	 0	 0	 0	 0
0	 0	 0	 0	 0	 0	 0	 0
0	 0	 0	 0	 0	 0	 0	 0
0	 0	 0	 0	 0	 0	 0	 0
0	 0	 0	 0	 0	 0	 0	 0
0	 0	 0	 0	 0	 0	 0	 0
0	 0	 0	 0	 0	 0	 0	 0
0	 0	 0	 0	 0	 0	 0	 0
0	 0	 0	 0	 0	 0	 0	 0
0	 0	 0	 0	 0	 0	 0	 0
0	 0	 0	 0	 0	 0	 0	 0
0	 0	 0	 0	 0	 0	 0	 0
0	 0	 0	 0	 0	 0	 0	 0
0	 0	 0	 0	 0	 0	 0	 176
0	 0	 0	 0	 0	 0	 0	 0
0	 0	 0	 0	 0	 0	 0	 0
0	 0	 0	 0	 0	 0	 0	 7
0	 0	 0	 0	 0	 0	 0	 0
0	 0	 0	 0	 0	 0	 0	 0
0	 0	 0	 0	 0	 0	 0	 0
0	 0	 0	 0	 0	 0	 0	 85
0	 0	 0	 0	 0	 0	 0	 0
0	 0	 0	 0	 0	 0	 0	 0
0	 0	 0	 0	 0	 0	 0	 0
0	 0	 0	 0	 0	 0	 0	 0
0	 0	 0	 0	 0	 0	 0	 100
0	 0	 0	 0	 0	 0	 0	 0
0	 0	 0	 0	 0	 0	 0	 0
0	 0	 0	 0	 0	 0	 0	 0
0	 0	 0	 0	 0	 0	 0	 50
0	 0	 0	 0	 0	 0	 0	 0
0	 0	 0	 0	 0	 0	 0	 0
0	 0	 0	 0	 0	 0	 0	 0
0	 0	 0	 0	 0	 0	 0	 0
0	 0	 0	 0	 0	 0	 0	 0
0	 0	 0	 0	 0	 0	 0	 0
0	 0	 0	 0	 0	 0	 0	 1
0	 0	 0	 0	 0	 0	 0	 0
0	 0	 0	 0	 0	 0	 0	 36
0	 0	 0	 0	 0	 0	 0	 0
0	 0	 0	 0	 0	 0	 0	 0
0	 0	 0	 0	 0	 0	 0	 0
16	 0	 0	 0	 0	 0	 0	 0
0	 0	 0	 0	 0	 0	 0	 0
0	 0	 0	 0	 0	 0	 0	 0
0	 0	 0	 0	 0	 0	 0	 0
0	 0	 0	 0	 0	 0	 0	 0
0	 0	 0	 0	 0	 0	 0	 0
0	 0	 0	 0	 0	 0	 0	 0
0	 0	 0	 0	 0	 0	 0	 218
0	 0	 0	 0	 0	 0	 0	 0
0	 0	 0	 0	 0	 0	 0	 0
0	 0	 0	 0	 0	 0	 0	 0
0	 0	 0	 0	 0	 0	 0	 0
0	 0	 0	 0	 0	 0	 0	 0
0	 0	 0	 0	 0	 0	 0	 168
0	 0	 0	 0	 0	 0	 0	 0
0	 0	 0	 0	 0	 0	 0	 0
0	 0	 0	 0	 0	 0	 0	 6
0	 0	 0	 0	 0	 0	 0	 0
0	 0	 0	 0	 0	 0	 0	 0
0	 0	 0	 0	 0	 0	 0	 0
0	 0	 0	 0	 0	 0	 0	 4
0	 0	 0	 0	 0	 0	 0	 0
0	 0	 0	 0	 0	 0	 0	 0
0	 0	 0	 0	 0	 0	 0	 0
0	 0	 0	 0	 0	 0	 0	 0
0	 0	 0	 0	 0	 0	 0	 3
0	 0	 0	 0	 0	 0	 0	 0
0	 0	 0	 0	 0	 0	 0	 0
0	 0	 0	 0	 0	 0	 0	 0
0	 0	 0	 0	 0	 0	 0	 36
0	 0	 0	 0	 0	 0	 0	 0
0	 0	 0	 0	 0	 0	 0	 0
0	 0	 0	 0	 0	 0	 0	 0
0	 0	 0	 0	 0	 0	 0	 0
0	 0	 0	 0	 0	 0	 0	 0
0	 0	 0	 0	 0	 0	 0	 0
0	 0	 0	 0	 0	 0	 0	 0
0	 0	 0	 0	 0	 0	 0	 0
0	 0	 0	 0	 0	 0	 0	 26
0	 0	 0	 0	 0	 0	 0	 0
0	 0	 0	 0	 0	 0	 0	 0
0	 0	 0	 0	 0	 0	 0	 0
0	 0	 0	 0	 0	 0	 0	 0
0	 0	 0	 0	 0	 0	 0	 0
0	 0	 0	 0	 0	 0	 0	 0
0	 0	 0	 0	 0	 0	 0	 0
0	 0	 0	 0	 0	 0	 0	 0
0	 0	 0	 0	 0	 0	 0	 0
0	 0	 0	 0	 0	 0	 0	 0
0	 0	 0	 0	 0	 0	 0	 0
0	 0	 0	 0	 0	 0	 0	 0
0	 0	 0	 0	 0	 0	 0	 0
0	 0	 0	 0	 0	 0	 0	 0
0	 0	 0	 0	 0	 0	 0	 0
0	 0	 0	 0	 0	 0	 0	 0
0	 0	 0	 0	 0	 0	 0	 220
0	 0	 0	 0	 0	 0	 0	 0
0	 0	 0	 0	 0	 0	 0	 0
0	 0	 0	 0	 0	 0	 0	 9
0	 0	 0	 0	 0	 0	 0	 0
0	 0	 0	 0	 0	 0	 0	 0
0	 0	 0	 0	 0	 0	 0	 0
0	 0	 0	 0	 0	 0	 0	 0
0	 0	 0	 0	 0	 0	 0	 1
0	 0	 0	 0	 0	 0	 0	 0
0	 0	 0	 0	 0	 0	 0	 0
0	 0	 0	 0	 0	 0	 0	 0
0	 0	 0	 0	 0	 0	 0	 0
0	 0	 0	 0	 0	 0	 0	 0
0	 0	 0	 0	 0	 0	 0	 0
0	 0	 0	 0	 0	 0	 0	 0
