1EE4DEA345455F909E5CA993C7542C3118A0B39FCE4B6702FA1A4987AB1783B4.apk	2015-12-10	0	0	0	0	0	0	0	0	0	0	0	0	0	0	0	0	0	0	0	0	0	0	0	0	0	0	0	0	0
2DDB44E64D398CCE25E7AEBC1B28BD5C5A0A79FCEBEB0C71D48B1BF76C21FE57.apk	2015-12-25	0	0	0	0	0	0	0.6572	0	0.3428	0.3158	0	0.6842	0.3529	0	0.6471	0.3436	0	0.6564	0.3436	0	0.6564	1	0	0	0	1	0	0	0
30BFC186C08EEA22F92F5755AEC29B273D04B19A99F157262F2424866E071E05.apk	2015-12-13	0	0	0	0	0	0	0	0	0	0	0	0	0	0	0	0	0	0	0	0	0	0	0	0	0	0	0	0	0
317EECD320309CF080D7B8182C4E1E0F0E4A66F2D37FCE6675DA08501A5C1C7F.apk	2015-01-03	0	0	0	0.4142	0.5757	0	0.0084	0	0.0017	0.0886	0.2785	0.6329	0.0639	0.4247	0.5114	0.0018	0.5755	0.4227	0.0018	0.5755	0.4227	1	0	0	0	1	0	0	0
392286796454956D5254902AF02322A4283BCE2E43861365638E088761F6FF8B.apk	2015-12-29	0	0	0	0	0	0	0.8141	0	0.1859	0.3256	0	0.6744	0.3821	0	0.6179	0.1976	0	0.8024	0.1976	0	0.8024	1	0	0	0	1	0	0	0
3E368BEA3C7A15D0C044F0005B1786A617D71651C5038FC3C11B21CD4BEC2CA1.apk	2015-08-01	0	0	0	0.5429	0.3933	0.0002	0.0527	0.0047	0.0062	0.0995	0.3613	0.5393	0.0881	0.4403	0.4716	0.0069	0.3983	0.5948	0.0069	0.3983	0.5947	0.8571	0	0.1429	0	0.9906	0	0.0094	0
42FD381AAB9DBBEB91AA896C71F9C46BEE795A0840698F7F6CE03017EC46837D.apk	2015-03-02	0	0	0	0.752	0.044	0	0.1876	0.0082	0.0082	0.1	0.1	0.8	0.06	0.2	0.74	0.0121	0.0633	0.9246	0.0121	0.0633	0.9246	1	0	0	0	1	0	0	0
4E79EBEF07990ED39BF54B85C145DFB0FDB05F534EFA6C39FFD72E400E417408.apk	2015-08-02	0	0	0	0.4691	0.5113	0	0.0156	0.0011	0.0029	0.1053	0.3474	0.5474	0.0851	0.4468	0.4681	0.0031	0.5122	0.4847	0.0031	0.5122	0.4847	0.8571	0	0.1429	0	0.9907	0	0.0093	0
4F061386E92965DA82EE791BC08EBBB632232DA33C7761670A408B2C76E8431B.apk	2015-01-01	0	0	0	0.6366	0.3615	0	0.0009	0.0009	0.0001	0.0082	0.4098	0.582	0.0209	0.5545	0.4246	0.0001	0.3628	0.6371	0.0001	0.3628	0.6371	1	0	0	0	1	0	0	0
79C6B471B31D1FD29836D2A2A5BB03E52AE7508DE1F72407F8E9A7A5A5901D6A.apk	2015-02-13	0.0004	0.0011	0	0.6914	0.3071	0	0	0	0	0	0.5154	0.4846	0	0.5607	0.4393	0	0.3179	0.6821	0	0.318	0.682	0.3333	0.1667	0.3333	0.1667	0.783	0.0317	0.0964	0.0888
96D3B6EAD6ED2EE0665171BDEB287058D5F8D13EB5A93C74AA638492C3D590B3.apk	2015-07-14	0	0	0	0.2398	0.0164	0	0.5357	0.0588	0.1492	0.1231	0.1077	0.7692	0.1111	0.2278	0.6611	0.1485	0.0781	0.7734	0.1485	0.0781	0.7734	1	0	0	0	1	0	0	0
AFB24F52B90D63269A25DE59EC751C6D6C6636ECB48095C990422238D3EC6DDC.apk	2015-02-22	0	0	0	0.3632	0.6368	0	0	0	0	0	0.4286	0.5714	0	0.5238	0.4762	0	0.6362	0.3638	0	0.6363	0.3637	0.375	0	0.625	0	0.9466	0	0.0534	0
B40D150823C6235254C8D934070CC9E3F7E0360A860ABD3BCAF60A6C57A89B8F.apk	2015-07-20	0	0	0	0.91	0.0615	0	0.0233	0.0028	0.0024	0.1017	0.2373	0.661	0.0854	0.3293	0.5854	0.0054	0.0742	0.9204	0.0054	0.0742	0.9204	1	0	0	0	1	0	0	0
B88418D66E6DB0CA4B33D6622BCEF9003CFB352F1ADB1403CC7444051E4CA507.apk	2015-01-04	0	0	0	0.0833	0	0	0.8333	0.0833	0	0.2222	0.1111	0.6667	0.3333	0.0833	0.5833	0.0133	0.0833	0.9033	0.0133	0.0833	0.9033	0	0	0	1	0	0	0	1
BC12C7480F5B1090AED2D1E46C5A8D4D88CD491631DF31EDD883EE20D53FA041.apk	2015-12-29	0	0	0	0.7876	0.0344	0	0.1514	0	0.0266	0.1515	0.0909	0.7576	0.1776	0.1869	0.6355	0.0293	0.0371	0.9335	0.0293	0.0371	0.9335	1	0	0	0	1	0	0	0
D087A2CCADF25AAC6DA67F7441E44F1780557FBCD4365C197EA4CF616B67F892.apk	2015-08-01	0	0	0	0.4591	0.5198	0	0.0174	0.001	0.0028	0.1053	0.3474	0.5474	0.0857	0.4481	0.4662	0.003	0.5205	0.4765	0.003	0.5205	0.4765	0.8571	0	0.1429	0	0.9921	0	0.0079	0
D8A31940FDBC6872A34B91EE43C6309F757BA0D57A60618C8252BD95233A7369.apk	2015-02-24	0	0	0	0.0816	0.0485	0	0.6184	0.0266	0.2249	0.2799	0.2901	0.43	0.3995	0.2685	0.332	0.2262	0.0764	0.6974	0.2262	0.0764	0.6974	0.4	0	0.4667	0.1333	0.9199	0	0.023	0.057
E36418E947165EF8BC2B8CA624318FE743E265780C502C7110DE06045C30ABB1.apk	2015-02-27	0.0091	0	0	0.484	0.5069	0	0	0	0	0	0.4148	0.5852	0	0.5367	0.4633	0	0.5072	0.4928	0	0.5072	0.4928	0.2	0.2667	0.5333	0	0.9275	0.0198	0.0527	0
ED823656205EC8C58E5C2A8CE2A9A9CA4EE3229018FB6295931F57DE6EF019E9.apk	2015-12-19	0	0	0	0.6021	0.0458	0	0.297	0.0003	0.0548	0.2286	0.0571	0.7143	0.1882	0.1452	0.6667	0.0614	0.051	0.8875	0.0617	0.0513	0.887	0.4286	0.2857	0.2857	0	0.3409	0.5955	0.0636	0
F83BDDD5D814ABF44B4E662E4AB7BA26CD937531CCA23B936273A5B9FF60E130.apk	2015-08-01	0	0	0	0.4152	0.1061	0	0.401	0.0159	0.0617	0.1525	0.2373	0.6102	0.1508	0.2769	0.5723	0.066	0.1295	0.8045	0.066	0.1295	0.8045	1	0	0	0	1	0	0	0
F852171FF4B5916CE783CE4FD5B879A1AC1A5246345736A0EBE206647DCB43AA.apk	2015-01-30	0	0	0	0.5546	0.4454	0	0	0	0	0	0.3453	0.6547	0	0.4577	0.5423	0	0.4299	0.5701	0	0.43	0.57	0.5	0	0.5	0	0.9795	0	0.0205	0
005831269C104DAD7C7ADB7CBC838B9BFB0CE199B1C7574B28F6D66A7B624FC6.apk	2015-01-04	0	0	0	0.6782	0.0829	0.0001	0.2354	0.0005	0.0029	0.1148	0.2131	0.6721	0.0678	0.3794	0.5528	0.0046	0.0908	0.9045	0.0046	0.0908	0.9045	0.8	0	0.2	0	0.9497	0	0.0503	0
007736FF6CF888B74BE1416B8FA40C5E232E32FC50B49AC496601A1CFBE89D53.apk	2015-12-06	0	0	0	0.0045	0.0004	0	0.237	0	0.758	0.2368	0.0921	0.6711	0.4054	0.0856	0.509	0.7576	0.0006	0.2419	0.7576	0.0006	0.2419	1	0	0	0	1	0	0	0
0187CE0745E960F29B7352CD72E9B63C736B015BB146E88496A3CBBD78CCEFB9.apk	2015-01-01	0	0	0	0.7219	0.0146	0	0.2509	0.0003	0.0124	0.1605	0.1111	0.7284	0.142	0.142	0.716	0.0177	0.0201	0.9622	0.0177	0.0201	0.9622	1	0	0	0	1	0	0	0
02A6EB188AC6853511D2AE6E89BFDDEEFC431B78485EF4922153F2CF498139C4.apk	2015-07-13	0	0	0	0.1015	0.0062	0	0.7931	0.0001	0.0991	0.4038	0.0449	0.5513	0.4342	0.096	0.4697	0.1097	0.0091	0.8812	0.1097	0.0091	0.8812	0.8333	0	0.1667	0	0.995	0	0.005	0
02D749C0C7C35F8E7E54316704AB12D8076CBF9DC748EE7B9E4B8FAE1A816DC0.apk	2015-04-15	0	0	0	0.0023	0.0002	0	0.3376	0	0.6599	0.2841	0.0568	0.6591	0.5361	0.0361	0.4278	0.6595	0.0003	0.3402	0.6595	0.0003	0.3402	1	0	0	0	1	0	0	0
030A219AD791F9DC7C9EEDE1D07E50B9BA0BF2520A46A94681C944F41A9EE5E6.apk	2015-10-03	0	0	0	0	0	0	0.5	0	0.5	0.6667	0	0.3333	0.625	0	0.375	0.5026	0	0.4974	0.5026	0	0.4974	1	0	0	0	1	0	0	0
0326887D2473A3B60848DEE2E78033494B1901955B018B6FA0A7EC3A1746B812.apk	2015-08-02	0	0	0	0.773	0.1966	0	0.0232	0.0028	0.0044	0.0377	0.2264	0.7358	0.027	0.3946	0.5784	0.0049	0.2039	0.7913	0.0049	0.2039	0.7912	1	0	0	0	1	0	0	0
03730F8E56675B6BB3D64EF3489097BAC726991B72331F6874C66FFB304A5663.apk	2015-12-06	0	0	0	0.6731	0.3084	0.0018	0.0154	0.0012	0.0001	0.0455	0.1515	0.803	0.0761	0.2772	0.6467	0.0022	0.3095	0.6884	0.0022	0.3095	0.6884	1	0	0	0	1	0	0	0
03775CEC41D164962BF4BF0AA1D71D014D493EF8686B6569263E1CA3E12AD4B8.apk	2015-01-03	0	0	0	0.7895	0.2019	0	0.0062	0.0006	0.0018	0.1319	0.2308	0.6374	0.0708	0.3875	0.5417	0.0029	0.2054	0.7916	0.0029	0.2054	0.7916	1	0	0	0	1	0	0	0
03BADF10D56674FB8D8742CD6647A811A6F40F3CE00AF68B05ABC1FE5BA46C81.apk	2015-04-24	0	0	0	0.1717	0.0278	0	0.7894	0.002	0.0092	0.0706	0.2941	0.6353	0.0573	0.4132	0.5295	0.0101	0.0369	0.953	0.0101	0.0369	0.953	0.7143	0	0.2857	0	0.9737	0	0.0263	0
03C2880D86B557E0A6F74ADFD950E2C763F75B29DF2754951576E5B10CB7C5E9.apk	2015-02-17	0	0	0	0.0061	0.0004	0	0.6296	0	0.3639	0.2376	0.0495	0.7129	0.259	0.1475	0.5935	0.3636	0.0008	0.6356	0.3636	0.0008	0.6356	1	0	0	0	1	0	0	0
05A5ABE5D3375066DECEF064196F9F08486163CF5A500197074E7755764C98A8.apk	2015-12-23	0	0	0	0.2552	0.0524	0	0.6722	0.0073	0.0129	0.1529	0.1412	0.7059	0.0898	0.2735	0.6367	0.0152	0.0659	0.9189	0.0152	0.0659	0.9189	1	0	0	0	1	0	0	0
05B910ADA78CDE7EC7AA5F273C91C2851AA2829D3BB28D9290A662A2001038FE.apk	2015-06-02	0	0	0	0.2708	0.2376	0.0004	0.3295	0	0.1616	0.0839	0.2867	0.6294	0.1025	0.2929	0.6046	0.1619	0.2378	0.6003	0.1619	0.2378	0.6003	1	0	0	0	1	0	0	0
065EB92F1A577F7DB8787BB7E658F9337EBD5136E6D088B498DDD62FA2E75F8A.apk	2015-06-02	0	0	0	0.5126	0.4784	0	0.0064	0.0002	0.0023	0.1077	0.3462	0.5462	0.0792	0.4431	0.4777	0.0025	0.4785	0.519	0.0025	0.4788	0.5187	1	0	0	0	1	0	0	0
06E697A3043A281BFC9B63CF5D28E8148436C84E702F903A2D7963248247A96E.apk	2015-01-05	0	0	0	0.3512	0.0631	0	0.5281	0.0027	0.0549	0.1692	0.1692	0.6615	0.1966	0.1966	0.6067	0.0701	0.0798	0.8501	0.0703	0.08	0.8498	1	0	0	0	1	0	0	0
0727668A289B375EF559D67D0C14B8467A1458757D61332FACAA6894033D28C4.apk	2015-05-28	0	0	0	0.8955	0.0952	0	0.0051	0.0029	0.0013	0.0314	0.2642	0.7044	0.0181	0.4392	0.5426	0.0015	0.1028	0.8957	0.0015	0.1038	0.8946	0.4444	0	0.5556	0	0.9681	0	0.0319	0
07D28AB39790275B153FE54F89F097AAA7F3ED47B28075C42F26FF10CEB48268.apk	2015-06-13	0	0	0	0	0	0	0.8333	0	0.1667	0.5	0	0.5	0.375	0	0.625	0.1964	0	0.8036	0.1964	0	0.8036	1	0	0	0	1	0	0	0
07E6AB655A7AA894F15F7D3300943F0948247F81AB73ECD60DC501FE1B9FC9A3.apk	2015-01-05	0	0	0	0	0	0	0	0	0	0	0	0	0	0	0	0	0	0	0	0	0	0	0	0	0	0	0	0	0
086E2D8D1F0887A4BA465F44CFC038FF277082A9B55F8C7401E28C2B671D6F54.apk	2015-04-27	0	0	0	0.9312	0.0655	0	0.0016	0.0008	0.0008	0.0274	0.2603	0.7123	0.0174	0.3837	0.5988	0.0009	0.0678	0.9313	0.0009	0.0678	0.9313	1	0	0	0	1	0	0	0
089101F44959ACA992C7C45253A9DA35CC3FF47EB3F9D5D8E208718599014F63.apk	2015-08-06	0	0	0	0.0101	0	0	0.7692	0.0017	0.219	0.4138	0.0115	0.5747	0.4591	0.0045	0.5364	0.2454	0.002	0.7526	0.2454	0.002	0.7526	1	0	0	0	1	0	0	0
08BF3C393FE0AC6B0C66384558F7C95CDEDF20B8EA1809AFE4BC7C8744EE0A4D.apk	2015-12-28	0	0	0	0	0	0	0	0	0	0	0	0	0	0	0	0	0	0	0	0	0	0	0	0	0	0	0	0	0
093F23128B70F5EDB8524CBB12C6368C2795657C9A27CD399F682DA8E159C981.apk	2015-11-04	0	0	0	0.1269	0.0226	0.0002	0.8107	0.0054	0.0342	0.1573	0.1461	0.6966	0.1538	0.25	0.5962	0.0359	0.0308	0.9334	0.0359	0.0308	0.9334	1	0	0	0	1	0	0	0
09A7C576F5669540E8FC3BD6C82348317214C8AA69087A2ED4FA1EC2CE3A5F32.apk	2015-01-02	0	0	0	0	0	0	0	0	0	0	0	0	0	0	0	0	0	0	0	0	0	0	0	0	0	0	0	0	0
0A7B1AD42980197A3845F4D0DDF1E37522DADAA60FB89BA68D426292B214264A.apk	2015-05-27	0	0	0	0.9806	0.0103	0	0.0074	0.0007	0.001	0.0786	0.2714	0.65	0.0842	0.3098	0.606	0.0013	0.0121	0.9866	0.0013	0.0121	0.9866	1	0	0	0	1	0	0	0
0A89DD5210F37862F86F11970204DA1A85CE672FFCE902C1AAD44B9F1DC4C3AA.apk	2015-01-04	0	0	0	0.021	0.0116	0	0.9234	0.0007	0.0434	0.3333	0.1026	0.5641	0.4	0.1	0.5	0.0651	0.0176	0.9172	0.0651	0.0176	0.9172	1	0	0	0	1	0	0	0
0AB8153932E58B552EE85098A96CABCBB85B63267F554C7D8F81DD7954CA63BD.apk	2015-01-03	0	0	0	0.002	0.0002	0	0.1741	0	0.8237	0.3404	0.0851	0.5745	0.4423	0.0769	0.4808	0.8235	0.0003	0.1763	0.8235	0.0003	0.1763	1	0	0	0	1	0	0	0
0B21EFE6D7B34726A328FCD9CF03A41D86F650C7E433F2F8D48A6AD875773C90.apk	2015-05-02	0	0	0	0	0	0	0	0	0	0	0	0	0	0	0	0	0	0	0	0	0	0	0	0	0	0	0	0	0
0B5DF47D32E299EB1F0CA67E3F08EF1818A47BA7257A52755D71446DF52313E2.apk	2015-01-02	0	0	0	0.5371	0.4608	0	0.0009	0.0012	0	0.018	0.515	0.4671	0.02	0.6643	0.3157	0	0.4622	0.5377	0	0.4622	0.5377	0.3333	0.3333	0.3333	0	0.9566	0.0248	0.0186	0
0C19C407D10506382D9BC2CF965BEB000EBD594AB08F1AED0A013D8B6C56D6ED.apk	2015-06-13	0	0	0	0	0	0	0.8333	0	0.1667	0.5	0	0.5	0.375	0	0.625	0.1935	0	0.8065	0.1935	0	0.8065	1	0	0	0	1	0	0	0
0C94BA4790FBBF37DD9AA91D4141E2937E38F25B42006D64D8CB8C52FE1F683C.apk	2015-09-13	0.0036	0.0008	0	0.8315	0.1642	0	0	0	0	0.0054	0.4247	0.5699	0.0015	0.5143	0.4842	0	0.1654	0.8346	0	0.1654	0.8346	0.6	0	0.4	0	0.9507	0	0.0493	0
0CA40B42FBA76B3EC3A81521DDAD0220F50A8F031C1A9020CFD441FF7FBE3A3E.apk	2015-04-24	0	0	0	0	0	0	0.8333	0	0.1667	0.5	0	0.5	0.375	0	0.625	0.1964	0	0.8036	0.1964	0	0.8036	1	0	0	0	1	0	0	0
0CB09C5033F94BD3B0D1A8E0FEA769295D3EB2E1ABB0658F1AE374A73A38C027.apk	2015-06-13	0	0	0	0	0	0	0.8333	0	0.1667	0.5	0	0.5	0.375	0	0.625	0.1964	0	0.8036	0.1964	0	0.8036	1	0	0	0	1	0	0	0
0CF1B002BDDFD1987421D8EBA19E56950C127E24F5F253030F4982D8B984BBEF.apk	2015-01-02	0	0	0	0.6961	0.1864	0	0.0836	0.0005	0.0333	0.1017	0.2542	0.6441	0.0678	0.3947	0.5375	0.034	0.1911	0.775	0.034	0.1911	0.7749	0.625	0	0.375	0	0.9917	0	0.0083	0
0D3D9CD120C731A2174E036964153488307859D7BAEC03A37233842DDAC7C889.apk	2015-06-03	0	0	0	0.5633	0.0624	0	0.3726	0.0013	0.0004	0.029	0.1739	0.7971	0.0457	0.2629	0.6914	0.0021	0.071	0.927	0.0021	0.071	0.927	1	0	0	0	1	0	0	0
40CA306B9D00CDD160D0AA8F70124BBE3C9FB86E2D401FE51D4CD533053BB43E.apk	2015-04-06	0	0	0	0.0008	0.0001	0	0.6861	0.0001	0.3129	0.1214	0.1929	0.6857	0.2391	0.2213	0.5395	0.3129	0.0002	0.6869	0.3144	0.0002	0.6853	0.5	0.25	0.25	0	0.9357	0.0497	0.0146	0
88BEE409DDA5E056C0F4ECB747231C5A7F8149BA9020ACE1B840D0115AB03966.apk	2015-12-02	0	0	0	0.3685	0.1019	0	0.4111	0.0111	0.1074	0.2128	0.1064	0.6809	0.2549	0.1176	0.6275	0.1308	0.1137	0.7555	0.1308	0.1137	0.7555	0.75	0	0.25	0	0.9737	0	0.0263	0
012DBA5BF3DE52D934F4D6E590947AE847B752B3E2A6EF91F5E49082E443EE67.apk	2015-08-11	0	0	0	0	0	0	0	0	0	0	0	0	0	0	0	0	0	0	0	0	0	0	0	0	0	0	0	0	0
043D72F2A6A9E59CEAEA26086E649C59F4AF96689A0AB49B112FEE2F0953C5A5.apk	2015-12-28	0	0	0	0.6115	0.295	0	0.0796	0.0012	0.0126	0.0409	0.4561	0.5029	0.0236	0.5263	0.4501	0.0128	0.3002	0.687	0.0128	0.3002	0.687	0.2727	0.3636	0.3636	0	0.8966	0.0783	0.0251	0
0AA6CFB221731EFF8EE1B7A1F5ED9627568AF0D26CA09678BB4E3F3462A1C125.apk	2015-08-11	0	0	0	0	0	0	0	0	0	0	0	0	0	0	0	0	0	0	0	0	0	0	0	0	0	0	0	0	0
0BC573A7D452C9FDF244EE93D1F1C63D95D64D1B1F3A79F6E638FE9A7E9568BD.apk	2015-03-18	0	0	0	0.4318	0.5341	0	0	0.0341	0	0.0541	0.7568	0.1892	0.0476	0.8095	0.1429	0.0005	0.5708	0.4287	0.0005	0.5708	0.4287	1	0	0	0	1	0	0	0
0E580CD5704C225EC514AE3D3BF5D55A75BD1A7B1327045480A12EB1BC5DC5A6.apk	2015-07-14	0.005	0.0014	0	0.8404	0.1434	0	0	0.0098	0	0.0065	0.4444	0.549	0.0049	0.4632	0.5319	0	0.1559	0.8441	0	0.1559	0.8441	0.5714	0.4286	0	0	0.8661	0.1339	0	0
11D25D6DE5B633DBFDA68215A3DDCF784959DDA8FBE1DC9FB831C2AB7BE36EAB.apk	2015-05-02	0	0	0	0.7261	0.2739	0	0	0	0	0	0.4641	0.5359	0	0.5221	0.4779	0	0.2792	0.7208	0	0.2792	0.7208	0.3846	0.3846	0.2308	0	0.7046	0.2466	0.0488	0
1287DAB56ACD64A054FFAD20DB9FF372FDB2B1F919C9A3DEB49D4D190307B5B2.apk	2015-09-20	0	0	0	0	0	0	1	0	0	0.3333	0	0.6667	0.2	0	0.8	0.0017	0	0.9983	0.0017	0	0.9983	1	0	0	0	1	0	0	0
142F30BE920D06C6BF60000BD03B15848EC036EB68CAA26A75E959F9984B32C1.apk	2015-12-28	0	0	0	0.801	0.199	0	0	0	0	0	0.3117	0.6883	0	0.3409	0.6591	0	0.2018	0.7982	0	0.2031	0.7969	1	0	0	0	1	0	0	0
15F81614C6671D1662C7151C9B1607D3F71AB9192E45678BAD0F9183DF1AE98A.apk	2015-01-27	0	0	0	0.8395	0.1305	0	0.0243	0.0019	0.0038	0.0616	0.3151	0.6233	0.0394	0.4074	0.5532	0.005	0.142	0.853	0.005	0.142	0.853	0.3	0.3	0.4	0	0.855	0.0873	0.0577	0
1662EBB4273EF3730896BA42C6A9B51EEA563C7DA26BE3948DAB8BF2A321EFF2.apk	2015-07-03	0	0	0	0.6969	0.3031	0	0	0	0	0	0.4833	0.5167	0	0.5569	0.4431	0	0.3084	0.6916	0	0.3084	0.6916	0.3636	0.4545	0.1818	0	0.6349	0.3304	0.0347	0
17F6ACC33BFA356E5CD2FE578F9FB79342AD70586CF052B2E456CF3B2F8DD00C.apk	2015-05-20	0	0	0	0.9737	0.0263	0	0	0	0	0	0.0667	0.9333	0	0.1154	0.8846	0	0.0269	0.9731	0	0.0269	0.9731	1	0	0	0	1	0	0	0
180A3A8D6CC3147DCF2A185054703104B2F307A4D243300BA0D9439E3D0FC33D.apk	2015-12-28	0.0044	0.0159	0	0.6212	0.3585	0	0	0	0	0	0.5617	0.4383	0	0.6086	0.3914	0	0.3749	0.6251	0	0.3749	0.6251	0.2222	0.3889	0.3889	0	0.6241	0.3256	0.0503	0
1E362C51A7B84C682B61A968050A8DC6A14FF3EDDB6E3F16DE181A844CEDD505.apk	2015-06-20	0	0	0	0.8976	0.1024	0	0	0	0	0	0.4225	0.5775	0	0.414	0.586	0	0.1299	0.8701	0	0.1299	0.8701	0.8	0.2	0	0	0.9964	0.0036	0	0
1E53CDEC44AD0330B10C2D1C48B06F54A6F117BD3FD00BAA4024647573D72DAB.apk	2015-12-28	0	0	0	0.549	0.451	0	0	0	0	0	0.4062	0.5938	0	0.4881	0.5119	0	0.4514	0.5486	0	0.4514	0.5486	0.3333	0.3333	0.3333	0	0.7494	0.2304	0.0201	0
228DB68B5DFE44493AD46C4175615D62391C88A065A78477E089A21ECCB3FFF2.apk	2015-08-11	0	0	0	0	0	0	0	0	0	0	0	0	0	0	0	0	0	0	0	0	0	0	0	0	0	0	0	0	0
247B6C9E734FE0F11CDF330A54317362900631AC0A0F3F4CF56209A0894E07E9.apk	2015-12-28	0	0	0	0.7026	0.2974	0	0	0	0	0	0.4825	0.5175	0	0.5701	0.4299	0	0.3079	0.6921	0	0.3079	0.6921	0.4286	0.2857	0.2857	0	0.695	0.2725	0.0325	0
2710194CF3991670D7A8512FFBE7E44D38E7E555C270B3242B2BA1AEFBC9B814.apk	2015-08-11	0	0	0	0.9332	0.0668	0	0	0	0	0	0.3158	0.6842	0	0.314	0.686	0	0.073	0.927	0	0.073	0.927	1	0	0	0	1	0	0	0
2A5DB92026560721DB593974664FD45ECA3DCCA7653C5C11C9D110BEFF2B5272.apk	2015-07-14	0	0	0	0.6874	0.3126	0	0	0	0	0	0.4612	0.5388	0	0.5478	0.4522	0	0.3175	0.6825	0	0.3175	0.6825	0.3333	0.4167	0.25	0	0.6645	0.3007	0.0349	0
2BE33929726F06F36692DED22B618C17382B584D1360833CDDC4D3905EAEA262.apk	2015-06-08	0	0	0	0.9579	0.0337	0	0.0055	0.0015	0.0015	0.0652	0.2717	0.663	0.0429	0.3562	0.6009	0.0015	0.0355	0.963	0.0015	0.0355	0.963	1	0	0	0	1	0	0	0
2F9B720FAE607D68386F834109921C7CB67964AA075FF5FC1900F6ADE2CA8F5B.apk	2015-08-24	0.0164	0	0	0.8927	0.091	0	0	0	0	0	0.5109	0.4891	0	0.4587	0.5413	0	0.1379	0.8621	0	0.1382	0.8618	0.75	0	0.25	0	0.7619	0	0.2381	0
2FDB312B44C5E9938A96A04278A1B9C44160BC7B6C0D69EDFB25CD736AAD9B00.apk	2015-03-18	0	0	0	0.0228	0.0013	0	0.7149	0.0002	0.2608	0.3333	0.0617	0.6049	0.3455	0.0528	0.6016	0.2609	0.0015	0.7376	0.2609	0.0015	0.7376	0.5	0.5	0	0	0.7652	0.2348	0	0
3166E1181086FABF47774AC24FF0C4CC429EE2B8BEF35993B895C71DA339E269.apk	2015-07-03	0	0	0	0	0	0	0	0	0	0	0	0	0	0	0	0	0	0	0	0	0	0	0	0	0	0	0	0	0
37AF20D6DD5972ABCC34041B02DD689A5ACB3FF2DF6DB8B69056FB712617ABBB.apk	2015-07-03	0	0	0	0	0	0	0	0	0	0	0	0	0	0	0	0	0	0	0	0	0	0	0	0	0	0	0	0	0
39264E287A7B77F08CDCFD6B0E99CC30B73861115C9F4961436EBC777F1E47C6.apk	2015-03-18	0	0	0	0	0	0	0	0	0	0	0	0	0	0	0	0	0	0	0	0	0	0	0	0	0	0	0	0	0
3D531C05B90EE4EB3183B5173E0DEA460B80AD552EA9509390D749E60E0E74D3.apk	2015-05-25	0	0	0	0.8137	0.1728	0	0.0135	0	0	0.0041	0.5702	0.4256	0.0028	0.597	0.4003	0	0.1778	0.8221	0	0.1778	0.8221	0.2727	0.4545	0.2727	0	0.7616	0.2158	0.0225	0
3EE67395FC1FD93EAF4C46322F8985FAC9E6568AAC4E35F355461BF6506ECA22.apk	2015-07-14	0.3627	0	0	0.4446	0.1308	0	0.0511	0.0019	0.009	0.0275	0.1868	0.7857	0.0193	0.2727	0.7079	0.0091	0.1338	0.8571	0.0091	0.1338	0.8571	0.4167	0.3333	0.25	0	0.7191	0.214	0.0668	0
3F6658BA91E09D0CFC82BBE4B441BE36B5E6846755B1A5E49EA2A1E10013C42A.apk	2015-12-22	0.0517	0.0021	0	0.4878	0.3746	0	0.0797	0.0011	0.0029	0.0737	0.4158	0.5105	0.0374	0.444	0.5187	0.0031	0.3782	0.6188	0.0031	0.3782	0.6188	0.3333	0.3333	0.3333	0	0.8142	0.0568	0.1291	0
41A46DCA1D51D7CC94FFD3DAFEF2E1B4F6BE3FB37B262B9C4876F4E6A8EDC9E4.apk	2015-12-28	0	0	0	0.7631	0.2369	0	0	0	0	0	0.5109	0.4891	0	0.617	0.383	0	0.2383	0.7617	0	0.2383	0.7617	1	0	0	0	1	0	0	0
425EFB834463D571B0D9E73349264A43CC02446E59F3234534A9AC2B36ED4690.apk	2015-12-21	0.0003	0	0	0.7277	0.272	0	0	0	0	0	0.5221	0.4779	0	0.5987	0.4013	0	0.2726	0.7274	0	0.2726	0.7274	0.1818	0.5455	0.2727	0	0.9984	0.0015	0.0002	0
48D01D5AEBCEC6E9D543724729C6655F5F9B40472AC6F916D75EAF291703BF1D.apk	2015-07-13	0	0	0	0.6555	0.3444	0	0	0.0001	0	0.0769	0.3231	0.6	0.0773	0.4378	0.485	0.0001	0.3445	0.6554	0.0001	0.3445	0.6554	1	0	0	0	1	0	0	0
4CA8614AED62AD4D050E4279C99073324EDE40307487DB5142D63B589A0A29B0.apk	2015-03-18	0	0	0	0.907	0.093	0	0	0	0	0	0.3684	0.6316	0	0.3681	0.6319	0	0.1153	0.8847	0	0.1153	0.8847	0.75	0.25	0	0	0.9867	0.0133	0	0
4F50C89AAF81D5014A65803A1CD84171472A99FE992825B010D1969EA664D540.apk	2015-07-03	0	0	0	0	0	0	0	0	0	0	0	0	0	0	0	0	0	0	0	0	0	0	0	0	0	0	0	0	0
5064FBC32BBF998A624713E26895B46B0374ECD62B29BB00BBAF2CBE502A6713.apk	2015-11-02	0.0003	0	0	0.2498	0.7499	0	0	0	0	0	0.6364	0.3636	0	0.6586	0.3414	0	0.7496	0.2504	0	0.75	0.25	0.24	0.36	0.4	0	0.548	0.2571	0.1949	0
50D292A48CFCCD8186FC6A96F7C6F2C7C9DCBFADAD6055796B158679BEFEADBF.apk	2015-08-11	0	0	0	0	0	0	0	0	0	0	0	0	0	0	0	0	0	0	0	0	0	0	0	0	0	0	0	0	0
527DB718832862A3F17CB998DC4AFC88E14231AD2F7BDC9B5FB74BE1DF178C54.apk	2015-08-11	0	0	0	0	0	0	0	0	0	0	0	0	0	0	0	0	0	0	0	0	0	0	0	0	0	0	0	0	0
53736C00BDAB3AF88530FBBD8F53BB209404894C937A18A64A6E61CB21D58534.apk	2015-11-29	0	0	0	0.8235	0.1383	0.0001	0.0345	0.0018	0.0017	0.0576	0.3909	0.5514	0.0364	0.5148	0.4489	0.0025	0.1472	0.8503	0.0025	0.1472	0.8503	0.4375	0.3125	0.25	0	0.9125	0.0658	0.0217	0
561E58F2154D5DDA03118D46852A3F3EEB0A9435D97BE047EA18D7F37D9B45B1.apk	2015-12-28	0.2084	0.0012	0	0.5197	0.2707	0	0	0	0	0	0.5495	0.4505	0	0.5866	0.4134	0	0.2791	0.7209	0	0.2791	0.7209	0.8	0.2	0	0	0.8075	0.1925	0	0
563C9C4DDD3722A063F7199A86B82E70DF9AE53B9EE8BBD6DD0D6E3BD53FB09D.apk	2015-12-22	0	0	0	0.734	0.266	0	0	0	0	0	0.5191	0.4809	0	0.5496	0.4504	0	0.2705	0.7295	0	0.2705	0.7295	0.2222	0.4444	0.3333	0	0.9287	0.0526	0.0187	0
592E2DB79C1D9B15FBB22769AB7285CE9E33C42C4D3EC132D19219BB6F4AB7AB.apk	2015-08-23	0.0164	0	0	0.8927	0.091	0	0	0	0	0	0.5109	0.4891	0	0.4587	0.5413	0	0.1379	0.8621	0	0.1382	0.8618	0.75	0	0.25	0	0.7619	0	0.2381	0
598C7BA8513AC8DD469DB3D1DC43F35653DDAAF5E3911F240085385260718FB9.apk	2015-06-22	0	0	0	0.9194	0.0806	0	0	0	0	0	0.3462	0.6538	0	0.4572	0.5428	0	0.0819	0.9181	0	0.0819	0.9181	0.25	0.5	0.25	0	0.8418	0.1545	0.0037	0
59CAE745628B164A71C2275FD730927002E5834520F1E2CEB73B6F69B2129140.apk	2015-12-28	0.0776	0.0028	0	0.5992	0.1206	0	0.0399	0.1378	0.0221	0.062	0.3876	0.5504	0.0554	0.3469	0.5978	0.0228	0.263	0.7143	0.0228	0.263	0.7143	0.5	0	0.1667	0.3333	0.7799	0	0.0529	0.1671
5D3A92B7D6B7DB7EB0880D7C1C9FBF371A627FFD6BB4F1D68D2BEF73FAC88185.apk	2015-09-20	0	0	0	0	0	0	0	0	0	0	0	0	0	0	0	0	0	0	0	0	0	0	0	0	0	0	0	0	0
5D5AA1B6AA52276EF338D8CFDD1F2141F09E5B6170E1E0638BC1D354833561DD.apk	2015-09-25	0	0	0	0.703	0.297	0	0	0	0	0	0.4689	0.5311	0	0.5448	0.4552	0	0.3046	0.6954	0	0.3046	0.6954	0.3636	0.4545	0.1818	0	0.5587	0.4227	0.0187	0
5F43E282D907694CEB48472B0B9300BA39EB8B9612FD9EE2691D42178EBC00E2.apk	2015-06-03	0.0048	0.0002	0	0.7778	0.2172	0	0	0	0	0	0.5	0.5	0	0.5728	0.4272	0	0.2208	0.7792	0	0.2208	0.7792	1	0	0	0	1	0	0	0
5F6E3ED7C8D2A477D5E518B36938E145A09A00F4B56FE17B9E14E8CBDB2E849B.apk	2015-12-28	0	0	0	0.8896	0.1104	0	0	0	0	0	0.3492	0.6508	0	0.4629	0.5371	0	0.1304	0.8696	0	0.1304	0.8696	0.5	0.2857	0.2143	0	0.7454	0.2016	0.053	0
604C6DD4433DB5BDD3155C3EC35B5A6F9AA14404839992288C337EFB7E7A8C98.apk	2015-09-25	0	0	0	0.8125	0.1608	0.0003	0.0204	0.0034	0.0026	0.0427	0.3128	0.6445	0.0225	0.5024	0.4752	0.0035	0.1742	0.8223	0.0035	0.1743	0.8222	0.4375	0.25	0.3125	0	0.9014	0.0666	0.0321	0
64D0E3568F2B76A7073D337D8343CDC0B8CB656F0C7CBDA2BD046D149409859A.apk	2015-12-28	0	0	0	0.2155	0.0974	0	0.6189	0.0027	0.0655	0.0546	0.377	0.5683	0.0873	0.4217	0.4909	0.0658	0.1047	0.8295	0.0658	0.1047	0.8295	0.2727	0.4545	0.2727	0	0.8206	0.1539	0.0255	0
67C2DF391F6985E4E1D7B90D4C0E522B7F800BB2756B78009B018E9D1C67AB2D.apk	2015-06-21	0	0	0	0.9049	0.0951	0	0	0	0	0	0.3614	0.6386	0	0.3717	0.6283	0	0.1204	0.8796	0	0.1204	0.8796	0.75	0.25	0	0	0.9863	0.0137	0	0
734151BB28622344AA7E5F9E36910F2E923E8728250C9811715BD112BCED145A.apk	2015-12-28	0	0	0	0.9295	0.0513	0	0.0128	0.0064	0	0.037	0.3333	0.6296	0.0308	0.2769	0.6923	0.0002	0.0595	0.9403	0.0002	0.0595	0.9403	1	0	0	0	1	0	0	0
74C069875C73FF06D6D6E30EA8C148098A275875DD551F2407E52E6658F46D02.apk	2015-12-28	0	0	0	0	0	0	0	0	0	0	0	0	0	0	0	0	0	0	0	0	0	0	0	0	0	0	0	0	0
7A3E006B2819683B7F77243168E03C563BB3898E9C3C770158959FE2CC0EB205.apk	2015-12-28	0	0	0	0.5968	0.2984	0.0081	0.0161	0.0645	0.0161	0.0833	0.5556	0.3611	0.0633	0.5823	0.3544	0.0244	0.3641	0.6115	0.0244	0.3641	0.6115	1	0	0	0	1	0	0	0
7A46284C15A2833805DCE0A52C7CA07B83AB030E46DACD64A69522D9D9446F95.apk	2015-12-28	0	0	0	0.4259	0.3979	0	0.1496	0.0018	0.0249	0.0231	0.4077	0.5692	0.0223	0.4963	0.4814	0.0248	0.4025	0.5727	0.0248	0.4025	0.5727	0.3333	0.3333	0.3333	0	0.9	0.0704	0.0296	0
7AA5C588CBE89A3321AE873EE5BA6CE1F9E9DD0C2370B4EABCE12572F6AD0C85.apk	2015-12-31	0	0	0	0.4865	0.1081	0	0.3243	0.0541	0.027	0.0909	0.1818	0.7273	0.1111	0.1944	0.6944	0.028	0.1625	0.8094	0.028	0.1625	0.8094	1	0	0	0	1	0	0	0
7B55CDC4E65E71D5780436222596DCC187673654F43B2153AF0D559805A767E5.apk	2015-07-16	0	0	0	0.8519	0.1481	0	0	0	0	0	0.4353	0.5647	0	0.4585	0.5415	0	0.153	0.847	0	0.153	0.847	0.3333	0.3333	0.3333	0	0.8458	0.0848	0.0694	0
80BC2E24CD834363B5E859FC4262CB909DCB74167D43E1861E2FCE62D4D46D8A.apk	2015-06-03	0	0	0	0.772	0.228	0	0	0	0	0	0.5036	0.4964	0	0.6164	0.3836	0	0.2291	0.7709	0	0.2291	0.7709	1	0	0	0	1	0	0	0
8857B77E5D43E9A06574635967D48EE674BAF37BF444E57FADBF9104E7B97EE1.apk	2015-12-28	0.0002	0	0	0.3077	0.6921	0	0	0	0	0	0.5578	0.4422	0	0.6963	0.3037	0	0.6921	0.3079	0	0.6921	0.3079	0.2	0.5	0.3	0	0.5227	0.448	0.0293	0
8AB7EFE27275135AD00AF73BEF9C7C92BB65F7A1081718D646C72EF71F631C83.apk	2015-08-16	0	0	0	0.6839	0.3161	0	0	0	0	0	0.5174	0.4826	0	0.5648	0.4352	0	0.3275	0.6725	0	0.3275	0.6725	0.1667	0.3333	0.3889	0.1111	0.3531	0.2961	0.3414	0.0095
8D71F9B60396633C66052403D9DAE80B0ED45A08011F2D53FB02A017846EE9CC.apk	2015-08-16	0	0	0	0.6684	0.3316	0	0	0	0	0	0.5053	0.4947	0	0.554	0.446	0	0.345	0.655	0	0.345	0.655	0.1667	0.3333	0.3889	0.1111	0.3132	0.3271	0.3468	0.0128
8DC93D145CD505EB5257116CD5E7EB1584C6D992E7DE48DA2B224C5A8188CB1E.apk	2015-01-18	0	0	0	0	0	0	0.75	0	0.25	0.4444	0	0.5556	0.5455	0	0.4545	0.2548	0	0.7452	0.2548	0	0.7452	0.75	0.25	0	0	0.9961	0.0039	0	0
8DF7AA9B902B7811DBE406AE0457AACF42E0ED56B59E645CA2C9ED8FE44CD790.apk	2015-09-11	0	0	0	0.7691	0.2309	0	0	0	0	0	0.3276	0.6724	0	0.3896	0.6104	0	0.2319	0.7681	0	0.2319	0.7681	0.4286	0.2857	0.2857	0	0.9629	0.0206	0.0165	0
91711E3BE0B480FFB46E312443E017DDD0CB7E397392172283EF16385AE657DA.apk	2015-07-14	0	0	0	0.7127	0.2873	0	0	0	0	0	0.494	0.506	0	0.5747	0.4253	0	0.2976	0.7024	0	0.2976	0.7024	0.3	0.5	0.2	0	0.6592	0.3225	0.0183	0
9439A5B7ACA13FAA05093DA27CDBBE2955188104E2A07A10809558952A1693E3.apk	2015-06-03	0	0	0	0.7137	0.2863	0	0	0	0	0	0.4052	0.5948	0	0.4943	0.5057	0	0.2865	0.7135	0	0.2865	0.7135	1	0	0	0	1	0	0	0
9493C2D973F2F4439C3D7BF304906F465650D69E81EB724EC5262AA5624ECACA.apk	2015-01-18	0	0	0	0	0	0	0	0	0	0	0	0	0	0	0	0	0	0	0	0	0	0	0	0	0	0	0	0	0
95D78811D137D65CFDF255615F44DE7BAC4966F94FADF0785177298E1B1F1089.apk	2015-07-14	0.5063	0.0072	0	0.335	0.1515	0	0	0	0	0	0.3651	0.6349	0	0.4765	0.5235	0	0.1615	0.8385	0	0.1615	0.8385	0.25	0.75	0	0	0.5026	0.4974	0	0
98069510BA742DABBE863559F19DB0843BB1486F98960B5A457D72509C5202B0.apk	2015-12-28	0	0	0	0.7238	0.2157	0	0.0322	0.0283	0	0.0133	0.3467	0.64	0.01	0.4229	0.5672	0.0003	0.2492	0.7505	0.0003	0.2492	0.7505	0.3333	0.3333	0.3333	0	0.7309	0.2557	0.0134	0
9945CD7C63CEA913A7A816F0678AC44B03E44EDBEC9DBC42406D616263BD717B.apk	2015-08-18	0	0	0	0.8396	0.1604	0	0	0	0	0	0.3214	0.6786	0	0.403	0.597	0	0.1652	0.8348	0	0.1652	0.8348	0.2857	0.1429	0.5714	0	0.9771	0.0015	0.0214	0
99E4FB02986B312B8313B80D44FBF7C2E11551876CAA4EB517D5BB5B8DAE75B4.apk	2015-10-26	0	0	0	0.8599	0.1401	0	0	0	0	0	0.2462	0.7538	0	0.3263	0.6737	0	0.1403	0.8597	0	0.1404	0.8596	1	0	0	0	1	0	0	0
9A7FAF73784E15110EDDFE2151F124A9A8161B15CE2706D288D4DFAB5E2F6F03.apk	2015-08-10	0.8718	0	0.0211	0.0834	0.0179	0	0.0048	0.0009	0.0002	0.0175	0.3057	0.6769	0.0069	0.4044	0.5888	0.0212	0.0216	0.9573	0.0212	0.0216	0.9573	0.2222	0.4444	0.3333	0	0.6076	0.3433	0.049	0
9ADFC49EB457C0523EDEE32807DC5527D7D531FE9F4E9298931DFB78AADF9992.apk	2015-07-14	0	0	0	0.9132	0.0868	0	0	0	0	0	0.3614	0.6386	0	0.3717	0.6283	0	0.1106	0.8894	0	0.1106	0.8894	0.75	0.25	0	0	0.9857	0.0143	0	0
9BBB183F3C5C49E3689CE38EDDAAB7175C50C7DA79A6937C57E6B55CF2B172B7.apk	2015-08-13	0	0	0	0.4645	0.4589	0	0.0592	0.005	0.0125	0.0413	0.3554	0.6033	0.0571	0.4171	0.5257	0.0133	0.463	0.5237	0.0133	0.463	0.5237	0.5556	0.2222	0.2222	0	0.8939	0.0937	0.0124	0
9C1BC5A11278278F7056638147D932DD7CB8D4D389DA041BEB9B5929244FC7B7.apk	2015-10-13	0	0	0	0	0	0	0.93	0	0.07	0.25	0	0.75	0.2778	0	0.7222	0.0843	0	0.9157	0.0843	0	0.9157	1	0	0	0	1	0	0	0
9E1ACE83573A12F016DA8397E9BDECC606635ACC6B5D6346CCF0C50423D56BDF.apk	2015-08-11	0	0	0	0	0	0	0	0	0	0	0	0	0	0	0	0	0	0	0	0	0	0	0	0	0	0	0	0	0
A0E0024ED40507AC3C40D25F876147A0A6D96A260A45692952905110D6C6B6DE.apk	2015-05-19	0.0703	0	0	0.0027	0.0001	0	0.8316	0.0001	0.0952	0.2847	0.0219	0.6934	0.3158	0.0226	0.6617	0.0975	0.0005	0.902	0.0975	0.0005	0.902	0.6923	0.1538	0.1538	0	0.9938	0.0046	0.0017	0
A21E72809D79A99AEF8048EC7773324CEF4D327E2715241A1F177321D0DF2984.apk	2015-06-10	0.0226	0.0186	0	0.3998	0.1664	0.001	0.0345	0.012	0.3451	0.0616	0.6051	0.3333	0.0709	0.6256	0.3035	0.3445	0.1996	0.4559	0.3445	0.1996	0.4559	0.5	0.5	0	0	0.9286	0.0714	0	0
A6303D8CBFE1B2A15A7266238B8BFE375B3DE6D8440D82582E5CDB326449B787.apk	2015-07-14	0.0157	0.0001	0	0.0216	0.0128	0	0.8219	0	0.1278	0.151	0.1823	0.6667	0.2011	0.2267	0.5722	0.128	0.0133	0.8587	0.128	0.0133	0.8587	0.6364	0.2727	0.0909	0	0.9164	0.0687	0.015	0
A737642B5D483962EE3F442182AFA4CE8C025C76DBA8E3A8CF14903119B8A639.apk	2015-08-04	0	0	0	0.9231	0.0769	0	0	0	0	0	0.25	0.75	0	0.3333	0.6667	0	0.0793	0.9207	0	0.0793	0.9207	0	0	0	0	0	0	0	0
AA27070D27D3DB2CFDCD91F55FE553A93F7F2C8FEE4952E20A288E7EF546437F.apk	2015-08-12	0	0	0	0	0	0	0	0	0	0	0	0	0	0	0	0	0	0	0	0	0	0	0	0	0	0	0	0	0
AA5B84A6C897E789A23E66A7E5642B5D2EA58D05AB37E8343FE94B0EB5E821FB.apk	2015-11-05	0	0	0	0.3769	0.6231	0	0	0	0	0	0.4259	0.5741	0	0.5618	0.4382	0	0.623	0.377	0	0.623	0.377	1	0	0	0	1	0	0	0
ACCB538E8496BC7D5734BAF67E24102EF783875EB970C6FD813F0FF00515A2A5.apk	2015-09-05	0	0	0	0	0	0	0	0	0	0	0	0	0	0	0	0	0	0	0	0	0	0	0	0	0	0	0	0	0
0D45D059018A0D4A578691E7B9960338A31B1B99239F26CBB4EBC0781D8D86AB.apk	2015-06-06	0	0	0	0.5714	0.0357	0	0.2143	0.0714	0.1071	0.15	0.3	0.55	0.1515	0.2424	0.6061	0.1074	0.108	0.7845	0.1074	0.108	0.7845	0.6	0	0	0.4	0.7493	0	0	0.2507
126AF6D55E5EDB8662A3FBBBC83DB781756C31A1A7FEC630D361F974F7CDF278.apk	2015-09-05	0.1443	0	0	0.5605	0.2786	0.0022	0.0047	0.0069	0.0028	0.0211	0.5106	0.4683	0.0217	0.5263	0.452	0.0053	0.2904	0.7042	0.0053	0.2905	0.7042	0.6	0.1333	0.2667	0	0.8306	0.0566	0.1128	0
1854D3C6C3C99E3718DD78E9FDF67E49F5B73C8A0A07A8A52E3251B20A84B82D.apk	2015-08-10	0	0	0	0.5764	0.2358	0	0.1701	0.0009	0.0167	0.1348	0.1844	0.6809	0.1402	0.3131	0.5467	0.0198	0.2386	0.7417	0.0198	0.2388	0.7414	0.5882	0.1176	0.2941	0	0.8769	0.071	0.0521	0
18C304822E7D5262EE3911C146F4B4B136A587A0044FB6C56EA80C7973C9740E.apk	2015-06-22	0.0917	0.0014	0	0.3015	0.6046	0.0006	0	0.0002	0.0001	0.0078	0.3125	0.6797	0.0054	0.5378	0.4568	0.0007	0.6059	0.3934	0.0007	0.6063	0.393	0.8333	0	0.1667	0	0.9908	0	0.0092	0
1EA51906D17606FB5376BC6A106A665BFA3DBC22614845230D48FE0E6A0B5C92.apk	2015-02-22	0	0	0	0.1429	0.1429	0	0.2857	0.4286	0	0.25	0.5	0.25	0.3	0.4	0.3	0.0024	0.57	0.4275	0.0024	0.57	0.4275	1	0	0	0	1	0	0	0
31DE6CACC56D46A4886C0599CC86D6B56938BAD2085975B8620F87437C89B0B0.apk	2015-02-22	0	0	0	0.0095	0.0004	0	0.6951	0.0001	0.2949	0.3699	0.0411	0.589	0.3822	0.0356	0.5822	0.295	0.0005	0.7045	0.295	0.0005	0.7045	1	0	0	0	1	0	0	0
40894BC37CE2E6C1659A9979F16CBC7C7B0705F3CE61942D2090F624D8A89733.apk	2015-02-22	0	0	0	0.3578	0.1104	0.0044	0.2133	0.2128	0.1013	0.1796	0.3398	0.4806	0.2441	0.3752	0.3808	0.1059	0.3233	0.5708	0.1059	0.3233	0.5708	0.7778	0	0	0.2222	0.9715	0	0	0.0285
6BA4E267C191669650D415E7538E25BB9B9B6374E7C395DB0E33FEC7363541D3.apk	2015-08-27	0.006	0	0	0.3242	0.1961	0	0.4145	0.0355	0.0237	0.0925	0.3642	0.5434	0.0572	0.4773	0.4655	0.0238	0.2325	0.7437	0.0238	0.2325	0.7437	0.2941	0.4118	0.2941	0	0.6421	0.2755	0.0824	0
71819DF42C0DF40E629EA1D4FA4DE7A84B0F0155E86E6DA1FB1194658C9C699A.apk	2015-06-22	0	0	0	1	0	0	0	0	0	0	0.5	0.5	0	0.5	0.5	0	0.0323	0.9677	0	0.0323	0.9677	0	0	1	0	0	0	1	0
72ACAFA7307BAD1C2264DB85795533C7DB315FD542DE9A92D7F064A09017C739.apk	2015-02-22	0	0	0	1	0	0	0	0	0	0	0.5	0.5	0	0.5	0.5	0	0.0057	0.9943	0	0.0057	0.9943	0	0	0	0	0	0	0	0
780AAE123672A5D48606DF307569F42BD4D02931C4A157168BE77370DED0D4B5.apk	2015-02-22	0.0007	0	0	0.457	0.2614	0	0.0211	0.1668	0.0931	0.1272	0.2717	0.6012	0.1485	0.3102	0.5413	0.0931	0.4281	0.4788	0.0931	0.4281	0.4788	0.4286	0.2857	0.2857	0	0.9712	0.0214	0.0074	0
82D733D5F5839D79AB8A5CB3C21B519BED33B46248A492F80BCD112FDAB86B5F.apk	2015-10-13	0	0	0	0.8115	0.0073	0	0.152	0.0031	0.026	0.3529	0.0735	0.5735	0.2791	0.0988	0.6221	0.0285	0.0112	0.9603	0.0285	0.0112	0.9603	0.8571	0	0.1429	0	0.9943	0	0.0057	0
8AFE5483F2D929209ED080885D55D5A19014D458F30CE1F204DBF907D211E6E7.apk	2015-02-22	0	0	0	0.4886	0.2742	0	0.2027	0.0005	0.034	0.1749	0.3453	0.4798	0.194	0.3955	0.4106	0.0387	0.2782	0.6831	0.0387	0.2783	0.683	0.5217	0.2174	0.2609	0	0.9155	0.0626	0.022	0
90F389AAE64AB31573A8F24F6E7E2EFB63C09EB3F033286C0299A1FAF6B6CF41.apk	2015-02-22	0	0	0	0.8429	0.0073	0	0.1231	0.0028	0.0239	0.3478	0.0725	0.5797	0.2775	0.0983	0.6243	0.0253	0.0106	0.9642	0.0253	0.0106	0.9642	0.8571	0	0.1429	0	0.993	0	0.007	0
B0088736DBA8FDE8F274B5A3C1E3CCA7D79F7470581F3C7303B962BC5EBE4874.apk	2015-06-22	0	0	0	0	0	0	0	0	0	0	0	0	0	0	0	0	0	0	0	0	0	0	0	0	0	0	0	0	0
B4A23F114DA491784F1A598340EBBFC9811FD2C26DF3B4AE674EA7E220946320.apk	2015-02-22	0	0	0	0.9799	0.0201	0	0	0	0	0	0.3235	0.6765	0	0.3375	0.6625	0	0.0202	0.9798	0	0.0202	0.9798	0.75	0.25	0	0	0.9991	0.0009	0	0
BABB18A0C22142308E7C47688502F197E5BA8AB0B1B4FAEFE62ED8D5CBA48297.apk	2015-06-22	0.4833	0.0135	0	0.325	0.0897	0	0.0861	0	0.0025	0.0667	0.219	0.7143	0.0562	0.2247	0.7191	0.0032	0.1049	0.8918	0.0032	0.1049	0.8918	0.7273	0	0.2727	0	0.9032	0	0.0968	0
BC8D48D761EAD235767A72F8E0A10E504D72B8355FE28DD318BB6C74475427DB.apk	2015-08-12	0	0	0	0.0035	0.0002	0.0007	0.216	0.0025	0.7771	0.2105	0.1447	0.6447	0.3666	0.1254	0.508	0.7777	0.0027	0.2196	0.7777	0.0027	0.2196	0.7778	0	0.2222	0	0.9823	0	0.0177	0
C75B808B36991329ED59E4FD470626D509B780D0AA6E1B8CF80DED627B6D5BBB.apk	2015-02-22	0	0	0	0.7276	0.2724	0	0	0	0	0	0.3776	0.6224	0	0.5167	0.4833	0	0.2724	0.7276	0	0.2724	0.7276	1	0	0	0	1	0	0	0
CBDBFC8BD9F3C8435B7EBAFA3C87DBF6B1F9674D223223F817CDF873885B48AE.apk	2015-12-21	0	0	0	0	0	0	0	0	0	0	0	0	0	0	0	0	0	0	0	0	0	0	0	0	0	0	0	0	0
CF658923217C45E09965B2DCAD827F95988F49160E957F9E2C0505208660793B.apk	2015-10-13	0	0	0	0.6773	0.2982	0.0001	0.0076	0.0164	0.0004	0.0619	0.3186	0.6195	0.0587	0.504	0.4372	0.0006	0.3147	0.6848	0.0006	0.3147	0.6848	1	0	0	0	1	0	0	0
D2D9E0F4A4BABA5CF75B89E66E6A791F532E303B59FCDBAD26A9697A34EC6949.apk	2015-07-29	0	0	0	0.9311	0.0689	0	0	0	0	0	0.4364	0.5636	0	0.4919	0.5081	0	0.0696	0.9304	0	0.0696	0.9304	1	0	0	0	1	0	0	0
E08C4F2E42BECB326F53843381B1F5E02D5BB50EDF2129F383F37A101540EDE1.apk	2015-09-11	0	0	0	0	0	0	0	0	0	0	0	0	0	0	0	0	0	0	0	0	0	0	0	0	0	0	0	0	0
E0E17DB2B003AA11459A05BADE33B3D99B2C3359D7929C8811A5A9E3662CAB0C.apk	2015-08-12	0	0	0	0.865	0.135	0	0	0	0	0	0.3265	0.6735	0	0.3642	0.6358	0	0.1353	0.8647	0	0.1353	0.8647	0.6667	0	0.3333	0	0.984	0	0.016	0
EAC3115A750EAFEFCADA9DFA7711DEEA5A7EF1E0D8870876E3197E7B113CBBA9.apk	2015-07-29	0	0	0	0.6338	0.0064	0	0.288	0.0016	0.0702	0.2955	0.0682	0.6364	0.2222	0.1111	0.6667	0.0704	0.0081	0.9215	0.0704	0.0081	0.9215	1	0	0	0	1	0	0	0
EC901AF0DEC1BB1A596E52478AFF531D5D0DE69AE2A6A3F549A6E3BEEFBB1D65.apk	2015-06-22	0	0	0	0.6909	0.2563	0	0.0339	0.011	0.0079	0.1429	0.3857	0.4714	0.2125	0.4719	0.3156	0.0084	0.2679	0.7237	0.0084	0.2679	0.7237	0.8333	0	0.1667	0	0.9498	0	0.0502	0
F5DC6FB97283634839BA664253686E412ACD76B73DEA6A378ADBAF52998B17B9.apk	2015-02-22	0	0	0	0.9815	0.0185	0	0	0	0	0	0.25	0.75	0	0.3333	0.6667	0	0.0186	0.9814	0	0.0186	0.9814	1	0	0	0	1	0	0	0
com.joyinn.dadjoi	2015-04-21	0	0	0	0.8216	0.1784	0	0	0	0	0	0.4	0.6	0	0.398	0.602	0	0.1804	0.8196	0	0.1813	0.8187	0	0.4	0.6	0	0	0.0296	0.9704	0
com.yooncom.yoon_05_39_n	2015-04-04	0.0145	0	0	0	0	0	0.935	0	0.0506	0.1579	0	0.8421	0.1807	0	0.8193	0.051	0	0.949	0.051	0	0.949	1	0	0	0	1	0	0	0
com.beautiful.frame	2015-05-07	0	0	0	0.5896	0.4089	0	0.0011	0.0004	0.0001	0.0241	0.6105	0.3654	0.0149	0.6326	0.3524	0.0002	0.4106	0.5891	0.0002	0.4106	0.5891	0.5833	0.1667	0.25	0	0.8609	0.1081	0.031	0
com.skymobi.mopowydt	2015-04-25	0	0	0	0.7143	0.2857	0	0	0	0	0	0.4615	0.5385	0	0.5	0.5	0	0.2869	0.7131	0	0.2869	0.7131	0	0	0	0	0	0	0	0
com.poxiao.fish	2015-01-29	0	0	0	0.7565	0.2164	0	0.0221	0.0012	0.0037	0.056	0.5893	0.3547	0.0662	0.6401	0.2937	0.0057	0.2309	0.7634	0.0057	0.2309	0.7634	0.3333	0.2	0.4667	0	0.7133	0.1608	0.1259	0
com.yuan.Grover	2015-01-05	0	0	0	0.8198	0.1802	0	0	0	0	0	0.3514	0.6486	0	0.3333	0.6667	0	0.1812	0.8188	0	0.1821	0.8179	0	0	1	0	0	0	1	0
com.tsland.tsland_01_29_n	2015-10-29	0.0145	0	0	0	0	0	0.935	0	0.0506	0.1579	0	0.8421	0.1807	0	0.8193	0.051	0	0.949	0.051	0	0.949	1	0	0	0	1	0	0	0
com.mplus.mplus_10_31_n	2015-01-17	0.0147	0	0	0	0	0	0.9338	0	0.0515	0.1579	0	0.8421	0.1807	0	0.8193	0.052	0	0.948	0.052	0	0.948	1	0	0	0	1	0	0	0
com.uninet.uninet_04_12	2015-03-26	0	0	0	0	0	0	0.9701	0	0.0299	0.1842	0	0.8158	0.1646	0	0.8354	0.0318	0	0.9682	0.0318	0	0.9682	1	0	0	0	1	0	0	0
com.makem.makem_01_02_n	2015-01-07	0	0	0	0	0	0	0.9716	0	0.0284	0.2051	0	0.7949	0.1852	0	0.8148	0.0308	0	0.9692	0.0308	0	0.9692	1	0	0	0	1	0	0	0
com.msolution2.msolution_02_30	2015-01-16	0.0154	0	0	0	0	0	0.9306	0	0.054	0.1579	0	0.8421	0.1807	0	0.8193	0.0544	0	0.9456	0.0544	0	0.9456	1	0	0	0	1	0	0	0
com.dreamis.dreamis_07_14_n	2015-09-02	0.0138	0	0	0	0	0	0.9378	0	0.0484	0.1579	0	0.8421	0.1807	0	0.8193	0.0488	0	0.9512	0.0488	0	0.9512	1	0	0	0	1	0	0	0
com.tsland.tsland_01_41	2015-03-11	0	0	0	0	0	0	0.9714	0	0.0286	0.1842	0	0.8158	0.1646	0	0.8354	0.0305	0	0.9695	0.0305	0	0.9695	1	0	0	0	1	0	0	0
net.lazyer.runcool.sky	2015-09-27	0	0	0	0.58	0.4182	0	0.0007	0.0012	0	0.0047	0.6	0.3953	0.005	0.7043	0.2907	0	0.4196	0.5804	0	0.4197	0.5803	0.5	0	0.5	0	0.8906	0	0.1094	0
com.mplus.mplus_09_03_n	2015-01-16	0.0148	0	0	0	0	0	0.9333	0	0.0518	0.1579	0	0.8421	0.1807	0	0.8193	0.0524	0	0.9476	0.0524	0	0.9476	1	0	0	0	1	0	0	0
com.mplus.mplus_10_36_n	2015-01-17	0.0148	0	0	0	0	0	0.9333	0	0.0518	0.1579	0	0.8421	0.1807	0	0.8193	0.0523	0	0.9477	0.0523	0	0.9477	1	0	0	0	1	0	0	0
com.sf.safeminor	2015-09-28	0	0	0	0	0	0	0.9298	0	0.0702	0.4286	0	0.5714	0.381	0	0.619	0.0709	0	0.9291	0.0709	0	0.9291	0	0	0	0	0	0	0	0
com.sonegrin.sonegrin_01_27_n	2015-03-01	0.0142	0	0	0	0	0	0.936	0	0.0498	0.1579	0	0.8421	0.1807	0	0.8193	0.0502	0	0.9498	0.0502	0	0.9498	1	0	0	0	1	0	0	0
com.ouah11.ouah_11_15_n	2015-09-18	0	0	0	0	0	0	0.9705	0	0.0295	0.2051	0	0.7949	0.1852	0	0.8148	0.0321	0	0.9679	0.0321	0	0.9679	1	0	0	0	1	0	0	0
com.mplus.mplus_10_39_n	2015-01-17	0.0148	0	0	0	0	0	0.9333	0	0.0518	0.1579	0	0.8421	0.1807	0	0.8193	0.0522	0	0.9478	0.0522	0	0.9478	1	0	0	0	1	0	0	0
com.ouah1.ouah_01_41_n	2015-09-11	0	0	0	0	0	0	0.9718	0	0.0282	0.1842	0	0.8158	0.1646	0	0.8354	0.03	0	0.97	0.03	0	0.97	1	0	0	0	1	0	0	0
com.byeoljji.byeoljji_01_40_n	2015-09-05	0.0141	0	0	0	0	0	0.9365	0	0.0494	0.1579	0	0.8421	0.1807	0	0.8193	0.0498	0	0.9502	0.0498	0	0.9502	1	0	0	0	1	0	0	0
rockingringtones.mt	2015-06-13	0	0	0	0.8253	0.1663	0	0	0.0085	0	0.0333	0.1333	0.8333	0.0123	0.2716	0.716	0.0007	0.1803	0.819	0.0007	0.1819	0.8174	1	0	0	0	1	0	0	0
com.mplus.mplus_10_34_n	2015-01-17	0.0147	0	0	0	0	0	0.9338	0	0.0515	0.1579	0	0.8421	0.1807	0	0.8193	0.0519	0	0.9481	0.0519	0	0.9481	1	0	0	0	1	0	0	0
yct.game.cnhjfb.julea	2015-01-21	0	0	0	0.8254	0.1746	0	0	0	0	0	0.2857	0.7143	0	0.3148	0.6852	0	0.1756	0.8244	0	0.1764	0.8236	0	0	1	0	0	0	1	0
com.mplus.mplus_09_10_n	2015-01-02	0.0142	0	0	0	0	0	0.936	0	0.0498	0.1579	0	0.8421	0.1807	0	0.8193	0.0502	0	0.9498	0.0502	0	0.9498	1	0	0	0	1	0	0	0
com.ouah12.ouah_12_23_n	2015-03-23	0	0	0	0	0	0	0.9734	0	0.0266	0.2051	0	0.7949	0.1852	0	0.8148	0.0283	0	0.9717	0.0283	0	0.9717	1	0	0	0	1	0	0	0
com.uninet.uninet_04_31	2015-03-25	0	0	0	0	0	0	0.97	0	0.03	0.2051	0	0.7949	0.1852	0	0.8148	0.0327	0	0.9673	0.0327	0	0.9673	1	0	0	0	1	0	0	0
com.iruum.iruum_01_24	2015-07-02	0.0142	0	0	0	0	0	0.936	0	0.0498	0.1579	0	0.8421	0.1807	0	0.8193	0.0503	0	0.9497	0.0503	0	0.9497	1	0	0	0	1	0	0	0
com.lifeapp01.life_01_40	2015-02-15	0	0	0	0	0	0	0.9723	0	0.0277	0.2051	0	0.7949	0.1852	0	0.8148	0.0302	0	0.9698	0.0302	0	0.9698	1	0	0	0	1	0	0	0
com.ouah10.ouah_10_45_n	2015-03-24	0	0	0	0	0	0	0.9696	0	0.0304	0.1842	0	0.8158	0.1646	0	0.8354	0.0323	0	0.9677	0.0323	0	0.9677	1	0	0	0	1	0	0	0
com.enterapp_01.enterapp_01_17	2015-02-13	0.0145	0	0	0	0	0	0.935	0	0.0506	0.1579	0	0.8421	0.1807	0	0.8193	0.0511	0	0.9489	0.0511	0	0.9489	1	0	0	0	1	0	0	0
com.uninet.uninet_04_18	2015-03-25	0	0	0	0	0	0	0.9698	0	0.0302	0.1842	0	0.8158	0.1646	0	0.8354	0.0319	0	0.9681	0.0319	0	0.9681	1	0	0	0	1	0	0	0
com.ouah9.ouah_09_34_n	2015-09-13	0	0	0	0	0	0	0.9727	0	0.0273	0.1714	0	0.8286	0.1528	0	0.8472	0.0302	0	0.9698	0.0302	0	0.9698	1	0	0	0	1	0	0	0
com.msolution2.msolution_02_32	2015-01-15	0.0153	0	0	0	0	0	0.9308	0	0.0539	0.1579	0	0.8421	0.1807	0	0.8193	0.0543	0	0.9457	0.0543	0	0.9457	1	0	0	0	1	0	0	0
com.ouah11.ouah_11_18_n	2015-03-24	0	0	0	0	0	0	0.9706	0	0.0294	0.2051	0	0.7949	0.1852	0	0.8148	0.0314	0	0.9686	0.0314	0	0.9686	1	0	0	0	1	0	0	0
air.ELA4.A0	2015-06-26	0.1212	0	0	0	0	0	0.6869	0	0.1919	0.0588	0	0.9412	0.2881	0	0.7119	0.1927	0	0.8073	0.2192	0	0.7808	0.6667	0	0.3333	0	0.9743	0	0.0257	0
com.tankeplay.InterstellarChariots3Ddz	2015-08-22	0	0	0	0.8814	0.1186	0	0	0	0	0	0.1026	0.8974	0	0.3186	0.6814	0	0.1196	0.8804	0	0.1196	0.8804	0	0	0	0	0	0	0	0
www.guangyuan.gamemx	2015-10-13	0	0	0	0.8165	0.1835	0	0	0	0	0	0.375	0.625	0	0.3421	0.6579	0	0.1845	0.8155	0	0.1853	0.8147	0.3333	0	0.6667	0	0.0056	0	0.9944	0
com.tresebrothers.games.ageofpiratesrse	2015-12-10	0	0	0	0.7641	0.2359	0	0	0	0	0	0.6	0.4	0	0.5682	0.4318	0	0.2366	0.7634	0	0.2366	0.7634	1	0	0	0	1	0	0	0
com.ssszujixiao.naoyan.zimon	2015-12-04	0	0	0	0.8453	0.1547	0	0	0	0	0	0.3	0.7	0	0.3871	0.6129	0	0.1556	0.8444	0	0.1563	0.8437	0	0	0	0	0	0	0	0
activity.cs.skhghert	2015-10-28	0	0	0	0.8212	0.1788	0	0	0	0	0	0.3333	0.6667	0	0.3304	0.6696	0	0.1798	0.8202	0	0.1807	0.8193	0.5	0	0.5	0	0.5015	0	0.4985	0
com.ycwangpaikong.androidplanezq	2015-08-24	0.0112	0.0034	0	0.8915	0.0939	0	0	0	0	0	0.3784	0.6216	0	0.3754	0.6246	0	0.0981	0.9019	0	0.0982	0.9018	1	0	0	0	1	0	0	0
tv.o6b70e9.lb2569c6	2015-10-22	0	0	0	0.812	0.188	0	0	0	0	0	0.3243	0.6757	0	0.3423	0.6577	0	0.1891	0.8109	0	0.19	0.81	0	0	1	0	0	0	1	0
com.cstieactivity.cscszhkyongbing	2015-08-24	0	0	0	0.8214	0.1786	0	0	0	0	0	0.3333	0.6667	0	0.3304	0.6696	0	0.1797	0.8203	0	0.1805	0.8195	0.5	0	0.5	0	0.5016	0	0.4984	0
activity.css.sdker.wer	2015-08-27	0	0.0012	0	0.805	0.1731	0	0.0194	0.0012	0	0.0147	0.3824	0.6029	0.0094	0.4225	0.5681	0	0.1763	0.8236	0	0.1766	0.8234	0.4	0.2	0.4	0	0.4721	0.4222	0.1057	0
com.jr.swamp.lx	2015-03-10	0	0	0	0.8197	0.1803	0	0	0	0	0	0.3023	0.6977	0	0.3788	0.6212	0	0.1811	0.8189	0	0.182	0.818	0	0	1	0	0	0	1	0
activity.cs.skhghert	2015-10-28	0	0.0005	0	0.8971	0.0925	0	0.0088	0.0011	0	0.0132	0.3816	0.6053	0.0081	0.4113	0.5806	0	0.0948	0.9052	0	0.0949	0.9051	0.3333	0	0.6667	0	0.8073	0	0.1927	0
com.owa.owa_0143	2015-11-09	0	0	0	0.0023	0.0015	0	0.947	0.0083	0.0408	0.1633	0.1429	0.6939	0.1604	0.0943	0.7453	0.0427	0.0113	0.946	0.0427	0.0113	0.946	1	0	0	0	1	0	0	0
com.weddingdressdesigners	2015-12-03	0.9393	0	0	0	0	0	0.0551	0	0.0056	0.0238	0	0.9762	0.0179	0	0.9821	0.0057	0	0.9943	0.0057	0	0.9943	0.5	0	0.5	0	0.7	0	0.3	0
com.androidantivirus.testvirus	2015-06-01	0.9445	0.0351	0	0.0049	0.003	0	0.0084	0.0022	0.0019	0.0286	0.0667	0.9048	0.0246	0.0405	0.9349	0.0055	0.0403	0.9542	0.0055	0.0403	0.9542	0.8333	0	0.1667	0	0.9873	0	0.0127	0
activity.css.sker.wer	2015-11-25	0	0.0012	0	0.8049	0.1732	0	0.0195	0.0012	0	0.0147	0.3824	0.6029	0.0094	0.4225	0.5681	0	0.1765	0.8235	0	0.1767	0.8233	0.4	0.2	0.4	0	0.4723	0.4217	0.106	0
com.sss.naoyan.zimongjief	2015-08-01	0	0	0	0.9313	0.0687	0	0	0	0	0	0.339	0.661	0	0.4023	0.5977	0	0.0694	0.9306	0	0.0695	0.9305	0.25	0	0.75	0	0.2308	0	0.7692	0
yct.game.cnhjfb.julesenae	2015-08-06	0	0	0	0.825	0.175	0	0	0	0	0	0.2857	0.7143	0	0.3148	0.6852	0	0.1758	0.8242	0	0.1767	0.8233	0	0	1	0	0	0	1	0
com.longhairstylein2015.palmokin	2015-10-12	0.9393	0	0	0	0	0	0.0551	0	0.0056	0.0238	0	0.9762	0.0179	0	0.9821	0.0057	0	0.9943	0.0057	0	0.9943	0.5	0	0.5	0	0.7	0	0.3	0
com.bingogame.mmd.zimon	2015-08-26	0	0	0	0.8226	0.1774	0	0	0	0	0	0.3256	0.6744	0	0.4	0.6	0	0.1783	0.8217	0	0.1791	0.8209	0	0	0	0	0	0	0	0
com.ycwangpaikong.androidplanezq	2015-08-24	0	0	0	0.8271	0.1729	0	0	0	0	0	0.3514	0.6486	0	0.3364	0.6636	0	0.174	0.826	0	0.1748	0.8252	1	0	0	0	1	0	0	0
activity.css.sker.wer	2015-11-25	0	0.0012	0	0.8036	0.174	0	0.0199	0.0012	0	0.0147	0.3824	0.6029	0.0094	0.4225	0.5681	0	0.1774	0.8226	0	0.1776	0.8223	0.4	0.2	0.4	0	0.4728	0.4206	0.1066	0
com.cento.libetngamekgh	2015-08-24	0	0	0	0.783	0.217	0	0	0	0	0	0.5846	0.4154	0	0.642	0.358	0	0.2195	0.7805	0	0.2195	0.7805	0.4615	0.2308	0.3077	0	0.5155	0.2146	0.2699	0
com.tankeplay.InterstellarChariots3Ddz	2015-08-22	0	0	0	0.8837	0.1163	0	0	0	0	0	0.1026	0.8974	0	0.3186	0.6814	0	0.1175	0.8825	0	0.1175	0.8825	0	0	0	0	0	0	0	0
com.dafgofuisgiuofj	2015-08-25	0	0	0	0.8943	0.1057	0	0	0	0	0	0.1026	0.8974	0	0.3186	0.6814	0	0.1069	0.8931	0	0.1069	0.8931	0	0	0	0	0	0	0	0
com.easemob.businesslink	2015-01-22	0	0	0	0	0	0	0.6875	0.1875	0.125	0.1818	0.1818	0.6364	0.2778	0.1667	0.5556	0.126	0.1874	0.6866	0.126	0.1874	0.6866	0	0	0	0	0	0	0	0
com.sss.naoyan.zimongjief	2015-08-01	0	0	0	0.9321	0.0679	0	0	0	0	0	0.3137	0.6863	0	0.3718	0.6282	0	0.0685	0.9315	0	0.0686	0.9314	0	0	0	0	0	0	0	0
com.qz.xmn01	2015-08-26	0	0	0	0.8011	0.1989	0	0	0	0	0	0.3256	0.6744	0	0.3659	0.6341	0	0.1998	0.8002	0	0.2005	0.7995	1	0	0	0	1	0	0	0
activity.cs.csdisinvkxunias	2015-12-31	0	0.0005	0	0.8898	0.1003	0	0.0084	0.0011	0	0.0132	0.3816	0.6053	0.0082	0.4074	0.5844	0	0.1024	0.8976	0	0.1025	0.8975	0.5	0	0.5	0	0.8168	0	0.1832	0
com.sss.naoyan.zimongjief	2015-08-01	0	0	0	0.8477	0.1523	0	0	0	0	0	0.3	0.7	0	0.3871	0.6129	0	0.1532	0.8468	0	0.1538	0.8462	0	0	0	0	0	0	0	0
com.mobileiqro.iqbaldev	2015-11-12	0.9393	0	0	0	0	0	0.0551	0	0.0056	0.0238	0	0.9762	0.0179	0	0.9821	0.0057	0	0.9943	0.0057	0	0.9943	0.5	0	0.5	0	0.7	0	0.3	0
com.daqiang.gg	2015-12-14	0	0	0	0.6522	0.3478	0	0	0	0	0	0.4667	0.5333	0	0.5	0.5	0	0.3486	0.6514	0	0.3486	0.6514	0	0	1	0	0	0	1	0
com.snost.ohpou	2015-10-27	0	0	0	0.8175	0.1825	0	0	0	0	0	0.3881	0.6119	0	0.4248	0.5752	0	0.1842	0.8158	0	0.1847	0.8153	0.1429	0.2857	0.5714	0	0.0095	0.0284	0.9621	0
activity.css.sdker.wer	2015-08-27	0	0.0012	0	0.8052	0.173	0	0.0195	0.0012	0	0.0147	0.3824	0.6029	0.0094	0.4225	0.5681	0	0.1763	0.8237	0	0.1765	0.8234	0.4	0.2	0.4	0	0.4718	0.4222	0.1059	0
com.skymobi.moposns	2015-06-23	0	0	0	0.6429	0.2857	0	0.0714	0	0	0.0769	0.3846	0.5385	0.0714	0.4286	0.5	0.0004	0.2864	0.7132	0.0004	0.2864	0.7132	0	0	0	0	0	0	0	0
com.sss.naoyan.zimon	2015-08-24	0	0	0	0.8454	0.1546	0	0	0	0	0	0.3	0.7	0	0.3871	0.6129	0	0.1555	0.8445	0	0.1561	0.8439	0	0	0	0	0	0	0	0
com.msolution.msolution_03_22_n	2015-04-24	0.0048	0	0	0	0	0	0.973	0	0.0223	0.175	0	0.825	0.1978	0	0.8022	0.0225	0	0.9775	0.0225	0	0.9775	1	0	0	0	1	0	0	0
com.batikvlothesforwomen.palmokin	2015-07-17	0.9393	0	0	0	0	0	0.0551	0	0.0056	0.0238	0	0.9762	0.0179	0	0.9821	0.0057	0	0.9943	0.0057	0	0.9943	0.5	0	0.5	0	0.7	0	0.3	0
com.szsg.szlrs	2015-09-21	0	0	0	0.8435	0.1565	0	0	0	0	0	0.4216	0.5784	0	0.4186	0.5814	0	0.1567	0.8433	0	0.1568	0.8432	0.3333	0	0.6667	0	0.8231	0	0.1769	0
com.ym.car	2015-01-29	0	0	0	0.7938	0.1878	0	0.0092	0.0031	0.0061	0.0612	0.2857	0.6531	0.036	0.3453	0.6187	0.0063	0.1918	0.8018	0.0064	0.1924	0.8012	0.6	0	0.4	0	0.6031	0	0.3969	0
yct.game.cnhjfb.jus	2015-05-28	0	0	0	0.6774	0.3226	0	0	0	0	0	0.3492	0.6508	0	0.3989	0.6011	0	0.3233	0.6767	0	0.3246	0.6754	0.0909	0.1818	0.7273	0	0.0155	0.0722	0.9124	0
com.smartsm.smart_14_33_n	2015-11-02	0.0049	0	0	0	0	0	0.9725	0	0.0227	0.175	0	0.825	0.1978	0	0.8022	0.0229	0	0.9771	0.0229	0	0.9771	1	0	0	0	1	0	0	0
com.qingxue.game.qmdgz.androidxque	2015-05-14	0	0	0	0.8117	0.1883	0	0	0	0	0	0.3542	0.6458	0	0.3768	0.6232	0	0.1893	0.8107	0	0.1898	0.8102	0	0	1	0	0	0	1	0
devina.resep.bolu	2015-05-17	0.9393	0	0	0	0	0	0.0551	0	0.0056	0.0238	0	0.9762	0.0179	0	0.9821	0.0057	0	0.9943	0.0057	0	0.9943	0.5	0	0.5	0	0.7	0	0.3	0
com.gardenlandscapedesign.palmokin	2015-11-05	0.9393	0	0	0	0	0	0.0551	0	0.0056	0.0238	0	0.9762	0.0179	0	0.9821	0.0057	0	0.9943	0.0057	0	0.9943	0.5	0	0.5	0	0.7	0	0.3	0
us.apps.xmusicmusicplayer	2015-01-24	0.5092	0.0001	0.0073	0.299	0.0685	0.0012	0.0788	0.0094	0.0265	0.1216	0.2138	0.6646	0.0835	0.1924	0.7241	0.0352	0.0786	0.8863	0.0353	0.0787	0.8861	0.2	0.12	0.68	0	0.9643	0.0094	0.0262	0
com.uu.niumowang	2015-08-30	0.9888	0.0023	0	0.0062	0.0019	0	0.0009	0	0	0.0095	0.0667	0.9238	0.0053	0.0426	0.9521	0.0001	0.0049	0.995	0.0001	0.0049	0.995	0.5714	0	0.4286	0	0.9905	0	0.0095	0
com.cstieactivity.cscszhkyongbing	2015-08-24	0	0	0	0.8215	0.1785	0	0	0	0	0	0.4423	0.5577	0	0.4184	0.5816	0	0.1807	0.8193	0	0.1816	0.8184	0.25	0	0.75	0	0.4754	0	0.5246	0
com.blood.zombiesdjklb	2015-09-04	0	0	0	0.9123	0.0877	0	0	0	0	0	0.3696	0.6304	0	0.3386	0.6614	0	0.128	0.872	0	0.1283	0.8717	0.5	0	0.5	0	0.4444	0	0.5556	0
com.gcgshaame.tfeifenfedixina	2015-07-06	0	0	0	0.9363	0.0637	0	0	0	0	0	0.3667	0.6333	0	0.3787	0.6213	0	0.0643	0.9357	0	0.0644	0.9356	0.3333	0	0.6667	0	0.3364	0	0.6636	0
com.tuntunanshalat.palmokin	2015-09-01	0.9397	0	0	0	0	0	0.0547	0	0.0056	0.0238	0	0.9762	0.0179	0	0.9821	0.0056	0	0.9944	0.0056	0	0.9944	0.5	0	0.5	0	0.6986	0	0.3014	0
activity.cs.sker.wer	2015-09-03	0	0.0005	0	0.8816	0.1079	0	0.0084	0.0016	0	0.0122	0.4024	0.5854	0.0079	0.4331	0.5591	0	0.1108	0.8892	0	0.1109	0.8891	0.4	0.2	0.4	0	0.4483	0.451	0.1007	0
com.mok.hbdmx	2015-09-02	0	0	0	0.1479	0.05	0.001	0.5391	0.0103	0.2517	0.125	0.3646	0.5104	0.1489	0.3489	0.5021	0.2525	0.0607	0.6868	0.2525	0.0607	0.6868	1	0	0	0	1	0	0	0
activity.cs.sker.wer	2015-09-03	0	0.0008	0	0.7005	0.2856	0	0.0123	0.0008	0	0.0112	0.4382	0.5506	0.007	0.4859	0.507	0	0.2877	0.7122	0	0.288	0.712	0.1818	0.1818	0.6364	0	0.4566	0.4269	0.1165	0
com.ssszujixiao.naoyan.zimon	2015-12-04	0	0	0	0.932	0.068	0	0	0	0	0	0.3137	0.6863	0	0.3718	0.6282	0	0.0685	0.9315	0	0.0686	0.9314	0	0	0	0	0	0	0	0
com.adliving.adliving_03_14_n	2015-05-20	0.2669	0	0.0014	0	0	0	0.7185	0	0.0131	0.1091	0	0.8909	0.1061	0	0.8939	0.0149	0	0.9851	0.0149	0	0.9851	1	0	0	0	1	0	0	0
com.szsg.szlrs	2015-09-21	0	0	0	0.8514	0.1486	0	0	0	0	0	0.4082	0.5918	0	0.3924	0.6076	0	0.1488	0.8512	0	0.1489	0.8511	0.5	0	0.5	0	0.8303	0	0.1697	0
com.jiaugame.popet	2015-05-06	0.0109	0	0	0.7112	0.2533	0.0055	0.0137	0.0027	0.0027	0.023	0.4713	0.5057	0.0226	0.4751	0.5023	0.0083	0.2579	0.7338	0.0083	0.2586	0.7331	0.75	0	0.25	0	0.7442	0	0.2558	0
com.housepooldesignideas.palmokin	2015-08-19	0.9393	0	0	0	0	0	0.0551	0	0.0056	0.0238	0	0.9762	0.0179	0	0.9821	0.0057	0	0.9943	0.0057	0	0.9943	0.5	0	0.5	0	0.7	0	0.3	0
com.md.md_02_25_n	2015-09-28	0.2795	0.0003	0.0014	0.0094	0.0081	0	0.689	0	0.0123	0.0694	0.0983	0.8324	0.069	0.0653	0.8657	0.0141	0.0089	0.977	0.0141	0.0089	0.977	1	0	0	0	1	0	0	0
com.fsecure.eicar.antivirus.test	2015-05-08	0	0	0	0	0	0	0.9946	0	0.0054	0.15	0	0.85	0.186	0	0.814	0.0067	0	0.9933	0.0067	0	0.9933	1	0	0	0	1	0	0	0
com.wufb.zsxc.sk.zimon	2015-08-25	0	0	0	0.8247	0.1753	0	0	0	0	0	0.3	0.7	0	0.384	0.616	0	0.1761	0.8239	0	0.1769	0.8231	0	0	0	0	0	0	0	0
