1EE4DEA345455F909E5CA993C7542C3118A0B39FCE4B6702FA1A4987AB1783B4.apk	2015-12-10	0	0	0	0	0	0	0
2DDB44E64D398CCE25E7AEBC1B28BD5C5A0A79FCEBEB0C71D48B1BF76C21FE57.apk	2015-12-25	0	0	0	0	0	0	0
30BFC186C08EEA22F92F5755AEC29B273D04B19A99F157262F2424866E071E05.apk	2015-12-13	0	0	0	0	0	0	0
317EECD320309CF080D7B8182C4E1E0F0E4A66F2D37FCE6675DA08501A5C1C7F.apk	2015-01-03	0	0	0	0	0	0	0
392286796454956D5254902AF02322A4283BCE2E43861365638E088761F6FF8B.apk	2015-12-29	0	0	0.5	0.5	0.5	0	0
3E368BEA3C7A15D0C044F0005B1786A617D71651C5038FC3C11B21CD4BEC2CA1.apk	2015-08-01	0.4304	0	0	0.5696	0.6962	0.3038	0
42FD381AAB9DBBEB91AA896C71F9C46BEE795A0840698F7F6CE03017EC46837D.apk	2015-03-02	0	0	0	0	0	0	0
4E79EBEF07990ED39BF54B85C145DFB0FDB05F534EFA6C39FFD72E400E417408.apk	2015-08-02	1	0	0	0	0	1	0
4F061386E92965DA82EE791BC08EBBB632232DA33C7761670A408B2C76E8431B.apk	2015-01-01	0	0	0	0	0	0	0
96D3B6EAD6ED2EE0665171BDEB287058D5F8D13EB5A93C74AA638492C3D590B3.apk	2015-07-14	1	0	0	0	0	1	0
AFB24F52B90D63269A25DE59EC751C6D6C6636ECB48095C990422238D3EC6DDC.apk	2015-02-22	0	0	1	0	0	0	0
B40D150823C6235254C8D934070CC9E3F7E0360A860ABD3BCAF60A6C57A89B8F.apk	2015-07-20	0.6	0	0.4	0	0.6	0	0
BC12C7480F5B1090AED2D1E46C5A8D4D88CD491631DF31EDD883EE20D53FA041.apk	2015-12-29	0	0	0	1	1	0	0
D087A2CCADF25AAC6DA67F7441E44F1780557FBCD4365C197EA4CF616B67F892.apk	2015-08-01	1	0	0	0	0.4	0.6	0
D8A31940FDBC6872A34B91EE43C6309F757BA0D57A60618C8252BD95233A7369.apk	2015-02-24	0.3571	0	0.0714	0.5714	0	0.2857	0
E36418E947165EF8BC2B8CA624318FE743E265780C502C7110DE06045C30ABB1.apk	2015-02-27	0	0	1	0	0	0	0
ED823656205EC8C58E5C2A8CE2A9A9CA4EE3229018FB6295931F57DE6EF019E9.apk	2015-12-19	0	0	1	0	0	0	0
F83BDDD5D814ABF44B4E662E4AB7BA26CD937531CCA23B936273A5B9FF60E130.apk	2015-08-01	1	0	0	0	0	1	0
F852171FF4B5916CE783CE4FD5B879A1AC1A5246345736A0EBE206647DCB43AA.apk	2015-01-30	0	0	0	0	0	0	0
005831269C104DAD7C7ADB7CBC838B9BFB0CE199B1C7574B28F6D66A7B624FC6.apk	2015-01-04	1	0	0	0	0	1	0
007736FF6CF888B74BE1416B8FA40C5E232E32FC50B49AC496601A1CFBE89D53.apk	2015-12-06	0	0	0	0	0	0	0
02A6EB188AC6853511D2AE6E89BFDDEEFC431B78485EF4922153F2CF498139C4.apk	2015-07-13	0	0	0	0	0	0	0
02D749C0C7C35F8E7E54316704AB12D8076CBF9DC748EE7B9E4B8FAE1A816DC0.apk	2015-04-15	0	0	0	0	0	0	0
030A219AD791F9DC7C9EEDE1D07E50B9BA0BF2520A46A94681C944F41A9EE5E6.apk	2015-10-03	0	0	0	0	0	0	0
0326887D2473A3B60848DEE2E78033494B1901955B018B6FA0A7EC3A1746B812.apk	2015-08-02	0	0	0	0	0	0	0
03730F8E56675B6BB3D64EF3489097BAC726991B72331F6874C66FFB304A5663.apk	2015-12-06	0	0	0	0	0	0	0
03775CEC41D164962BF4BF0AA1D71D014D493EF8686B6569263E1CA3E12AD4B8.apk	2015-01-03	0	0	0	0	0	0	0
05A5ABE5D3375066DECEF064196F9F08486163CF5A500197074E7755764C98A8.apk	2015-12-23	0	0	0	0	0	0	0
05B910ADA78CDE7EC7AA5F273C91C2851AA2829D3BB28D9290A662A2001038FE.apk	2015-06-02	1	0	0	0	0	0.8	0
065EB92F1A577F7DB8787BB7E658F9337EBD5136E6D088B498DDD62FA2E75F8A.apk	2015-06-02	0	0	1	0	0	0	0
06E697A3043A281BFC9B63CF5D28E8148436C84E702F903A2D7963248247A96E.apk	2015-01-05	0	0	0	0	0	0	0
0727668A289B375EF559D67D0C14B8467A1458757D61332FACAA6894033D28C4.apk	2015-05-28	0.8	0	0	0.2	0.2	0.4	0
0A89DD5210F37862F86F11970204DA1A85CE672FFCE902C1AAD44B9F1DC4C3AA.apk	2015-01-04	0	0	0	0	0	0	0
0AB8153932E58B552EE85098A96CABCBB85B63267F554C7D8F81DD7954CA63BD.apk	2015-01-03	1	0	0	0	0	1	0
0B5DF47D32E299EB1F0CA67E3F08EF1818A47BA7257A52755D71446DF52313E2.apk	2015-01-02	0	0	1	0	0	1	0
0C94BA4790FBBF37DD9AA91D4141E2937E38F25B42006D64D8CB8C52FE1F683C.apk	2015-09-13	0.6	0	0	0.4	0.4	0	0
0CF1B002BDDFD1987421D8EBA19E56950C127E24F5F253030F4982D8B984BBEF.apk	2015-01-02	0	0	0	0	0	0	0
0D3D9CD120C731A2174E036964153488307859D7BAEC03A37233842DDAC7C889.apk	2015-06-03	1	0	0	0	0	1	0
0F8EF10097F68D45CD9624C02161282A6684FCC1A1991D78F82FC69EF4F7A077.apk	2015-04-04	0	0	1	0	0	0	0
0FB2115436D9E7A2F16A205446AC81A28827AD6C04289552EBE4073B97B1D74C.apk	2015-05-03	0	0	0	0	0	0	0
10A82834D0812676AD1999BFFDC6C9869E13BA48786147BA6E3A40E5EB4710D8.apk	2015-12-21	0	0	1	0	0	0	0
14D5FCE62CDF4EEBFB4778A75AA80DE7CDBFD0AB990B30A8BF9E3A533C876578.apk	2015-06-22	0.8333	0	0	0.1667	0.1667	0.6667	0
15907DC46D8A6A3F96AD6143EEC1A7BA1F98B853C6A3BC5ADE58C4E8258C386F.apk	2015-01-04	0	0	0	1	1	0	0
16BC1166CDD7E36235EBCAC2C314A44C89F53B00A35A833E67D4118FA3A77908.apk	2015-01-01	1	0	0	0	0	0.4545	0
16C2D7913A2B6443E16B953BC39BB7B96C002B860231D876281996881A85E8BE.apk	2015-01-02	0.9231	0	0	0.0769	0.0769	0.5385	0
17912F3A54C1DD60D7F56499218DC075DE294D21D8EDAD659B2F7642189B4F26.apk	2015-01-05	0	0	0	1	0	0	0
17EE6086715AA04884D5F8B5F1C6F095726195B6BFE8C6438FE5A4CD467FDF05.apk	2015-01-02	1	0	0	0	0	1	0
18163259F86D1148984DA5D9EA2799D64602083E9ACDFDF870105C9E0295F592.apk	2015-04-04	1	0	0	0	0	0.6667	0
18A2711F5596B53B419289BB3DB769308A2CE437AEB26E5FFF863402D96EA200.apk	2015-06-02	0	0	1	0	0	1	0
88BEE409DDA5E056C0F4ECB747231C5A7F8149BA9020ACE1B840D0115AB03966.apk	2015-12-02	0	0	0	0	0	0	0
012DBA5BF3DE52D934F4D6E590947AE847B752B3E2A6EF91F5E49082E443EE67.apk	2015-08-11	0	0	0	0	0	0	0
0AA6CFB221731EFF8EE1B7A1F5ED9627568AF0D26CA09678BB4E3F3462A1C125.apk	2015-08-11	0	0	0	0	0	0	0
0BC573A7D452C9FDF244EE93D1F1C63D95D64D1B1F3A79F6E638FE9A7E9568BD.apk	2015-03-18	0	0	0	0	0	0	0
0E580CD5704C225EC514AE3D3BF5D55A75BD1A7B1327045480A12EB1BC5DC5A6.apk	2015-07-14	0	0	0.5065	0.4935	0	0	0
11D25D6DE5B633DBFDA68215A3DDCF784959DDA8FBE1DC9FB831C2AB7BE36EAB.apk	2015-05-02	0.8782	0	0	0.1218	0	0.0051	0
1287DAB56ACD64A054FFAD20DB9FF372FDB2B1F919C9A3DEB49D4D190307B5B2.apk	2015-09-20	0	0	0	0	0	0	0
142F30BE920D06C6BF60000BD03B15848EC036EB68CAA26A75E959F9984B32C1.apk	2015-12-28	0	0	1	0	0	0	0
15F81614C6671D1662C7151C9B1607D3F71AB9192E45678BAD0F9183DF1AE98A.apk	2015-01-27	0	0	1	0	0	0.125	0
1662EBB4273EF3730896BA42C6A9B51EEA563C7DA26BE3948DAB8BF2A321EFF2.apk	2015-07-03	0.7576	0	0.0545	0.1879	0	0	0
17F6ACC33BFA356E5CD2FE578F9FB79342AD70586CF052B2E456CF3B2F8DD00C.apk	2015-05-20	0.4975	0	0.5025	0	0	0	0
180A3A8D6CC3147DCF2A185054703104B2F307A4D243300BA0D9439E3D0FC33D.apk	2015-12-28	0.3824	0	0.4412	0.1765	0	0.5	0
1E362C51A7B84C682B61A968050A8DC6A14FF3EDDB6E3F16DE181A844CEDD505.apk	2015-06-20	0	0	0	0	0	0	0
228DB68B5DFE44493AD46C4175615D62391C88A065A78477E089A21ECCB3FFF2.apk	2015-08-11	0	0	0	0	0	0	0
247B6C9E734FE0F11CDF330A54317362900631AC0A0F3F4CF56209A0894E07E9.apk	2015-12-28	0	0	1	0	0	1	0
2710194CF3991670D7A8512FFBE7E44D38E7E555C270B3242B2BA1AEFBC9B814.apk	2015-08-11	0	0	0	0	0	0	0
2A5DB92026560721DB593974664FD45ECA3DCCA7653C5C11C9D110BEFF2B5272.apk	2015-07-14	0.7959	0	0.0306	0.1735	0	0.0051	0
2BE33929726F06F36692DED22B618C17382B584D1360833CDDC4D3905EAEA262.apk	2015-06-08	0	0	0	0	0	0	0
2F9B720FAE607D68386F834109921C7CB67964AA075FF5FC1900F6ADE2CA8F5B.apk	2015-08-24	0	0	0	0	0	0	0
2FDB312B44C5E9938A96A04278A1B9C44160BC7B6C0D69EDFB25CD736AAD9B00.apk	2015-03-18	0	0	1	0	0	0	0
3166E1181086FABF47774AC24FF0C4CC429EE2B8BEF35993B895C71DA339E269.apk	2015-07-03	0	0	0	0	0	0	0
37AF20D6DD5972ABCC34041B02DD689A5ACB3FF2DF6DB8B69056FB712617ABBB.apk	2015-07-03	0	0	0	0	0	0	0
39264E287A7B77F08CDCFD6B0E99CC30B73861115C9F4961436EBC777F1E47C6.apk	2015-03-18	0	0	0	0	0	0	0
3D531C05B90EE4EB3183B5173E0DEA460B80AD552EA9509390D749E60E0E74D3.apk	2015-05-25	0.163	0	0.587	0.25	0	0.0109	0
3EE67395FC1FD93EAF4C46322F8985FAC9E6568AAC4E35F355461BF6506ECA22.apk	2015-07-14	0	0	0.0299	0.9701	0	0.0299	0
3F6658BA91E09D0CFC82BBE4B441BE36B5E6846755B1A5E49EA2A1E10013C42A.apk	2015-12-22	0	0	0	1	0	0	0
41A46DCA1D51D7CC94FFD3DAFEF2E1B4F6BE3FB37B262B9C4876F4E6A8EDC9E4.apk	2015-12-28	0	0	0	0	0	0	0
425EFB834463D571B0D9E73349264A43CC02446E59F3234534A9AC2B36ED4690.apk	2015-12-21	0	0	0	1	0	0.5	0
48D01D5AEBCEC6E9D543724729C6655F5F9B40472AC6F916D75EAF291703BF1D.apk	2015-07-13	0	0	0	0	0	0	0
4CA8614AED62AD4D050E4279C99073324EDE40307487DB5142D63B589A0A29B0.apk	2015-03-18	0	0	0	0	0	0	0
4F50C89AAF81D5014A65803A1CD84171472A99FE992825B010D1969EA664D540.apk	2015-07-03	0	0	0	0	0	0	0
5064FBC32BBF998A624713E26895B46B0374ECD62B29BB00BBAF2CBE502A6713.apk	2015-11-02	0	0	0.7	0.3	0	0.3	0
50D292A48CFCCD8186FC6A96F7C6F2C7C9DCBFADAD6055796B158679BEFEADBF.apk	2015-08-11	0	0	0	0	0	0	0
527DB718832862A3F17CB998DC4AFC88E14231AD2F7BDC9B5FB74BE1DF178C54.apk	2015-08-11	0	0	0	0	0	0	0
53736C00BDAB3AF88530FBBD8F53BB209404894C937A18A64A6E61CB21D58534.apk	2015-11-29	0.7	0	0	0.3	0	0.4	0
561E58F2154D5DDA03118D46852A3F3EEB0A9435D97BE047EA18D7F37D9B45B1.apk	2015-12-28	0	0	1	0	0	0	0
563C9C4DDD3722A063F7199A86B82E70DF9AE53B9EE8BBD6DD0D6E3BD53FB09D.apk	2015-12-22	0	0	0.9895	0.0105	0.9719	0.007	0
592E2DB79C1D9B15FBB22769AB7285CE9E33C42C4D3EC132D19219BB6F4AB7AB.apk	2015-08-23	0	0	0	0	0	0	0
598C7BA8513AC8DD469DB3D1DC43F35653DDAAF5E3911F240085385260718FB9.apk	2015-06-22	0.4591	0	0.0063	0.5346	0	0.0063	0
59CAE745628B164A71C2275FD730927002E5834520F1E2CEB73B6F69B2129140.apk	2015-12-28	0	0	1	0	0	0	0
5D3A92B7D6B7DB7EB0880D7C1C9FBF371A627FFD6BB4F1D68D2BEF73FAC88185.apk	2015-09-20	0	0	0	0	0	0	0
5D5AA1B6AA52276EF338D8CFDD1F2141F09E5B6170E1E0638BC1D354833561DD.apk	2015-09-25	0.7656	0	0.0156	0.2188	0	0.0234	0
5F43E282D907694CEB48472B0B9300BA39EB8B9612FD9EE2691D42178EBC00E2.apk	2015-06-03	1	0	0	0	0	0.8235	0
5F6E3ED7C8D2A477D5E518B36938E145A09A00F4B56FE17B9E14E8CBDB2E849B.apk	2015-12-28	0.7931	0	0	0.2069	0.4138	0.3793	0
604C6DD4433DB5BDD3155C3EC35B5A6F9AA14404839992288C337EFB7E7A8C98.apk	2015-09-25	0.75	0	0	0.25	0	0.5833	0
64D0E3568F2B76A7073D337D8343CDC0B8CB656F0C7CBDA2BD046D149409859A.apk	2015-12-28	0.8095	0	0	0.1905	0	0.4762	0
67C2DF391F6985E4E1D7B90D4C0E522B7F800BB2756B78009B018E9D1C67AB2D.apk	2015-06-21	0	0	0	0	0	0	0
734151BB28622344AA7E5F9E36910F2E923E8728250C9811715BD112BCED145A.apk	2015-12-28	0	0	0	0	0	0	0
74C069875C73FF06D6D6E30EA8C148098A275875DD551F2407E52E6658F46D02.apk	2015-12-28	0	0	0	0	0	0	0
7A3E006B2819683B7F77243168E03C563BB3898E9C3C770158959FE2CC0EB205.apk	2015-12-28	0	0	0	0	0	0	0
7AA5C588CBE89A3321AE873EE5BA6CE1F9E9DD0C2370B4EABCE12572F6AD0C85.apk	2015-12-31	0	0	1	0	0	0	0
7B55CDC4E65E71D5780436222596DCC187673654F43B2153AF0D559805A767E5.apk	2015-07-16	0	0	1	0	0	0	0
80BC2E24CD834363B5E859FC4262CB909DCB74167D43E1861E2FCE62D4D46D8A.apk	2015-06-03	0	0	0	0	0	0	0
8857B77E5D43E9A06574635967D48EE674BAF37BF444E57FADBF9104E7B97EE1.apk	2015-12-28	0	0	0.5333	0.4667	0	0.0667	0
8AB7EFE27275135AD00AF73BEF9C7C92BB65F7A1081718D646C72EF71F631C83.apk	2015-08-16	0.4071	0	0.1327	0.4602	0	0.3805	0
8D71F9B60396633C66052403D9DAE80B0ED45A08011F2D53FB02A017846EE9CC.apk	2015-08-16	0.378	0	0.1341	0.4878	0	0.3537	0
8DC93D145CD505EB5257116CD5E7EB1584C6D992E7DE48DA2B224C5A8188CB1E.apk	2015-01-18	0	0	1	0	0	0	0
8DF7AA9B902B7811DBE406AE0457AACF42E0ED56B59E645CA2C9ED8FE44CD790.apk	2015-09-11	0.5248	0	0.4752	0	0	0	0
91711E3BE0B480FFB46E312443E017DDD0CB7E397392172283EF16385AE657DA.apk	2015-07-14	0	0	0.5238	0.4762	0	0.0317	0
9439A5B7ACA13FAA05093DA27CDBBE2955188104E2A07A10809558952A1693E3.apk	2015-06-03	0	0	0	0	0	0	0
9493C2D973F2F4439C3D7BF304906F465650D69E81EB724EC5262AA5624ECACA.apk	2015-01-18	0	0	0	0	0	0	0
95D78811D137D65CFDF255615F44DE7BAC4966F94FADF0785177298E1B1F1089.apk	2015-07-14	0.25	0	0.5	0.25	0	0	0
98069510BA742DABBE863559F19DB0843BB1486F98960B5A457D72509C5202B0.apk	2015-12-28	0	0	1	0	0	0.0256	0
9945CD7C63CEA913A7A816F0678AC44B03E44EDBEC9DBC42406D616263BD717B.apk	2015-08-18	0	0	0	0	0	0	0
99E4FB02986B312B8313B80D44FBF7C2E11551876CAA4EB517D5BB5B8DAE75B4.apk	2015-10-26	0.6667	0	0.3333	0	0	0	0
9A7FAF73784E15110EDDFE2151F124A9A8161B15CE2706D288D4DFAB5E2F6F03.apk	2015-08-10	0	0	0.15	0.85	0	0.55	0
9ADFC49EB457C0523EDEE32807DC5527D7D531FE9F4E9298931DFB78AADF9992.apk	2015-07-14	0	0	0	0	0	0	0
9C1BC5A11278278F7056638147D932DD7CB8D4D389DA041BEB9B5929244FC7B7.apk	2015-10-13	0	0	0	0	0	0	0
9E1ACE83573A12F016DA8397E9BDECC606635ACC6B5D6346CCF0C50423D56BDF.apk	2015-08-11	0	0	0	0	0	0	0
A0E0024ED40507AC3C40D25F876147A0A6D96A260A45692952905110D6C6B6DE.apk	2015-05-19	0.8276	0	0.069	0.1034	0.1034	0.3448	0
A21E72809D79A99AEF8048EC7773324CEF4D327E2715241A1F177321D0DF2984.apk	2015-06-10	0	0	1	0	0	0	0
A6303D8CBFE1B2A15A7266238B8BFE375B3DE6D8440D82582E5CDB326449B787.apk	2015-07-14	0	0	0.4167	0.5833	0.125	0	0
A737642B5D483962EE3F442182AFA4CE8C025C76DBA8E3A8CF14903119B8A639.apk	2015-08-04	0	0	0	0	0	0	0
AA27070D27D3DB2CFDCD91F55FE553A93F7F2C8FEE4952E20A288E7EF546437F.apk	2015-08-12	0	0	0	0	0	0	0
AA5B84A6C897E789A23E66A7E5642B5D2EA58D05AB37E8343FE94B0EB5E821FB.apk	2015-11-05	0	0	1	0	0	0	0
ACCB538E8496BC7D5734BAF67E24102EF783875EB970C6FD813F0FF00515A2A5.apk	2015-09-05	0	0	0	0	0	0	0
0D45D059018A0D4A578691E7B9960338A31B1B99239F26CBB4EBC0781D8D86AB.apk	2015-06-06	0	0	0	0	0	0	0
126AF6D55E5EDB8662A3FBBBC83DB781756C31A1A7FEC630D361F974F7CDF278.apk	2015-09-05	1	0	0	0	0	0	0
1854D3C6C3C99E3718DD78E9FDF67E49F5B73C8A0A07A8A52E3251B20A84B82D.apk	2015-08-10	1	0	0	0	0	0.925	0
18C304822E7D5262EE3911C146F4B4B136A587A0044FB6C56EA80C7973C9740E.apk	2015-06-22	0.9674	0	0	0.0326	0.0326	0.8587	0
1EA51906D17606FB5376BC6A106A665BFA3DBC22614845230D48FE0E6A0B5C92.apk	2015-02-22	0	0	0	0	0	0	0
31DE6CACC56D46A4886C0599CC86D6B56938BAD2085975B8620F87437C89B0B0.apk	2015-02-22	0	0	0	0	0	0	0
40894BC37CE2E6C1659A9979F16CBC7C7B0705F3CE61942D2090F624D8A89733.apk	2015-02-22	0.8	0	0	0.2	0	1	0
6BA4E267C191669650D415E7538E25BB9B9B6374E7C395DB0E33FEC7363541D3.apk	2015-08-27	0.1394	0	0.4808	0.3798	0	0.6827	0
71819DF42C0DF40E629EA1D4FA4DE7A84B0F0155E86E6DA1FB1194658C9C699A.apk	2015-06-22	0.7635	0	0.2365	0	0	0	0
72ACAFA7307BAD1C2264DB85795533C7DB315FD542DE9A92D7F064A09017C739.apk	2015-02-22	0	0	0	0	0	0	0
780AAE123672A5D48606DF307569F42BD4D02931C4A157168BE77370DED0D4B5.apk	2015-02-22	0	0	0.6	0.4	0	0	0
82D733D5F5839D79AB8A5CB3C21B519BED33B46248A492F80BCD112FDAB86B5F.apk	2015-10-13	1	0	0	0	0	0.8444	0
8AFE5483F2D929209ED080885D55D5A19014D458F30CE1F204DBF907D211E6E7.apk	2015-02-22	0	0	0.8696	0.1304	0	0.087	0
90F389AAE64AB31573A8F24F6E7E2EFB63C09EB3F033286C0299A1FAF6B6CF41.apk	2015-02-22	1	0	0	0	0	0.8143	0
B0088736DBA8FDE8F274B5A3C1E3CCA7D79F7470581F3C7303B962BC5EBE4874.apk	2015-06-22	0	0	0	0	0	0	0
B4A23F114DA491784F1A598340EBBFC9811FD2C26DF3B4AE674EA7E220946320.apk	2015-02-22	0	0	0	0	0	0	0
BABB18A0C22142308E7C47688502F197E5BA8AB0B1B4FAEFE62ED8D5CBA48297.apk	2015-06-22	0	0	0	0	0	0	0
BC8D48D761EAD235767A72F8E0A10E504D72B8355FE28DD318BB6C74475427DB.apk	2015-08-12	1	0	0	0	0	0.4	0
C75B808B36991329ED59E4FD470626D509B780D0AA6E1B8CF80DED627B6D5BBB.apk	2015-02-22	0	0	0	1	1	0	0
CBDBFC8BD9F3C8435B7EBAFA3C87DBF6B1F9674D223223F817CDF873885B48AE.apk	2015-12-21	0	0	0	0	0	0	0
CF658923217C45E09965B2DCAD827F95988F49160E957F9E2C0505208660793B.apk	2015-10-13	0	0	0	0	0	0	0
D2D9E0F4A4BABA5CF75B89E66E6A791F532E303B59FCDBAD26A9697A34EC6949.apk	2015-07-29	0	0	0	0	0	0	0
E08C4F2E42BECB326F53843381B1F5E02D5BB50EDF2129F383F37A101540EDE1.apk	2015-09-11	0	0	0	0	0	0	0
E0E17DB2B003AA11459A05BADE33B3D99B2C3359D7929C8811A5A9E3662CAB0C.apk	2015-08-12	0.4694	0	0.4694	0.0612	0.0612	0	0
EAC3115A750EAFEFCADA9DFA7711DEEA5A7EF1E0D8870876E3197E7B113CBBA9.apk	2015-07-29	0	0	0	0	0	0	0
EC901AF0DEC1BB1A596E52478AFF531D5D0DE69AE2A6A3F549A6E3BEEFBB1D65.apk	2015-06-22	1	0	0	0	0	0.2979	0
F5DC6FB97283634839BA664253686E412ACD76B73DEA6A378ADBAF52998B17B9.apk	2015-02-22	0	0	0	0	0	0	0
com.joyinn.dadjoi	2015-04-21	0	0	1	0	0	1	0
com.yooncom.yoon_05_39_n	2015-04-04	0	0	1	0	0	0	0
com.beautiful.frame	2015-05-07	0.5615	0	0	0.4385	0.1444	0.5722	0
com.skymobi.mopowydt	2015-04-25	0	0	0	0	0	0	0
com.poxiao.fish	2015-01-29	0.6667	0	0	0.3333	0	0.6667	0
com.yuan.Grover	2015-01-05	0	0	0	0	0	0	0
com.tsland.tsland_01_29_n	2015-10-29	0	0	1	0	0	0	0
com.mplus.mplus_10_31_n	2015-01-17	0	0	1	0	0	0	0
com.uninet.uninet_04_12	2015-03-26	0	0	0	0	0	0	0
com.makem.makem_01_02_n	2015-01-07	0	0	0	0	0	0	0
com.msolution2.msolution_02_30	2015-01-16	0	0	1	0	0	0	0
com.dreamis.dreamis_07_14_n	2015-09-02	0	0	1	0	0	0	0
com.tsland.tsland_01_41	2015-03-11	0	0	0	0	0	0	0
net.lazyer.runcool.sky	2015-09-27	0	0	0	0	0	0	0
com.mplus.mplus_09_03_n	2015-01-16	0	0	1	0	0	0	0
com.mplus.mplus_10_36_n	2015-01-17	0	0	1	0	0	0	0
com.sf.safeminor	2015-09-28	0	0	0	0	0	0	0
com.sonegrin.sonegrin_01_27_n	2015-03-01	0	0	1	0	0	0	0
com.ouah11.ouah_11_15_n	2015-09-18	0	0	0	0	0	0	0
com.mplus.mplus_10_39_n	2015-01-17	0	0	1	0	0	0	0
com.ouah1.ouah_01_41_n	2015-09-11	0	0	0	0	0	0	0
com.byeoljji.byeoljji_01_40_n	2015-09-05	0	0	1	0	0	0	0
rockingringtones.mt	2015-06-13	0	0	0	0	0	0	0
com.mplus.mplus_10_34_n	2015-01-17	0	0	1	0	0	0	0
yct.game.cnhjfb.julea	2015-01-21	0	0	0	0	0	0	0
com.mplus.mplus_09_10_n	2015-01-02	0	0	1	0	0	0	0
com.ouah12.ouah_12_23_n	2015-03-23	0	0	0	0	0	0	0
com.uninet.uninet_04_31	2015-03-25	0	0	0	0	0	0	0
com.iruum.iruum_01_24	2015-07-02	0	0	1	0	0	0	0
com.lifeapp01.life_01_40	2015-02-15	0	0	0	0	0	0	0
com.ouah10.ouah_10_45_n	2015-03-24	0	0	0	0	0	0	0
com.enterapp_01.enterapp_01_17	2015-02-13	0	0	1	0	0	0	0
com.uninet.uninet_04_18	2015-03-25	0	0	0	0	0	0	0
com.ouah9.ouah_09_34_n	2015-09-13	0	0	0	0	0	0	0
com.msolution2.msolution_02_32	2015-01-15	0	0	1	0	0	0	0
com.ouah11.ouah_11_18_n	2015-03-24	0	0	0	0	0	0	0
air.ELA4.A0	2015-06-26	0	0	1	0	0	0	0
com.tankeplay.InterstellarChariots3Ddz	2015-08-22	0	0	0	0	0	0	0
www.guangyuan.gamemx	2015-10-13	0	0	0	0	0	0	0
com.tresebrothers.games.ageofpiratesrse	2015-12-10	0	0	0.9643	0.0357	0.0357	0	0
com.ssszujixiao.naoyan.zimon	2015-12-04	0	0	0	0	0	0	0
activity.cs.skhghert	2015-10-28	0	0	0	0	0	0	0
com.ycwangpaikong.androidplanezq	2015-08-24	0	0	0	0	0	0	0
tv.o6b70e9.lb2569c6	2015-10-22	0	0	0	0	0	0	0
com.cstieactivity.cscszhkyongbing	2015-08-24	0	0	0	0	0	0	0
activity.css.sdker.wer	2015-08-27	0	0	1	0	0	0	0
com.jr.swamp.lx	2015-03-10	0	0	0	0	0	0	0
activity.cs.skhghert	2015-10-28	0	0	0	0	0	0	0
com.owa.owa_0143	2015-11-09	0	0	0	0	0	0	0
com.weddingdressdesigners	2015-12-03	0	0	0	0	0	0	0
com.androidantivirus.testvirus	2015-06-01	0	0	0	1	0.3333	0	0
activity.css.sker.wer	2015-11-25	0	0	1	0	0	0	0
com.sss.naoyan.zimongjief	2015-08-01	0	0	0	0	0	0	0
yct.game.cnhjfb.julesenae	2015-08-06	0	0	0	0	0	0	0
com.longhairstylein2015.palmokin	2015-10-12	0	0	0	0	0	0	0
com.bingogame.mmd.zimon	2015-08-26	0	0	0	0	0	0	0
com.ycwangpaikong.androidplanezq	2015-08-24	0	0	0	0	0	0	0
activity.css.sker.wer	2015-11-25	0	0	1	0	0	0	0
com.cento.libetngamekgh	2015-08-24	0	0	1	0	0	0	0
com.tankeplay.InterstellarChariots3Ddz	2015-08-22	0	0	0	0	0	0	0
com.dafgofuisgiuofj	2015-08-25	0	0	0	0	0	0	0
com.easemob.businesslink	2015-01-22	0	0	0	0	0	0	0
com.sss.naoyan.zimongjief	2015-08-01	0	0	0	0	0	0	0
com.qz.xmn01	2015-08-26	0	0	0	0	0	0	0
activity.cs.csdisinvkxunias	2015-12-31	0	0	0	0	0	0	0
com.sss.naoyan.zimongjief	2015-08-01	0	0	0	0	0	0	0
com.mobileiqro.iqbaldev	2015-11-12	0	0	0	0	0	0	0
com.daqiang.gg	2015-12-14	0	0	0	0	0	0	0
com.snost.ohpou	2015-10-27	0	0	1	0	0	1	0
activity.css.sdker.wer	2015-08-27	0	0	1	0	0	0	0
com.skymobi.moposns	2015-06-23	0	0	0	0	0	0	0
com.sss.naoyan.zimon	2015-08-24	0	0	0	0	0	0	0
com.msolution.msolution_03_22_n	2015-04-24	0	0	1	0	0	0	0
com.batikvlothesforwomen.palmokin	2015-07-17	0	0	0	0	0	0	0
com.szsg.szlrs	2015-09-21	0	0	0	0	0	0	0
com.ym.car	2015-01-29	0	0	0	0	0	0	0
yct.game.cnhjfb.jus	2015-05-28	0	0	0	1	0	1	0
com.smartsm.smart_14_33_n	2015-11-02	0	0	1	0	0	0	0
com.qingxue.game.qmdgz.androidxque	2015-05-14	0	0	0	0	0	0	0
devina.resep.bolu	2015-05-17	0	0	0	0	0	0	0
com.gardenlandscapedesign.palmokin	2015-11-05	0	0	0	0	0	0	0
us.apps.xmusicmusicplayer	2015-01-24	0.3188	0	0.6232	0.058	0	0	0
com.uu.niumowang	2015-08-30	1	0	0	0	0	0.7	0
com.cstieactivity.cscszhkyongbing	2015-08-24	0	0	0	0	0	0	0
com.blood.zombiesdjklb	2015-09-04	0	0	0	0	0	0	0
com.gcgshaame.tfeifenfedixina	2015-07-06	0	0	0	0	0	0	0
com.tuntunanshalat.palmokin	2015-09-01	0	0	0	0	0	0	0
activity.cs.sker.wer	2015-09-03	0	0	1	0	0	0	0
com.mok.hbdmx	2015-09-02	0	0	0	0	0	0	0
activity.cs.sker.wer	2015-09-03	0	0	1	0	0	0	0
com.ssszujixiao.naoyan.zimon	2015-12-04	0	0	0	0	0	0	0
com.adliving.adliving_03_14_n	2015-05-20	0	0	1	0	0	0	0
com.szsg.szlrs	2015-09-21	0	0	0	0	0	0	0
com.jiaugame.popet	2015-05-06	0	0	1	0	0	0	0
com.housepooldesignideas.palmokin	2015-08-19	0	0	0	0	0	0	0
com.md.md_02_25_n	2015-09-28	1	0	0	0	0	0.6292	0
com.fsecure.eicar.antivirus.test	2015-05-08	0	0	0	1	1	0	0
com.wufb.zsxc.sk.zimon	2015-08-25	0	0	0	0	0	0	0
