1EE4DEA345455F909E5CA993C7542C3118A0B39FCE4B6702FA1A4987AB1783B4.apk	2015-12-10	0	0	0	0	0	0	0	0	0	0	0	0	0	0	0	0	0	0	0	0	0	0	0	0	0	0	0	0	0	0	0	0	0	0	0	0	0	0	0	0	0	0	0	0	0	0	0	0	0	0	0	0	0	0	0	0	0	0	0	0	0	0	0	0	0	0	0	0	0	0	0	0	0	0	0	0	0	0	0	0	0	0	0	0	0	0
2DDB44E64D398CCE25E7AEBC1B28BD5C5A0A79FCEBEB0C71D48B1BF76C21FE57.apk	2015-12-25	0.1765	0.042	0.1592	0.0178	0.1905	0.8	0.0515	0.7692	0	0	0	0	0	0	0	0	0	0	0	0	1	1	1	1	0	0	0	0	0.8	0.9231	0.75	0.95	0	0	0	0	0	0	0	0	0	0	0	0	0.2	0.0769	0.25	0.05	0	0	0	0	0.0336	0.0084	0.0253	0.0068	1	1	0	0	0	0	0	0	0	0	0	0	1	1	0	0	0	0	0	0	0	0	0	0	0	0	0	0	0	0
30BFC186C08EEA22F92F5755AEC29B273D04B19A99F157262F2424866E071E05.apk	2015-12-13	0	0	0	0	0	0	0	0	0	0	0	0	0	0	0	0	0	0	0	0	0	0	0	0	0	0	0	0	0	0	0	0	0	0	0	0	0	0	0	0	0	0	0	0	0	0	0	0	0	0	0	0	0	0	0	0	0	0	0	0	0	0	0	0	0	0	0	0	0	0	0	0	0	0	0	0	0	0	0	0	0	0	0	0	0	0
317EECD320309CF080D7B8182C4E1E0F0E4A66F2D37FCE6675DA08501A5C1C7F.apk	2015-01-03	0.1507	0.0274	0.0125	0.0027	0.0909	0.5	0.2222	0.9014	0	0	0	0	0	0	0	0	0	0	0	0	1	1	1	1	0	0	0	0	0.5	0.6286	0.3333	0.6824	0	0	0	0	0.3333	0.2901	0.6667	0.3176	0.1667	0.0812	0	0	0	0	0	0	0	0	0	0	0.0228	0.032	0	0.0004	1	1	0	0	0	0	0	0	0	0	0	0	0.2857	0.0649	0	0	0.4286	0.039	0	0	0	0	0	0	0.2857	0.8961	0	0	0	0
392286796454956D5254902AF02322A4283BCE2E43861365638E088761F6FF8B.apk	2015-12-29	0.1382	0.0732	0.2039	0.0734	0.4706	0.5556	0.1209	0.25	0	0	0	0	0	0	0	0	0	0	0	0	1	1	1	1	0	0	0	0	0.7778	0.6579	0.6	0.7105	0	0	0	0	0.1111	0.2171	0.2	0.0789	0	0	0	0	0	0	0	0	0.1111	0.125	0.2	0.2105	0.0569	0.0894	0.0135	0.0222	0.7143	0.8571	0.2857	0.1429	0	0	0	0	0	0	0	0	0.4545	0.8696	0	0	0	0	0	0	0	0	0	0	0.5455	0.1304	0	0	0	0
3E368BEA3C7A15D0C044F0005B1786A617D71651C5038FC3C11B21CD4BEC2CA1.apk	2015-08-01	0.1241	0.0511	0.0754	0.0165	0.3529	0.8571	0.07	0.3709	0	0	0	0	0	0	0	0	0.0118	0.0018	0	0	0.9882	0.9982	1	1	0	0	0	0	0.8	0.7738	0.8	0.8325	0	0	0	0	0.0857	0.047	0.1	0.0829	0.0286	0.1146	0.0333	0.0715	0	0	0	0	0.0857	0.0645	0.0667	0.013	0.0088	0.0058	0.0004	0.0003	1	1	0	0	0	0	0	0	0	0	0	0	0.25	0.9	0	0	0	0	0	0	0	0	0	0	0.75	0.1	0	0	0	0
42FD381AAB9DBBEB91AA896C71F9C46BEE795A0840698F7F6CE03017EC46837D.apk	2015-03-02	0.24	0.08	0.2866	0.0347	0.6667	0.5	0.2421	0.5217	0	0	0	0	0	0	0	0	0	0	0	0	1	1	1	1	0	0	0	0	0.75	0.6522	0.5	0.4167	0.25	0.3478	0.5	0.5833	0	0	0	0	0	0	0	0	0	0	0	0	0	0	0	0	0.06	0.08	0.0151	0.0498	1	1	0	0	0	0	0	0	0	0	0	0	0.75	0.4242	0	0	0	0	0	0	0	0	0	0	0.25	0.5758	0	0	0	0
4E79EBEF07990ED39BF54B85C145DFB0FDB05F534EFA6C39FFD72E400E417408.apk	2015-08-02	0.1235	0.0387	0.0352	0.0053	0.2892	0.8077	0.0646	0.3344	0	0	0	0	0	0	0	0	0.012	0.0008	0	0	0.988	0.9992	1	1	0	0	0	0	0.7308	0.6542	0.7143	0.404	0	0	0	0	0.1154	0.2027	0.1429	0.574	0.0385	0.0836	0.0476	0.018	0	0	0	0	0.1154	0.0595	0.0952	0.004	0.0089	0.0074	0.0001	0.001	1	1	0	0	0	0	0	0	0	0	0	0	0.2	0.0909	0	0	0	0	0	0	0	0	0	0	0.8	0.9091	0	0	0	0
4F061386E92965DA82EE791BC08EBBB632232DA33C7761670A408B2C76E8431B.apk	2015-01-01	0.0928	0.0294	0.2904	0.0243	0.3659	0.6154	0.0052	0.0122	0	0	0	0	0	0	0	0	0	0	0	0	1	1	1	1	0	0	0	0	0.6154	0.9567	0.5	0.3051	0	0	0	0	0.3077	0.0134	0.375	0.5763	0	0	0	0	0	0	0	0	0.0769	0.0299	0.125	0.1186	0.009	0.0045	0.0001	0.0001	1	1	0	0	0	0	0	0	0	0	0	0	1	1	0	0	0	0	0	0	0	0	0	0	0	0	0	0	0	0
96D3B6EAD6ED2EE0665171BDEB287058D5F8D13EB5A93C74AA638492C3D590B3.apk	2015-07-14	0.1667	0.0833	0.2694	0.0991	0.4	0.6	0.0127	0.0314	0	0	0	0	0	0	0	0	0	0	0	0	1	1	1	1	0	0	0	0	0.6	0.674	0.4444	0.4667	0	0	0	0	0.2	0.0189	0.2222	0.3	0.0667	0.0063	0.1111	0.1667	0	0	0	0	0.1333	0.3008	0.2222	0.0667	0.0167	0.0111	0.0009	0.0019	1	1	0	0	0	0	0	0	0	0	0	0	0.5	0.3889	0	0	0	0	0	0	0	0	0	0	0.5	0.6111	0	0	0	0
AFB24F52B90D63269A25DE59EC751C6D6C6636ECB48095C990422238D3EC6DDC.apk	2015-02-22	0.1214	0.0308	0.1137	0.0191	0.1493	0.7059	0.0021	0.0292	0	0	0	0	0	0	0	0	0	0	0	0	0.9851	0.9992	1	1	0.0149	0.0008	0	0	0.7059	0.3895	0.75	0.2881	0	0	0	0	0.0588	0.0035	0.0833	0.0678	0.0588	0.0015	0	0	0	0	0	0	0.1765	0.6056	0.1667	0.6441	0.038	0.0199	0.0004	0.017	0.7619	0.8	0.0952	0.125	0.1429	0.075	0	0	0	0	0	0	0.0909	0.0022	0	0	0	0	0	0	0	0	0	0	0.9091	0.9978	0	0	0	0
B40D150823C6235254C8D934070CC9E3F7E0360A860ABD3BCAF60A6C57A89B8F.apk	2015-07-20	0.1345	0.0702	0.1555	0.039	0.2609	0.5	0.0159	0.1734	0	0	0	0	0	0	0	0	0	0	0	0	1	1	1	1	0	0	0	0	0.6667	0.8382	0.3333	0.3	0	0	0	0	0.1667	0.0925	0.3333	0.3667	0.0833	0.052	0.1667	0.2667	0	0	0	0	0.0833	0.0173	0.1667	0.0667	0.0234	0.0175	0.0027	0.0045	1	1	0	0	0	0	0	0	0	0	0	0	0.6667	0.65	0	0	0	0	0	0	0	0	0	0	0.3333	0.35	0	0	0	0
BC12C7480F5B1090AED2D1E46C5A8D4D88CD491631DF31EDD883EE20D53FA041.apk	2015-12-29	0.1495	0.0748	0.1587	0.0462	0.2812	0.5625	0.0321	0.1266	0	0	0	0	0	0	0	0	0	0	0	0	1	1	1	1	0	0	0	0	0.6875	0.7541	0.4444	0.4143	0	0	0	0	0.1875	0.1501	0.3333	0.4	0.0625	0.0235	0.1111	0.1143	0	0	0	0	0.0625	0.0723	0.1111	0.0714	0.028	0.0514	0.0025	0.0057	0.6667	0.7667	0.3333	0.2333	0	0	0	0	0	0	0	0	0.4545	0.6765	0	0	0	0	0	0	0	0	0	0	0.5455	0.3235	0	0	0	0
D087A2CCADF25AAC6DA67F7441E44F1780557FBCD4365C197EA4CF616B67F892.apk	2015-08-01	0.1252	0.0368	0.0348	0.0052	0.3059	0.8	0.0681	0.2787	0	0	0	0	0	0	0	0	0.0118	0.0012	0	0	0.9882	0.9988	1	1	0	0	0	0	0.72	0.6808	0.7	0.4954	0	0	0	0	0.12	0.145	0.15	0.4644	0.04	0.0785	0.05	0.0155	0	0	0	0	0.12	0.0958	0.1	0.0248	0.0088	0.0074	0.0001	0.0009	1	1	0	0	0	0	0	0	0	0	0	0	0.2	0.0865	0	0	0	0	0	0	0	0	0	0	0.8	0.9135	0	0	0	0
D8A31940FDBC6872A34B91EE43C6309F757BA0D57A60618C8252BD95233A7369.apk	2015-02-24	0.0952	0.0304	0.1166	0.0183	0.3277	0.7632	0.0299	0.1557	0	0	0	0	0.0336	0.0797	0.0769	0.0745	0	0	0	0	0.9664	0.9203	0.9231	0.9255	0	0	0	0	0.7368	0.7661	0.7241	0.8826	0.0526	0.0281	0.0345	0.0121	0.0789	0.1731	0.069	0.0061	0	0	0	0	0.0263	0.0028	0.0345	0.0061	0.1053	0.0299	0.1379	0.0931	0.0144	0.0136	0.0003	0.0008	0.6667	0.8545	0	0	0.2778	0.1273	0.0556	0.0182	0	0	0	0	0.1765	0.1061	0.0588	0.053	0	0	0	0	0	0	0	0	0.7647	0.8409	0	0	0	0
E36418E947165EF8BC2B8CA624318FE743E265780C502C7110DE06045C30ABB1.apk	2015-02-27	0.0864	0.0255	0.1735	0.0169	0.2273	0.7308	0.002	0.0375	0	0	0	0	0	0	0	0	0.0227	0.0002	0	0	0.9659	0.999	1	1	0.0114	0.0008	0	0	0.7308	0.4606	0.6842	0.3291	0	0	0	0	0.0385	0.0109	0.0526	0.0127	0.0385	0.0066	0.0526	0.1519	0	0	0	0	0.1923	0.5218	0.2105	0.5063	0.0334	0.0147	0.0006	0.0104	0.5882	0.7162	0.1765	0.1622	0.1176	0.0541	0	0	0.1176	0.0676	0	0	0.2	0.0077	0	0	0	0	0	0	0	0	0	0	0.8	0.9923	0	0	0	0
ED823656205EC8C58E5C2A8CE2A9A9CA4EE3229018FB6295931F57DE6EF019E9.apk	2015-12-19	0.1551	0.0802	0.1531	0.0708	0.1724	0.4667	0.089	0.1811	0	0	0	0	0	0	0	0	0	0	0	0	1	1	1	1	0	0	0	0	0.4667	0.3358	0.2857	0.2708	0	0	0	0	0.2667	0.1019	0.2857	0.1875	0.0667	0.0981	0.1429	0.1667	0	0	0	0	0.2	0.4642	0.2857	0.375	0.0588	0.0267	0.0147	0.0131	0.6364	0.4182	0.1818	0.2364	0	0	0	0	0.1818	0.3455	0	0	1	1	0	0	0	0	0	0	0	0	0	0	0	0	0	0	0	0
F83BDDD5D814ABF44B4E662E4AB7BA26CD937531CCA23B936273A5B9FF60E130.apk	2015-08-01	0.1569	0.0492	0.1305	0.0495	0.2549	0.625	0.1807	0.4162	0	0	0	0	0	0	0	0	0	0	0	0	1	1	1	1	0	0	0	0	0.8125	0.8623	0.8	0.9137	0	0	0	0	0.0625	0.015	0.1	0.0288	0.0625	0.0539	0.1	0.0576	0	0	0	0	0.0625	0.0689	0	0	0.0123	0.0031	0.0019	0.0015	1	1	0	0	0	0	0	0	0	0	0	0	1	1	0	0	0	0	0	0	0	0	0	0	0	0	0	0	0	0
F852171FF4B5916CE783CE4FD5B879A1AC1A5246345736A0EBE206647DCB43AA.apk	2015-01-30	0.1199	0.024	0.1539	0.0194	0.1765	0.7647	0.0201	0.1776	0	0	0	0	0	0	0	0	0.0118	0.0003	0	0	0.9765	0.9989	1	1	0.0118	0.0009	0	0	0.7647	0.4016	0.7692	0.1401	0	0	0	0	0	0	0	0	0.0588	0.0079	0.0769	0.0064	0	0	0	0	0.1765	0.5905	0.1538	0.8535	0.0197	0.0141	0.0009	0.015	0.8571	0.8462	0.1429	0.1538	0	0	0	0	0	0	0	0	0.1	0.0073	0	0	0	0	0	0	0	0	0	0	0.9	0.9927	0	0	0	0
005831269C104DAD7C7ADB7CBC838B9BFB0CE199B1C7574B28F6D66A7B624FC6.apk	2015-01-04	0.1525	0.0336	0.1212	0.007	0.3051	0.5385	0.0514	0.2981	0	0	0	0	0.0339	0.0028	0	0	0.0169	0.0045	0	0	0.9492	0.9927	1	1	0	0	0	0	0.8462	0.8269	0.7143	0.9355	0	0	0	0	0.1538	0.1731	0.2857	0.0645	0	0	0	0	0	0	0	0	0	0	0	0	0.0155	0.0181	0.0011	0.0012	1	1	0	0	0	0	0	0	0	0	0	0	0.2857	0.7059	0	0	0	0	0	0	0	0	0	0	0.7143	0.2941	0	0	0	0
007736FF6CF888B74BE1416B8FA40C5E232E32FC50B49AC496601A1CFBE89D53.apk	2015-12-06	0.12	0.0578	0.0135	0.0008	0.4815	0.7692	0.0341	0.5	0	0	0	0	0	0	0	0	0	0	0	0	1	1	1	1	0	0	0	0	0.6154	0.4667	0.6	0.4267	0	0	0	0	0.3846	0.5333	0.4	0.5733	0	0	0	0	0	0	0	0	0	0	0	0	0.0489	0.0178	0.0001	0.0001	1	1	0	0	0	0	0	0	0	0	0	0	1	1	0	0	0	0	0	0	0	0	0	0	0	0	0	0	0	0
02A6EB188AC6853511D2AE6E89BFDDEEFC431B78485EF4922153F2CF498139C4.apk	2015-07-13	0.1086	0.0605	0.0435	0.0703	0.2308	0.7931	0.0411	0.0772	0	0	0	0	0	0	0	0	0	0	0	0	1	1	1	1	0	0	0	0	0.7931	0.3192	0.7826	0.878	0	0	0	0	0.069	0.0056	0.087	0.0366	0.0345	0.0028	0.0435	0.0244	0	0	0	0	0.1034	0.6723	0.087	0.061	0.0167	0.0125	0.0012	0.0477	0.75	0.7778	0.25	0.2222	0	0	0	0	0	0	0	0	0.6667	0.9944	0	0	0	0	0	0	0	0	0	0	0.3333	0.0056	0	0	0	0
02D749C0C7C35F8E7E54316704AB12D8076CBF9DC748EE7B9E4B8FAE1A816DC0.apk	2015-04-15	0.0692	0.0462	0.0184	0.0077	0.6667	0.5	0.2188	0.5066	0	0	0	0	0	0	0	0	0	0	0	0	1	1	1	1	0	0	0	0	0.8889	0.9903	0.7778	0.9952	0	0	0	0	0.1111	0.0097	0.2222	0.0048	0	0	0	0	0	0	0	0	0	0	0	0	0.0359	0.0231	0.0003	0.0016	1	1	0	0	0	0	0	0	0	0	0	0	0.8889	0.1813	0	0	0	0	0	0	0	0	0	0	0.1111	0.8187	0	0	0	0
030A219AD791F9DC7C9EEDE1D07E50B9BA0BF2520A46A94681C944F41A9EE5E6.apk	2015-10-03	0	0	0	0	0	0	0	0	0	0	0	0	0	0	0	0	0	0	0	0	0	0	0	0	0	0	0	0	0	0	0	0	0	0	0	0	0	0	0	0	0	0	0	0	0	0	0	0	0	0	0	0	0.25	0.25	0.1684	0.1684	1	1	0	0	0	0	0	0	0	0	0	0	0.5	0.9848	0	0	0	0	0	0	0	0	0	0	0.5	0.0152	0	0	0	0
0326887D2473A3B60848DEE2E78033494B1901955B018B6FA0A7EC3A1746B812.apk	2015-08-02	0.1262	0.0429	0.1193	0.0253	0.3774	0.5556	0.0711	0.2622	0	0	0	0	0	0	0	0	0	0	0	0	1	1	1	1	0	0	0	0	0.7778	0.6	0.6	0.4322	0	0	0	0	0.1667	0.3311	0.3	0.4322	0.0556	0.0689	0.1	0.1356	0	0	0	0	0	0	0	0	0.0143	0.0095	0.003	0.0047	1	1	0	0	0	0	0	0	0	0	0	0	0.75	0.6145	0	0	0	0	0	0	0	0	0	0	0.25	0.3855	0	0	0	0
03730F8E56675B6BB3D64EF3489097BAC726991B72331F6874C66FFB304A5663.apk	2015-12-06	0.1534	0.0688	0.0171	0.0052	0.1724	0.6923	0.0811	0.749	0	0	0	0	0	0	0	0	0.069	0.0097	0	0	0.931	0.9903	1	1	0	0	0	0	0.9231	0.761	0.8889	0.7021	0	0	0	0	0.0769	0.239	0.1111	0.2979	0	0	0	0	0	0	0	0	0	0	0	0	0.0317	0.0582	0.0004	0.0018	1	1	0	0	0	0	0	0	0	0	0	0	0.2727	0.186	0	0	0	0	0	0	0	0	0	0	0.7273	0.814	0	0	0	0
03775CEC41D164962BF4BF0AA1D71D014D493EF8686B6569263E1CA3E12AD4B8.apk	2015-01-03	0.1195	0.0598	0.029	0.0053	0.2	0.8667	0.045	0.6173	0	0	0	0	0	0	0	0	0	0	0	0	1	1	1	1	0	0	0	0	1	1	1	1	0	0	0	0	0	0	0	0	0	0	0	0	0	0	0	0	0	0	0	0	0.0159	0.004	0.0007	0.0005	1	1	0	0	0	0	0	0	0	0	0	0	1	1	0	0	0	0	0	0	0	0	0	0	0	0	0	0	0	0
05A5ABE5D3375066DECEF064196F9F08486163CF5A500197074E7755764C98A8.apk	2015-12-23	0.1667	0.0388	0.2449	0.0443	0.4186	0.8	0.4287	0.7932	0	0	0	0	0	0	0	0	0	0	0	0	1	1	1	1	0	0	0	0	0.8	0.8534	0.75	0.9736	0	0	0	0	0.2	0.1466	0.25	0.0264	0	0	0	0	0	0	0	0	0	0	0	0	0.0233	0.0116	0.0029	0.0026	1	1	0	0	0	0	0	0	0	0	0	0	1	1	0	0	0	0	0	0	0	0	0	0	0	0	0	0	0	0
05B910ADA78CDE7EC7AA5F273C91C2851AA2829D3BB28D9290A662A2001038FE.apk	2015-06-02	0.1479	0.0458	0.0357	0.0019	0.3521	0.5455	0.0219	0.2297	0	0	0	0	0	0	0	0	0.0141	0.0004	0	0	0.9859	0.9996	1	1	0	0	0	0	0.8636	0.8213	1	1	0	0	0	0	0.0909	0.0998	0	0	0.0455	0.0789	0	0	0	0	0	0	0	0	0	0	0.0187	0.0208	0.0001	0.0003	1	1	0	0	0	0	0	0	0	0	0	0	0.3	0.371	0	0	0	0	0	0	0	0	0	0	0.6	0.6129	0.1	0.0161	0	0
065EB92F1A577F7DB8787BB7E658F9337EBD5136E6D088B498DDD62FA2E75F8A.apk	2015-06-02	0.116	0.0346	0.043	0.0034	0.0213	0.1429	0.0002	0.0419	0	0	0	0	0	0	0	0	0	0	0	0	1	1	1	1	0	0	0	0	0.7857	0.7405	1	1	0	0	0	0	0.1429	0.2076	0	0	0.0714	0.0519	0	0	0	0	0	0	0	0	0	0	0.0074	0.0025	0.0002	0.0002	1	1	0	0	0	0	0	0	0	0	0	0	1	1	0	0	0	0	0	0	0	0	0	0	0	0	0	0	0	0
06E697A3043A281BFC9B63CF5D28E8148436C84E702F903A2D7963248247A96E.apk	2015-01-05	0.1264	0.1044	0.172	0.1377	0.1304	0.5263	0.028	0.1266	0	0	0	0	0	0	0	0	0.087	0.021	0	0	0.913	0.979	1	1	0	0	0	0	0.6842	0.31	0.6	0.4138	0	0	0	0	0.2105	0.1179	0.4	0.5862	0.0526	0.0131	0	0	0	0	0	0	0.0526	0.559	0	0	0.044	0.0275	0.0385	0.113	1	1	0	0	0	0	0	0	0	0	0	0	0	0	0	0	0	0	0	0	1	1	0	0	0	0	0	0	0	0
0727668A289B375EF559D67D0C14B8467A1458757D61332FACAA6894033D28C4.apk	2015-05-28	0.1241	0.0594	0.1928	0.025	0.3803	0.7059	0.0343	0.1943	0	0	0	0	0	0	0	0	0.0141	0.0033	0.037	0.0923	0.9859	0.9967	0.963	0.9077	0	0	0	0	0.8529	0.3975	0.9167	0.8945	0	0	0	0	0.0588	0.1885	0.0417	0.1005	0.0294	0.002	0	0	0	0	0	0	0.0588	0.4121	0.0417	0.005	0.021	0.014	0.0016	0.0015	1	1	0	0	0	0	0	0	0	0	0	0	0.625	0.9508	0	0	0	0	0	0	0.125	0.0164	0	0	0.125	0.0164	0	0	0.125	0.0164
0A89DD5210F37862F86F11970204DA1A85CE672FFCE902C1AAD44B9F1DC4C3AA.apk	2015-01-04	0.0421	0.0211	0.132	0.0086	0	0	0	0	0	0	0	0	0	0	0	0	0	0	0	0	1	1	0	0	0	0	0	0	0.5	0.5385	0	0	0	0	0	0	0.5	0.4615	0	0	0	0	0	0	0	0	0	0	0	0	0	0	0.1158	0.0526	0.0224	0.0224	1	1	0	0	0	0	0	0	0	0	0	0	1	1	0	0	0	0	0	0	0	0	0	0	0	0	0	0	0	0
0AB8153932E58B552EE85098A96CABCBB85B63267F554C7D8F81DD7954CA63BD.apk	2015-01-03	0.1027	0.057	0.0181	0.0022	0.6296	0.9333	0.0188	0.0958	0	0	0	0	0	0	0	0	0	0	0	0	1	1	1	1	0	0	0	0	0.6667	0.8489	0.7143	0.6118	0	0	0	0	0.3333	0.1511	0.2857	0.3882	0	0	0	0	0	0	0	0	0	0	0	0	0.0266	0.0152	0.0001	0.0008	1	1	0	0	0	0	0	0	0	0	0	0	0.5	0.0508	0	0	0	0	0	0	0	0	0	0	0.5	0.9492	0	0	0	0
0B5DF47D32E299EB1F0CA67E3F08EF1818A47BA7257A52755D71446DF52313E2.apk	2015-01-02	0.0676	0.0254	0.1454	0.0022	0.3125	0.7778	0.0116	0.7736	0	0	0	0	0.0625	0.0001	0.1333	0.0036	0	0	0	0	0.9375	0.9999	0.8667	0.9964	0	0	0	0	0.5556	0.7886	0.5	0.9788	0	0	0	0	0.1667	0.028	0.2143	0.0159	0	0	0	0	0	0	0	0	0.2778	0.1833	0.2857	0.0053	0.0155	0.0085	0.0001	0.0008	0.7273	0.9189	0.0909	0.027	0.0909	0.027	0	0	0.0909	0.027	0	0	0	0	0	0	0	0	0	0	0	0	0	0	1	1	0	0	0	0
0C94BA4790FBBF37DD9AA91D4141E2937E38F25B42006D64D8CB8C52FE1F683C.apk	2015-09-13	0.0972	0.0329	0.0566	0.0089	0.4154	0.6818	0.0071	0.0428	0	0	0	0	0	0	0	0	0	0	0	0	1	1	1	1	0	0	0	0	0.6818	0.1369	0.6667	0.8505	0	0	0	0	0.1818	0.6664	0.2667	0.134	0	0	0	0	0	0	0	0	0.1364	0.1967	0.0667	0.0155	0.0194	0.0179	0.0001	0.0018	1	1	0	0	0	0	0	0	0	0	0	0	0	0	0	0	0	0	0	0	0	0	0	0	1	1	0	0	0	0
0CF1B002BDDFD1987421D8EBA19E56950C127E24F5F253030F4982D8B984BBEF.apk	2015-01-02	0.1188	0.0641	0.0336	0.0358	0.16	0.5185	0.037	0.0748	0	0	0	0	0	0	0	0	0	0	0	0	1	1	1	1	0	0	0	0	0.7778	0.1602	0.7143	0.8036	0	0	0	0	0.1481	0.0454	0.2857	0.1964	0.037	0.0093	0	0	0	0	0	0	0.037	0.785	0	0	0.019	0.0143	0.0009	0.0618	1	1	0	0	0	0	0	0	0	0	0	0	0.5	0.464	0	0	0	0	0	0	0	0	0	0	0.5	0.536	0	0	0	0
0D3D9CD120C731A2174E036964153488307859D7BAEC03A37233842DDAC7C889.apk	2015-06-03	0.1685	0.0506	0.1289	0.0165	0.3667	0.6667	0.0956	0.1519	0	0	0	0	0	0	0	0	0	0	0	0	1	1	1	1	0	0	0	0	0.6667	0.5949	0.6667	0.8333	0	0	0	0	0.1111	0.1646	0.1667	0.0833	0	0	0	0	0	0	0	0	0.2222	0.2405	0.1667	0.0833	0.0393	0.0169	0.0046	0.0061	1	1	0	0	0	0	0	0	0	0	0	0	1	1	0	0	0	0	0	0	0	0	0	0	0	0	0	0	0	0
0F8EF10097F68D45CD9624C02161282A6684FCC1A1991D78F82FC69EF4F7A077.apk	2015-04-04	0.1129	0.0367	0.0453	0.0034	0.0233	0.0714	0.0035	0.0466	0	0	0	0	0	0	0	0	0	0	0	0	1	1	1	1	0	0	0	0	0.7857	0.7436	1	1	0	0	0	0	0.1429	0.2034	0	0	0.0714	0.053	0	0	0	0	0	0	0	0	0	0	0.0079	0.0026	0.0002	0.0002	1	1	0	0	0	0	0	0	0	0	0	0	1	1	0	0	0	0	0	0	0	0	0	0	0	0	0	0	0	0
0FB2115436D9E7A2F16A205446AC81A28827AD6C04289552EBE4073B97B1D74C.apk	2015-05-03	0.1419	0.1161	0.1739	0.17	0.1364	0.5556	0.037	0.1212	0	0	0	0	0	0	0	0	0.0909	0.0222	0	0	0.9091	0.9778	1	1	0	0	0	0	0.7222	0.2992	0.6	0.375	0	0	0	0	0.2222	0.0909	0.4	0.625	0	0	0	0	0	0	0	0	0.0556	0.6098	0	0	0.0516	0.0323	0.0386	0.1397	1	1	0	0	0	0	0	0	0	0	0	0	1	1	0	0	0	0	0	0	0	0	0	0	0	0	0	0	0	0
10A82834D0812676AD1999BFFDC6C9869E13BA48786147BA6E3A40E5EB4710D8.apk	2015-12-21	0.1464	0.0536	0.2427	0.0144	0.4366	0.6923	0.0222	0.297	0	0	0	0	0	0	0	0	0	0	0	0	1	1	1	1	0	0	0	0	0.7692	0.2328	0.6667	0.1557	0	0	0	0	0.1154	0.4639	0.1667	0.0475	0.0385	0.0078	0.0556	0.0237	0	0	0	0	0.0769	0.2955	0.1111	0.7731	0.0598	0.0227	0.0012	0.0051	0.7931	0.819	0.1379	0.1238	0	0	0	0	0.069	0.0571	0	0	0.9091	0.9823	0	0	0	0	0	0	0	0	0	0	0.0909	0.0177	0	0	0	0
14D5FCE62CDF4EEBFB4778A75AA80DE7CDBFD0AB990B30A8BF9E3A533C876578.apk	2015-06-22	0.1133	0.0819	0.1906	0.0303	0.3617	0.6176	0.0278	0.1594	0	0	0	0	0.0426	0.0089	0.1176	0.0455	0	0	0	0	0.9362	0.9892	0.8824	0.9545	0.0213	0.0019	0	0	0.9412	0.6375	0.9524	0.975	0	0	0	0	0.0294	0.0199	0.0476	0.025	0	0	0	0	0	0	0	0	0.0294	0.3426	0	0	0.0458	0.0386	0.0071	0.0168	0.7368	0.8475	0.1053	0.0678	0.0526	0.0169	0	0	0.1053	0.0678	0	0	0.5	0.9424	0	0	0	0	0	0	0	0	0	0	0.5	0.0576	0	0	0	0
15907DC46D8A6A3F96AD6143EEC1A7BA1F98B853C6A3BC5ADE58C4E8258C386F.apk	2015-01-04	0.1256	0.0521	0.0294	0.0059	0.5094	0.5909	0.1582	0.1341	0	0	0	0	0	0	0	0	0	0	0	0	1	1	1	1	0	0	0	0	0.7727	0.7971	0.7692	0.7366	0	0	0	0	0.1364	0.1771	0.2308	0.2634	0	0	0	0	0	0	0	0	0.0909	0.0257	0	0	0.019	0.0213	0.0004	0.0009	1	1	0	0	0	0	0	0	0	0	0	0	0	0	0	0	0	0	0	0	0	0	0	0	0.7778	0.6327	0	0	0.2222	0.3673
16BC1166CDD7E36235EBCAC2C314A44C89F53B00A35A833E67D4118FA3A77908.apk	2015-01-01	0.1989	0.0966	0.2212	0.1049	0.3429	0.7647	0.1811	0.2102	0	0	0	0	0	0	0	0	0	0	0	0	1	1	1	1	0	0	0	0	0.7059	0.6709	0.6154	0.5565	0	0	0	0	0.1765	0.0878	0.2308	0.2957	0.0588	0.0311	0.0769	0.1391	0	0	0	0	0.0588	0.2102	0.0769	0.0087	0.017	0.0398	0.0027	0.0079	1	1	0	0	0	0	0	0	0	0	0	0	0.1429	0.2927	0	0	0	0	0	0	0	0	0	0	0.8571	0.7073	0	0	0	0
16C2D7913A2B6443E16B953BC39BB7B96C002B860231D876281996881A85E8BE.apk	2015-01-02	0.125	0.054	0.2794	0.039	0.4432	0.6842	0.1351	0.0055	0	0	0	0	0	0	0	0	0	0	0	0	0.9886	1	1	1	0.0114	0	0	0	0.7632	0.0338	0.7692	0.7037	0	0	0	0	0.1053	0.0024	0.1154	0.0556	0.0263	0.0002	0	0	0	0	0	0	0.1053	0.9636	0.1154	0.2407	0.0369	0.0284	0.0002	0.0004	0.9231	0.9516	0.0769	0.0484	0	0	0	0	0	0	0	0	0.5	0.8913	0	0	0	0	0	0	0.05	0.0109	0	0	0.05	0.0109	0.4	0.087	0	0
17912F3A54C1DD60D7F56499218DC075DE294D21D8EDAD659B2F7642189B4F26.apk	2015-01-05	0.1449	0.0653	0.1617	0.0358	0.3333	0.6957	0.0426	0.16	0	0	0	0	0	0	0	0	0.0196	0.0035	0.0588	0.0417	0.9804	0.9965	0.9412	0.9583	0	0	0	0	0.6087	0.672	0.4375	0.4	0.0435	0.04	0.0625	0.1	0.2174	0.216	0.3125	0.3	0.0435	0.024	0.0625	0.05	0	0	0	0	0.087	0.048	0.125	0.15	0.0227	0.0199	0.0037	0.0037	0.75	0.8462	0	0	0.25	0.1538	0	0	0	0	0	0	0.4286	0.6154	0	0	0	0	0	0	0	0	0	0	0.5714	0.3846	0	0	0	0
17EE6086715AA04884D5F8B5F1C6F095726195B6BFE8C6438FE5A4CD467FDF05.apk	2015-01-02	0.1495	0.0498	0.1778	0.0398	0.4286	0.7857	0.1012	0.1667	0	0	0	0	0.0476	0.0108	0.0556	0.0194	0	0	0	0	0.9524	0.9892	0.9444	0.9806	0	0	0	0	0.8571	0.4474	0.9091	0.9211	0	0	0	0	0.0714	0.0658	0.0909	0.0789	0	0	0	0	0	0	0	0	0.0714	0.4868	0	0	0.032	0.0391	0.0061	0.025	1	1	0	0	0	0	0	0	0	0	0	0	0.3636	0.951	0	0	0	0	0	0	0	0	0	0	0.5455	0.042	0	0	0.0909	0.007
18163259F86D1148984DA5D9EA2799D64602083E9ACDFDF870105C9E0295F592.apk	2015-04-04	0.1548	0.0893	0.278	0.0416	0.4231	0.7333	0.0011	0.0076	0	0	0	0	0	0	0	0	0	0	0	0	1	1	1	1	0	0	0	0	0.7667	0.0435	0.7273	0.6944	0	0	0	0	0.1	0.0019	0.1364	0.1389	0.0333	0.0015	0.0455	0.0833	0	0	0	0	0.1	0.9531	0.0909	0.0833	0.0149	0.0238	0.0001	0.0003	1	1	0	0	0	0	0	0	0	0	0	0	0.375	0.8108	0	0	0	0	0	0	0.125	0.027	0	0	0.5	0.1622	0	0	0	0
18A2711F5596B53B419289BB3DB769308A2CE437AEB26E5FFF863402D96EA200.apk	2015-06-02	0.1156	0.034	0.1251	0.0223	0.0588	0.4	0.0248	0.2778	0	0	0	0	0	0	0	0	0	0	0	0	1	1	1	1	0	0	0	0	0.6	0.5556	1	1	0.2	0.1389	0	0	0.2	0.3056	0	0	0	0	0	0	0	0	0	0	0	0	0	0	0.0408	0.0204	0.0155	0.0136	0.6667	0.72	0	0	0	0	0	0	0.3333	0.28	0	0	1	1	0	0	0	0	0	0	0	0	0	0	0	0	0	0	0	0
88BEE409DDA5E056C0F4ECB747231C5A7F8149BA9020ACE1B840D0115AB03966.apk	2015-12-02	0.1373	0.0784	0.2368	0.0966	0.5	1	0.2237	0.4839	0	0	0	0	0	0	0	0	0	0	0	0	1	1	1	1	0	0	0	0	0.625	0.4355	0.625	0.6333	0	0	0	0	0.25	0.4194	0.25	0.3	0.125	0.1452	0.125	0.0667	0	0	0	0	0	0	0	0	0.049	0.049	0.0125	0.0125	1	1	0	0	0	0	0	0	0	0	0	0	0.4	0.625	0	0	0	0	0	0	0	0	0	0	0.6	0.375	0	0	0	0
012DBA5BF3DE52D934F4D6E590947AE847B752B3E2A6EF91F5E49082E443EE67.apk	2015-08-11	0	0	0	0	0	0	0	0	0	0	0	0	0	0	0	0	0	0	0	0	0	0	0	0	0	0	0	0	0	0	0	0	0	0	0	0	0	0	0	0	0	0	0	0	0	0	0	0	0	0	0	0	0	0	0	0	0	0	0	0	0	0	0	0	0	0	0	0	0	0	0	0	0	0	0	0	0	0	0	0	0	0	0	0	0	0
0AA6CFB221731EFF8EE1B7A1F5ED9627568AF0D26CA09678BB4E3F3462A1C125.apk	2015-08-11	0	0	0	0	0	0	0	0	0	0	0	0	0	0	0	0	0	0	0	0	0	0	0	0	0	0	0	0	0	0	0	0	0	0	0	0	0	0	0	0	0	0	0	0	0	0	0	0	0	0	0	0	0	0	0	0	0	0	0	0	0	0	0	0	0	0	0	0	0	0	0	0	0	0	0	0	0	0	0	0	0	0	0	0	0	0
0BC573A7D452C9FDF244EE93D1F1C63D95D64D1B1F3A79F6E638FE9A7E9568BD.apk	2015-03-18	0	0	0	0	0	0	0	0	0	0	0	0	0	0	0	0	0	0	0	0	0	0	0	0	0	0	0	0	0	0	0	0	0	0	0	0	0	0	0	0	0	0	0	0	0	0	0	0	0	0	0	0	0	0	0	0	0	0	0	0	0	0	0	0	0	0	0	0	0	0	0	0	0	0	0	0	0	0	0	0	0	0	0	0	0	0
0E580CD5704C225EC514AE3D3BF5D55A75BD1A7B1327045480A12EB1BC5DC5A6.apk	2015-07-14	0.1429	0.0476	0.2477	0.0574	0.55	0.65	0.3648	0.5556	0	0	0	0	0.0333	0.0093	0.0606	0.0254	0.05	0.012	0	0	0.9	0.9758	0.9394	0.9746	0.0167	0.0029	0	0	0.75	0.6126	0.6923	0.9267	0	0	0	0	0.05	0.3228	0.0769	0.0003	0	0	0	0	0	0	0	0	0.2	0.0646	0.2308	0.073	0.0071	0.0024	0.0007	0.0007	1	1	0	0	0	0	0	0	0	0	0	0	0	0	0	0	0	0	0	0	0	0	0	0	1	1	0	0	0	0
11D25D6DE5B633DBFDA68215A3DDCF784959DDA8FBE1DC9FB831C2AB7BE36EAB.apk	2015-05-02	0.1609	0.0283	0.2083	0.0272	0.2432	0.7692	0.0849	0.2522	0	0	0	0	0.027	0.0167	0.1111	0.191	0.0676	0.018	0.1667	0.008	0.8919	0.957	0.7222	0.8011	0.0135	0.0083	0	0	0.6154	0.2815	0.7	0.3082	0	0	0	0	0.0769	0.5682	0.1	0.2466	0	0	0	0	0	0	0	0	0.3077	0.1503	0.2	0.4452	0.0261	0.0065	0.0024	0.002	0.1667	0.3725	0.25	0.0588	0.0833	0.0196	0	0	0.5	0.549	0	0	0	0	0	0	0	0	0	0	1	1	0	0	0	0	0	0	0	0
1287DAB56ACD64A054FFAD20DB9FF372FDB2B1F919C9A3DEB49D4D190307B5B2.apk	2015-09-20	0.2	0	0.1433	0	0	0	0	0	0	0	0	0	0	0	0	0	0	0	0	0	1	1	0	0	0	0	0	0	0	0	0	0	0	0	0	0	0	0	0	0	0	0	0	0	0	0	0	0	0	0	0	0	0	0	0	0	0	0	0	0	0	0	0	0	0	0	0	0	0	0	0	0	0	0	0	0	0	0	0	0	0	0	0	0	0	0
142F30BE920D06C6BF60000BD03B15848EC036EB68CAA26A75E959F9984B32C1.apk	2015-12-28	0.2169	0.0317	0.1506	0.0294	0.3659	0.8333	0.131	0.3893	0	0	0	0	0	0	0	0	0	0	0	0	1	1	1	1	0	0	0	0	0.6667	0.3168	0.6	0.6078	0	0	0	0	0.1667	0.3855	0.2	0.1471	0	0	0	0	0	0	0	0	0.1667	0.2977	0.2	0.2451	0.0212	0.0265	0.0121	0.0181	0.5	0.2593	0.5	0.7407	0	0	0	0	0	0	0	0	0	0	0	0	0	0	0	0	0.2	0.4907	0	0	0.8	0.5093	0	0	0	0
15F81614C6671D1662C7151C9B1607D3F71AB9192E45678BAD0F9183DF1AE98A.apk	2015-01-27	0.1655	0.0385	0.2556	0.014	0.3014	0.8235	0.0204	0.15	0	0	0	0	0.0411	0.0021	0.0909	0.0299	0.0411	0.0018	0.1364	0.0448	0.9178	0.996	0.7727	0.9254	0	0	0	0	0.7059	0.8056	0.7143	0.7407	0.0588	0.0167	0.0714	0.037	0.0588	0.0889	0.0714	0.1111	0.0588	0.0611	0.0714	0.0741	0	0	0	0	0.1176	0.0278	0.0714	0.037	0.0385	0.0204	0.0037	0.003	0.7059	0.8723	0.1765	0.0851	0.0588	0.0213	0	0	0.0588	0.0213	0	0	0	0	0	0	0	0	0	0	0.6667	0.9231	0	0	0	0	0.3333	0.0769	0	0
1662EBB4273EF3730896BA42C6A9B51EEA563C7DA26BE3948DAB8BF2A321EFF2.apk	2015-07-03	0.1387	0.0248	0.2019	0.02	0.2537	0.6667	0.0735	0.4095	0	0	0	0	0.0299	0.0145	0.1176	0.1913	0.0299	0.0136	0	0	0.9254	0.9676	0.8824	0.8087	0.0149	0.0043	0	0	0.6667	0.3254	0.625	0.4947	0	0	0	0	0.0833	0.5108	0.125	0.1789	0	0	0	0	0	0	0	0	0.25	0.1638	0.25	0.3263	0.0207	0.0104	0.0028	0.0026	0.3	0.5758	0.2	0.0303	0	0	0	0	0.5	0.3939	0	0	0.6	0.5902	0	0	0	0	0	0	0	0	0	0	0.4	0.4098	0	0	0	0
17F6ACC33BFA356E5CD2FE578F9FB79342AD70586CF052B2E456CF3B2F8DD00C.apk	2015-05-20	0.3077	0.0769	0.2373	0.0528	0.875	0.5	0.7711	0.4951	0	0	0	0	0	0	0	0	0	0	0	0	1	1	1	1	0	0	0	0	0.5	0.5	0	0	0	0	0	0	0	0	0	0	0.5	0.5	1	1	0	0	0	0	0	0	0	0	0	0	0	0	0	0	0	0	0	0	0	0	0	0	0	0	0	0	0	0	0	0	0	0	0	0	0	0	0	0	0	0	0	0
180A3A8D6CC3147DCF2A185054703104B2F307A4D243300BA0D9439E3D0FC33D.apk	2015-12-28	0.0944	0.0251	0.0434	0.0035	0.5	0.6829	0.0786	0.0599	0.013	0.0007	0	0	0.0195	0.0007	0.026	0.005	0.0455	0.0017	0.039	0.0012	0.8896	0.9942	0.9351	0.9938	0.0325	0.0028	0	0	0.7317	0.1977	0.75	0.8389	0.0244	0.0008	0.0357	0.0067	0.0488	0.673	0.0357	0.0134	0.0244	0.0016	0.0357	0.0201	0	0	0	0	0.1707	0.127	0.1429	0.1208	0.0172	0.0092	0.0002	0.0003	0.3929	0.5138	0.1786	0.055	0.1429	0.0367	0	0	0.2857	0.3945	0	0	0	0	0	0	0	0	0	0	0.5333	0.9645	0.0667	0.0051	0.2667	0.0203	0	0	0.1333	0.0102
1E362C51A7B84C682B61A968050A8DC6A14FF3EDDB6E3F16DE181A844CEDD505.apk	2015-06-20	0.1592	0.0382	0.2053	0.1327	0.08	0.5	0.0055	0.0212	0	0	0	0	0	0	0	0	0	0	0	0	1	1	1	1	0	0	0	0	0.6667	0.0975	0.6667	0.6	0	0	0	0	0	0	0	0	0.1667	0.0593	0.3333	0.4	0	0	0	0	0.1667	0.8432	0	0	0.0382	0.0191	0.0056	0.1153	1	1	0	0	0	0	0	0	0	0	0	0	0	0	0	0	0	0	0	0	1	1	0	0	0	0	0	0	0	0
1E53CDEC44AD0330B10C2D1C48B06F54A6F117BD3FD00BAA4024647573D72DAB.apk	2015-12-28	0.1529	0.0353	0.2017	0.0075	0.3077	0.75	0.0327	0.4113	0	0	0	0	0.0385	0.0084	0.125	0.2463	0.0962	0.0111	0.1875	0.0148	0.8654	0.9805	0.6875	0.7389	0	0	0	0	0.5833	0.5108	0.6667	0.4211	0	0	0	0	0.1667	0.2424	0.1111	0.0316	0	0	0	0	0	0	0	0	0.25	0.2468	0.2222	0.5474	0.0147	0.0029	0.0007	0.0006	0.4	0.8696	0.2	0.0435	0.2	0.0435	0	0	0.2	0.0435	0	0	0	0	0	0	0	0	0	0	0	0	0	0	1	1	0	0	0	0
228DB68B5DFE44493AD46C4175615D62391C88A065A78477E089A21ECCB3FFF2.apk	2015-08-11	0	0	0	0	0	0	0	0	0	0	0	0	0	0	0	0	0	0	0	0	0	0	0	0	0	0	0	0	0	0	0	0	0	0	0	0	0	0	0	0	0	0	0	0	0	0	0	0	0	0	0	0	0	0	0	0	0	0	0	0	0	0	0	0	0	0	0	0	0	0	0	0	0	0	0	0	0	0	0	0	0	0	0	0	0	0
247B6C9E734FE0F11CDF330A54317362900631AC0A0F3F4CF56209A0894E07E9.apk	2015-12-28	0.1332	0.035	0.1908	0.0219	0.3684	0.8	0.0801	0.3837	0	0	0	0	0.0351	0.0225	0.0952	0.2573	0.0877	0.0281	0.1429	0.0175	0.8772	0.9494	0.7619	0.7251	0	0	0	0	0.6	0.3837	0.6667	0.4894	0	0	0	0	0.2	0.4204	0.1667	0.0638	0	0	0	0	0	0	0	0	0.2	0.1959	0.1667	0.4468	0.0187	0.007	0.0027	0.0029	0.625	0.9	0.125	0.0333	0.125	0.0333	0	0	0.125	0.0333	0	0	0	0	0	0	0	0	0	0	0.6667	0.75	0	0	0.3333	0.25	0	0	0	0
2710194CF3991670D7A8512FFBE7E44D38E7E555C270B3242B2BA1AEFBC9B814.apk	2015-08-11	0.1157	0.0826	0.1534	0.2436	0.3571	0.6	0.0389	0.0608	0	0	0	0	0	0	0	0	0	0	0	0	1	1	1	1	0	0	0	0	0.6	0.1004	0.5	0.625	0	0	0	0	0.2	0.0481	0.3333	0.0278	0.1	0.0219	0.1667	0.3472	0	0	0	0	0.1	0.8295	0	0	0.0496	0.0661	0.0019	0.2259	0.6667	0.6667	0.3333	0.3333	0	0	0	0	0	0	0	0	0	0	0	0	0	0	0	0	0.75	0.9227	0	0	0.25	0.0773	0	0	0	0
2A5DB92026560721DB593974664FD45ECA3DCCA7653C5C11C9D110BEFF2B5272.apk	2015-07-14	0.1451	0.029	0.214	0.0191	0.2824	0.7647	0.0485	0.258	0	0	0	0	0.0353	0.012	0.0833	0.2292	0.0588	0.0131	0.125	0.0104	0.8941	0.9714	0.7917	0.7604	0.0118	0.0035	0	0	0.7059	0.3616	0.7692	0.3869	0	0	0	0	0.0588	0.484	0.0769	0.1606	0	0	0	0	0	0	0	0	0.2353	0.1544	0.1538	0.4526	0.0222	0.0085	0.0028	0.0025	0.2308	0.5844	0.2308	0.039	0.0769	0.013	0	0	0.4615	0.3636	0	0	0.6	0.5507	0	0	0	0	0	0	0	0	0	0	0.4	0.4493	0	0	0	0
2BE33929726F06F36692DED22B618C17382B584D1360833CDDC4D3905EAEA262.apk	2015-06-08	0.1516	0.041	0.1313	0.0129	0.5135	1	0.047	0.2325	0	0	0	0	0	0	0	0	0.027	0.0054	0	0	0.9459	0.9924	1	1	0.027	0.0022	0	0	0.7	0.858	0.7	0.5862	0	0	0	0	0.2	0.1134	0.2	0.2923	0	0	0	0	0	0	0	0	0.1	0.0286	0.1	0.1215	0.0082	0.0041	0.0004	0.0004	1	1	0	0	0	0	0	0	0	0	0	0	0	0	0	0	0	0	0	0	0	0	0	0	1	1	0	0	0	0
2F9B720FAE607D68386F834109921C7CB67964AA075FF5FC1900F6ADE2CA8F5B.apk	2015-08-24	0.1755	0.0122	0.1096	0.0137	0.093	1	0.0433	0.1923	0	0	0	0	0	0	0	0	0	0	0	0	0.9767	0.9904	1	1	0.0233	0.0096	0	0	0.6667	0.8846	0.6667	0.6	0	0	0	0	0	0	0	0	0	0	0	0	0	0	0	0	0.3333	0.1154	0.3333	0.4	0.0163	0.0082	0.0032	0.0021	0.5	0.5	0.5	0.5	0	0	0	0	0	0	0	0	0.5	0.5	0	0	0	0	0	0	0	0	0	0	0.5	0.5	0	0	0	0
2FDB312B44C5E9938A96A04278A1B9C44160BC7B6C0D69EDFB25CD736AAD9B00.apk	2015-03-18	0.1328	0.0273	0.075	0.0011	0.3235	0.7143	0.0187	0.4103	0	0	0	0	0	0	0	0	0	0	0	0	1	1	1	1	0	0	0	0	0.7143	0.4469	0.6	0.5179	0	0	0	0	0	0	0	0	0.1429	0.0586	0.2	0.1339	0	0	0	0	0.1429	0.4945	0.2	0.3482	0.0312	0.0234	0.0003	0.0004	0.5	0.5119	0.25	0.25	0	0	0	0	0.25	0.2381	0	0	0.3333	0.3861	0	0	0.1667	0.0099	0	0	0	0	0	0	0.5	0.604	0	0	0	0
3166E1181086FABF47774AC24FF0C4CC429EE2B8BEF35993B895C71DA339E269.apk	2015-07-03	0	0	0	0	0	0	0	0	0	0	0	0	0	0	0	0	0	0	0	0	0	0	0	0	0	0	0	0	0	0	0	0	0	0	0	0	0	0	0	0	0	0	0	0	0	0	0	0	0	0	0	0	0	0	0	0	0	0	0	0	0	0	0	0	0	0	0	0	0	0	0	0	0	0	0	0	0	0	0	0	0	0	0	0	0	0
37AF20D6DD5972ABCC34041B02DD689A5ACB3FF2DF6DB8B69056FB712617ABBB.apk	2015-07-03	0	0	0	0	0	0	0	0	0	0	0	0	0	0	0	0	0	0	0	0	0	0	0	0	0	0	0	0	0	0	0	0	0	0	0	0	0	0	0	0	0	0	0	0	0	0	0	0	0	0	0	0	0	0	0	0	0	0	0	0	0	0	0	0	0	0	0	0	0	0	0	0	0	0	0	0	0	0	0	0	0	0	0	0	0	0
39264E287A7B77F08CDCFD6B0E99CC30B73861115C9F4961436EBC777F1E47C6.apk	2015-03-18	0	0	0	0	0	0	0	0	0	0	0	0	0	0	0	0	0	0	0	0	0	0	0	0	0	0	0	0	0	0	0	0	0	0	0	0	0	0	0	0	0	0	0	0	0	0	0	0	0	0	0	0	0	0	0	0	0	0	0	0	0	0	0	0	0	0	0	0	0	0	0	0	0	0	0	0	0	0	0	0	0	0	0	0	0	0
3D531C05B90EE4EB3183B5173E0DEA460B80AD552EA9509390D749E60E0E74D3.apk	2015-05-25	0.1165	0.0361	0.168	0.0099	0.2989	0.7407	0.0409	0.3355	0	0	0	0	0.023	0.0054	0.0769	0.1277	0.0575	0.006	0.1154	0.0071	0.8966	0.9832	0.8077	0.8652	0.023	0.0054	0	0	0.6667	0.4391	0.7	0.5882	0	0	0	0	0.1111	0.403	0.1	0.0343	0.037	0.0099	0.05	0.0245	0	0	0	0	0.1852	0.148	0.15	0.3529	0.0214	0.0054	0.0019	0.0018	0.3125	0.7167	0.1875	0.025	0.125	0.0167	0	0	0.375	0.2417	0	0	0	0	0	0	0	0	0	0	1	1	0	0	0	0	0	0	0	0
3EE67395FC1FD93EAF4C46322F8985FAC9E6568AAC4E35F355461BF6506ECA22.apk	2015-07-14	0.1336	0.0725	0.169	0.0574	0.3429	0.7105	0.0691	0.3463	0	0	0	0	0.0429	0.014	0.0833	0.1935	0.0429	0.0142	0.125	0.0042	0.9	0.965	0.7917	0.8022	0.0143	0.0067	0	0	0.8684	0.8447	0.9259	0.8864	0	0	0	0	0.0526	0.1211	0.037	0.0568	0	0	0	0	0	0	0	0	0.0789	0.0342	0.037	0.0568	0.0095	0	0.0012	0	0.4	0.9595	0.2	0.0135	0.2	0.0135	0	0	0.2	0.0135	0	0	0	0	0	0	0	0	0	0	0	0	0	0	0	0	0	0	0	0
3F6658BA91E09D0CFC82BBE4B441BE36B5E6846755B1A5E49EA2A1E10013C42A.apk	2015-12-22	0.1352	0.0472	0.2189	0.0172	0.2698	0.6818	0.0371	0.552	0	0	0	0	0.0317	0.0066	0.1176	0.0336	0.0317	0.0064	0	0	0.9206	0.9852	0.8824	0.9664	0.0159	0.0018	0	0	0.8182	0.8712	0.8	0.8908	0	0	0	0	0.0455	0.0666	0.0667	0.0276	0	0	0	0	0	0	0	0	0.1364	0.0622	0.1333	0.0816	0.0043	0.0021	0.0002	0.0002	1	1	0	0	0	0	0	0	0	0	0	0	0	0	0	0	0	0	0	0	0	0	0	0	1	1	0	0	0	0
41A46DCA1D51D7CC94FFD3DAFEF2E1B4F6BE3FB37B262B9C4876F4E6A8EDC9E4.apk	2015-12-28	0.1117	0.0174	0.1082	0.0183	0.3111	1	0.0603	0.199	0	0	0	0	0	0	0	0	0	0	0	0	0.9778	0.9949	1	1	0.0222	0.0051	0	0	0.5714	0.7696	0.5714	0.4395	0	0	0	0	0.4286	0.2304	0.4286	0.5605	0	0	0	0	0	0	0	0	0	0	0	0	0.005	0.0025	0.0006	0.0005	0	0	1	1	0	0	0	0	0	0	0	0	1	1	0	0	0	0	0	0	0	0	0	0	0	0	0	0	0	0
425EFB834463D571B0D9E73349264A43CC02446E59F3234534A9AC2B36ED4690.apk	2015-12-21	0.0843	0.0272	0.0617	0.0031	0.2308	0.6667	0.0129	0.0156	0	0	0	0	0.0308	0.0002	0.1333	0.0114	0.0308	0.0001	0	0	0.9231	0.9994	0.8667	0.9886	0.0154	0.0002	0	0	0.7619	0.9904	0.7143	0.6667	0	0	0	0	0.0952	0.0037	0.0714	0.0952	0	0	0	0	0	0	0	0	0.1429	0.0059	0.2143	0.2381	0.022	0.0143	0.0001	0.0001	0.5294	0.6154	0.1765	0.1154	0	0	0	0	0.2941	0.2692	0	0	0.5455	0.3036	0	0	0	0	0	0	0	0	0	0	0.4545	0.6964	0	0	0	0
48D01D5AEBCEC6E9D543724729C6655F5F9B40472AC6F916D75EAF291703BF1D.apk	2015-07-13	0.0901	0.0258	0.1965	0.006	0.1905	0.6667	0.0015	0.018	0	0	0	0	0	0	0	0	0	0	0	0	1	1	1	1	0	0	0	0	0.8333	0.9832	0.75	0.0909	0	0	0	0	0	0	0	0	0	0	0	0	0	0	0	0	0.1667	0.0168	0.25	0.9091	0.0258	0.0215	0	0	1	1	0	0	0	0	0	0	0	0	0	0	0	0	0	0	0	0	0	0	0.6	0.75	0	0	0.4	0.25	0	0	0	0
4CA8614AED62AD4D050E4279C99073324EDE40307487DB5142D63B589A0A29B0.apk	2015-03-18	0.1809	0.0266	0.1618	0.0155	0.0588	0.6	0.0273	0.2	0	0	0	0	0	0	0	0	0	0	0	0	1	1	1	1	0	0	0	0	0.8	0.7714	0.6667	0.8571	0	0	0	0	0	0	0	0	0.2	0.2286	0.3333	0.1429	0	0	0	0	0	0	0	0	0.0213	0.0106	0.0062	0.0053	1	1	0	0	0	0	0	0	0	0	0	0	0	0	0	0	0	0	0	0	1	1	0	0	0	0	0	0	0	0
4F50C89AAF81D5014A65803A1CD84171472A99FE992825B010D1969EA664D540.apk	2015-07-03	0	0	0	0	0	0	0	0	0	0	0	0	0	0	0	0	0	0	0	0	0	0	0	0	0	0	0	0	0	0	0	0	0	0	0	0	0	0	0	0	0	0	0	0	0	0	0	0	0	0	0	0	0	0	0	0	0	0	0	0	0	0	0	0	0	0	0	0	0	0	0	0	0	0	0	0	0	0	0	0	0	0	0	0	0	0
5064FBC32BBF998A624713E26895B46B0374ECD62B29BB00BBAF2CBE502A6713.apk	2015-11-02	0.0808	0.0264	0.0179	0.0013	0.2574	0.8182	0.0174	0.1896	0	0	0	0	0.0297	0.0014	0.0769	0.0299	0.0297	0.0008	0	0	0.9406	0.9978	0.9231	0.9701	0	0	0	0	0.7879	0.8104	0.7778	0.6604	0.0303	0.0072	0.037	0.0094	0.0303	0.0394	0.037	0.0189	0	0	0	0	0	0	0	0	0.1515	0.1431	0.1481	0.3113	0.0224	0.0032	0.0001	0	0.3929	0.5593	0.1786	0.1017	0.2143	0.1695	0	0	0.2143	0.1695	0	0	0	0	0	0	0	0	0	0	1	1	0	0	0	0	0	0	0	0
50D292A48CFCCD8186FC6A96F7C6F2C7C9DCBFADAD6055796B158679BEFEADBF.apk	2015-08-11	0	0	0	0	0	0	0	0	0	0	0	0	0	0	0	0	0	0	0	0	0	0	0	0	0	0	0	0	0	0	0	0	0	0	0	0	0	0	0	0	0	0	0	0	0	0	0	0	0	0	0	0	0	0	0	0	0	0	0	0	0	0	0	0	0	0	0	0	0	0	0	0	0	0	0	0	0	0	0	0	0	0	0	0	0	0
527DB718832862A3F17CB998DC4AFC88E14231AD2F7BDC9B5FB74BE1DF178C54.apk	2015-08-11	0	0	0	0	0	0	0	0	0	0	0	0	0	0	0	0	0	0	0	0	0	0	0	0	0	0	0	0	0	0	0	0	0	0	0	0	0	0	0	0	0	0	0	0	0	0	0	0	0	0	0	0	0	0	0	0	0	0	0	0	0	0	0	0	0	0	0	0	0	0	0	0	0	0	0	0	0	0	0	0	0	0	0	0	0	0
53736C00BDAB3AF88530FBBD8F53BB209404894C937A18A64A6E61CB21D58534.apk	2015-11-29	0.1275	0.0421	0.1955	0.0092	0.3565	0.5526	0.0169	0.1037	0	0	0	0	0.0261	0.0014	0.0488	0.0385	0.0348	0.0118	0.0976	0.0577	0.9304	0.9861	0.8537	0.9038	0.0087	0.0007	0	0	0.7368	0.6682	0.7143	0.4444	0.0263	0.0069	0.0476	0.0444	0.1053	0.2627	0.0952	0.3111	0.0263	0.0207	0.0476	0.1111	0	0	0	0	0.1053	0.0415	0.0952	0.0889	0.0355	0.0177	0.0018	0.0035	0.625	0.8118	0.125	0.0588	0.0625	0.0235	0	0	0.1875	0.1059	0	0	0.625	0.3653	0	0	0	0	0	0	0.1875	0.4251	0	0	0.125	0.2036	0.0625	0.006	0	0
561E58F2154D5DDA03118D46852A3F3EEB0A9435D97BE047EA18D7F37D9B45B1.apk	2015-12-28	0.1	0.025	0.1359	0.0139	0.2273	0.6364	0.1145	0.7083	0	0	0	0	0.0455	0.0263	0.2	0.223	0.0455	0.0263	0	0	0.9091	0.9474	0.8	0.777	0	0	0	0	0.5455	0.4735	0.4286	0.4064	0	0	0	0	0.1818	0.2197	0.1429	0.1765	0	0	0	0	0	0	0	0	0.2727	0.3068	0.4286	0.4171	0.0045	0.0023	0.0016	0.0015	1	1	0	0	0	0	0	0	0	0	0	0	1	1	0	0	0	0	0	0	0	0	0	0	0	0	0	0	0	0
563C9C4DDD3722A063F7199A86B82E70DF9AE53B9EE8BBD6DD0D6E3BD53FB09D.apk	2015-12-22	0.1378	0.0364	0.2389	0.1161	0.3302	0.8214	0.062	0.122	0	0	0	0	0.0189	0.0012	0.0571	0.0172	0.0472	0.0026	0.0857	0.0043	0.9151	0.9953	0.8571	0.9785	0.0189	0.0009	0	0	0.6429	0.7572	0.6522	0.901	0	0	0	0	0.1429	0.0223	0.1739	0.0495	0.0357	0.0029	0.0435	0.0135	0	0	0	0	0.1786	0.2176	0.1304	0.036	0.0182	0.0065	0.0005	0.0246	0.2857	0.4545	0.2143	0.1364	0.0714	0.0455	0	0	0.4286	0.3636	0	0	0.4	0.0035	0	0	0	0	0	0	0	0	0	0	0.6	0.9965	0	0	0	0
592E2DB79C1D9B15FBB22769AB7285CE9E33C42C4D3EC132D19219BB6F4AB7AB.apk	2015-08-23	0.1755	0.0122	0.1096	0.0137	0.093	1	0.0433	0.1923	0	0	0	0	0	0	0	0	0	0	0	0	0.9767	0.9904	1	1	0.0233	0.0096	0	0	0.6667	0.8846	0.6667	0.6	0	0	0	0	0	0	0	0	0	0	0	0	0	0	0	0	0.3333	0.1154	0.3333	0.4	0.0163	0.0082	0.0032	0.0021	0.5	0.5	0.5	0.5	0	0	0	0	0	0	0	0	0.5	0.5	0	0	0	0	0	0	0	0	0	0	0.5	0.5	0	0	0	0
598C7BA8513AC8DD469DB3D1DC43F35653DDAAF5E3911F240085385260718FB9.apk	2015-06-22	0.1733	0.0398	0.2036	0.0166	0.3243	0.8235	0.0243	0.3664	0	0	0	0	0.0405	0.0076	0.0833	0.3031	0.0541	0.0108	0.1667	0.0087	0.8919	0.9779	0.75	0.6882	0.0135	0.0037	0	0	0.7059	0.6829	0.7857	0.7394	0	0	0	0	0.1176	0.2299	0.1429	0.1374	0	0	0	0	0	0	0	0	0.1765	0.0872	0.0714	0.1232	0.0164	0.0047	0.0016	0.0015	0.2857	0.4917	0.4286	0.4972	0.1429	0.0055	0	0	0.1429	0.0055	0	0	0.5	0.5	0	0	0	0	0	0	0	0	0	0	0.5	0.5	0	0	0	0
59CAE745628B164A71C2275FD730927002E5834520F1E2CEB73B6F69B2129140.apk	2015-12-28	0.1525	0.0567	0.1578	0.0245	0.3256	0.5625	0.1019	0.4802	0	0	0	0	0	0	0	0	0	0	0	0	1	1	1	1	0	0	0	0	0.8125	0.8571	0.7778	0.7722	0	0	0	0	0.0625	0.0274	0	0	0	0	0	0	0	0	0	0	0.125	0.1155	0.2222	0.2278	0.0177	0.0071	0.0031	0.0015	0.4	0.4878	0.4	0.4878	0	0	0.2	0.0244	0	0	0	0	0	0	0	0	0	0	0	0	0.5	0.95	0	0	0.5	0.05	0	0	0	0
5D3A92B7D6B7DB7EB0880D7C1C9FBF371A627FFD6BB4F1D68D2BEF73FAC88185.apk	2015-09-20	0	0	0	0	0	0	0	0	0	0	0	0	0	0	0	0	0	0	0	0	0	0	0	0	0	0	0	0	0	0	0	0	0	0	0	0	0	0	0	0	0	0	0	0	0	0	0	0	0	0	0	0	0	0	0	0	0	0	0	0	0	0	0	0	0	0	0	0	0	0	0	0	0	0	0	0	0	0	0	0	0	0	0	0	0	0
5D5AA1B6AA52276EF338D8CFDD1F2141F09E5B6170E1E0638BC1D354833561DD.apk	2015-09-25	0.1463	0.0329	0.1926	0.0253	0.325	0.7222	0.0719	0.2138	0	0	0	0	0.025	0.0158	0.0769	0.2114	0.0625	0.0164	0.1154	0.0122	0.9	0.9585	0.8077	0.7764	0.0125	0.0094	0	0	0.6111	0.4098	0.6923	0.5312	0	0	0	0	0.1667	0.4432	0.1538	0.0208	0	0	0	0	0	0	0	0	0.2222	0.147	0.1538	0.4479	0.0329	0.0146	0.0042	0.0042	0.4444	0.5946	0.1667	0.0405	0.0556	0.0135	0	0	0.3333	0.3514	0	0	0.375	0.5	0	0	0	0	0	0	0	0	0	0	0.625	0.5	0	0	0	0
5F43E282D907694CEB48472B0B9300BA39EB8B9612FD9EE2691D42178EBC00E2.apk	2015-06-03	0.1014	0.0416	0.165	0.0185	0.4701	0.8182	0.0155	0.1164	0	0	0	0	0.0149	0.0003	0.0317	0.0055	0.0299	0.0183	0.0159	0.0083	0.9478	0.9797	0.9524	0.9862	0.0075	0.0017	0	0	0.8	0.4964	0.7556	0.6678	0.0182	0.2738	0.0222	0.0033	0.0545	0.0184	0.0667	0.0329	0.0182	0.0027	0.0222	0.0164	0	0	0	0	0.1091	0.2087	0.1333	0.2796	0.0174	0.0265	0.0009	0.0062	0.913	0.9389	0.087	0.0611	0	0	0	0	0	0	0	0	0	0	0	0	0	0	0	0	0.2	0.3973	0.1714	0.0068	0.3429	0.5846	0.1143	0.0045	0.1714	0.0068
5F6E3ED7C8D2A477D5E518B36938E145A09A00F4B56FE17B9E14E8CBDB2E849B.apk	2015-12-28	0.1378	0.0638	0.0944	0.0387	0.3333	0.56	0.1623	0.291	0	0	0	0	0.0556	0.026	0.1667	0.0755	0	0	0	0	0.9259	0.9479	0.8333	0.9245	0.0185	0.026	0	0	0.76	0.8433	0.7143	0.8718	0.04	0.0112	0.0714	0.0256	0.04	0.0709	0.0714	0.0128	0	0	0	0	0	0	0	0	0.16	0.0746	0.1429	0.0897	0.0434	0.0561	0.0077	0.0278	0.5294	0.7358	0.1176	0.0377	0.1176	0.0377	0	0	0.2353	0.1887	0	0	0	0	0	0	0	0	0	0	0.3636	0.6771	0	0	0.0455	0.0052	0.1818	0.0208	0.4091	0.2969
604C6DD4433DB5BDD3155C3EC35B5A6F9AA14404839992288C337EFB7E7A8C98.apk	2015-09-25	0.1256	0.0518	0.2507	0.0258	0.4404	0.6444	0.0362	0.1774	0	0	0	0	0.0275	0.0015	0.0625	0.023	0.0459	0.0071	0.0833	0.0651	0.9174	0.9904	0.8542	0.9119	0.0092	0.001	0	0	0.8	0.6304	0.7931	0.6591	0.0222	0.004	0.0345	0.0076	0.0889	0.2567	0.1379	0.3182	0	0	0	0	0	0	0	0	0.0889	0.1089	0.0345	0.0152	0.0334	0.0127	0.0036	0.006	0.6897	0.8932	0.069	0.0194	0.1034	0.0291	0	0	0.1379	0.0583	0	0	0.0909	0.0172	0	0	0	0	0	0	0.2727	0.2069	0	0	0.5455	0.7701	0.0909	0.0057	0	0
64D0E3568F2B76A7073D337D8343CDC0B8CB656F0C7CBDA2BD046D149409859A.apk	2015-12-28	0.1435	0.0355	0.1505	0.0226	0.2472	0.6364	0.0136	0.0458	0	0	0	0	0.0337	0.0036	0.0909	0.1379	0.0562	0.0033	0.1364	0.0345	0.8989	0.9927	0.7727	0.8276	0.0112	0.0005	0	0	0.6818	0.7784	0.7143	0.6364	0	0	0	0	0.0455	0.0645	0.0714	0.0455	0.0455	0.0073	0.0714	0.1364	0	0	0	0	0.2273	0.1498	0.1429	0.1818	0.029	0.0161	0.0011	0.004	0.5	0.6444	0.1111	0.0444	0.0556	0.0222	0	0	0.3333	0.2889	0	0	0	0	0	0	0	0	0	0	0.6	0.8284	0	0	0.4	0.1716	0	0	0	0
67C2DF391F6985E4E1D7B90D4C0E522B7F800BB2756B78009B018E9D1C67AB2D.apk	2015-06-21	0.1726	0.0355	0.2008	0.0208	0.0588	0.4286	0.0141	0.1136	0	0	0	0	0	0	0	0	0	0	0	0	1	1	1	1	0	0	0	0	0.8571	0.8182	0.6667	0.8	0	0	0	0	0	0	0	0	0.1429	0.1818	0.3333	0.2	0	0	0	0	0	0	0	0	0.0203	0.0102	0.0047	0.0038	1	1	0	0	0	0	0	0	0	0	0	0	0	0	0	0	0	0	0	0	1	1	0	0	0	0	0	0	0	0
734151BB28622344AA7E5F9E36910F2E923E8728250C9811715BD112BCED145A.apk	2015-12-28	0.2143	0.0286	0.1478	0.0185	0.2	1	0.2058	0.9871	0	0	0	0	0	0	0	0	0	0	0	0	1	1	1	1	0	0	0	0	1	1	1	1	0	0	0	0	0	0	0	0	0	0	0	0	0	0	0	0	0	0	0	0	0.0429	0.0143	0.0064	0.0062	0.3333	0.0185	0.6667	0.9815	0	0	0	0	0	0	0	0	1	1	0	0	0	0	0	0	0	0	0	0	0	0	0	0	0	0
74C069875C73FF06D6D6E30EA8C148098A275875DD551F2407E52E6658F46D02.apk	2015-12-28	0	0	0	0	0	0	0	0	0	0	0	0	0	0	0	0	0	0	0	0	0	0	0	0	0	0	0	0	0	0	0	0	0	0	0	0	0	0	0	0	0	0	0	0	0	0	0	0	0	0	0	0	0	0	0	0	0	0	0	0	0	0	0	0	0	0	0	0	0	0	0	0	0	0	0	0	0	0	0	0	0	0	0	0	0	0
7A3E006B2819683B7F77243168E03C563BB3898E9C3C770158959FE2CC0EB205.apk	2015-12-28	0.0253	0.0253	0.0162	0.0162	0	0	0	0	0	0	0	0	0	0	0	0	0	0	0	0	1	1	0	0	0	0	0	0	1	1	0	0	0	0	0	0	0	0	0	0	0	0	0	0	0	0	0	0	0	0	0	0	0.038	0.0127	0.0162	0.0081	1	1	0	0	0	0	0	0	0	0	0	0	0	0	0	0	0	0	0	0	1	1	0	0	0	0	0	0	0	0
7AA5C588CBE89A3321AE873EE5BA6CE1F9E9DD0C2370B4EABCE12572F6AD0C85.apk	2015-12-31	0.2222	0.0278	0.2697	0.027	0.125	1	0.099	0.9878	0	0	0	0	0	0	0	0	0	0	0	0	1	1	1	1	0	0	0	0	1	1	1	1	0	0	0	0	0	0	0	0	0	0	0	0	0	0	0	0	0	0	0	0	0.0556	0.0278	0.0274	0.027	0	0	1	1	0	0	0	0	0	0	0	0	0	0	0	0	0	0	0	0	1	1	0	0	0	0	0	0	0	0
7B55CDC4E65E71D5780436222596DCC187673654F43B2153AF0D559805A767E5.apk	2015-07-16	0.1408	0.0315	0.1173	0.0234	0.3284	0.7333	0.1218	0.329	0	0	0	0	0	0	0	0	0.0299	0.0052	0	0	0.9701	0.9948	1	1	0	0	0	0	0.6	0.2504	0.4545	0.6062	0	0	0	0	0.3333	0.6987	0.4545	0.2434	0	0	0	0	0	0	0	0	0.0667	0.0509	0.0909	0.1504	0.0168	0.0147	0.0019	0.0019	0.5	0.6071	0.25	0.1964	0	0	0	0	0.25	0.1964	0	0	0	0	0	0	0	0	0	0	0.5714	0.9455	0	0	0	0	0.4286	0.0545	0	0
80BC2E24CD834363B5E859FC4262CB909DCB74167D43E1861E2FCE62D4D46D8A.apk	2015-06-03	0.1111	0.0173	0.1147	0.0189	0.3333	1	0.0382	0.2151	0	0	0	0	0	0	0	0	0	0	0	0	0.9778	0.9952	1	1	0.0222	0.0048	0	0	0.5714	0.7849	0.5714	0.2601	0	0	0	0	0.4286	0.2151	0.4286	0.7399	0	0	0	0	0	0	0	0	0	0	0	0	0.0049	0.0025	0.0005	0.0005	0	0	1	1	0	0	0	0	0	0	0	0	1	1	0	0	0	0	0	0	0	0	0	0	0	0	0	0	0	0
8857B77E5D43E9A06574635967D48EE674BAF37BF444E57FADBF9104E7B97EE1.apk	2015-12-28	0.0765	0.0211	0.0611	0.0003	0.2105	0.6667	0.0022	0.3656	0	0	0	0	0.0395	0.0005	0.1875	0.1753	0	0	0	0	0.9474	0.9994	0.8125	0.8247	0.0132	0.0001	0	0	0.8095	0.63	0.8571	0.8795	0	0	0	0	0.0476	0.2907	0.0714	0.0361	0	0	0	0	0	0	0	0	0.1429	0.0793	0.0714	0.0843	0.0211	0.0131	0.0001	0.0006	0.5238	0.619	0.1429	0.0476	0.0476	0.0159	0	0	0.2857	0.3175	0	0	0	0	0	0	0.1538	0.7891	0	0	0.2308	0.0609	0	0	0.6154	0.15	0	0	0	0
8AB7EFE27275135AD00AF73BEF9C7C92BB65F7A1081718D646C72EF71F631C83.apk	2015-08-16	0.0973	0.0459	0.1444	0.0517	0.3483	0.619	0.0723	0.2427	0	0	0	0	0.0337	0.0272	0.0968	0.1787	0.0337	0.0031	0.0968	0.0145	0.9213	0.9682	0.8065	0.8068	0.0112	0.0014	0	0	0.8333	0.8216	0.8462	0.8474	0	0	0	0	0.0238	0.0634	0.0385	0.004	0.0238	0.0058	0	0	0.0238	0.0088	0	0	0.0952	0.1004	0.1154	0.1486	0.0295	0.0142	0.0085	0.0086	0.4815	0.7456	0.1481	0.0296	0.0741	0.0118	0.037	0.0059	0.2593	0.2071	0	0	0.7692	0.9825	0	0	0	0	0	0	0	0	0	0	0.1538	0.0117	0.0769	0.0058	0	0
8D71F9B60396633C66052403D9DAE80B0ED45A08011F2D53FB02A017846EE9CC.apk	2015-08-16	0.0988	0.0471	0.1431	0.0509	0.3182	0.5952	0.1137	0.1906	0	0	0	0	0.0341	0.0306	0.0714	0.2353	0.0341	0.0057	0.1071	0.0126	0.9205	0.9618	0.8214	0.7521	0.0114	0.0019	0	0	0.8333	0.7933	0.88	0.7887	0	0	0	0	0.0238	0.0846	0.04	0.007	0.0238	0.0054	0	0	0.0238	0.0094	0	0	0.0952	0.1074	0.08	0.2042	0.0314	0.0146	0.0085	0.0082	0.4643	0.7097	0.1429	0.0403	0.1071	0.0242	0.0357	0.0081	0.25	0.2177	0	0	0.7692	0.975	0	0	0	0	0	0	0	0	0	0	0.1538	0.0167	0.0769	0.0083	0	0
8DC93D145CD505EB5257116CD5E7EB1584C6D992E7DE48DA2B224C5A8188CB1E.apk	2015-01-18	0	0.0909	0	0.1245	0	0	0	0	0	0	0	0	0	0	0	0	0	0	0	0	0	0	0	0	0	0	0	0	1	1	0	0	0	0	0	0	0	0	0	0	0	0	0	0	0	0	0	0	0	0	0	0	0	0	0	0	0	0	0	0	0	0	0	0	0	0	0	0	0	0	0	0	0	0	0	0	0	0	0	0	0	0	0	0	0	0
8DF7AA9B902B7811DBE406AE0457AACF42E0ED56B59E645CA2C9ED8FE44CD790.apk	2015-09-11	0.1963	0.0429	0.2176	0.0516	0.4062	0.8571	0.02	0.0581	0	0	0	0	0	0	0	0	0	0	0	0	1	1	1	1	0	0	0	0	0.7143	0.9967	0.6667	0.9718	0.1429	0.0016	0.1667	0.0141	0	0	0	0	0	0	0	0	0	0	0	0	0.1429	0.0016	0.1667	0.0141	0.0491	0.0184	0.0032	0.003	0.375	0.9079	0.25	0.0395	0.125	0.0132	0	0	0.25	0.0395	0	0	0	0	0	0	0	0	0	0	1	1	0	0	0	0	0	0	0	0
91711E3BE0B480FFB46E312443E017DDD0CB7E397392172283EF16385AE657DA.apk	2015-07-14	0.1418	0.0321	0.1901	0.0257	0.28	0.7059	0.0815	0.2684	0	0	0	0	0.04	0.0246	0.0952	0.2707	0.0667	0.026	0.1429	0.0131	0.88	0.9381	0.7619	0.7162	0.0133	0.0114	0	0	0.5882	0.4763	0.6667	0.4412	0	0	0	0	0.1765	0.2974	0.1667	0.0196	0	0	0	0	0	0	0	0	0.2353	0.2263	0.1667	0.5392	0.0265	0.0095	0.0028	0.0027	0.2857	0.7143	0.2143	0.0714	0.0714	0.0238	0	0	0.4286	0.1905	0	0	0	0	0	0	0	0	0	0	0.8	0.8	0	0	0.2	0.2	0	0	0	0
9439A5B7ACA13FAA05093DA27CDBBE2955188104E2A07A10809558952A1693E3.apk	2015-06-03	0.1158	0.0245	0.0389	0.0013	0.1538	0.6364	0.0068	0.1776	0	0	0	0	0	0	0	0	0	0	0	0	1	1	1	1	0	0	0	0	0.8182	0.9876	0.7143	0.986	0	0	0	0	0	0	0	0	0.0909	0.0037	0.1429	0.007	0	0	0	0	0.0909	0.0087	0.1429	0.007	0.0178	0.0223	0.0001	0.0004	1	1	0	0	0	0	0	0	0	0	0	0	0	0	0	0	0	0	0	0	0	0	0	0	1	1	0	0	0	0
9493C2D973F2F4439C3D7BF304906F465650D69E81EB724EC5262AA5624ECACA.apk	2015-01-18	0	0	0	0	0	0	0	0	0	0	0	0	0	0	0	0	0	0	0	0	0	0	0	0	0	0	0	0	0	0	0	0	0	0	0	0	0	0	0	0	0	0	0	0	0	0	0	0	0	0	0	0	0	0	0	0	0	0	0	0	0	0	0	0	0	0	0	0	0	0	0	0	0	0	0	0	0	0	0	0	0	0	0	0	0	0
95D78811D137D65CFDF255615F44DE7BAC4966F94FADF0785177298E1B1F1089.apk	2015-07-14	0.1471	0.0294	0.1599	0.0104	0.16	0.4	0.0452	0.2338	0	0	0	0	0	0	0	0	0.08	0.0305	0	0	0.88	0.9347	1	1	0.04	0.0348	0	0	0.8	0.7662	1	1	0	0	0	0	0	0	0	0	0	0	0	0	0	0	0	0	0.2	0.2338	0	0	0.0235	0.0059	0.0018	0.0016	0	0	0.25	0.0294	0	0	0	0	0.75	0.9706	0	0	0	0	0	0	0	0	0	0	1	1	0	0	0	0	0	0	0	0
98069510BA742DABBE863559F19DB0843BB1486F98960B5A457D72509C5202B0.apk	2015-12-28	0.1787	0.0531	0.2139	0.0308	0.4054	0.7273	0.1637	0.5667	0	0	0	0	0.0541	0.0534	0.1333	0.318	0.1351	0.0575	0.2	0.0126	0.8108	0.889	0.6667	0.6695	0	0	0	0	0.7273	0.5952	0.75	0.3613	0	0	0	0	0.0909	0.2095	0.125	0.3193	0	0	0	0	0	0	0	0	0.1818	0.1952	0.125	0.3193	0.0242	0.0048	0.0059	0.0053	0.4	0.925	0.2	0.025	0.2	0.025	0	0	0.2	0.025	0	0	0	0	0	0	0	0	0	0	0	0	0	0	1	1	0	0	0	0
9945CD7C63CEA913A7A816F0678AC44B03E44EDBEC9DBC42406D616263BD717B.apk	2015-08-18	0.1343	0.0672	0.1006	0.1146	0.2778	0.5556	0.557	0.4891	0	0	0	0	0	0	0	0	0	0	0	0	0.9444	0.9971	1	1	0.0556	0.0029	0	0	0.7778	0.9936	0.8	0.9948	0.1111	0.0039	0.2	0.0052	0	0	0	0	0	0	0	0	0	0	0	0	0.1111	0.0026	0	0	0.0373	0.0075	0.0193	0.0187	0.4	0.9771	0	0	0.6	0.0229	0	0	0	0	0	0	1	1	0	0	0	0	0	0	0	0	0	0	0	0	0	0	0	0
99E4FB02986B312B8313B80D44FBF7C2E11551876CAA4EB517D5BB5B8DAE75B4.apk	2015-10-26	0.2344	0.0677	0.1546	0.1285	0.5111	0.6154	0.0115	0.0067	0	0	0	0	0	0	0	0	0.0444	0.0017	0	0	0.9556	0.9983	1	1	0	0	0	0	0.8462	0.9961	0.75	0.7143	0	0	0	0	0.1538	0.0039	0.25	0.2857	0	0	0	0	0	0	0	0	0	0	0	0	0.0156	0.0052	0.0003	0.0003	1	1	0	0	0	0	0	0	0	0	0	0	0	0	0	0	0	0	0	0	1	1	0	0	0	0	0	0	0	0
9A7FAF73784E15110EDDFE2151F124A9A8161B15CE2706D288D4DFAB5E2F6F03.apk	2015-08-10	0.1674	0.0379	0.3974	0.0067	0.2867	0.6471	0.0089	0.1637	0	0	0	0	0.02	0.0008	0.0465	0.033	0.0333	0.0003	0.0698	0.0071	0.94	0.9988	0.8837	0.9599	0.0067	0.0001	0	0	0.7353	0.7771	0.7273	0.6923	0	0	0	0	0.0882	0.1776	0.1364	0.1846	0.0294	0.0025	0	0	0.0294	0.0113	0.0455	0.0615	0.1176	0.0315	0.0909	0.0615	0.0123	0.0045	0.0002	0.0067	0.2727	0.4444	0.1818	0.0741	0.1818	0.0741	0	0	0.3636	0.4074	0	0	0	0	0	0	0	0	0	0	0.5	0.0224	0	0	0.5	0.9776	0	0	0	0
9ADFC49EB457C0523EDEE32807DC5527D7D531FE9F4E9298931DFB78AADF9992.apk	2015-07-14	0.1726	0.0355	0.1956	0.0181	0.0588	0.4286	0.0132	0.2143	0	0	0	0	0	0	0	0	0	0	0	0	1	1	1	1	0	0	0	0	0.8571	0.7857	0.6667	0.6667	0	0	0	0	0	0	0	0	0.1429	0.2143	0.3333	0.3333	0	0	0	0	0	0	0	0	0.0203	0.0102	0.0039	0.003	1	1	0	0	0	0	0	0	0	0	0	0	0	0	0	0	0	0	0	0	1	1	0	0	0	0	0	0	0	0
9C1BC5A11278278F7056638147D932DD7CB8D4D389DA041BEB9B5929244FC7B7.apk	2015-10-13	0.1111	0.1667	0.1226	0.2069	0.5	0.6667	0.5312	0.6296	0	0	0	0	0	0	0	0	0	0	0	0	1	1	1	1	0	0	0	0	1	1	1	1	0	0	0	0	0	0	0	0	0	0	0	0	0	0	0	0	0	0	0	0	0.1111	0.1111	0.0728	0.0728	1	1	0	0	0	0	0	0	0	0	0	0	0	0	0	0	0	0	0	0	0	0	0	0	1	1	0	0	0	0
9E1ACE83573A12F016DA8397E9BDECC606635ACC6B5D6346CCF0C50423D56BDF.apk	2015-08-11	0	0	0	0	0	0	0	0	0	0	0	0	0	0	0	0	0	0	0	0	0	0	0	0	0	0	0	0	0	0	0	0	0	0	0	0	0	0	0	0	0	0	0	0	0	0	0	0	0	0	0	0	0	0	0	0	0	0	0	0	0	0	0	0	0	0	0	0	0	0	0	0	0	0	0	0	0	0	0	0	0	0	0	0	0	0
A0E0024ED40507AC3C40D25F876147A0A6D96A260A45692952905110D6C6B6DE.apk	2015-05-19	0.1247	0.0773	0.1631	0.0396	0.68	0.8387	0.0524	0.1663	0	0	0	0	0	0	0	0	0	0	0	0	1	1	1	1	0	0	0	0	0.871	0.3646	0.8846	0.836	0	0	0	0	0.0645	0.0393	0.0769	0.156	0.0323	0.002	0.0385	0.008	0	0	0	0	0.0323	0.5941	0	0	0.0698	0.0599	0.0025	0.0367	0.9286	0.9677	0.0714	0.0323	0	0	0	0	0	0	0	0	0	0	0	0	0	0	0	0	0.2917	0.6877	0	0	0.6667	0.3116	0	0	0.0417	0.0007
A21E72809D79A99AEF8048EC7773324CEF4D327E2715241A1F177321D0DF2984.apk	2015-06-10	0.0732	0.0159	0.05	0.0059	0.25	0.4615	0.0397	0.1445	0	0	0	0	0	0	0	0	0	0	0	0	0.9833	0.997	1	1	0.0167	0.003	0	0	0.6923	0.8241	0.6667	0.6696	0	0	0	0	0.1538	0.0741	0.1667	0.1652	0.0769	0.0251	0.1667	0.1652	0	0	0	0	0.0769	0.0766	0	0	0.0098	0.0085	0.0006	0.0014	0.75	0.75	0.25	0.25	0	0	0	0	0	0	0	0	0.1429	0.1105	0	0	0.1429	0.0055	0	0	0	0	0	0	0.7143	0.884	0	0	0	0
A6303D8CBFE1B2A15A7266238B8BFE375B3DE6D8440D82582E5CDB326449B787.apk	2015-07-14	0.1149	0.0431	0.0189	0.0018	0.25	0.5833	0.0306	0.3414	0	0	0	0	0	0	0	0	0.0312	0.004	0	0	0.9531	0.9914	1	1	0.0156	0.0046	0	0	0.8333	0.6381	0.9286	0.9454	0.0417	0.0168	0	0	0	0	0	0	0	0	0	0	0	0	0	0	0.125	0.3451	0.0714	0.0546	0.0395	0.0197	0.0005	0.0009	0.7273	0.7817	0.1364	0.1408	0	0	0	0	0.1364	0.0775	0	0	0	0	0	0	0	0	0	0	0.9091	0.9963	0	0	0.0909	0.0037	0	0	0	0
A737642B5D483962EE3F442182AFA4CE8C025C76DBA8E3A8CF14903119B8A639.apk	2015-08-04	0.1667	0	0.2302	0	0	0	0	0	0	0	0	0	0	0	0	0	0	0	0	0	1	1	0	0	0	0	0	0	0	0	0	0	0	0	0	0	0	0	0	0	0	0	0	0	0	0	0	0	0	0	0	0	0	0	0	0	0	0	0	0	0	0	0	0	0	0	0	0	0	0	0	0	0	0	0	0	0	0	0	0	0	0	0	0	0	0
AA27070D27D3DB2CFDCD91F55FE553A93F7F2C8FEE4952E20A288E7EF546437F.apk	2015-08-12	0	0	0	0	0	0	0	0	0	0	0	0	0	0	0	0	0	0	0	0	0	0	0	0	0	0	0	0	0	0	0	0	0	0	0	0	0	0	0	0	0	0	0	0	0	0	0	0	0	0	0	0	0	0	0	0	0	0	0	0	0	0	0	0	0	0	0	0	0	0	0	0	0	0	0	0	0	0	0	0	0	0	0	0	0	0
AA5B84A6C897E789A23E66A7E5642B5D2EA58D05AB37E8343FE94B0EB5E821FB.apk	2015-11-05	0.0928	0.0449	0.0526	0.0022	0.5	0.8065	0.0421	0.6071	0	0	0	0	0.0312	0.0008	0.0625	0.0024	0.0156	0.0008	0.0312	0.0083	0.9531	0.9984	0.9062	0.9893	0	0	0	0	0.7742	0.8786	0.76	0.8784	0	0	0	0	0.1613	0.094	0.16	0.0804	0.0323	0.0131	0.04	0.0196	0	0	0	0	0.0323	0.0143	0.04	0.0216	0.0246	0.0101	0.0003	0.0002	1	1	0	0	0	0	0	0	0	0	0	0	0.7143	0.978	0	0	0	0	0	0	0	0	0	0	0.2857	0.022	0	0	0	0
ACCB538E8496BC7D5734BAF67E24102EF783875EB970C6FD813F0FF00515A2A5.apk	2015-09-05	0	0	0	0	0	0	0	0	0	0	0	0	0	0	0	0	0	0	0	0	0	0	0	0	0	0	0	0	0	0	0	0	0	0	0	0	0	0	0	0	0	0	0	0	0	0	0	0	0	0	0	0	0	0	0	0	0	0	0	0	0	0	0	0	0	0	0	0	0	0	0	0	0	0	0	0	0	0	0	0	0	0	0	0	0	0
0D45D059018A0D4A578691E7B9960338A31B1B99239F26CBB4EBC0781D8D86AB.apk	2015-06-06	0.2121	0.0303	0.2498	0.0712	0.2857	1	0.0016	0.0028	0	0	0	0	0	0	0	0	0	0	0	0	1	1	1	1	0	0	0	0	0	0	0	0	0	0	0	0	1	1	1	1	0	0	0	0	0	0	0	0	0	0	0	0	0.1818	0.0606	0.1076	0.0714	0.5	0.6648	0.3333	0.3333	0	0	0.1667	0.0018	0	0	0	0	0	0	0	0	0	0	0	0	1	1	0	0	0	0	0	0	0	0
126AF6D55E5EDB8662A3FBBBC83DB781756C31A1A7FEC630D361F974F7CDF278.apk	2015-09-05	0.1019	0.036	0.1696	0.035	0.1818	0.5714	0.072	0.3938	0	0	0	0	0	0	0	0	0.0303	0.0057	0	0	0.9697	0.9943	1	1	0	0	0	0	0.8286	0.8398	0.95	0.8867	0.0286	0.0522	0.05	0.1133	0.0286	0.0299	0	0	0.0286	0.0088	0	0	0	0	0	0	0.0857	0.0692	0	0	0.0226	0.0288	0.0036	0.0064	0.8636	0.983	0.0455	0.0057	0.0455	0.0057	0	0	0.0455	0.0057	0	0	0.3571	0.8939	0	0	0.1071	0.0096	0	0	0	0	0.0357	0.0032	0.3929	0.0836	0.0357	0.0032	0.0714	0.0064
1854D3C6C3C99E3718DD78E9FDF67E49F5B73C8A0A07A8A52E3251B20A84B82D.apk	2015-08-10	0.1477	0.0477	0.2908	0.0393	0.3538	0.6667	0.0631	0.0932	0	0	0	0	0.0462	0.0037	0.087	0.0312	0	0	0	0	0.9538	0.9963	0.913	0.9688	0	0	0	0	0.619	0.6084	0.6429	0.4844	0	0	0	0	0.0952	0.3188	0.1429	0.0625	0	0	0	0	0	0	0	0	0.2857	0.0728	0.2143	0.4531	0.0477	0.0273	0.0063	0.0037	0.7143	0.7297	0.0476	0.009	0.1905	0.2523	0	0	0.0476	0.009	0	0	0	0	0	0	0	0	0	0	0.0833	0.0312	0	0	0.6667	0.9219	0.25	0.0469	0	0
18C304822E7D5262EE3911C146F4B4B136A587A0044FB6C56EA80C7973C9740E.apk	2015-06-22	0.0594	0.0306	0.0527	0.0048	0.3182	0.6765	0.0429	0.2342	0	0	0	0	0	0	0	0	0	0	0	0	1	1	1	1	0	0	0	0	0.8824	0.7758	0.8696	0.9547	0.0294	0.1351	0	0	0.0882	0.0891	0.1304	0.0453	0	0	0	0	0	0	0	0	0	0	0	0	0.0234	0.0234	0.0007	0.0026	1	1	0	0	0	0	0	0	0	0	0	0	0	0	0	0	0	0	0	0	0.2308	0.0326	0	0	0.7692	0.9674	0	0	0	0
1EA51906D17606FB5376BC6A106A665BFA3DBC22614845230D48FE0E6A0B5C92.apk	2015-02-22	0	0	0	0	0	0	0	0	0	0	0	0	0	0	0	0	0	0	0	0	0	0	0	0	0	0	0	0	0	0	0	0	0	0	0	0	0	0	0	0	0	0	0	0	0	0	0	0	0	0	0	0	0.2	0.1	0.1433	0.1425	0	0	1	1	0	0	0	0	0	0	0	0	0	0	0	0	0	0	0	0	1	1	0	0	0	0	0	0	0	0
31DE6CACC56D46A4886C0599CC86D6B56938BAD2085975B8620F87437C89B0B0.apk	2015-02-22	0.1447	0.0219	0.0927	0.0008	0.2727	0.8	0.0122	0.33	0	0	0	0	0.0606	0.0036	0	0	0	0	0	0	0.9394	0.9964	1	1	0	0	0	0	0.8	0.5369	0.75	0.9104	0	0	0	0	0	0	0	0	0	0	0	0	0	0	0	0	0.2	0.4631	0.25	0.0896	0.0263	0.0219	0.0002	0.0002	1	1	0	0	0	0	0	0	0	0	0	0	0	0	0	0	0.2	0.0161	0	0	0.6	0.6935	0	0	0.2	0.2903	0	0	0	0
40894BC37CE2E6C1659A9979F16CBC7C7B0705F3CE61942D2090F624D8A89733.apk	2015-02-22	0.0715	0.0371	0.017	0.0083	0.3846	0.4074	0.113	0.0109	0	0	0	0	0	0	0	0	0	0	0	0	1	1	1	1	0	0	0	0	0.8519	0.2635	0.8182	0.8158	0	0	0	0	0	0	0	0	0	0	0	0	0	0	0	0	0.1481	0.7365	0.1818	0.1842	0.033	0.0179	0.0003	0.0028	0.875	0.9718	0.0833	0.0211	0	0	0.0417	0.007	0	0	0	0	0	0	0	0	0	0	0	0	0.5385	0.9602	0	0	0.4615	0.0398	0	0	0	0
6BA4E267C191669650D415E7538E25BB9B9B6374E7C395DB0E33FEC7363541D3.apk	2015-08-27	0.1373	0.0348	0.2121	0.0696	0.4366	0.7222	0.2844	0.7986	0	0	0	0	0.0282	0.0023	0.0645	0.0078	0.0282	0.0033	0	0	0.9296	0.989	0.9355	0.9922	0.0141	0.0054	0	0	0.7222	0.9717	0.6923	0.9707	0	0	0	0	0.0556	0.0051	0.0769	0.001	0	0	0	0	0	0	0	0	0.2222	0.0232	0.2308	0.0283	0.0348	0.0039	0.0019	0.0007	0.3889	0.6897	0.1667	0.0115	0.1111	0.0153	0	0	0.3333	0.2835	0	0	0	0	0	0	0	0	0	0	0.5	0.734	0	0	0.5	0.266	0	0	0	0
71819DF42C0DF40E629EA1D4FA4DE7A84B0F0155E86E6DA1FB1194658C9C699A.apk	2015-06-22	0	0	0	0	0	0	0	0	0	0	0	0	0	0	0	0	0	0	0	0	0	0	0	0	0	0	0	0	0	0	0	0	0	0	0	0	0	0	0	0	0	0	0	0	0	0	0	0	0	0	0	0	0	0	0	0	0	0	0	0	0	0	0	0	0	0	0	0	0	0	0	0	0	0	0	0	0	0	0	0	0	0	0	0	0	0
72ACAFA7307BAD1C2264DB85795533C7DB315FD542DE9A92D7F064A09017C739.apk	2015-02-22	0.5	0	0.9943	0	0	0	0	0	0	0	0	0	0	0	0	0	0	0	0	0	1	1	0	0	0	0	0	0	0	0	0	0	0	0	0	0	0	0	0	0	0	0	0	0	0	0	0	0	0	0	0	0	0	0	0	0	0	0	0	0	0	0	0	0	0	0	0	0	0	0	0	0	0	0	0	0	0	0	0	0	0	0	0	0	0	0
780AAE123672A5D48606DF307569F42BD4D02931C4A157168BE77370DED0D4B5.apk	2015-02-22	0.1184	0.0526	0.2023	0.0072	0.2917	0.6875	0.0068	0.0442	0.0278	0	0	0	0	0	0	0	0	0	0	0	0.9722	1	1	1	0	0	0	0	0.7812	0.8459	0.8636	0.1633	0.0312	0.0014	0	0	0.125	0.043	0.0909	0.8286	0	0	0	0	0	0	0	0	0.0625	0.1096	0.0455	0.0082	0.0214	0.0132	0	0.0008	0.9231	0.9756	0	0	0	0	0	0	0.0769	0.0244	0	0	0	0	0	0	0	0	0	0	0.625	0.9975	0	0	0	0	0	0	0.375	0.0025
82D733D5F5839D79AB8A5CB3C21B519BED33B46248A492F80BCD112FDAB86B5F.apk	2015-10-13	0.1047	0.0581	0.0977	0.0077	0.5556	1	0.0533	0.6423	0	0	0	0	0	0	0	0	0	0	0	0	1	1	1	1	0	0	0	0	0.9	0.8905	0.9	0.9205	0	0	0	0	0	0	0	0	0	0	0	0	0	0	0	0	0.1	0.1095	0.1	0.0795	0.0814	0.0465	0.0087	0.0092	1	1	0	0	0	0	0	0	0	0	0	0	0	0	0.25	0.2606	0	0	0	0	0.125	0.0121	0	0	0.625	0.7273	0	0	0	0
8AFE5483F2D929209ED080885D55D5A19014D458F30CE1F204DBF907D211E6E7.apk	2015-02-22	0.1055	0.0496	0.1431	0.0733	0.3176	0.775	0.0544	0.1432	0	0	0	0	0	0	0	0	0.0235	0.0026	0	0	0.9529	0.9905	1	1	0.0235	0.0069	0	0	0.775	0.8423	0.7742	0.8636	0.05	0.0426	0.0323	0.0804	0.15	0.1142	0.1613	0.0524	0	0	0	0	0	0	0	0	0.025	0.001	0.0323	0.0035	0.036	0.0397	0.0026	0.0072	0.6897	0.7917	0.069	0.0278	0.069	0.0278	0	0	0.1724	0.1528	0	0	0	0	0	0	0	0	0	0	0.1562	0.2398	0.3125	0.0663	0.5	0.6888	0.0312	0.0051	0	0
90F389AAE64AB31573A8F24F6E7E2EFB63C09EB3F033286C0299A1FAF6B6CF41.apk	2015-02-22	0.104	0.0578	0.0997	0.0067	0.5556	1	0.0481	0.6605	0	0	0	0	0	0	0	0	0	0	0	0	1	1	1	1	0	0	0	0	0.9	0.8744	0.9	0.9085	0	0	0	0	0	0	0	0	0	0	0	0	0	0	0	0	0.1	0.1256	0.1	0.0915	0.0809	0.0462	0.0072	0.0078	1	1	0	0	0	0	0	0	0	0	0	0	0	0	0.25	0.261	0	0	0	0	0.125	0.008	0	0	0.625	0.7309	0	0	0	0
B0088736DBA8FDE8F274B5A3C1E3CCA7D79F7470581F3C7303B962BC5EBE4874.apk	2015-06-22	0	0	0	0	0	0	0	0	0	0	0	0	0	0	0	0	0	0	0	0	0	0	0	0	0	0	0	0	0	0	0	0	0	0	0	0	0	0	0	0	0	0	0	0	0	0	0	0	0	0	0	0	0	0	0	0	0	0	0	0	0	0	0	0	0	0	0	0	0	0	0	0	0	0	0	0	0	0	0	0	0	0	0	0	0	0
B4A23F114DA491784F1A598340EBBFC9811FD2C26DF3B4AE674EA7E220946320.apk	2015-02-22	0.125	0.0375	0.1269	0.0023	0.3	1	0.0133	0.7457	0	0	0	0	0	0	0	0	0	0	0	0	1	1	1	1	0	0	0	0	0.6667	0.5	0.6667	0.6667	0	0	0	0	0	0	0	0	0	0	0	0	0	0	0	0	0.3333	0.5	0.3333	0.3333	0.025	0.0125	0.0006	0.0006	1	1	0	0	0	0	0	0	0	0	0	0	0	0	0	0	0	0	0	0	0	0	0	0	1	1	0	0	0	0
BABB18A0C22142308E7C47688502F197E5BA8AB0B1B4FAEFE62ED8D5CBA48297.apk	2015-06-22	0.1423	0.0487	0.2153	0.0399	0.1316	0.6923	0.0526	0.3351	0	0	0	0	0	0	0	0	0	0	0	0	1	1	1	1	0	0	0	0	0.7692	0.6729	0.8889	0.996	0	0	0	0	0.1538	0.21	0	0	0	0	0	0	0	0	0	0	0.0769	0.1171	0.1111	0.004	0.0375	0.0037	0.0065	0.0026	1	1	0	0	0	0	0	0	0	0	0	0	0	0	0	0	0	0	0	0	1	1	0	0	0	0	0	0	0	0
BC8D48D761EAD235767A72F8E0A10E504D72B8355FE28DD318BB6C74475427DB.apk	2015-08-12	0.1366	0.0559	0.0114	0.0016	0.3182	0.7222	0.0841	0.2708	0	0	0	0	0	0	0	0	0.0227	0.0002	0	0	0.9773	0.9998	1	1	0	0	0	0	0.8333	0.2058	0.7692	0.4504	0	0	0	0	0.1111	0.7931	0.1538	0.5476	0	0	0	0	0	0	0	0	0.0556	0.0011	0.0769	0.002	0.0373	0.0248	0.0001	0.0009	0.9167	0.9881	0	0	0.0833	0.0119	0	0	0	0	0	0	0	0	0	0	0	0	0	0	0.375	0.054	0	0	0.625	0.946	0	0	0	0
C75B808B36991329ED59E4FD470626D509B780D0AA6E1B8CF80DED627B6D5BBB.apk	2015-02-22	0.0861	0.0215	0.004	0.0005	0.25	0.7778	0.04	0.3311	0	0	0	0	0	0	0	0	0	0	0	0	1	1	1	1	0	0	0	0	0.7778	0.6	0.7143	0.928	0	0	0	0	0	0	0	0	0	0	0	0	0	0	0	0	0.2222	0.4	0.2857	0.072	0.0191	0.0239	0	0.0001	1	1	0	0	0	0	0	0	0	0	0	0	0	0	0	0	0	0	0	0	0	0	0	0	1	1	0	0	0	0
CBDBFC8BD9F3C8435B7EBAFA3C87DBF6B1F9674D223223F817CDF873885B48AE.apk	2015-12-21	0	0	0	0	0	0	0	0	0	0	0	0	0	0	0	0	0	0	0	0	0	0	0	0	0	0	0	0	0	0	0	0	0	0	0	0	0	0	0	0	0	0	0	0	0	0	0	0	0	0	0	0	0	0	0	0	0	0	0	0	0	0	0	0	0	0	0	0	0	0	0	0	0	0	0	0	0	0	0	0	0	0	0	0	0	0
CF658923217C45E09965B2DCAD827F95988F49160E957F9E2C0505208660793B.apk	2015-10-13	0.1012	0.0182	0.1755	0.0157	0.24	0.6667	0.0017	0.0042	0	0	0	0	0	0	0	0	0	0	0	0	1	1	1	1	0	0	0	0	0.5556	0.8825	0.5	0.9155	0	0	0	0	0	0	0	0	0.1111	0.0004	0.1667	0.0141	0	0	0	0	0.3333	0.1171	0.3333	0.0704	0.004	0.0263	0	0.0044	1	1	0	0	0	0	0	0	0	0	0	0	0	0	0	0	0	0	0	0	0.4615	0.9985	0	0	0.5385	0.0015	0	0	0	0
D2D9E0F4A4BABA5CF75B89E66E6A791F532E303B59FCDBAD26A9697A34EC6949.apk	2015-07-29	0.1048	0.0403	0.1372	0.0082	0.3846	0.8	0.0298	0.6022	0	0	0	0	0	0	0	0	0	0	0	0	1	1	1	1	0	0	0	0	0.6	0.6667	0.75	0.9018	0	0	0	0	0.2	0.2724	0	0	0	0	0	0	0	0	0	0	0.2	0.0609	0.25	0.0982	0.0323	0.0081	0.0019	0.0018	1	1	0	0	0	0	0	0	0	0	0	0	0	0	0	0	0	0	0	0	0	0	0	0	1	1	0	0	0	0
E08C4F2E42BECB326F53843381B1F5E02D5BB50EDF2129F383F37A101540EDE1.apk	2015-09-11	0	0	0	0	0	0	0	0	0	0	0	0	0	0	0	0	0	0	0	0	0	0	0	0	0	0	0	0	0	0	0	0	0	0	0	0	0	0	0	0	0	0	0	0	0	0	0	0	0	0	0	0	0	0	0	0	0	0	0	0	0	0	0	0	0	0	0	0	0	0	0	0	0	0	0	0	0	0	0	0	0	0	0	0	0	0
E0E17DB2B003AA11459A05BADE33B3D99B2C3359D7929C8811A5A9E3662CAB0C.apk	2015-08-12	0.1627	0.0783	0.1015	0.0472	0.2222	0.3077	0.0172	0.022	0	0	0	0	0	0	0	0	0	0	0	0	1	1	1	1	0	0	0	0	0.8462	0.9709	0.75	0.6667	0	0	0	0	0	0	0	0	0.0769	0.0216	0	0	0	0	0	0	0.0769	0.0075	0.25	0.3333	0.0783	0.0783	0.0025	0.0133	0.9231	0.997	0	0	0.0769	0.003	0	0	0	0	0	0	0	0	0	0	0	0	0	0	0	0	0	0	1	1	0	0	0	0
EAC3115A750EAFEFCADA9DFA7711DEEA5A7EF1E0D8870876E3197E7B113CBBA9.apk	2015-07-29	0.1717	0.0101	0.174	0.0017	0.0588	1	0.0094	0.994	0	0	0	0	0	0	0	0	0	0	0	0	0.9412	0.9938	1	1	0.0588	0.0062	0	0	1	1	1	1	0	0	0	0	0	0	0	0	0	0	0	0	0	0	0	0	0	0	0	0	0.0202	0.0101	0.0017	0.0017	1	1	0	0	0	0	0	0	0	0	0	0	0	0	0	0	0	0	0	0	1	1	0	0	0	0	0	0	0	0
EC901AF0DEC1BB1A596E52478AFF531D5D0DE69AE2A6A3F549A6E3BEEFBB1D65.apk	2015-06-22	0.0844	0.025	0.0839	0.0038	0.2222	0.5	0.0029	0.0482	0	0	0	0	0	0	0	0	0	0	0	0	1	1	1	1	0	0	0	0	1	1	1	1	0	0	0	0	0	0	0	0	0	0	0	0	0	0	0	0	0	0	0	0	0.0375	0.0344	0.0009	0.0025	1	1	0	0	0	0	0	0	0	0	0	0	0.1818	0.2727	0	0	0	0	0	0	0	0	0	0	0.0909	0.6916	0	0	0.7273	0.0357
F5DC6FB97283634839BA664253686E412ACD76B73DEA6A378ADBAF52998B17B9.apk	2015-02-22	0.1467	0.0133	0.1259	0.0012	0.1818	1	0.0093	0.4986	0	0	0	0	0	0	0	0	0	0	0	0	1	1	1	1	0	0	0	0	0	0	0	0	0	0	0	0	0	0	0	0	0	0	0	0	0	0	0	0	1	1	1	1	0.0267	0.0133	0.0006	0.0006	1	1	0	0	0	0	0	0	0	0	0	0	0	0	0	0	0	0	0	0	0	0	0	0	1	1	0	0	0	0
com.joyinn.dadjoi	2015-04-21	0.2049	0.039	0.244	0.0176	0.0714	0.375	0.0361	0.0078	0	0	0	0	0	0	0	0	0	0	0	0	0.9762	0.9816	1	1	0.0238	0.0184	0	0	0.625	0.9531	0.6667	0.6667	0	0	0	0	0.25	0.0312	0	0	0	0	0	0	0	0	0	0	0.125	0.0156	0.3333	0.3333	0.0146	0.0049	0.0045	0.0044	0	0	0.6667	0.9898	0.3333	0.0102	0	0	0	0	0	0	0	0	0	0	0	0	0	0	1	1	0	0	0	0	0	0	0	0
com.yooncom.yoon_05_39_n	2015-04-04	0.2289	0.0843	0.2145	0.0987	0.3684	1	0.3246	0.1945	0	0	0	0	0	0	0	0	0	0	0	0	1	1	1	1	0	0	0	0	0.7143	0.1723	0.7143	0.8728	0	0	0	0	0.1429	0.8029	0.1429	0.0022	0.1429	0.0247	0.1429	0.125	0	0	0	0	0	0	0	0	0.0482	0.012	0.0194	0.0096	1	1	0	0	0	0	0	0	0	0	0	0	0	0	0	0	0	0	0	0	0	0	0	0	1	1	0	0	0	0
com.beautiful.frame	2015-05-07	0.0967	0.0406	0.3095	0.0065	0.2675	0.6364	0.0064	0.3353	0	0	0	0	0	0	0	0	0.0064	0.0004	0	0	0.9745	0.9992	1	1	0.0191	0.0004	0	0	0.8939	0.843	0.9762	0.9577	0	0	0	0	0.0455	0.0224	0	0	0.0152	0.0579	0	0	0.0303	0.0449	0.0238	0.0423	0.0152	0.0319	0	0	0.0123	0.008	0.0007	0.0151	0.9	0.9895	0.05	0.0053	0	0	0	0	0.05	0.0053	0	0	0	0	0	0	0	0	0	0	0.0769	0.0049	0	0	0.9231	0.9951	0	0	0	0
com.skymobi.mopowydt	2015-04-25	0.1429	0	0.1429	0	0	0	0	0	0	0	0	0	0	0	0	0	0	0	0	0	1	1	0	0	0	0	0	0	0	0	0	0	0	0	0	0	0	0	0	0	0	0	0	0	0	0	0	0	0	0	0	0	0	0	0	0	0	0	0	0	0	0	0	0	0	0	0	0	0	0	0	0	0	0	0	0	0	0	0	0	0	0	0	0	0	0
com.poxiao.fish	2015-01-29	0.0901	0.0216	0.0692	0.0083	0.272	0.5667	0.0819	0.0698	0	0	0	0	0	0	0	0	0	0	0	0	0.968	0.997	0.9706	0.9959	0.032	0.003	0.0294	0.0041	0.7667	0.8631	0.7059	0.76	0	0	0	0	0.1	0.0866	0.1765	0.16	0.0333	0.0056	0	0	0	0	0	0	0.1	0.0447	0.1176	0.08	0.0094	0.0036	0.0005	0.0003	0.5385	0.55	0.3846	0.4	0	0	0	0	0.0769	0.05	0	0	0	0	0	0	0	0	0	0	1	1	0	0	0	0	0	0	0	0
com.yuan.Grover	2015-01-05	0.2435	0.0261	0.2476	0.01	0.1071	1	0.0378	0.0182	0	0	0	0	0	0	0	0	0	0	0	0	0.9643	0.9811	1	1	0.0357	0.0189	0	0	0.6667	0.9879	0.6667	0.6667	0	0	0	0	0	0	0	0	0	0	0	0	0	0	0	0	0.3333	0.0121	0.3333	0.3333	0.0174	0.0087	0.0047	0.0047	0	0	1	1	0	0	0	0	0	0	0	0	0	0	0	0	0	0	0	0	1	1	0	0	0	0	0	0	0	0
com.tsland.tsland_01_29_n	2015-10-29	0.2289	0.0843	0.2145	0.0987	0.3684	1	0.3247	0.1946	0	0	0	0	0	0	0	0	0	0	0	0	1	1	1	1	0	0	0	0	0.7143	0.1722	0.7143	0.873	0	0	0	0	0.1429	0.8031	0.1429	0.002	0.1429	0.0247	0.1429	0.125	0	0	0	0	0	0	0	0	0.0482	0.012	0.0194	0.0096	1	1	0	0	0	0	0	0	0	0	0	0	0	0	0	0	0	0	0	0	0	0	0	0	1	1	0	0	0	0
com.mplus.mplus_10_31_n	2015-01-17	0.2289	0.0843	0.2157	0.0955	0.3684	1	0.0905	0.2044	0	0	0	0	0	0	0	0	0	0	0	0	1	1	1	1	0	0	0	0	0.7143	0.1813	0.7143	0.8726	0	0	0	0	0.1429	0.7927	0.1429	0.0024	0.1429	0.026	0.1429	0.125	0	0	0	0	0	0	0	0	0.0482	0.012	0.0197	0.0098	1	1	0	0	0	0	0	0	0	0	0	0	1	1	0	0	0	0	0	0	0	0	0	0	0	0	0	0	0	0
com.uninet.uninet_04_12	2015-03-26	0.2025	0.0886	0.1623	0.086	0.3125	1	0.0628	0.1601	0	0	0	0	0	0	0	0	0	0	0	0	1	1	1	1	0	0	0	0	0.7143	0.1351	0.7143	0.7532	0	0	0	0	0.1429	0.8254	0.1429	0.013	0.1429	0.0395	0.1429	0.2338	0	0	0	0	0	0	0	0	0.038	0.0127	0.007	0.0034	1	1	0	0	0	0	0	0	0	0	0	0	0	0	0	0	0	0	0	0	0	0	0	0	1	1	0	0	0	0
com.makem.makem_01_02_n	2015-01-07	0.1975	0.0864	0.1661	0.0877	0.25	0.7143	0.441	0.141	0	0	0	0	0	0	0	0	0	0	0	0	1	1	1	1	0	0	0	0	0.7143	0.128	0.6	0.7385	0	0	0	0	0.1429	0.8351	0.2	0.0154	0.1429	0.0369	0.2	0.2462	0	0	0	0	0	0	0	0	0.037	0.0123	0.0067	0.0032	1	1	0	0	0	0	0	0	0	0	0	0	0	0	0	0	0	0	0	0	0	0	0	0	1	1	0	0	0	0
com.msolution2.msolution_02_30	2015-01-16	0.2289	0.0843	0.2083	0.0951	0.3684	1	0.0983	0.2155	0	0	0	0	0	0	0	0	0	0	0	0	1	1	1	1	0	0	0	0	0.7143	0.1909	0.7143	0.8728	0	0	0	0	0.1429	0.7817	0.1429	0.0022	0.1429	0.0274	0.1429	0.125	0	0	0	0	0	0	0	0	0.0482	0.012	0.0207	0.0103	1	1	0	0	0	0	0	0	0	0	0	0	0	0	0	0	0	0	0	0	0	0	0	0	1	1	0	0	0	0
com.dreamis.dreamis_07_14_n	2015-09-02	0.2289	0.0843	0.2097	0.0967	0.3684	1	0.0876	0.19	0	0	0	0	0	0	0	0	0	0	0	0	1	1	1	1	0	0	0	0	0.7143	0.1681	0.7143	0.873	0	0	0	0	0.1429	0.8077	0.1429	0.002	0.1429	0.0241	0.1429	0.125	0	0	0	0	0	0	0	0	0.0482	0.012	0.0185	0.0092	1	1	0	0	0	0	0	0	0	0	0	0	0	0	0	0	0	0	0	0	0	0	0	0	1	1	0	0	0	0
com.tsland.tsland_01_41	2015-03-11	0.2025	0.0886	0.1664	0.088	0.3125	1	0.4431	0.1562	0	0	0	0	0	0	0	0	0	0	0	0	1	1	1	1	0	0	0	0	0.7143	0.1339	0.7143	0.7662	0	0	0	0	0.1429	0.8296	0.1429	0.013	0.1429	0.0365	0.1429	0.2208	0	0	0	0	0	0	0	0	0.038	0.0127	0.0066	0.0032	1	1	0	0	0	0	0	0	0	0	0	0	0	0	0	0	0	0	0	0	0	0	0	0	1	1	0	0	0	0
net.lazyer.runcool.sky	2015-09-27	0.0723	0.0162	0.0895	0.018	0.1034	0.4615	0.0008	0.0041	0	0	0	0	0	0	0	0	0	0	0	0	0.9828	0.9995	1	1	0.0172	0.0005	0	0	0.6923	0.9759	0.6667	0.791	0	0	0	0	0.1538	0.008	0.1667	0.1791	0	0	0	0	0	0	0	0	0.1538	0.0161	0.1667	0.0299	0.0075	0.0112	0.0001	0.0005	0.6667	0.6617	0.3333	0.3383	0	0	0	0	0	0	0	0	0.4444	0.7461	0	0	0.2222	0.0044	0	0	0	0	0	0	0.3333	0.2494	0	0	0	0
com.mplus.mplus_09_03_n	2015-01-16	0.2289	0.0843	0.21	0.0962	0.3684	1	0.0937	0.2044	0	0	0	0	0	0	0	0	0	0	0	0	1	1	1	1	0	0	0	0	0.7143	0.1814	0.7143	0.8725	0	0	0	0	0.1429	0.7925	0.1429	0.0025	0.1429	0.0261	0.1429	0.125	0	0	0	0	0	0	0	0	0.0482	0.012	0.0199	0.0099	1	1	0	0	0	0	0	0	0	0	0	0	0	0	0	0	0	0	0	0	0	0	0	0	1	1	0	0	0	0
com.mplus.mplus_10_36_n	2015-01-17	0.2289	0.0843	0.2099	0.0962	0.3684	1	0.3163	0.2045	0	0	0	0	0	0	0	0	0	0	0	0	1	1	1	1	0	0	0	0	0.7143	0.1812	0.7143	0.8728	0	0	0	0	0.1429	0.7928	0.1429	0.0022	0.1429	0.026	0.1429	0.125	0	0	0	0	0	0	0	0	0.0482	0.012	0.0199	0.0099	1	1	0	0	0	0	0	0	0	0	0	0	0	0	0	0	0	0	0	0	0	0	0	0	1	1	0	0	0	0
com.sf.safeminor	2015-09-28	0.1905	0.0476	0.1755	0.0176	0.5	1	0.1995	0.9936	0	0	0	0	0	0	0	0	0	0	0	0	0.5	0.7992	0	0	0.5	0.2008	1	1	1	1	1	1	0	0	0	0	0	0	0	0	0	0	0	0	0	0	0	0	0	0	0	0	0.0476	0	0.0001	0	0	0	1	1	0	0	0	0	0	0	0	0	0	0	0	0	0	0	0	0	0	0	0	0	0	0	0	0	0	0
com.sonegrin.sonegrin_01_27_n	2015-03-01	0.2289	0.0843	0.211	0.0971	0.3684	1	0.0896	0.1946	0	0	0	0	0	0	0	0	0	0	0	0	1	1	1	1	0	0	0	0	0.7143	0.1722	0.7143	0.873	0	0	0	0	0.1429	0.803	0.1429	0.002	0.1429	0.0247	0.1429	0.125	0	0	0	0	0	0	0	0	0.0482	0.012	0.019	0.0095	1	1	0	0	0	0	0	0	0	0	0	0	0	0	0	0	0	0	0	0	0	0	0	0	1	1	0	0	0	0
com.ouah11.ouah_11_15_n	2015-09-18	0.1975	0.0864	0.159	0.0844	0.3125	1	0.0629	0.1605	0	0	0	0	0	0	0	0	0	0	0	0	1	1	1	1	0	0	0	0	0.7143	0.1432	0.7143	0.7538	0	0	0	0	0.1429	0.8173	0.1429	0.0154	0.1429	0.0395	0.1429	0.2308	0	0	0	0	0	0	0	0	0.037	0.0123	0.0069	0.0033	1	1	0	0	0	0	0	0	0	0	0	0	0	0	0	0	0	0	0	0	0	0	0	0	1	1	0	0	0	0
com.mplus.mplus_10_39_n	2015-01-17	0.2289	0.0843	0.2099	0.0962	0.3684	1	0.3165	0.2046	0	0	0	0	0	0	0	0	0	0	0	0	1	1	1	1	0	0	0	0	0.7143	0.181	0.7143	0.8731	0	0	0	0	0.1429	0.7931	0.1429	0.0019	0.1429	0.026	0.1429	0.125	0	0	0	0	0	0	0	0	0.0482	0.012	0.0198	0.0099	1	1	0	0	0	0	0	0	0	0	0	0	0	0	0	0	0	0	0	0	0	0	0	0	1	1	0	0	0	0
com.ouah1.ouah_01_41_n	2015-09-11	0.2025	0.0886	0.1659	0.0875	0.3125	1	0.4451	0.1455	0	0	0	0	0	0	0	0	0	0	0	0	1	1	1	1	0	0	0	0	0.7143	0.1215	0.7143	0.7468	0	0	0	0	0.1429	0.8416	0.1429	0.0127	0.1429	0.0368	0.1429	0.2405	0	0	0	0	0	0	0	0	0.038	0.0127	0.0066	0.0032	1	1	0	0	0	0	0	0	0	0	0	0	0	0	0	0	0	0	0	0	0	0	0	0	1	1	0	0	0	0
com.byeoljji.byeoljji_01_40_n	2015-09-05	0.2289	0.0964	0.2165	0.1035	0.5263	1	0.4334	0.2493	0	0	0	0	0	0	0	0	0	0	0	0	1	1	1	1	0	0	0	0	0.75	0.2287	0.75	0.9077	0	0	0	0	0.125	0.7483	0.125	0.0014	0.125	0.023	0.125	0.0909	0	0	0	0	0	0	0	0	0.0482	0.012	0.0189	0.0094	1	1	0	0	0	0	0	0	0	0	0	0	0	0	0	0	0	0	0	0	0	0	0	0	1	1	0	0	0	0
rockingringtones.mt	2015-06-13	0.1609	0.0805	0.2651	0.0583	0.1429	0.7143	0.0576	0.6548	0	0	0	0	0	0	0	0	0	0	0	0	1	1	1	1	0	0	0	0	1	1	1	1	0	0	0	0	0	0	0	0	0	0	0	0	0	0	0	0	0	0	0	0	0.023	0.0115	0.009	0.0083	1	1	0	0	0	0	0	0	0	0	0	0	0	0	0	0	0	0	0	0	0	0	0	0	1	1	0	0	0	0
com.mplus.mplus_10_34_n	2015-01-17	0.2289	0.0843	0.2094	0.0962	0.3684	1	0.0937	0.2042	0	0	0	0	0	0	0	0	0	0	0	0	1	1	1	1	0	0	0	0	0.7143	0.1802	0.7143	0.8724	0	0	0	0	0.1429	0.7937	0.1429	0.0017	0.1429	0.026	0.1429	0.1259	0	0	0	0	0	0	0	0	0.0482	0.012	0.0197	0.0098	1	1	0	0	0	0	0	0	0	0	0	0	0	0	0	0	0	0	0	0	0	0	0	0	1	1	0	0	0	0
yct.game.cnhjfb.julea	2015-01-21	0.2411	0.0268	0.2419	0.0107	0.1111	1	0.0385	0.018	0	0	0	0	0	0	0	0	0	0	0	0	0.963	0.9807	1	1	0.037	0.0193	0	0	0.6667	0.988	0.6667	0.6667	0	0	0	0	0	0	0	0	0	0	0	0	0	0	0	0	0.3333	0.012	0.3333	0.3333	0.0179	0.0089	0.0047	0.0047	0	0	1	1	0	0	0	0	0	0	0	0	0	0	0	0	0	0	0	0	1	1	0	0	0	0	0	0	0	0
com.mplus.mplus_09_10_n	2015-01-02	0.2289	0.0843	0.211	0.0971	0.3684	1	0.0895	0.1945	0	0	0	0	0	0	0	0	0	0	0	0	1	1	1	1	0	0	0	0	0.7143	0.1724	0.7143	0.8727	0	0	0	0	0.1429	0.8028	0.1429	0.0023	0.1429	0.0248	0.1429	0.125	0	0	0	0	0	0	0	0	0.0482	0.012	0.0191	0.0095	1	1	0	0	0	0	0	0	0	0	0	0	0	0	0	0	0	0	0	0	0	0	0	0	1	1	0	0	0	0
com.ouah12.ouah_12_23_n	2015-03-23	0.1975	0.0864	0.1658	0.0874	0.3125	1	0.0544	0.1402	0	0	0	0	0	0	0	0	0	0	0	0	1	1	1	1	0	0	0	0	0.7143	0.1233	0.7143	0.7582	0	0	0	0	0.1429	0.8428	0.1429	0.011	0.1429	0.0339	0.1429	0.2308	0	0	0	0	0	0	0	0	0.037	0.0123	0.0061	0.003	1	1	0	0	0	0	0	0	0	0	0	0	0	0	0	0	0	0	0	0	0	0	0	0	1	1	0	0	0	0
com.uninet.uninet_04_31	2015-03-25	0.1975	0.0864	0.1624	0.0861	0.3125	1	0.0618	0.1563	0	0	0	0	0	0	0	0	0	0	0	0	1	1	1	1	0	0	0	0	0.7143	0.139	0.7143	0.746	0	0	0	0	0.1429	0.8213	0.1429	0.0159	0.1429	0.0397	0.1429	0.2381	0	0	0	0	0	0	0	0	0.037	0.0123	0.0071	0.0034	1	1	0	0	0	0	0	0	0	0	0	0	0	0	0	0	0	0	0	0	0	0	0	0	1	1	0	0	0	0
com.iruum.iruum_01_24	2015-07-02	0.2289	0.0843	0.2111	0.097	0.3684	1	0.324	0.1945	0	0	0	0	0	0	0	0	0	0	0	0	1	1	1	1	0	0	0	0	0.7143	0.1725	0.7143	0.8726	0	0	0	0	0.1429	0.8028	0.1429	0.0024	0.1429	0.0248	0.1429	0.125	0	0	0	0	0	0	0	0	0.0482	0.012	0.0191	0.0095	1	1	0	0	0	0	0	0	0	0	0	0	0	0	0	0	0	0	0	0	0	0	0	0	1	1	0	0	0	0
com.lifeapp01.life_01_40	2015-02-15	0.1975	0.0864	0.1647	0.0884	0.25	0.7143	0.0551	0.1362	0	0	0	0	0	0	0	0	0	0	0	0	1	1	1	1	0	0	0	0	0.7143	0.125	0.6	0.7377	0	0	0	0	0.1429	0.8393	0.2	0.0164	0.1429	0.0357	0.2	0.2459	0	0	0	0	0	0	0	0	0.037	0.0123	0.0065	0.0032	1	1	0	0	0	0	0	0	0	0	0	0	0	0	0	0	0	0	0	0	0	0	0	0	1	1	0	0	0	0
com.ouah10.ouah_10_45_n	2015-03-24	0.2025	0.0886	0.1629	0.0867	0.3125	1	0.4385	0.1738	0	0	0	0	0	0	0	0	0	0	0	0	1	1	1	1	0	0	0	0	0.7143	0.1493	0.7143	0.7765	0	0	0	0	0.1429	0.8119	0.1429	0.0118	0.1429	0.0389	0.1429	0.2118	0	0	0	0	0	0	0	0	0.038	0.0127	0.0069	0.0034	1	1	0	0	0	0	0	0	0	0	0	0	0	0	0	0	0	0	0	0	0	0	0	0	1	1	0	0	0	0
com.enterapp_01.enterapp_01_17	2015-02-13	0.2289	0.0964	0.2145	0.106	0.5263	1	0.1904	0.2491	0	0	0	0	0	0	0	0	0	0	0	0	1	1	1	1	0	0	0	0	0.75	0.2291	0.75	0.9074	0	0	0	0	0.125	0.7479	0.125	0.0017	0.125	0.0231	0.125	0.0909	0	0	0	0	0	0	0	0	0.0482	0.012	0.0194	0.0096	1	1	0	0	0	0	0	0	0	0	0	0	0	0	0	0	0	0	0	0	0	0	0	0	1	1	0	0	0	0
com.uninet.uninet_04_18	2015-03-25	0.2025	0.0886	0.1626	0.0864	0.3125	1	0.0651	0.1688	0	0	0	0	0	0	0	0	0	0	0	0	1	1	1	1	0	0	0	0	0.7143	0.1429	0.7143	0.7692	0	0	0	0	0.1429	0.8182	0.1429	0.011	0.1429	0.039	0.1429	0.2198	0	0	0	0	0	0	0	0	0.038	0.0127	0.0069	0.0034	1	1	0	0	0	0	0	0	0	0	0	0	0	0	0	0	0	0	0	0	0	0	0	0	1	1	0	0	0	0
com.ouah9.ouah_09_34_n	2015-09-13	0.2222	0.0694	0.165	0.0874	0.25	1	0.0558	0.1391	0	0	0	0	0	0	0	0	0	0	0	0	1	1	1	1	0	0	0	0	0.6	0.1128	0.6	0.7297	0	0	0	0	0.2	0.8496	0.2	0.027	0.2	0.0376	0.2	0.2432	0	0	0	0	0	0	0	0	0.0417	0.0139	0.0069	0.0033	1	1	0	0	0	0	0	0	0	0	0	0	0	0	0	0	0	0	0	0	0	0	0	0	1	1	0	0	0	0
com.msolution2.msolution_02_32	2015-01-15	0.2289	0.0843	0.2079	0.095	0.3684	1	0.0985	0.2157	0	0	0	0	0	0	0	0	0	0	0	0	1	1	1	1	0	0	0	0	0.7143	0.1909	0.7143	0.8726	0	0	0	0	0.1429	0.7816	0.1429	0.0021	0.1429	0.0275	0.1429	0.1253	0	0	0	0	0	0	0	0	0.0482	0.012	0.0206	0.0103	1	1	0	0	0	0	0	0	0	0	0	0	0	0	0	0	0	0	0	0	0	0	0	0	1	1	0	0	0	0
com.ouah11.ouah_11_18_n	2015-03-24	0.1975	0.0864	0.1587	0.0842	0.25	0.7143	0.4369	0.1513	0	0	0	0	0	0	0	0	0	0	0	0	1	1	1	1	0	0	0	0	0.7143	0.1375	0.6	0.7403	0	0	0	0	0.1429	0.8232	0.2	0.013	0.1429	0.0393	0.2	0.2468	0	0	0	0	0	0	0	0	0.037	0.0123	0.0068	0.0033	1	1	0	0	0	0	0	0	0	0	0	0	0	0	0	0	0	0	0	0	0	0	0	0	1	1	0	0	0	0
air.ELA4.A0	2015-06-26	0.0769	0.0462	0.2106	0.0305	0.4	0.3333	0.0948	0.3275	0	0	0	0	0	0	0	0	0	0	0	0	1	1	1	1	0	0	0	0	0.6667	0.6667	0	0	0	0	0	0	0.3333	0.3333	1	1	0	0	0	0	0	0	0	0	0	0	0	0	0.1538	0.1692	0.0517	0.1817	1	1	0	0	0	0	0	0	0	0	0	0	1	1	0	0	0	0	0	0	0	0	0	0	0	0	0	0	0	0
com.tankeplay.InterstellarChariots3Ddz	2015-08-22	0.1681	0.0177	0.253	0.0003	0.1579	0.5	0.0009	0.3333	0	0	0	0	0	0	0	0	0	0	0	0	0.8947	0.9745	1	1	0.1053	0.0255	0	0	1	1	1	1	0	0	0	0	0	0	0	0	0	0	0	0	0	0	0	0	0	0	0	0	0.0177	0.0088	0.0064	0.0032	0	0	1	1	0	0	0	0	0	0	0	0	1	1	0	0	0	0	0	0	0	0	0	0	0	0	0	0	0	0
www.guangyuan.gamemx	2015-10-13	0.2373	0.0254	0.2458	0.0104	0.1071	1	0.0378	0.0151	0	0	0	0	0	0	0	0	0	0	0	0	0.9643	0.9811	1	1	0.0357	0.0189	0	0	0.6667	0.9899	0.6667	0.6667	0	0	0	0	0	0	0	0	0	0	0	0	0	0	0	0	0.3333	0.0101	0.3333	0.3333	0.0169	0.0085	0.0047	0.0046	0	0	1	1	0	0	0	0	0	0	0	0	0	0	0	0	0	0	0	0	1	1	0	0	0	0	0	0	0	0
com.tresebrothers.games.ageofpiratesrse	2015-12-10	0.1009	0.0561	0.0235	0.0033	0.3889	0.7333	0.0803	0.4977	0	0	0	0	0.037	0.0108	0.0952	0.0832	0	0	0	0	0.963	0.9892	0.9048	0.9168	0	0	0	0	0.9333	0.9346	1	1	0	0	0	0	0.0333	0.0034	0	0	0	0	0	0	0	0	0	0	0.0333	0.0619	0	0	0.0636	0.0168	0.0017	0.0009	1	1	0	0	0	0	0	0	0	0	0	0	0.8889	0.9876	0	0	0	0	0	0	0.1111	0.0124	0	0	0	0	0	0	0	0
com.ssszujixiao.naoyan.zimon	2015-12-04	0.2344	0.0234	0.2016	0.118	0.1333	1	0.0016	0.0016	0	0	0	0	0	0	0	0	0	0	0	0	0.9667	0.9899	1	1	0.0333	0.0101	0	0	0.6667	0.9992	0.6667	0.6667	0	0	0	0	0	0	0	0	0	0	0	0	0	0	0	0	0.3333	0.0008	0.3333	0.3333	0.0156	0.0078	0.0021	0.002	0	0	1	1	0	0	0	0	0	0	0	0	1	1	0	0	0	0	0	0	0	0	0	0	0	0	0	0	0	0
activity.cs.skhghert	2015-10-28	0.2353	0.0252	0.2458	0.0102	0.1071	1	0.0378	0.016	0	0	0	0	0	0	0	0	0	0	0	0	0.9643	0.9811	1	1	0.0357	0.0189	0	0	0.6667	0.9893	0.6667	0.6667	0	0	0	0	0	0	0	0	0	0	0	0	0	0	0	0	0.3333	0.0107	0.3333	0.3333	0.0336	0.0168	0.0094	0.0093	0.5	0.5	0.5	0.5	0	0	0	0	0	0	0	0	0.5	0.5	0	0	0	0	0	0	0	0	0	0	0.5	0.5	0	0	0	0
com.ycwangpaikong.androidplanezq	2015-08-24	0.1558	0.0455	0.2452	0.0648	0.4792	0.7143	0.1908	0.5652	0	0	0	0	0	0	0	0	0.0208	0.0035	0	0	0.9583	0.993	1	1	0.0208	0.0035	0	0	0.8571	0.6462	0.8	0.9765	0	0	0	0	0.0714	0.3274	0.1	0.0002	0	0	0	0	0	0	0	0	0.0714	0.0264	0.1	0.0232	0.013	0.0065	0.0017	0.0017	0.5	0.5	0.5	0.5	0	0	0	0	0	0	0	0	0	0	0	0	0	0	0	0	1	1	0	0	0	0	0	0	0	0
tv.o6b70e9.lb2569c6	2015-10-22	0.2348	0.0261	0.2455	0.01	0.1111	1	0.0378	0.0191	0	0	0	0	0	0	0	0	0	0	0	0	0.963	0.9811	1	1	0.037	0.0189	0	0	0.6667	0.9873	0.6667	0.6667	0	0	0	0	0	0	0	0	0	0	0	0	0	0	0	0	0.3333	0.0127	0.3333	0.3333	0.0261	0.0087	0.0093	0.0046	0	0	1	1	0	0	0	0	0	0	0	0	0	0	0	0	0	0	0	0	1	1	0	0	0	0	0	0	0	0
com.cstieactivity.cscszhkyongbing	2015-08-24	0.2353	0.0252	0.2455	0.0103	0.1071	1	0.0378	0.0171	0	0	0	0	0	0	0	0	0	0	0	0	0.9643	0.9811	1	1	0.0357	0.0189	0	0	0.6667	0.9886	0.6667	0.6667	0	0	0	0	0	0	0	0	0	0	0	0	0	0	0	0	0.3333	0.0114	0.3333	0.3333	0.0336	0.0168	0.0094	0.0093	0.5	0.5	0.5	0.5	0	0	0	0	0	0	0	0	0.5	0.5	0	0	0	0	0	0	0	0	0	0	0.5	0.5	0	0	0	0
activity.css.sdker.wer	2015-08-27	0.1843	0.0323	0.1972	0.0148	0.125	0.4286	0.0306	0.2447	0	0	0	0	0	0	0	0	0	0	0	0	0.975	0.9877	1	1	0.025	0.0123	0	0	0.5714	0.346	1	1	0	0	0	0	0.2857	0.4895	0	0	0	0	0	0	0	0	0	0	0.1429	0.1645	0	0	0.0184	0.0092	0.0025	0.0024	0.5	0.5	0.5	0.5	0	0	0	0	0	0	0	0	0.5	0.5	0	0	0	0	0	0	0	0	0	0	0.5	0.5	0	0	0	0
com.jr.swamp.lx	2015-03-10	0.2279	0.0221	0.2188	0.0426	0.129	1	0.0013	0.0036	0	0	0	0	0	0	0	0	0	0	0	0	0.9677	0.9896	1	1	0.0323	0.0104	0	0	0.6667	0.9978	0.6667	0.6	0	0	0	0	0	0	0	0	0	0	0	0	0	0	0	0	0.3333	0.0022	0.3333	0.4	0.0147	0.0074	0.0023	0.0023	0	0	1	1	0	0	0	0	0	0	0	0	1	1	0	0	0	0	0	0	0	0	0	0	0	0	0	0	0	0
activity.cs.skhghert	2015-10-28	0.1829	0.0272	0.1062	0.0073	0.1277	0.7143	0.0261	0.152	0	0	0	0	0	0	0	0	0	0	0	0	0.9574	0.9845	1	1	0.0426	0.0155	0	0	0.5714	0.323	0.8	0.9922	0	0	0	0	0.2857	0.4513	0	0	0	0	0	0	0	0	0	0	0.1429	0.2257	0.2	0.0078	0.0233	0.0078	0.0011	0.0011	0.3333	0.4923	0.3333	0.4923	0.3333	0.0154	0	0	0	0	0	0	0.5	0.5	0	0	0	0	0	0	0	0	0	0	0.5	0.5	0	0	0	0
com.owa.owa_0143	2015-11-09	0.1887	0.0566	0.1651	0.076	0.2	0.6667	0.3343	0.11	0	0	0	0	0	0	0	0	0	0	0	0	1	1	1	1	0	0	0	0	0.6667	0.096	0.5	0.6545	0	0	0	0	0.1667	0.866	0.25	0.0182	0.1667	0.038	0.25	0.3273	0	0	0	0	0	0	0	0	0.0472	0.0189	0.0064	0.0032	0.6	0.9286	0.4	0.0714	0	0	0	0	0	0	0	0	0.5	0.0952	0	0	0	0	0	0	0	0	0	0	0.5	0.9048	0	0	0	0
com.weddingdressdesigners	2015-12-03	0.1187	0.0801	0.2299	0.0537	0.25	0.7778	0.0613	0.5501	0	0	0	0	0	0	0	0	0	0	0	0	0.975	0.9938	1	1	0.025	0.0062	0	0	0.9259	0.9211	0.9524	0.9524	0	0	0	0	0.0741	0.0789	0.0476	0.0476	0	0	0	0	0	0	0	0	0	0	0	0	0.0059	0.003	0.0014	0.0014	1	1	0	0	0	0	0	0	0	0	0	0	1	1	0	0	0	0	0	0	0	0	0	0	0	0	0	0	0	0
com.androidantivirus.testvirus	2015-06-01	0.0937	0.0461	0.0718	0.0281	0.1385	0.5625	0.0764	0.4146	0	0	0	0	0	0	0	0	0.0308	0.0127	0	0	0.9538	0.9682	1	1	0.0154	0.0191	0	0	0.875	0.8537	1	1	0.0312	0.0163	0	0	0.0625	0.0488	0	0	0	0	0	0	0	0	0	0	0.0312	0.0813	0	0	0.0159	0.0346	0.0039	0.0293	0.9091	0.9412	0.0909	0.0588	0	0	0	0	0	0	0	0	0	0	0	0	0	0	0	0	0	0	0	0	0.8333	0.9375	0	0	0.1667	0.0625
activity.css.sker.wer	2015-11-25	0.1843	0.0323	0.1971	0.0149	0.125	0.4286	0.0307	0.2451	0	0	0	0	0	0	0	0	0	0	0	0	0.975	0.9877	1	1	0.025	0.0123	0	0	0.5714	0.3482	1	1	0	0	0	0	0.2857	0.4881	0	0	0	0	0	0	0	0	0	0	0.1429	0.1638	0	0	0.0184	0.0092	0.0025	0.0025	0.5	0.5	0.5	0.5	0	0	0	0	0	0	0	0	0.5	0.5	0	0	0	0	0	0	0	0	0	0	0.5	0.5	0	0	0	0
com.sss.naoyan.zimongjief	2015-08-01	0.1989	0.0276	0.079	0.0414	0.3056	1	0.0683	0.0491	0	0	0	0	0	0	0	0	0	0	0	0	0.9722	0.9911	1	1	0.0278	0.0089	0	0	0.8	0.9832	0.8	0.6736	0	0	0	0	0	0	0	0	0	0	0	0	0	0	0	0	0.2	0.0168	0.2	0.3264	0.0221	0.0055	0.0007	0.0007	0	0	0.5	0.9701	0.5	0.0299	0	0	0	0	0	0	1	1	0	0	0	0	0	0	0	0	0	0	0	0	0	0	0	0
yct.game.cnhjfb.julesenae	2015-08-06	0.2411	0.0268	0.2423	0.0106	0.1111	1	0.0385	0.0168	0	0	0	0	0	0	0	0	0	0	0	0	0.963	0.9807	1	1	0.037	0.0193	0	0	0.6667	0.9888	0.6667	0.6667	0	0	0	0	0	0	0	0	0	0	0	0	0	0	0	0	0.3333	0.0112	0.3333	0.3333	0.0179	0.0089	0.0047	0.0047	0	0	1	1	0	0	0	0	0	0	0	0	0	0	0	0	0	0	0	0	1	1	0	0	0	0	0	0	0	0
com.longhairstylein2015.palmokin	2015-10-12	0.1187	0.0801	0.2299	0.0538	0.25	0.7778	0.0612	0.5499	0	0	0	0	0	0	0	0	0	0	0	0	0.975	0.9938	1	1	0.025	0.0062	0	0	0.9259	0.9211	0.9524	0.9524	0	0	0	0	0.0741	0.0789	0.0476	0.0476	0	0	0	0	0	0	0	0	0	0	0	0	0.0059	0.003	0.0014	0.0014	1	1	0	0	0	0	0	0	0	0	0	0	1	1	0	0	0	0	0	0	0	0	0	0	0	0	0	0	0	0
com.bingogame.mmd.zimon	2015-08-26	0.2313	0.0224	0.2149	0.0502	0.129	1	0.0013	0.0031	0	0	0	0	0	0	0	0	0	0	0	0	0.9677	0.9897	1	1	0.0323	0.0103	0	0	0.6667	0.9981	0.6667	0.6	0	0	0	0	0	0	0	0	0	0	0	0	0	0	0	0	0.3333	0.0019	0.3333	0.4	0.0149	0.0075	0.0022	0.0022	0	0	1	1	0	0	0	0	0	0	0	0	0	0	0	0	0	0	0	0	1	1	0	0	0	0	0	0	0	0
com.ycwangpaikong.androidplanezq	2015-08-24	0.2342	0.027	0.248	0.0103	0.1154	1	0.0393	0.0175	0	0	0	0	0	0	0	0	0	0	0	0	0.9615	0.9804	1	1	0.0385	0.0196	0	0	0.6667	0.9883	0.6667	0.6667	0	0	0	0	0	0	0	0	0	0	0	0	0	0	0	0	0.3333	0.0117	0.3333	0.3333	0.036	0.018	0.0099	0.0097	0.5	0.5	0.5	0.5	0	0	0	0	0	0	0	0	0	0	0	0	0	0	0	0	1	1	0	0	0	0	0	0	0	0
activity.css.sker.wer	2015-11-25	0.1843	0.0323	0.1977	0.0151	0.125	0.4286	0.0314	0.2468	0	0	0	0	0	0	0	0	0	0	0	0	0.975	0.9876	1	1	0.025	0.0124	0	0	0.5714	0.3518	1	1	0	0	0	0	0.2857	0.4867	0	0	0	0	0	0	0	0	0	0	0.1429	0.1615	0	0	0.0184	0.0092	0.0025	0.0025	0.5	0.5	0.5	0.5	0	0	0	0	0	0	0	0	0.5	0.5	0	0	0	0	0	0	0	0	0	0	0.5	0.5	0	0	0	0
com.cento.libetngamekgh	2015-08-24	0.0852	0.017	0.1353	0.0006	0	0	0	0	0	0	0	0	0	0	0	0	0	0	0	0	1	1	0	0	0	0	0	0	1	1	0	0	0	0	0	0	0	0	0	0	0	0	0	0	0	0	0	0	0	0	0	0	0.0511	0.017	0.0056	0.0054	0.7778	0.988	0	0	0.2222	0.012	0	0	0	0	0	0	0	0	0	0	0	0	0	0	0	0	0	0	1	1	0	0	0	0
com.tankeplay.InterstellarChariots3Ddz	2015-08-22	0.1681	0.0177	0.2539	0.0003	0.1579	0.5	0.001	0.3333	0	0	0	0	0	0	0	0	0	0	0	0	0.8947	0.9751	1	1	0.1053	0.0249	0	0	1	1	1	1	0	0	0	0	0	0	0	0	0	0	0	0	0	0	0	0	0	0	0	0	0.0177	0.0088	0.0063	0.0032	0	0	1	1	0	0	0	0	0	0	0	0	1	1	0	0	0	0	0	0	0	0	0	0	0	0	0	0	0	0
com.dafgofuisgiuofj	2015-08-25	0.1681	0.0177	0.2587	0.0003	0.1579	0.5	0.0009	0.3333	0	0	0	0	0	0	0	0	0	0	0	0	0.8947	0.9777	1	1	0.1053	0.0223	0	0	1	1	1	1	0	0	0	0	0	0	0	0	0	0	0	0	0	0	0	0	0	0	0	0	0.0177	0.0088	0.0058	0.0029	0	0	1	1	0	0	0	0	0	0	0	0	1	1	0	0	0	0	0	0	0	0	0	0	0	0	0	0	0	0
com.easemob.businesslink	2015-01-22	0.1667	0	0.1874	0	0	0	0	0	0	0	0	0	0	0	0	0	0	0	0	0	1	1	0	0	0	0	0	0	0	0	0	0	0	0	0	0	0	0	0	0	0	0	0	0	0	0	0	0	0	0	0	0	0.1111	0.0556	0.0628	0.0625	0	0	1	1	0	0	0	0	0	0	0	0	0	0	0	0	0	0	0	0	1	1	0	0	0	0	0	0	0	0
com.sss.naoyan.zimongjief	2015-08-01	0.205	0.0311	0.0786	0.0414	0.3333	1	0.0689	0.0494	0	0	0	0	0	0	0	0	0	0	0	0	0.9697	0.9914	1	1	0.0303	0.0086	0	0	0.8	0.9831	0.8	0.6743	0	0	0	0	0	0	0	0	0	0	0	0	0	0	0	0	0.2	0.0169	0.2	0.3257	0.0124	0.0062	0.0007	0.0007	0	0	1	1	0	0	0	0	0	0	0	0	1	1	0	0	0	0	0	0	0	0	0	0	0	0	0	0	0	0
com.qz.xmn01	2015-08-26	0.2362	0.0236	0.2206	0.0439	0.1333	1	0.0017	0.0032	0	0	0	0	0	0	0	0	0	0	0	0	0.9667	0.9845	1	1	0.0333	0.0155	0	0	0.6667	0.9979	0.6667	0.6667	0	0	0	0	0	0	0	0	0	0	0	0	0	0	0	0	0.3333	0.0021	0.3333	0.3333	0.0157	0.0079	0.0035	0.0034	0	0	1	1	0	0	0	0	0	0	0	0	0	0	0	0	0	0	0	0	1	1	0	0	0	0	0	0	0	0
activity.cs.csdisinvkxunias	2015-12-31	0.1873	0.0319	0.1074	0.008	0.2979	0.75	0.0779	0.3274	0	0	0	0	0	0	0	0	0	0	0	0	0.9574	0.9853	1	1	0.0426	0.0147	0	0	0.625	0.4103	0.8333	0.8012	0	0	0	0	0.25	0.3925	0	0	0	0	0	0	0	0	0	0	0.125	0.1972	0.1667	0.1988	0.0159	0.008	0.0011	0.0011	0.5	0.5	0.5	0.5	0	0	0	0	0	0	0	0	0.5	0.5	0	0	0	0	0	0	0	0	0	0	0.5	0.5	0	0	0	0
com.sss.naoyan.zimongjief	2015-08-01	0.2344	0.0234	0.1984	0.1318	0.1333	1	0.0016	0.0014	0	0	0	0	0	0	0	0	0	0	0	0	0.9667	0.9899	1	1	0.0333	0.0101	0	0	0.6667	0.9993	0.6667	0.6667	0	0	0	0	0	0	0	0	0	0	0	0	0	0	0	0	0.3333	0.0007	0.3333	0.3333	0.0156	0.0078	0.002	0.002	0	0	1	1	0	0	0	0	0	0	0	0	1	1	0	0	0	0	0	0	0	0	0	0	0	0	0	0	0	0
com.mobileiqro.iqbaldev	2015-11-12	0.1187	0.0801	0.2299	0.0537	0.25	0.7778	0.0613	0.5503	0	0	0	0	0	0	0	0	0	0	0	0	0.975	0.9938	1	1	0.025	0.0062	0	0	0.9259	0.9211	0.9524	0.9524	0	0	0	0	0.0741	0.0789	0.0476	0.0476	0	0	0	0	0	0	0	0	0	0	0	0	0.0059	0.003	0.0014	0.0014	1	1	0	0	0	0	0	0	0	0	0	0	1	1	0	0	0	0	0	0	0	0	0	0	0	0	0	0	0	0
com.daqiang.gg	2015-12-14	0.0833	0.0417	0.0869	0.0435	0	0	0	0	0	0	0	0	0	0	0	0	0	0	0	0	1	1	0	0	0	0	0	0	0	0	0	0	0	0	0	0	0	0	0	0	0	0	0	0	0	0	0	0	1	1	0	0	0.0833	0.0417	0.0437	0.0435	0	0	1	1	0	0	0	0	0	0	0	0	1	1	0	0	0	0	0	0	0	0	0	0	0	0	0	0	0	0
com.snost.ohpou	2015-10-27	0.2035	0.0346	0.2	0.1307	0.0851	0.375	0.0296	0.0007	0	0	0	0	0	0	0	0	0	0	0	0	0.9787	0.985	1	1	0.0213	0.015	0	0	0.625	0.9959	0.6667	0.6667	0	0	0	0	0.25	0.0028	0	0	0	0	0	0	0	0	0	0	0.125	0.0014	0.3333	0.3333	0.0173	0.0043	0.003	0.0029	0	0	0.5	0.98	0.5	0.02	0	0	0	0	0	0	1	1	0	0	0	0	0	0	0	0	0	0	0	0	0	0	0	0
activity.css.sdker.wer	2015-08-27	0.1843	0.0323	0.1971	0.0149	0.125	0.4286	0.0307	0.2444	0	0	0	0	0	0	0	0	0	0	0	0	0.975	0.9877	1	1	0.025	0.0123	0	0	0.5714	0.349	1	1	0	0	0	0	0.2857	0.4877	0	0	0	0	0	0	0	0	0	0	0.1429	0.1633	0	0	0.0184	0.0092	0.0025	0.0024	0.5	0.5	0.5	0.5	0	0	0	0	0	0	0	0	0.5	0.5	0	0	0	0	0	0	0	0	0	0	0.5	0.5	0	0	0	0
com.skymobi.moposns	2015-06-23	0.1429	0	0.1429	0	0	0	0	0	0	0	0	0	0	0	0	0	0	0	0	0	1	1	0	0	0	0	0	0	0	0	0	0	0	0	0	0	0	0	0	0	0	0	0	0	0	0	0	0	0	0	0	0	0	0	0	0	0	0	0	0	0	0	0	0	0	0	0	0	0	0	0	0	0	0	0	0	0	0	0	0	0	0	0	0	0	0
com.sss.naoyan.zimon	2015-08-24	0.2344	0.0234	0.2014	0.1178	0.1333	1	0.0016	0.0016	0	0	0	0	0	0	0	0	0	0	0	0	0.9667	0.9899	1	1	0.0333	0.0101	0	0	0.6667	0.9992	0.6667	0.6667	0	0	0	0	0	0	0	0	0	0	0	0	0	0	0	0	0.3333	0.0008	0.3333	0.3333	0.0156	0.0078	0.0021	0.002	0	0	1	1	0	0	0	0	0	0	0	0	1	1	0	0	0	0	0	0	0	0	0	0	0	0	0	0	0	0
com.msolution.msolution_03_22_n	2015-04-24	0.2088	0.0769	0.3872	0.0319	0.3684	1	0.0164	0.1998	0	0	0	0	0	0	0	0	0	0	0	0	1	1	1	1	0	0	0	0	0.7143	0.1764	0.7143	0.8714	0	0	0	0	0.1429	0.7982	0.1429	0.0038	0.1429	0.0253	0.1429	0.1248	0	0	0	0	0	0	0	0	0.044	0.011	0.0064	0.0032	1	1	0	0	0	0	0	0	0	0	0	0	0	0	0	0	0	0	0	0	0	0	0	0	1	1	0	0	0	0
com.batikvlothesforwomen.palmokin	2015-07-17	0.1187	0.0801	0.2299	0.0537	0.25	0.7778	0.0613	0.5501	0	0	0	0	0	0	0	0	0	0	0	0	0.975	0.9938	1	1	0.025	0.0062	0	0	0.9259	0.9211	0.9524	0.9524	0	0	0	0	0.0741	0.0789	0.0476	0.0476	0	0	0	0	0	0	0	0	0	0	0	0	0.0059	0.003	0.0014	0.0014	1	1	0	0	0	0	0	0	0	0	0	0	1	1	0	0	0	0	0	0	0	0	0	0	0	0	0	0	0	0
com.szsg.szlrs	2015-09-21	0.1645	0.0387	0.1671	0.0592	0.3922	0.8333	0.3518	0.0272	0	0	0	0	0	0	0	0	0	0	0	0	0.9608	0.9961	1	1	0.0392	0.0039	0	0	0.75	0.0371	0.9	0.9978	0	0	0	0	0.1667	0.0221	0	0	0	0	0	0	0	0	0	0	0.0833	0.9408	0.1	0.0022	0.0194	0.0065	0.0004	0.0004	0.3333	0.4919	0.3333	0.4919	0.3333	0.0161	0	0	0	0	0	0	1	1	0	0	0	0	0	0	0	0	0	0	0	0	0	0	0	0
com.ym.car	2015-01-29	0.2238	0.035	0.2135	0.0787	0.125	0.6	0.0022	0.003	0	0	0	0	0	0	0	0	0	0	0	0	0.9688	0.9856	1	1	0.0312	0.0144	0	0	0.4	0.9209	0.6667	0.8	0	0	0	0	0.4	0.0779	0	0	0	0	0	0	0	0	0	0	0.2	0.0012	0.3333	0.2	0.028	0.007	0.0032	0.0031	0.5	0.0299	0.5	0.9701	0	0	0	0	0	0	0	0	1	1	0	0	0	0	0	0	0	0	0	0	0	0	0	0	0	0
yct.game.cnhjfb.jus	2015-05-28	0.2065	0.038	0.2006	0.0094	0.1053	0.8571	0.0392	0.0462	0	0	0	0	0	0	0	0	0	0	0	0	0.9737	0.9808	1	1	0.0263	0.0192	0	0	0.7143	0.9641	0.8333	0.8889	0	0	0	0	0.1429	0.0256	0	0	0	0	0	0	0	0	0	0	0.1429	0.0103	0.1667	0.1111	0.0489	0.0163	0.0043	0.004	0	0	0.4444	0.9	0.3333	0.0333	0	0	0.2222	0.0667	0	0	0	0	0	0	0	0	0	0	1	1	0	0	0	0	0	0	0	0
com.smartsm.smart_14_33_n	2015-11-02	0.2088	0.0769	0.3905	0.0308	0.3684	1	0.0166	0.2103	0	0	0	0	0	0	0	0	0	0	0	0	1	1	1	1	0	0	0	0	0.7143	0.1858	0.7143	0.8712	0	0	0	0	0.1429	0.7876	0.1429	0.004	0.1429	0.0267	0.1429	0.1247	0	0	0	0	0	0	0	0	0.044	0.011	0.0065	0.0032	1	1	0	0	0	0	0	0	0	0	0	0	0	0	0	0	0	0	0	0	0	0	0	0	1	1	0	0	0	0
com.qingxue.game.qmdgz.androidxque	2015-05-14	0.2042	0.0211	0.1982	0.0754	0.1379	1	0.0442	0.0014	0	0	0	0	0	0	0	0	0	0	0	0	0.9655	0.9852	1	1	0.0345	0.0148	0	0	0.6667	0.9991	0.6667	0.6667	0	0	0	0	0	0	0	0	0	0	0	0	0	0	0	0	0.3333	0.0009	0.3333	0.3333	0.0141	0.007	0.003	0.0029	0	0	1	1	0	0	0	0	0	0	0	0	0	0	0	0	0	0	0	0	1	1	0	0	0	0	0	0	0	0
devina.resep.bolu	2015-05-17	0.1187	0.0801	0.2299	0.0538	0.25	0.7778	0.0612	0.5498	0	0	0	0	0	0	0	0	0	0	0	0	0.975	0.9938	1	1	0.025	0.0062	0	0	0.9259	0.9211	0.9524	0.9524	0	0	0	0	0.0741	0.0789	0.0476	0.0476	0	0	0	0	0	0	0	0	0	0	0	0	0.0059	0.003	0.0014	0.0014	1	1	0	0	0	0	0	0	0	0	0	0	1	1	0	0	0	0	0	0	0	0	0	0	0	0	0	0	0	0
com.gardenlandscapedesign.palmokin	2015-11-05	0.1187	0.0801	0.2299	0.0537	0.25	0.7778	0.0613	0.5502	0	0	0	0	0	0	0	0	0	0	0	0	0.975	0.9938	1	1	0.025	0.0062	0	0	0.9259	0.9211	0.9524	0.9524	0	0	0	0	0.0741	0.0789	0.0476	0.0476	0	0	0	0	0	0	0	0	0	0	0	0	0.0059	0.003	0.0014	0.0014	1	1	0	0	0	0	0	0	0	0	0	0	1	1	0	0	0	0	0	0	0	0	0	0	0	0	0	0	0	0
us.apps.xmusicmusicplayer	2015-01-24	0.1076	0.0331	0.1586	0.0352	0.3953	0.7736	0.1423	0.6209	0	0	0	0	0	0	0	0	0	0	0	0	0.9826	0.9924	1	1	0.0174	0.0076	0	0	0.8679	0.9551	0.9024	0.9875	0.0189	0.0029	0	0	0.0755	0.0342	0.0732	0.012	0	0	0	0	0.0189	0.0008	0.0244	0.0006	0.0189	0.007	0	0	0.0131	0.02	0.0018	0.0277	0.7143	0.9899	0.0952	0.0034	0.0476	0.0017	0	0	0.1429	0.0051	0	0	0	0	0	0	0	0	0	0	0	0	0.0938	0.0003	0.7188	0.9646	0.0625	0.0002	0.125	0.0349
com.uu.niumowang	2015-08-30	0.133	0.0798	0.119	0.0903	0.4	0.8	0.1933	0.2577	0	0	0	0	0	0	0	0	0	0	0	0	1	1	1	1	0	0	0	0	0.8667	0.6206	0.875	0.0894	0	0	0	0	0.0667	0.1436	0.0833	0.0092	0.0333	0.003	0	0	0	0	0	0	0.0333	0.2329	0.0417	0.9014	0.0239	0.0266	0.0009	0.0725	1	1	0	0	0	0	0	0	0	0	0	0	0	0	0	0	0.1	0.0066	0	0	0	0	0	0	0.9	0.9934	0	0	0	0
com.cstieactivity.cscszhkyongbing	2015-08-24	0.2055	0.0205	0.2451	0.0104	0.1	1	0.038	0.0184	0	0	0	0	0	0	0	0	0	0	0	0	0.9667	0.981	1	1	0.0333	0.019	0	0	0.6667	0.9877	0.6667	0.6667	0	0	0	0	0	0	0	0	0	0	0	0	0	0	0	0	0.3333	0.0123	0.3333	0.3333	0.0548	0.0137	0.0094	0.009	0.25	0.483	0.25	0.4898	0.5	0.0272	0	0	0	0	0	0	0.5	0.5035	0	0	0	0	0	0	0	0	0	0	0.5	0.4965	0	0	0	0
com.blood.zombiesdjklb	2015-09-04	0.2692	0.0231	0.1463	0.034	0.0857	1	0.0345	0.1111	0	0	0	0	0	0	0	0	0	0	0	0	0.9714	0.9828	1	1	0.0286	0.0172	0	0	0.6667	0.9259	0.6667	0.6667	0	0	0	0	0	0	0	0	0	0	0	0	0	0	0	0	0.3333	0.0741	0.3333	0.3333	0.0231	0.0077	0.0063	0.0025	0	0	1	1	0	0	0	0	0	0	0	0	1	1	0	0	0	0	0	0	0	0	0	0	0	0	0	0	0	0
com.gcgshaame.tfeifenfedixina	2015-07-06	0.1854	0.0225	0.0582	0.0106	0.0909	1	0.0284	0.0793	0	0	0	0	0	0	0	0	0	0	0	0	0.9394	0.9718	1	1	0.0606	0.0282	0	0	0.75	0.9218	0.75	0.9861	0	0	0	0	0	0	0	0	0	0	0	0	0	0	0	0	0.25	0.0782	0.25	0.0139	0.0281	0.0112	0.0017	0.0016	0.4	0.4965	0.4	0.4965	0.2	0.007	0	0	0	0	0	0	0	0	0	0	0	0	0	0	0.5	0.5	0	0	0.5	0.5	0	0	0	0
com.tuntunanshalat.palmokin	2015-09-01	0.1187	0.0801	0.2301	0.0536	0.25	0.7778	0.061	0.5491	0	0	0	0	0	0	0	0	0	0	0	0	0.975	0.9939	1	1	0.025	0.0061	0	0	0.9259	0.9208	0.9524	0.9523	0	0	0	0	0.0741	0.0792	0.0476	0.0477	0	0	0	0	0	0	0	0	0	0	0	0	0.0059	0.003	0.0014	0.0014	1	1	0	0	0	0	0	0	0	0	0	0	1	1	0	0	0	0	0	0	0	0	0	0	0	0	0	0	0	0
activity.cs.sker.wer	2015-09-03	0.1641	0.0344	0.1018	0.0086	0.2791	0.5556	0.0716	0.3648	0	0	0	0	0	0	0	0	0	0	0	0	0.9535	0.9845	1	1	0.0465	0.0155	0	0	0.6667	0.4501	1	1	0	0	0	0	0.2222	0.3659	0	0	0	0	0	0	0	0	0	0	0.1111	0.1841	0	0	0.0153	0.0076	0.0011	0.0011	0.5	0.5	0.5	0.5	0	0	0	0	0	0	0	0	0.5	0.5	0	0	0	0	0	0	0	0	0	0	0.5	0.5	0	0	0	0
com.mok.hbdmx	2015-09-02	0.1181	0.0549	0.0709	0.0241	0.3571	0.8462	0.1667	0.4507	0	0	0	0	0	0	0	0	0	0	0	0	1	1	1	1	0	0	0	0	0.9231	0.8203	0.9091	0.9085	0	0	0	0	0	0	0	0	0	0	0	0	0	0	0	0	0.0769	0.1797	0.0909	0.0915	0.0169	0.0084	0.0014	0.0014	1	1	0	0	0	0	0	0	0	0	0	0	0	0	0	0	0	0	0	0	1	1	0	0	0	0	0	0	0	0
activity.cs.sker.wer	2015-09-03	0.1655	0.0241	0.1279	0.0109	0.1042	0.5714	0.0199	0.0936	0	0	0	0	0	0	0	0	0	0	0	0	0.9792	0.9877	1	1	0.0208	0.0123	0	0	0.5714	0.4376	0.75	0.9899	0	0	0	0	0.2857	0.4206	0	0	0	0	0	0	0	0	0	0	0.1429	0.1418	0.25	0.0101	0.0414	0.0138	0.0017	0.0016	0.1667	0.4634	0.3333	0.4878	0.3333	0.0244	0	0	0.1667	0.0244	0	0	0.75	0.5192	0	0	0	0	0	0	0	0	0	0	0.25	0.4808	0	0	0	0
com.ssszujixiao.naoyan.zimon	2015-12-04	0.205	0.0311	0.078	0.0414	0.3333	1	0.0695	0.0494	0	0	0	0	0	0	0	0	0	0	0	0	0.9697	0.9913	1	1	0.0303	0.0087	0	0	0.8	0.9831	0.8	0.6743	0	0	0	0	0	0	0	0	0	0	0	0	0	0	0	0	0.2	0.0169	0.2	0.3257	0.0124	0.0062	0.0007	0.0007	0	0	1	1	0	0	0	0	0	0	0	0	1	1	0	0	0	0	0	0	0	0	0	0	0	0	0	0	0	0
com.adliving.adliving_03_14_n	2015-05-20	0.1564	0.0559	0.2873	0.0283	0.1964	0.2	0.0587	0.0523	0	0	0	0	0	0	0	0	0	0	0	0	1	1	1	1	0	0	0	0	0.65	0.1954	0.75	0.9925	0.05	0.0177	0	0	0.05	0.7512	0.25	0.0075	0	0	0	0	0.2	0.0314	0	0	0.05	0.0043	0	0	0.0363	0.0475	0.0046	0.036	1	1	0	0	0	0	0	0	0	0	0	0	0	0	0	0	0	0	0	0	0	0	0	0	0.8824	0.9728	0	0	0.1176	0.0272
com.szsg.szlrs	2015-09-21	0.1689	0.0372	0.161	0.0573	0.24	0.8182	0.3425	0.0198	0	0	0	0	0	0	0	0	0	0	0	0	0.96	0.996	1	1	0.04	0.004	0	0	0.7273	0.0302	0.8889	0.9968	0	0	0	0	0.1818	0.0228	0	0	0	0	0	0	0	0	0	0	0.0909	0.947	0.1111	0.0032	0.0135	0.0068	0.0004	0.0004	0.5	0.5	0.5	0.5	0	0	0	0	0	0	0	0	1	1	0	0	0	0	0	0	0	0	0	0	0	0	0	0	0	0
com.jiaugame.popet	2015-05-06	0.1674	0.0264	0.2046	0.0297	0.2368	1	0.0241	0.0952	0	0	0	0	0	0	0	0	0	0	0	0	0.9737	0.9867	1	1	0.0263	0.0133	0	0	0.8333	0.9975	0.8333	0.9867	0	0	0	0	0	0	0	0	0	0	0	0	0	0	0	0	0.1667	0.0025	0.1667	0.0133	0.0176	0.0088	0.0064	0.0037	0.5	0.1529	0.5	0.8471	0	0	0	0	0	0	0	0	1	1	0	0	0	0	0	0	0	0	0	0	0	0	0	0	0	0
com.housepooldesignideas.palmokin	2015-08-19	0.1187	0.0801	0.23	0.0537	0.25	0.7778	0.0613	0.5505	0	0	0	0	0	0	0	0	0	0	0	0	0.975	0.9938	1	1	0.025	0.0062	0	0	0.9259	0.9211	0.9524	0.9524	0	0	0	0	0.0741	0.0789	0.0476	0.0476	0	0	0	0	0	0	0	0	0	0	0	0	0.0059	0.003	0.0014	0.0014	1	1	0	0	0	0	0	0	0	0	0	0	1	1	0	0	0	0	0	0	0	0	0	0	0	0	0	0	0	0
com.md.md_02_25_n	2015-09-28	0.1307	0.0399	0.2759	0.0274	0.1806	0.2727	0.0461	0.0511	0	0	0	0	0	0	0	0	0	0	0	0	1	1	1	1	0	0	0	0	0.6364	0.1904	0.6667	0.9804	0.0455	0.017	0	0	0.0909	0.7455	0.3333	0.0196	0	0	0	0	0.1818	0.0361	0	0	0.0455	0.011	0	0	0.0272	0.0327	0.0049	0.0342	0.8667	0.8883	0.1333	0.1117	0	0	0	0	0	0	0	0	0.0556	0.0156	0	0	0	0	0	0	0	0	0	0	0.8333	0.9571	0	0	0.1111	0.0272
com.fsecure.eicar.antivirus.test	2015-05-08	0.2093	0.1628	0.2565	0.2105	0.7778	0.8571	0.1267	0.0844	0	0	0	0	0	0	0	0	0	0	0	0	1	1	1	1	0	0	0	0	1	1	1	1	0	0	0	0	0	0	0	0	0	0	0	0	0	0	0	0	0	0	0	0	0.1395	0.093	0.0089	0.0165	1	1	0	0	0	0	0	0	0	0	0	0	1	1	0	0	0	0	0	0	0	0	0	0	0	0	0	0	0	0
com.wufb.zsxc.sk.zimon	2015-08-25	0.2326	0.0233	0.2189	0.0522	0.1333	1	0.0012	0.0029	0	0	0	0	0	0	0	0	0	0	0	0	0.9667	0.9895	1	1	0.0333	0.0105	0	0	0.6667	0.9983	0.6667	0.6	0	0	0	0	0	0	0	0	0	0	0	0	0	0	0	0	0.3333	0.0017	0.3333	0.4	0.0155	0.0078	0.0023	0.0023	0	0	1	1	0	0	0	0	0	0	0	0	1	1	0	0	0	0	0	0	0	0	0	0	0	0	0	0	0	0
