152	164	6973	7289	635	1182	51694	53511
5	45	63	113	6	114	143	263
0.0329	0.2744	0.009	0.0155	0.0094	0.0964	0.0028	0.0049
75	1567	7775	9417	205	9974	59229	69408
3	4	187	194	8	14	481	503
0.04	0.0026	0.0241	0.0206	0.039	0.0014	0.0081	0.0072
415	417	4436	5268	1870	2192	41424	45486
33	141	206	380	65	493	617	1175
0.0795	0.3381	0.0464	0.0721	0.0348	0.2249	0.0149	0.0258
152	164	6973	7289	635	1182	51694	53511
5	44	69	118	7	121	159	287
0.0329	0.2683	0.0099	0.0162	0.011	0.1024	0.0031	0.0054
18	0	2274	2292	23	0	24752	24775
2	0	15	17	6	0	28	34
0.1111	0	0.0066	0.0074	0.2609	0	0.0011	0.0014
610	1414	4734	6758	2679	8336	42040	53055
14	198	143	355	49	703	388	1140
0.023	0.14	0.0302	0.0525	0.0183	0.0843	0.0092	0.0215
221	1096	4255	5572	1180	6291	34234	41705
11	2	171	184	23	3	461	487
0.0498	0.0018	0.0402	0.033	0.0195	0.0005	0.0135	0.0117
55	239	1616	1910	218	4363	17823	22404
22	0	54	76	114	0	135	249
0.4	0	0.0334	0.0398	0.5229	0	0.0076	0.0111
221	1096	4255	5572	1180	6291	34234	41705
11	2	171	184	23	3	461	487
0.0498	0.0018	0.0402	0.033	0.0195	0.0005	0.0135	0.0117
94	1875	4684	6653	362	10751	39285	50398
1	6	17	24	1	15	30	46
0.0106	0.0032	0.0036	0.0036	0.0028	0.0014	0.0008	0.0009
173	86	2271	2530	983	408	25239	26630
24	7	242	273	95	19	1227	1341
0.1387	0.0814	0.1066	0.1079	0.0966	0.0466	0.0486	0.0504
149	4	830	983	712	33	12047	12792
45	3	93	141	184	23	271	478
0.302	0.75	0.112	0.1434	0.2584	0.697	0.0225	0.0374
54	67	2632	2753	158	503	27403	28064
13	19	71	103	28	141	182	351
0.2407	0.2836	0.027	0.0374	0.1772	0.2803	0.0066	0.0125
914	2621	5132	8667	4742	15832	41331	61905
1	51	43	95	3	90	70	163
0.0011	0.0195	0.0084	0.011	0.0006	0.0057	0.0017	0.0026
69	338	3237	3644	368	2024	28012	30404
29	61	286	376	84	252	907	1243
0.4203	0.1805	0.0884	0.1032	0.2283	0.1245	0.0324	0.0409
58	513	1859	2430	268	3721	19520	23509
20	0	221	241	84	0	835	919
0.3448	0	0.1189	0.0992	0.3134	0	0.0428	0.0391
19	0	2272	2291	27	0	24742	24769
3	0	8	11	8	0	17	25
0.1579	0	0.0035	0.0048	0.2963	0	0.0007	0.001
124	63	7597	7784	425	702	57441	58568
7	2	20	29	11	3	36	50
0.0565	0.0317	0.0026	0.0037	0.0259	0.0043	0.0006	0.0009
8	128	987	1123	9	1242	13073	14324
1	5	128	134	2	7	472	481
0.125	0.0391	0.1297	0.1193	0.2222	0.0056	0.0361	0.0336
7	136	967	1110	8	1236	12882	14126
1	6	121	128	2	8	439	449
0.1429	0.0441	0.1251	0.1153	0.25	0.0065	0.0341	0.0318
70	1028	4065	5163	252	5425	39709	45386
31	139	361	531	123	447	1595	2165
0.4429	0.1352	0.0888	0.1028	0.4881	0.0824	0.0402	0.0477
158	290	7382	7830	757	2015	56288	59060
12	11	261	284	32	63	849	944
0.0759	0.0379	0.0354	0.0363	0.0423	0.0313	0.0151	0.016
734	1371	4939	7044	4164	10218	42903	57285
9	3	26	38	19	8	51	78
0.0123	0.0022	0.0053	0.0054	0.0046	0.0008	0.0012	0.0014
221	1096	4255	5572	1180	6291	34234	41705
11	2	171	184	23	3	458	484
0.0498	0.0018	0.0402	0.033	0.0195	0.0005	0.0134	0.0116
25	17	3891	3933	116	90	30921	31127
3	0	454	457	10	0	1288	1298
0.12	0	0.1167	0.1162	0.0862	0	0.0417	0.0417
14	0	1248	1262	21	0	14745	14766
3	0	14	17	8	0	26	34
0.2143	0	0.0112	0.0135	0.381	0	0.0018	0.0023
745	1894	5019	7658	2275	11385	40683	54343
1	48	130	179	2	90	341	433
0.0013	0.0253	0.0259	0.0234	0.0009	0.0079	0.0084	0.008
221	1096	4255	5572	1180	6291	34234	41705
11	2	171	184	23	3	461	487
0.0498	0.0018	0.0402	0.033	0.0195	0.0005	0.0135	0.0117
173	271	2589	3033	764	1844	27941	30549
35	32	380	447	110	99	1461	1670
0.2023	0.1181	0.1468	0.1474	0.144	0.0537	0.0523	0.0547
96	48	2410	2554	432	349	20924	21705
5	0	62	67	7	0	131	138
0.0521	0	0.0257	0.0262	0.0162	0	0.0063	0.0064
7	5	899	911	8	11	11960	11979
1	3	114	118	2	6	488	496
0.1429	0.6	0.1268	0.1295	0.25	0.5455	0.0408	0.0414
10	0	632	642	16	0	8919	8935
3	0	8	11	7	0	20	27
0.3	0	0.0127	0.0171	0.4375	0	0.0022	0.003
71	407	1986	2464	314	3591	21747	25652
5	20	21	46	10	38	38	86
0.0704	0.0491	0.0106	0.0187	0.0318	0.0106	0.0017	0.0034
1	3371	3747	7119	2	17791	36050	53843
1	139	88	228	1	364	211	576
1	0.0412	0.0235	0.032	0.5	0.0205	0.0059	0.0107
7	100	964	1071	8	972	12682	13662
1	2	93	96	2	2	321	325
0.1429	0.02	0.0965	0.0896	0.25	0.0021	0.0253	0.0238
728	390	5365	6483	4453	2446	43113	50012
60	66	245	371	207	202	889	1298
0.0824	0.1692	0.0457	0.0572	0.0465	0.0826	0.0206	0.026
17	0	724	741	47	0	10290	10337
6	0	22	28	17	0	55	72
0.3529	0	0.0304	0.0378	0.3617	0	0.0053	0.007
74	0	2049	2123	287	0	20474	20761
30	0	228	258	111	0	935	1046
0.4054	0	0.1113	0.1215	0.3868	0	0.0457	0.0504
16	605	2355	2976	18	4374	23525	27917
1	78	164	243	2	342	657	1001
0.0625	0.1289	0.0696	0.0817	0.1111	0.0782	0.0279	0.0359
20	0	1643	1663	37	0	19138	19175
5	0	11	16	13	0	30	43
0.25	0	0.0067	0.0096	0.3514	0	0.0016	0.0022
14	0	1631	1645	28	0	18004	18032
3	0	136	139	6	0	408	414
0.2143	0	0.0834	0.0845	0.2143	0	0.0227	0.023
35	0	722	757	160	0	10675	10835
17	0	38	55	56	0	101	157
0.4857	0	0.0526	0.0727	0.35	0	0.0095	0.0145
26	0	1955	1981	106	0	21572	21678
5	0	241	246	14	0	681	695
0.1923	0	0.1233	0.1242	0.1321	0	0.0316	0.0321
24	0	1657	1681	53	0	19301	19354
9	0	80	89	24	0	333	357
0.375	0	0.0483	0.0529	0.4528	0	0.0173	0.0184
7	0	918	925	8	0	12121	12129
1	0	106	107	2	0	445	447
0.1429	0	0.1155	0.1157	0.25	0	0.0367	0.0369
22	0	1632	1654	33	0	18992	19025
8	0	2	10	10	0	5	15
0.3636	0	0.0012	0.006	0.303	0	0.0003	0.0008
68	395	2216	2679	562	2245	24183	26990
17	34	216	267	54	105	866	1025
0.25	0.0861	0.0975	0.0997	0.0961	0.0468	0.0358	0.038
9	109	964	1082	10	978	12889	13877
1	5	93	99	2	10	325	337
0.1111	0.0459	0.0965	0.0915	0.2	0.0102	0.0252	0.0243
7	166	1111	1284	8	1511	13687	15206
1	18	134	153	2	76	500	578
0.1429	0.1084	0.1206	0.1192	0.25	0.0503	0.0365	0.038
22	14	1619	1655	58	73	18830	18961
7	5	78	90	21	29	325	375
0.3182	0.3571	0.0482	0.0544	0.3621	0.3973	0.0173	0.0198
7	162	2528	2697	8	1368	25083	26459
1	6	105	112	2	17	420	439
0.1429	0.037	0.0415	0.0415	0.25	0.0124	0.0167	0.0166
187	2204	4855	7246	963	15839	41665	58467
2	64	64	130	3	262	157	422
0.0107	0.029	0.0132	0.0179	0.0031	0.0165	0.0038	0.0072
64	0	1758	1822	279	0	19869	20148
24	0	88	112	128	0	347	475
0.375	0	0.0501	0.0615	0.4588	0	0.0175	0.0236
81	127	2227	2435	347	1145	23079	24571
39	62	94	195	100	320	249	669
0.4815	0.4882	0.0422	0.0801	0.2882	0.2795	0.0108	0.0272
7	136	981	1124	8	1236	12852	14096
1	5	95	101	2	7	325	334
0.1429	0.0368	0.0968	0.0899	0.25	0.0057	0.0253	0.0237
76	69	2303	2448	421	482	27165	28068
24	10	305	339	128	25	1233	1386
0.3158	0.1449	0.1324	0.1385	0.304	0.0519	0.0454	0.0494
17	0	2072	2089	30	0	22519	22549
2	0	6	8	5	0	16	21
0.1176	0	0.0029	0.0038	0.1667	0	0.0007	0.0009
34	0	1977	2011	74	0	21712	21786
10	0	230	240	19	0	853	872
0.2941	0	0.1163	0.1193	0.2568	0	0.0393	0.04
19	0	1091	1110	47	0	13430	13477
6	0	172	178	21	0	633	654
0.3158	0	0.1577	0.1604	0.4468	0	0.0471	0.0485
74	0	2110	2184	307	0	22959	23266
34	0	275	309	110	0	1057	1167
0.4595	0	0.1303	0.1415	0.3583	0	0.046	0.0502
41	11	1645	1697	155	49	18059	18263
12	10	203	225	33	30	611	674
0.2927	0.9091	0.1234	0.1326	0.2129	0.6122	0.0338	0.0369
17	0	2235	2252	19	0	23665	23684
1	0	216	217	2	0	812	814
0.0588	0	0.0966	0.0964	0.1053	0	0.0343	0.0344
9	140	1790	1939	10	1264	19620	20894
1	5	111	117	2	13	391	406
0.1111	0.0357	0.062	0.0603	0.2	0.0103	0.0199	0.0194
32	431	7957	8420	97	2686	58591	61374
13	134	422	569	50	551	1340	1941
0.4062	0.3109	0.053	0.0676	0.5155	0.2051	0.0229	0.0316
8	106	1170	1284	9	962	14392	15363
1	2	77	80	2	2	257	261
0.125	0.0189	0.0658	0.0623	0.2222	0.0021	0.0179	0.017
11	106	1776	1893	12	962	19187	20161
1	4	209	214	2	9	782	793
0.0909	0.0377	0.1177	0.113	0.1667	0.0094	0.0408	0.0393
7	128	951	1086	9	1242	12815	14066
1	5	91	97	3	7	308	318
0.1429	0.0391	0.0957	0.0893	0.3333	0.0056	0.024	0.0226
49	5	1386	1440	186	31	16250	16467
25	2	151	178	76	12	662	750
0.5102	0.4	0.1089	0.1236	0.4086	0.3871	0.0407	0.0455
7	128	1072	1207	8	1242	13586	14836
1	5	102	108	2	7	361	370
0.1429	0.0391	0.0951	0.0895	0.25	0.0056	0.0266	0.0249
27	303	7182	7512	76	1790	54168	56034
5	50	130	185	6	197	315	518
0.1852	0.165	0.0181	0.0246	0.0789	0.1101	0.0058	0.0092
38	89	2338	2465	141	630	25547	26318
14	0	44	58	56	0	95	151
0.3684	0	0.0188	0.0235	0.3972	0	0.0037	0.0057
60	0	2177	2237	176	0	22260	22436
10	0	99	109	28	0	404	432
0.1667	0	0.0455	0.0487	0.1591	0	0.0181	0.0193
45	0	1086	1131	152	0	13495	13647
28	0	197	225	85	0	692	777
0.6222	0	0.1814	0.1989	0.5592	0	0.0513	0.0569
105	435	8565	9105	394	2653	62921	65968
51	7	436	494	154	10	2037	2201
0.4857	0.0161	0.0509	0.0543	0.3909	0.0038	0.0324	0.0334
17	0	1363	1380	38	0	15646	15684
8	0	9	17	13	0	18	31
0.4706	0	0.0066	0.0123	0.3421	0	0.0012	0.002
7	0	852	859	8	0	11415	11423
1	0	90	91	2	0	376	378
0.1429	0	0.1056	0.1059	0.25	0	0.0329	0.0331
7	130	1078	1215	8	1247	13500	14755
1	7	113	121	2	9	433	444
0.1429	0.0538	0.1048	0.0996	0.25	0.0072	0.0321	0.0301
41	0	6567	6608	93	0	49060	49153
17	0	94	111	29	0	301	330
0.4146	0	0.0143	0.0168	0.3118	0	0.0061	0.0067
35	0	5304	5339	120	0	43770	43890
7	0	336	343	27	0	1006	1033
0.2	0	0.0633	0.0642	0.225	0	0.023	0.0235
70	0	2037	2107	213	0	22432	22645
32	0	206	238	78	0	732	810
0.4571	0	0.1011	0.113	0.3662	0	0.0326	0.0358
3	27	1992	2022	3	83	20090	20176
1	2	112	115	1	10	390	401
0.3333	0.0741	0.0562	0.0569	0.3333	0.1205	0.0194	0.0199
196	348	4716	5260	810	1929	40767	43506
40	38	153	231	88	72	411	571
0.2041	0.1092	0.0324	0.0439	0.1086	0.0373	0.0101	0.0131
7	128	939	1074	8	1242	12654	13904
1	5	77	83	2	7	237	246
0.1429	0.0391	0.082	0.0773	0.25	0.0056	0.0187	0.0177
67	315	1729	2111	247	3023	19554	22824
11	8	22	41	31	20	40	91
0.1642	0.0254	0.0127	0.0194	0.1255	0.0066	0.002	0.004
7	155	1003	1165	8	1350	13188	14546
1	10	98	109	2	26	353	381
0.1429	0.0645	0.0977	0.0936	0.25	0.0193	0.0268	0.0262
33	0	695	728	158	0	10158	10316
9	0	11	20	16	0	19	35
0.2727	0	0.0158	0.0275	0.1013	0	0.0019	0.0034
32	13	8001	8046	97	46	58664	58807
11	0	201	212	31	0	740	771
0.3438	0	0.0251	0.0263	0.3196	0	0.0126	0.0131
11	0	610	621	16	0	8805	8821
1	0	10	11	4	0	21	25
0.0909	0	0.0164	0.0177	0.25	0	0.0024	0.0028
41	0	1412	1453	107	0	16177	16284
25	0	34	59	56	0	79	135
0.6098	0	0.0241	0.0406	0.5234	0	0.0049	0.0083
14	131	1867	2012	15	1261	19068	20344
1	6	174	181	2	14	684	700
0.0714	0.0458	0.0932	0.09	0.1333	0.0111	0.0359	0.0344
22	20	8850	8892	32	68	64110	64210
3	4	482	489	6	11	1495	1512
0.1364	0.2	0.0545	0.055	0.1875	0.1618	0.0233	0.0235
7	137	1003	1147	8	1242	13095	14345
1	7	115	123	2	11	432	445
0.1429	0.0511	0.1147	0.1072	0.25	0.0089	0.033	0.031
83	33	3282	3398	841	118	29305	30264
20	4	637	661	45	10	2302	2357
0.241	0.1212	0.1941	0.1945	0.0535	0.0847	0.0786	0.0779
18	0	629	647	50	0	9225	9275
10	0	22	32	22	0	53	75
0.5556	0	0.035	0.0495	0.44	0	0.0057	0.0081
14	303	1635	1952	15	1875	17523	19413
1	20	142	163	2	102	536	640
0.0714	0.066	0.0869	0.0835	0.1333	0.0544	0.0306	0.033
1	382	1909	2292	1	2485	20678	23164
0	2	48	50	0	3	115	118
0	0.0052	0.0251	0.0218	0	0.0012	0.0056	0.0051
18	111	2046	2175	21	995	21334	22350
1	3	98	102	3	5	354	362
0.0556	0.027	0.0479	0.0469	0.1429	0.005	0.0166	0.0162
14	129	1450	1593	15	1247	16254	17516
1	5	105	111	2	7	394	403
0.0714	0.0388	0.0724	0.0697	0.1333	0.0056	0.0242	0.023
13	301	2139	2453	15	2255	21945	24215
1	8	87	96	2	13	236	251
0.0769	0.0266	0.0407	0.0391	0.1333	0.0058	0.0108	0.0104
9	391	1634	2034	10	1931	17518	19459
1	20	139	160	2	102	527	631
0.1111	0.0512	0.0851	0.0787	0.2	0.0528	0.0301	0.0324
75	1567	7775	9417	205	9974	59229	69408
3	2	176	181	8	10	450	468
0.04	0.0013	0.0226	0.0192	0.039	0.001	0.0076	0.0067
9	252	1634	1895	10	1773	17520	19303
1	20	137	158	2	102	515	619
0.1111	0.0794	0.0838	0.0834	0.2	0.0575	0.0294	0.0321
14	158	1620	1792	15	1310	17425	18750
1	7	109	117	2	12	384	398
0.0714	0.0443	0.0673	0.0653	0.1333	0.0092	0.022	0.0212
32	245	2065	2342	73	2714	22203	24990
11	4	49	64	34	9	112	155
0.3438	0.0163	0.0237	0.0273	0.4658	0.0033	0.005	0.0062
170	1717	7002	8889	1216	10613	59838	71667
8	7	82	97	22	16	232	270
0.0471	0.0041	0.0117	0.0109	0.0181	0.0015	0.0039	0.0038
1	2920	6169	9090	7	20039	52649	72695
1	2	66	69	1	3	172	176
1	0.0007	0.0107	0.0076	0.1429	0.0001	0.0033	0.0024
415	417	4436	5268	1870	2192	41424	45486
56	187	348	591	206	655	1528	2389
0.1349	0.4484	0.0784	0.1122	0.1102	0.2988	0.0369	0.0525
73	15	4511	4599	377	46	36468	36891
9	0	229	238	17	0	616	633
0.1233	0	0.0508	0.0518	0.0451	0	0.0169	0.0172
7	157	996	1160	8	1413	13135	14556
1	14	113	128	2	28	415	445
0.1429	0.0892	0.1135	0.1103	0.25	0.0198	0.0316	0.0306
0	968	3442	4410	0	5402	30759	36161
0	17	98	115	0	77	206	283
0	0.0176	0.0285	0.0261	0	0.0143	0.0067	0.0078
74	103	4002	4179	286	612	37487	38385
7	0	229	236	10	0	581	591
0.0946	0	0.0572	0.0565	0.035	0	0.0155	0.0154
122	678	4981	5781	504	6883	43552	50939
1	13	15	29	1	26	27	54
0.0082	0.0192	0.003	0.005	0.002	0.0038	0.0006	0.0011
66	0	1696	1762	282	0	19760	20042
23	0	104	127	78	0	413	491
0.3485	0	0.0613	0.0721	0.2766	0	0.0209	0.0245
71	0	4794	4865	251	0	40412	40663
7	0	473	480	14	0	1516	1530
0.0986	0	0.0987	0.0987	0.0558	0	0.0375	0.0376
24	1364	5578	6966	46	8219	47777	56042
0	2	59	61	0	2	155	157
0	0.0015	0.0106	0.0088	0	0.0002	0.0032	0.0028
223	996	5655	6874	1332	6828	48011	56171
1	34	27	62	2	62	40	104
0.0045	0.0341	0.0048	0.009	0.0015	0.0091	0.0008	0.0019
86	67	1841	1994	468	362	20257	21087
2	6	201	209	5	13	519	537
0.0233	0.0896	0.1092	0.1048	0.0107	0.0359	0.0256	0.0255
57	463	2398	2918	229	3004	23873	27106
25	87	119	231	74	283	421	778
0.4386	0.1879	0.0496	0.0792	0.3231	0.0942	0.0176	0.0287
208	1274	4902	6384	945	8878	42959	52782
3	0	63	66	5	0	164	169
0.0144	0	0.0129	0.0103	0.0053	0	0.0038	0.0032
38	232	1621	1891	122	4314	18018	22454
17	26	246	289	58	54	950	1062
0.4474	0.1121	0.1518	0.1528	0.4754	0.0125	0.0527	0.0473
4	402	2047	2453	12	2229	21394	23635
3	17	284	304	7	59	1110	1176
0.75	0.0423	0.1387	0.1239	0.5833	0.0265	0.0519	0.0498
69	0	1792	1861	325	0	18310	18635
7	0	127	134	16	0	335	351
0.1014	0	0.0709	0.072	0.0492	0	0.0183	0.0188
9	134	1534	1677	10	1281	17608	18899
1	4	89	94	2	6	296	304
0.1111	0.0299	0.058	0.0561	0.2	0.0047	0.0168	0.0161
9	153	1689	1851	10	1287	18871	20168
1	8	118	127	2	14	427	443
0.1111	0.0523	0.0699	0.0686	0.2	0.0109	0.0226	0.022
13	0	651	664	48	0	9553	9601
6	0	38	44	20	0	98	118
0.4615	0	0.0584	0.0663	0.4167	0	0.0103	0.0123
14	1	1393	1408	15	5	15537	15557
1	1	186	188	2	4	709	715
0.0714	1	0.1335	0.1335	0.1333	0.8	0.0456	0.046
14	190	1620	1824	15	1453	17236	18704
1	7	201	209	2	11	591	604
0.0714	0.0368	0.1241	0.1146	0.1333	0.0076	0.0343	0.0323
23	822	5054	5899	39	4547	41419	46005
1	9	101	111	2	42	271	315
0.0435	0.0109	0.02	0.0188	0.0513	0.0092	0.0065	0.0068
47	0	2401	2448	191	0	23931	24122
38	0	142	180	109	0	421	530
0.8085	0	0.0591	0.0735	0.5707	0	0.0176	0.022
47	0	1169	1216	138	0	14364	14502
19	0	31	50	40	0	75	115
0.4043	0	0.0265	0.0411	0.2899	0	0.0052	0.0079
1	4383	5412	9796	7	29097	45301	74405
1	4	50	55	7	9	112	128
1	0.0009	0.0092	0.0056	1	0.0003	0.0025	0.0017
1363	2501	4154	8018	7224	14337	37058	58619
9	80	119	208	26	241	270	537
0.0066	0.032	0.0286	0.0259	0.0036	0.0168	0.0073	0.0092
31	242	1172	1445	96	2681	15094	17871
13	6	46	65	43	20	182	245
0.4194	0.0248	0.0392	0.045	0.4479	0.0075	0.0121	0.0137
252	598	3105	3955	1360	4028	32583	37971
64	56	470	590	300	232	2126	2658
0.254	0.0936	0.1514	0.1492	0.2206	0.0576	0.0652	0.07
108	335	1519	1962	447	3440	17855	21742
36	24	135	195	99	174	582	855
0.3333	0.0716	0.0889	0.0994	0.2215	0.0506	0.0326	0.0393
15	1119	4767	5901	17	6329	39615	45961
0	0	58	58	0	0	159	159
0	0	0.0122	0.0098	0	0	0.004	0.0035
18	462	2598	3078	19	4578	26434	31031
1	2	2	5	1	3	3	7
0.0556	0.0043	0.0008	0.0016	0.0526	0.0007	0.0001	0.0002
14	152	1590	1756	15	1214	17159	18388
1	11	103	115	2	29	354	385
0.0714	0.0724	0.0648	0.0655	0.1333	0.0239	0.0206	0.0209
45	0	819	864	204	0	11594	11798
23	0	86	109	88	0	332	420
0.5111	0	0.105	0.1262	0.4314	0	0.0286	0.0356
52	13	1748	1813	142	43	18964	19149
16	0	180	196	28	0	559	587
0.3077	0	0.103	0.1081	0.1972	0	0.0295	0.0307
65	0	4602	4667	329	0	40581	40910
2	0	437	439	3	0	1178	1181
0.0308	0	0.095	0.0941	0.0091	0	0.029	0.0289
