0015AE7C27688D45F79170DCEA16131CE557912A1A0C5F3B6B0465EE0774A452.apk	0.0133	0.0521	0.9346	0.0032	0.0213	0.9754	0.4545	0.1818	0.2727	0.0909	0.0004	0.0015	0.0099	0.0052	0	0	0	0	0	0	0	0	0	0	0	0	0	0	0	0.0082	0	0	0	0	0	0	0	0	0	0	0.9918	0	0	0	0	0	0	0	0	0	0	0	0	0	0.0312	0	0.0938	0	0	0	0	0	0	0.0781	0	0	0	0	0	0	0	0	0	0	0	0	0	0	0	0	0	0.7969	0.0029	0.0345	0.0278	0.6111	0.1667	0.0833	0.1111	0.0258	0.0023	0.0796	0.7705	0	0.0187	0	0.0211	0.0656	0.0164	0
001E0F67B5BB9DDAB14FACBEF94791EAED0EB939BCB651D19DAFD0E2A05D8178.apk	0.03	0.1941	0.7759	0.0134	0.1009	0.8858	0.5455	0.1364	0.2273	0.0909	0.0009	0.0032	0.0174	0.0067	0	0	0	0	0	0	0	0	0	0	0	0	0	0.0109	0	0	0	0	0	0	0	0	0	0	0.04	0	0	0	0	0	0.9455	0.0036	0	0	0	0	0	0	0	0	0	0	0	0	0	0	0	0	0	0	0	0	0	0	0	0.0189	0.066	0.8679	0	0	0.0189	0	0	0	0	0.0283	0	0	0.0037	0.0354	0.0339	0.6441	0.1525	0.0847	0.0847	0.0197	0.0018	0.1199	0.3846	0	0.0787	0.0179	0.0161	0.2755	0.0859	0
00235A4DBD50B0F8E6AA4B065815CE68B89057FAA8CCE24DEEC6DDCFC70BC692.apk	0.013	0.1145	0.8725	0.003	0.0576	0.9394	0.3913	0.1739	0.3913	0.0435	0.0001	0.0022	0.0097	0.0046	0	0	0	0	0	0	0	0.0219	0	0	0	0	0	0	0.0146	0	0	0.9635	0	0	0	0	0	0	0	0	0	0	0	0	0	0	0	0	0	0.7385	0	0	0	0	0	0	0	0	0	0	0.1231	0	0	0	0	0	0.1077	0	0	0	0	0	0	0	0	0	0.0154	0	0	0.0154	0	0	0.0043	0.0339	0.0164	0.6066	0.1475	0.1475	0.082	0.0229	0.0021	0.0187	0.7006	0	0.0707	0.0208	0.0187	0.1164	0.0291	0
00621E015191863041E78726B863B7E1374B17FDA690367878D1272B0E44B232.apk	0.0183	0.1474	0.8343	0.0046	0.0736	0.9218	0.7273	0.0909	0.1364	0.0455	0.0002	0.0022	0.0108	0.0044	0	0	0	0	0	0	0	0	0	0	0	0.0253	0	0	0	0	0	0	0	0	0	0	0	0.057	0	0.9114	0	0	0	0	0.0063	0	0	0	0.1094	0	0	0	0	0	0.0312	0	0	0	0	0	0	0	0	0	0	0	0	0	0	0.7656	0	0	0	0	0	0	0	0	0.0938	0	0	0	0.0043	0.0315	0.0159	0.7778	0.0952	0.0476	0.0635	0.0238	0.0022	0.0194	0.7495	0	0.041	0.013	0.0194	0.1102	0.0216	0
0085A90B92A00377111E89E19A9654495B238A0BDC35FCBD76C0AD981435AF3C.apk	0.018	0.3211	0.6609	0.0101	0.1838	0.8062	0.625	0.125	0.1875	0.0625	0.0004	0.0013	0.0091	0.0051	0	0	0	0	0	0	0	0	0	0.9933	0	0	0	0	0	0	0	0	0	0	0	0	0	0	0	0	0	0.0067	0	0	0	0	0	0	0	0	0.0238	0	0	0	0	0	0	0	0	0	0	0	0	0	0.0119	0	0	0	0	0	0	0.119	0	0	0	0.0595	0	0	0	0	0.7857	0	0.0027	0.0291	0.0222	0.6889	0.1333	0.0667	0.0889	0.023	0.0021	0.09	0.7343	0.0335	0.0251	0	0.0188	0.0586	0.0146	0
00F4FA52F37037EFB710C18B7D7AE7708A27AB1BEA333E99CDCBD680EB32408B.apk	0.0131	0.1115	0.8754	0.0042	0.0499	0.9458	0.4286	0	0.4286	0.1429	0.0001	0.0002	0.0102	0.0061	0	0	0	0	0	0	0	0	0	0	0	0	0	0	0	0	0	0	0	0.0244	0	0	0	0	0.9675	0.0081	0	0	0	0	0	0	0	0	0	0	0	0	0	0	0	0	0.8356	0	0	0	0.0137	0	0	0	0	0	0.0137	0	0	0	0	0.137	0	0	0	0	0	0	0	0	0	0	0.0019	0.0351	0.0435	0.7391	0	0.1304	0.087	0.026	0.0024	0.078	0.773	0	0.0142	0.0236	0.0213	0.0402	0.0213	0
01E7D8662D10A440BEF9F1B34992E8E607FFE3E78C635E8F6CF85A5EE56E36E5.apk	0.0511	0.1029	0.846	0.0181	0.0599	0.9221	0.6765	0.0588	0.2353	0.0294	0.0006	0.003	0.0125	0.006	0	0	0	0	0	0	0	0	0.0221	0	0	0.9724	0	0	0	0	0	0	0	0	0	0	0	0	0	0	0	0	0	0	0	0.0055	0	0	0	0	0	0	0	0	0	0.814	0	0	0	0	0	0	0	0	0	0	0	0.0233	0.0116	0	0	0	0	0	0	0	0.0814	0	0	0.0698	0	0	0.0055	0.0358	0.0127	0.7595	0.0759	0.1013	0.0506	0.0212	0.0019	0.0656	0.7181	0	0.0598	0	0.0174	0.056	0.0598	0
0219A154D8C6873AE16C53D313A5F6EF0509D45D1BEFCB2C472632A544959611.apk	0.0211	0.034	0.9449	0.0111	0.0139	0.975	0.3636	0.1818	0.3636	0.0909	0.0001	0.0005	0.009	0.004	0	0	0	0	0	0	0.958	0	0.0084	0	0	0	0	0.0336	0	0	0	0	0	0	0	0	0	0	0	0	0	0	0	0	0	0	0	0	0	0	0	0.717	0	0	0	0.0189	0	0	0	0	0	0	0	0.0755	0	0	0.1509	0	0	0	0	0	0	0	0.0377	0	0	0	0	0	0	0	0.0026	0.0315	0.0294	0.5294	0.2059	0.1176	0.1176	0.0265	0.0024	0.0578	0.788	0	0.0169	0	0.0723	0.0169	0.0193	0
02442E170E2EFD79BCC50A40C576BE11E8F0BA2D7501800E51F99427FF61E41D.apk	0.0428	0.1339	0.8233	0.0107	0.1027	0.8866	0.4	0.2	0.3	0.1	0.0001	0.0018	0.0113	0.0038	0	0	0	0	0	0	0	0.0175	0	0	0	0	0	0	0	0	0	0	0.8947	0	0	0	0	0	0	0	0.0058	0	0	0	0.0819	0	0	0	0	0	0	0	0	0	0	0.0517	0	0	0	0	0	0	0	0.0345	0	0	0	0.0345	0	0	0.7759	0.1034	0	0	0	0	0	0	0	0	0	0	0.0022	0.0304	0.0303	0.5758	0.1818	0.0909	0.1212	0.0239	0.0022	0.037	0.7978	0	0.0304	0.013	0.0196	0.0609	0.0152	0
02542C284CA7494A2000DE5EDC0A614ACDD1FCEAB5D71C2DD378F23F3D2E31F4.apk	0.0117	0.2402	0.7481	0.0026	0.1303	0.8671	0.5	0.0769	0.3846	0.0385	0.0005	0.0038	0.0122	0.0063	0	0	0	0	0	0	0	0	0	0.05	0	0	0	0	0.925	0	0	0	0	0	0	0	0	0	0	0	0	0.025	0	0	0	0	0	0	0	0	0	0.0769	0	0	0	0	0	0	0	0	0	0	0	0.0096	0	0	0.8269	0	0	0	0	0	0	0	0	0	0	0.0192	0.0673	0	0	0	0.0036	0.0308	0.0169	0.6271	0.1356	0.1695	0.0508	0.0218	0.002	0.0734	0.6885	0	0.0734	0.0437	0.0179	0.0575	0.0218	0
02835205CA45EE34688B33EEBFF2692BFCB4DDA10059397809271D4C547A4290.apk	0	0.149	0.851	0	0.0527	0.9473	0.6522	0.1739	0.1304	0.0435	0.0001	0.0018	0.0098	0.006	0	0	0	0	0	0	0	0.0157	0	0	0	0	0	0	0	0	0	0	0	0	0	0	0	0	0	0	0	0	0	0	0.9843	0	0	0	0	0	0	0	0	0	0	0	0.8182	0	0	0.026	0	0	0	0	0	0	0	0	0	0	0	0.0649	0	0	0.013	0.0779	0	0	0	0	0	0	0.0047	0.0415	0.0167	0.6833	0.15	0.05	0.1	0.0206	0.0019	0.0617	0.4318	0	0.0598	0	0.0168	0.2935	0.114	0
02F33A68E7425458671AE48D5FC4C451533B459FA678458C87186FE6D1969825.apk	0	0.149	0.851	0	0.0527	0.9473	0.6522	0.1739	0.1304	0.0435	0.0001	0.0018	0.0098	0.006	0	0	0	0	0	0	0	0.0157	0	0	0	0	0	0	0	0	0	0	0	0	0	0	0	0	0	0	0	0	0	0	0.9843	0	0	0	0	0	0	0	0	0	0	0	0.8182	0	0	0.026	0	0	0	0	0	0	0	0	0	0	0	0.0649	0	0	0.013	0.0779	0	0	0	0	0	0	0.0047	0.0415	0.0167	0.6833	0.15	0.05	0.1	0.0206	0.0019	0.0617	0.4318	0	0.0598	0	0.0168	0.2935	0.114	0
02F6731D615B550AC11F35E5F201D9D6BEC079969F2AD7E78EDA6281618B0D2F.apk	0.0278	0.0097	0.9625	0.0111	0.0044	0.9845	0.75	0	0.125	0.125	0	0.0004	0.0042	0.0024	0	0	0.9565	0	0	0	0	0	0	0	0	0	0	0.0435	0	0	0	0	0	0	0	0	0	0	0	0	0	0	0	0	0	0	0	0	0	0	0	0.7778	0	0	0	0	0	0	0	0	0	0	0	0	0	0.0741	0	0	0	0	0	0.1111	0	0	0	0	0	0	0	0	0	0.037	0.0019	0.0353	0.0476	0.8095	0	0.0476	0.0952	0.0283	0.0026	0.0283	0.7686	0.0103	0.0257	0	0.0231	0.0463	0.0668	0
03259A1228E3AD616F10C2370B8C142A8D20132505FBC5CDB5137322A8A03FC6.apk	0.0247	0.2382	0.7372	0.0068	0.1259	0.8674	0.56	0.16	0.24	0.04	0.0005	0.004	0.0138	0.0061	0	0	0.9381	0	0	0	0	0	0	0	0	0	0	0	0	0.0044	0.0133	0	0	0	0	0	0	0	0	0	0	0.0442	0	0	0	0	0	0	0	0	0	0	0	0	0	0.07	0	0	0	0	0	0	0	0.04	0	0	0	0	0	0.86	0	0	0	0	0	0	0	0.01	0	0.02	0	0	0.0038	0.0347	0.0161	0.6774	0.1129	0.0968	0.0968	0.0194	0.0018	0.1074	0.4173	0	0.0458	0.0317	0.0158	0.2746	0.0863	0
034A7C39666D859C9773E3F4E305F79BEF95471F45EC3362A9FB3F27C661BF01.apk	0.0341	0.1841	0.7818	0.0263	0.0895	0.8841	0.5	0.1429	0.2857	0.0714	0.0005	0.0023	0.0149	0.0063	0	0	0	0	0	0	0	0	0	0	0	0	0	0	0	0	0	0	0	0	0	0	0.0043	0	0	0.9565	0	0	0	0	0.0261	0	0.013	0	0.0204	0	0	0	0	0	0	0.8367	0	0	0	0.0816	0	0	0	0	0	0	0	0	0	0	0.0408	0.0204	0	0	0	0	0	0	0	0	0	0	0.0026	0.0335	0.025	0.625	0.15	0.1	0.1	0.0212	0.0019	0.1409	0.417	0	0.0444	0.0193	0.0174	0.2568	0.0811	0
03FBEB5FE583ED4ED8CA27F86C6F809FDD4347B047A8D289F0903CDBE5F5B394.apk	0.0178	0.0899	0.8923	0.0231	0.0452	0.9317	0.5333	0.1333	0.2667	0.0667	0.0004	0.0027	0.011	0.0059	0	0	0	0	0	0	0	0	0	0	0	0	0	0	0.0066	0	0	0	0	0	0	0	0	0	0	0	0	0	0	0.9934	0	0	0	0	0	0	0	0	0	0	0	0.8148	0	0	0	0	0	0	0.0617	0	0	0	0	0	0.0123	0	0	0	0	0	0	0	0.0864	0	0.0247	0	0	0	0.0033	0.0332	0.0217	0.6739	0.1304	0.087	0.087	0.024	0.0022	0.0742	0.6834	0	0.0393	0	0.0197	0.0633	0.0939	0
0438D7140D883BD4FE8EFB9C85374CAE0179FEEE6FB60A174E84B9A437D96E28.apk	0.0258	0.086	0.8882	0.0116	0.04	0.9485	0.3333	0	0.5	0.1667	0.0004	0.0006	0.0076	0.0028	0	0	0	0	0	0	0	0	0	0	0	0	0	0	0	0	0.0366	0	0	0	0	0	0	0	0	0	0	0	0	0	0	0	0.9634	0	0	0	0	0	0	0	0	0	0	0.0667	0	0	0	0.1333	0	0	0	0	0	0	0.0333	0	0	0	0	0	0	0	0.0333	0	0	0	0	0.7333	0.0018	0.0309	0.0526	0.6842	0	0.1579	0.1053	0.0331	0.003	0.0512	0.512	0	0.012	0	0.3675	0.0181	0.003	0
043B743E2BD440648EFE81EDE7096F040D9EC7B231786751FF7DC2DADE1717A4.apk	0.0094	0.2413	0.7493	0.0027	0.1273	0.87	0.5882	0.1176	0.2353	0.0588	0.0005	0.0038	0.0136	0.006	0	0	0	0	0	0	0	0	0	0	0	0	0	0.0135	0	0	0	0.0045	0	0	0	0	0.9369	0	0	0	0	0	0	0	0.045	0	0	0	0	0	0	0.0204	0	0	0	0	0	0	0	0	0.0714	0	0	0.0102	0	0.051	0	0	0	0	0	0	0	0	0.8469	0	0	0	0	0	0	0	0.0028	0.032	0.0217	0.6739	0.1304	0.087	0.087	0.021	0.0019	0.1162	0.4152	0	0.059	0.0343	0.0171	0.2552	0.08	0
049D5D5E6DDA98F512E0A9FD2D8E3299BB16ADFB63D95033ED6A839588D14425.apk	0.106	0.05	0.8439	0.0333	0.0236	0.9431	0.7273	0.0909	0.1364	0.0455	0.0012	0.0021	0.0101	0.0061	0	0	0	0	0	0	0	0	0	0	0	0.0072	0	0	0	0	0.9928	0	0	0	0	0	0	0	0	0	0	0	0	0	0	0	0	0	0.0241	0.0241	0.0843	0	0	0	0	0	0	0	0.7952	0.0723	0	0	0	0	0	0	0	0	0	0	0	0	0	0	0	0	0	0	0	0	0	0	0.0036	0.0376	0.0204	0.7143	0.1224	0.0612	0.0816	0.0215	0.002	0.092	0.7573	0	0.0333	0	0.0176	0.0548	0.0215	0
04CDFD2F08208E2759A6CF201DFE4C5EE6F724FB4CA752B5D2B924024E661AC1.apk	0.0891	0.0749	0.836	0.0502	0.0406	0.9093	0.2692	0.1154	0.5385	0.0769	0.0004	0.0014	0.0164	0.006	0	0	0	0	0.014	0	0	0	0	0	0	0	0	0	0	0	0	0	0	0	0	0.986	0	0	0	0	0	0	0	0	0	0	0	0	0	0	0	0.8101	0	0.0886	0	0	0	0.0127	0	0	0	0	0.0633	0	0	0	0	0	0	0	0	0	0	0	0	0	0	0	0.0127	0	0	0.0127	0.0042	0.036	0.0364	0.4545	0.1455	0.2545	0.1091	0.0233	0.0021	0.019	0.7484	0	0.0486	0	0.019	0.0613	0.0782	0
04EF88724F02A0500210239E4F65931204860ADB66D8C47109E01302D3ED814C.apk	0	0.1062	0.8938	0	0.0472	0.9528	0.6296	0.1481	0.1852	0.037	0.0001	0.0023	0.0102	0.0057	0	0	0	0	0.0217	0.9493	0	0	0	0	0	0	0	0	0	0	0	0	0	0	0	0	0	0	0.0072	0	0	0	0	0	0.0217	0	0	0	0	0	0	0	0.1026	0	0.0128	0	0	0.0769	0	0	0.0256	0	0	0	0	0	0	0	0.0128	0	0	0	0	0	0	0	0	0.7692	0	0	0	0	0.0052	0.0363	0.0141	0.6901	0.1408	0.0704	0.0845	0.0223	0.002	0.0203	0.6552	0.002	0.0609	0	0.0609	0.0649	0.1116	0
055AD1D98F2C1C925873AA0580B39D9862F6DBC171D5AB4CC3C2B2A578CA48FE.apk	0.008	0.0213	0.9707	0.0006	0.0055	0.9939	0.4	0	0.4	0.2	0	0.0013	0.0024	0.0006	0	0	0	0	0	0	0	0	0	0	0	0	0	0	0	0	0.9565	0	0	0	0	0	0	0	0	0.0435	0	0	0	0	0	0	0	0	0	0	0	0	0	0	0	0	0	0	0	0	0	0	0	0	0	0	0	0	0	0	0	0	0	0	0	0	0	1	0	0	0	0	0.0018	0.032	0.0556	0.7222	0	0.1111	0.1111	0.0353	0.0032	0.0288	0.8333	0	0.0128	0	0.0288	0.0513	0.0064	0
05975A57244002DD1AAF150FFD2721D30943B54258DA548271CE804B3B06C2F5.apk	0.0219	0.0578	0.9203	0.0086	0.0252	0.9662	0.5	0.1667	0.25	0.0833	0.0005	0.0016	0.0103	0.0059	0	0	0	0	0	0	0.0077	0.9923	0	0	0	0	0	0	0	0	0	0	0	0	0	0	0	0	0	0	0	0	0	0	0	0	0	0	0.0133	0	0.8133	0	0	0	0.0667	0	0	0	0	0	0	0	0	0	0	0	0.08	0	0	0	0	0	0.0267	0	0	0	0	0	0	0	0	0	0.003	0.036	0.0263	0.6316	0.1579	0.0789	0.1053	0.0241	0.0022	0.0746	0.7741	0	0.0285	0	0.0197	0.0614	0.0154	0
05C68734C04460DFF87618C0065457788EDCAD84C23F32113B156A963290D917.apk	0.0411	0.0011	0.9578	0.0113	0.0006	0.9881	0.5385	0.2308	0.1538	0.0769	0.0003	0.0015	0.0058	0.0031	0	0	0	0	0	0	0	0.9848	0	0	0	0	0	0	0	0	0	0	0	0.0152	0	0	0	0	0	0	0	0	0	0	0	0	0	0	0	0	0	0	0	0	0	0	0	0.8	0.0857	0	0	0	0	0	0.0286	0	0	0.0857	0	0	0	0	0	0	0	0	0	0	0	0	0	0	0.0034	0.0361	0.0256	0.5897	0.2051	0.0513	0.1282	0.0266	0.0024	0.0508	0.7821	0	0.0266	0	0.0218	0.0654	0.0242	0
07314216289EBF4D660DC189CDEC1B8C84ADB14769E90270C0FE7ECF56FB30BB.apk	0.0424	0.1795	0.778	0.0313	0.0941	0.8746	0.6667	0.0833	0.2083	0.0417	0.0002	0.0028	0.0139	0.0053	0	0	0	0.0122	0	0	0	0	0	0.0041	0	0	0	0.935	0	0	0	0	0	0	0	0	0	0	0	0.0488	0	0	0	0	0	0	0	0	0	0	0.8404	0	0	0	0	0	0	0.0319	0	0	0	0	0	0	0	0	0	0	0	0	0	0.0213	0	0	0	0.0851	0	0	0.0213	0	0	0	0.0032	0.0301	0.0175	0.7193	0.1053	0.0877	0.0702	0.0206	0.0019	0.0976	0.7036	0	0.0488	0.0338	0.0563	0.015	0.0225	0
0732C22AE1E9439530114EDD0C469472726883FA386B6C9B17702598063B5B3A.apk	0	0.1062	0.8938	0	0.0472	0.9528	0.6296	0.1481	0.1852	0.037	0.0001	0.0023	0.0102	0.0057	0	0	0	0	0.0217	0.9493	0	0	0	0	0	0	0	0	0	0	0	0	0	0	0	0	0	0	0.0072	0	0	0	0	0	0.0217	0	0	0	0	0	0	0	0.1026	0	0.0128	0	0	0.0769	0	0	0.0256	0	0	0	0	0	0	0	0.0128	0	0	0	0	0	0	0	0	0.7692	0	0	0	0	0.0052	0.0363	0.0141	0.6901	0.1408	0.0704	0.0845	0.0223	0.002	0.0203	0.6552	0.002	0.0609	0	0.0609	0.0649	0.1116	0
07CC72F03D7CA465553EEAC760D52A722C2CE2891CF708280B1A1D1C0AA7AD64.apk	0.0032	0.172	0.8248	0.0006	0.0675	0.9319	0.8889	0	0.0833	0.0278	0.0013	0.0033	0.0122	0.0055	0	0	0	0.0058	0	0	0	0	0.0231	0	0	0	0	0	0	0	0	0	0	0	0	0.9711	0	0	0	0	0	0	0	0	0	0	0	0	0	0	0	0	0.859	0	0	0.0128	0	0	0	0	0	0	0	0	0	0.0128	0	0	0	0	0	0	0	0	0	0	0.0385	0	0	0.0769	0	0	0.0081	0.0367	0.0087	0.9478	0	0.0261	0.0174	0.0212	0.0019	0.0676	0.527	0.0154	0.0714	0	0.2355	0.0251	0.0347	0
07E1349DFC31E9E6251A2920521E453F71CE296352861902B99734A8A7B7F554.apk	0.0103	0.0401	0.9496	0.0031	0.0177	0.9792	0.25	0.25	0.4167	0.0833	0	0.0006	0.0057	0.0019	0	0	0	0	0	0	0	0	0	0	0	0	0	0	0	0	0	0	0	0	0	1	0	0	0	0	0	0	0	0	0	0	0	0	0	0	0	0.5789	0.1579	0	0	0	0	0	0	0	0.0526	0	0	0	0	0	0	0.1053	0	0	0	0	0.0526	0	0	0	0	0	0	0	0.0526	0	0.004	0.0283	0.025	0.5	0.225	0.125	0.125	0.0387	0.0035	0.0352	0.4155	0.0035	0.0141	0	0.0317	0.4577	0	0
089923ED56AE4A3E37C85F2819031E36EC8F6E5996D8576EA8FBD4EBAFC31630.apk	0.0124	0.2041	0.7835	0.0032	0.1087	0.8881	0.44	0.12	0.4	0.04	0.0005	0.0033	0.0137	0.0067	0	0	0	0	0	0	0	0.0179	0	0	0	0	0.058	0	0	0.9241	0	0	0	0	0	0	0	0	0	0	0	0	0	0	0	0	0	0	0	0.8073	0	0	0	0	0	0	0	0	0	0	0	0	0	0	0	0.0183	0	0	0	0	0	0.0734	0	0	0	0	0	0.0826	0	0	0	0.0183	0.0038	0.0314	0.0161	0.6129	0.1452	0.1613	0.0645	0.0214	0.0019	0.1033	0.575	0	0.0351	0.0507	0.115	0.0156	0.0819	0
097E015196E02E3D2CE24F1B4832CA8820D7200C20A74DCCD9491912454DE3CF.apk	0.0327	0.367	0.6004	0.0225	0.2228	0.7547	0.5143	0.0857	0.3714	0.0286	0.0008	0.0051	0.0148	0.0071	0	0	0	0	0	0	0	0	0	0.0065	0	0	0	0	0	0	0	0.9481	0	0	0	0.0097	0	0	0.0357	0	0	0	0	0	0	0	0	0	0	0	0	0	0	0	0	0	0	0.0338	0	0.8649	0	0	0	0	0	0	0	0	0	0	0	0	0	0.0135	0.0135	0	0	0	0.0135	0	0.0608	0	0.0034	0.0323	0.0141	0.6338	0.1127	0.1831	0.0563	0.0164	0.0015	0.2217	0.433	0.0089	0.0283	0.0387	0.0134	0.2113	0.0268	0
09B952BB0E499EA71E042F6984E6E7632FE1B2F646E212E16468B54A7D0E4253.apk	0.0133	0.0521	0.9346	0.0032	0.0213	0.9754	0.4545	0.1818	0.2727	0.0909	0.0004	0.0015	0.0099	0.0052	0	0	0	0	0	0	0	0	0	0	0	0	0	0	0	0.0082	0	0	0	0	0	0	0	0	0	0	0.9918	0	0	0	0	0	0	0	0	0	0	0	0	0	0.0312	0	0.0938	0	0	0	0	0	0	0.0781	0	0	0	0	0	0	0	0	0	0	0	0	0	0	0	0	0	0.7969	0.0029	0.0345	0.0278	0.6111	0.1667	0.0833	0.1111	0.0258	0.0023	0.0796	0.7705	0	0.0187	0	0.0211	0.0656	0.0164	0
0A1C3919FE6ACD3ACFAFBB559FDB83852DEE9CD7FAE31F5CB8BED23DFEA9798E.apk	0.0329	0.2076	0.7595	0.0258	0.1062	0.868	0.5833	0	0.3333	0.0833	0.0005	0.0028	0.0143	0.0064	0	0	0.0133	0	0	0	0	0	0	0	0	0	0	0	0	0	0	0	0	0	0	0	0	0	0.0265	0	0	0	0	0.9602	0	0	0	0	0	0	0	0	0	0	0.0198	0	0.8416	0	0.0198	0	0	0.0792	0	0	0	0	0	0	0	0	0	0	0	0	0	0	0	0	0	0.0396	0	0	0.0022	0.0328	0.0294	0.7941	0	0.1176	0.0588	0.0212	0.0019	0.1407	0.4894	0	0.0559	0.0193	0.0173	0.237	0.0173	0
0A38AA7610CEC274806A1C8C909091EACA98F0CD71796ADC0C8AF29F693AD253.apk	0	0.137	0.863	0	0.0531	0.9469	0.7037	0.1852	0.0741	0.037	0.0001	0.0019	0.009	0.0053	0	0	0	0	0	0	0	0	0	0	0	0	0	0	0	0.9655	0	0	0	0	0.0259	0	0	0	0	0	0	0	0	0	0	0	0.0086	0	0	0	0	0.0147	0	0	0	0	0	0	0.0735	0	0.0147	0	0	0	0.8088	0	0	0	0.0735	0	0	0	0	0	0	0	0	0	0	0.0147	0	0	0.0063	0.0379	0.0123	0.7654	0.1111	0.0247	0.0864	0.0225	0.002	0.0184	0.7403	0	0.045	0	0.0184	0.1084	0.045	0
0AACB77A43EA7D2CFCAB3D9D5E27992DF70949E0C5C4A2043C5ADE86F31663AF.apk	0	0.137	0.863	0	0.0531	0.9469	0.7037	0.1852	0.0741	0.037	0.0001	0.0019	0.009	0.0053	0	0	0	0	0	0	0	0	0	0	0	0	0	0	0	0.9655	0	0	0	0	0.0259	0	0	0	0	0	0	0	0	0	0	0	0.0086	0	0	0	0	0.0147	0	0	0	0	0	0	0.0735	0	0.0147	0	0	0	0.8088	0	0	0	0.0735	0	0	0	0	0	0	0	0	0	0	0.0147	0	0	0.0063	0.0379	0.0123	0.7654	0.1111	0.0247	0.0864	0.0225	0.002	0.0184	0.7403	0	0.045	0	0.0184	0.1084	0.045	0
0AB1620F53EA78A822BFB6BF624D7764FB5ECDB1B0C66986BFC0AC554E617A3C.apk	0	0.0533	0.9467	0	0.0149	0.9851	0.5	0	0.375	0.125	0	0.0005	0.0033	0.0021	0	0	0	0	0	0	0	0	0	0	0	0	0	1	0	0	0	0	0	0	0	0	0	0	0	0	0	0	0	0	0	0	0	0	0	0	0	0.8	0	0	0	0	0	0	0	0	0	0	0	0	0	0	0	0	0	0.05	0	0	0	0.15	0	0	0	0	0	0	0	0	0.0024	0.0379	0.0435	0.7391	0	0.1304	0.087	0.0301	0.0027	0.0247	0.8137	0	0.0274	0	0.0247	0.0438	0.0329	0
0AE6CECB96E4515F4536EFC711D583A447FFFDF2BCD4E04D2F4A0347F63E40EA.apk	0.08	0.1124	0.8076	0.0502	0.0488	0.901	0.5385	0.1538	0.2308	0.0769	0.0004	0.0015	0.0116	0.0058	0	0.0057	0	0	0	0	0	0	0	0	0	0	0	0	0	0.9425	0	0.046	0	0	0	0	0	0	0	0	0	0	0	0.0057	0	0	0	0	0	0	0	0	0	0	0.0227	0	0	0	0	0	0	0	0	0	0	0	0	0	0.0341	0	0	0	0	0	0	0	0	0	0.0682	0	0.875	0	0.0029	0.0319	0.0227	0.6818	0.1364	0.0682	0.0909	0.0229	0.0021	0.0708	0.7146	0	0.05	0.0125	0.0187	0.0583	0.05	0
0B33469936791DB785E8546BB752AA75DE4C3227293A4237249DBD05FC12D039.apk	0.021	0.2055	0.7735	0.0101	0.1072	0.8826	0.5556	0.1111	0.2778	0.0556	0.0006	0.0035	0.015	0.0069	0	0	0.0128	0	0	0	0	0	0	0.9574	0	0	0.0043	0	0	0	0	0	0	0	0	0	0	0	0	0	0	0	0	0	0	0	0	0.0255	0	0	0	0	0	0	0	0.0183	0	0	0.0642	0	0.0459	0	0	0	0	0	0	0	0.8532	0	0	0	0	0	0	0	0	0.0183	0	0	0	0	0.0034	0.0344	0.0189	0.6981	0.1132	0.0943	0.0755	0.0204	0.0019	0.1241	0.4278	0.0037	0.0611	0.0185	0.0167	0.2481	0.0778	0
0B57C267A3028A744019B250A8AF44E3D5D1A1DDC650709CEC8423160325404F.apk	0	0.1372	0.8628	0	0.0424	0.9576	0.625	0.1667	0.1667	0.0417	0.0001	0.0016	0.0079	0.0047	0	0.9785	0	0	0	0	0	0	0	0	0	0	0	0.0215	0	0	0	0	0	0	0	0	0	0	0	0	0	0	0	0	0	0	0	0	0	0	0.0179	0.875	0	0	0	0	0.0179	0	0	0	0	0	0	0	0	0	0	0	0	0	0	0	0.0179	0.0714	0	0	0	0	0	0	0	0	0.0052	0.04	0.0164	0.6721	0.1475	0.0656	0.0984	0.0233	0.0021	0.0191	0.7013	0	0.072	0	0.0191	0.1102	0.053	0
0B704599E4E2F9BCAC34E086F929A9E100F31A9B65C995B52F4A7CDAE5579C99.apk	0.0154	0.3318	0.6527	0.0044	0.2143	0.7812	0.5909	0	0.3636	0.0455	0.0008	0.0038	0.0147	0.0063	0	0	0	0	0	0	0	0	0	0	0	0	0.0072	0	0	0	0.0181	0	0	0	0	0	0	0	0	0.0542	0	0	0.9206	0	0	0	0	0	0	0	0	0	0	0	0	0	0	0	0.8235	0	0.0504	0	0	0	0	0	0	0	0	0	0	0.0168	0.0672	0	0	0	0	0	0	0.0252	0	0.0168	0.0029	0.0292	0.0182	0.8	0	0.1455	0.0364	0.0199	0.0018	0.1338	0.3924	0	0.0868	0.0325	0.0163	0.2206	0.0958	0
0B717DCFD6B02EC4C6E46B856F24958E499DECF2B9E5B4E31AC3F401ABC46006.apk	0	0.137	0.863	0	0.0531	0.9469	0.7037	0.1852	0.0741	0.037	0.0001	0.0019	0.009	0.0053	0	0	0	0	0	0	0	0	0	0	0	0	0	0	0	0.9655	0	0	0	0	0.0259	0	0	0	0	0	0	0	0	0	0	0	0.0086	0	0	0	0	0.0147	0	0	0	0	0	0	0.0735	0	0.0147	0	0	0	0.8088	0	0	0	0.0735	0	0	0	0	0	0	0	0	0	0	0.0147	0	0	0.0063	0.0379	0.0123	0.7654	0.1111	0.0247	0.0864	0.0225	0.002	0.0184	0.7403	0	0.045	0	0.0184	0.1084	0.045	0
0CCC7F9CADE5AA4A8D462BB5CA01F1EA657739AC04BE8AA40C5703A976499729.apk	0.013	0.3989	0.5881	0.0071	0.2984	0.6945	0.5	0.3	0.1	0.1	0.0001	0.0002	0.0104	0.0024	0	0	0	0	0	0	0	0	0	0	0	0.0253	0	0	0	0	0.9646	0	0	0	0	0	0	0	0	0	0	0	0	0	0	0	0	0.0101	0	0	0	0	0	0.8	0	0	0	0	0	0.0444	0	0	0	0	0	0	0	0	0	0	0	0	0	0	0	0	0	0.0444	0	0	0.1111	0	0.0022	0.0207	0.0244	0.6341	0.1951	0.0244	0.122	0.0278	0.0025	0.0228	0.8203	0	0.0152	0	0.0759	0.0177	0.0177	0
0CE6A7F59CE12D472E6949F14C142ABE68B82B03C4360A65495FAA2931AAD52D.apk	0.0115	0.153	0.8355	0.001	0.0706	0.9284	0.8519	0	0.1111	0.037	0.0007	0.0029	0.0109	0.0048	0	0	0	0	0	0	0	0	0	0	0	0	0	0	0	0	0	0	0	0	0.0065	0	0	0	0	0.0131	0	0	0	0	0	0.9804	0	0	0	0	0	0	0.0882	0	0	0	0	0	0	0	0	0	0	0	0	0	0	0	0	0	0.0294	0.8382	0	0	0	0	0	0	0.0147	0	0	0.0294	0.0059	0.0353	0.012	0.9277	0	0.0361	0.0241	0.0222	0.002	0.0707	0.7131	0.0202	0.0606	0	0.0182	0.0465	0.0465	0
0D479ABE853FCDC8BDB07023F13DF79922FCEA78B960391EC2A0C1722C2A4AC5.apk	0.012	0.0614	0.9266	0.005	0.0237	0.9713	0.2857	0.2857	0.3571	0.0714	0	0.0011	0.006	0.0018	0.9385	0	0.0154	0	0	0	0	0	0	0	0	0	0	0	0	0	0	0	0	0	0	0	0	0	0	0.0154	0	0	0	0	0.0308	0	0	0	0	0	0	0	0	0	0	0	0.05	0.05	0	0	0	0.05	0	0	0	0	0	0.65	0	0	0	0.05	0	0.15	0	0	0	0	0	0	0	0	0.0043	0.034	0.0213	0.5319	0.2128	0.1064	0.1277	0.0299	0.0027	0.0272	0.8016	0.0027	0.019	0	0.0815	0.0163	0.019	0
0D9CB8010681D5F35969FB84F96FFCC53DD0B37AEE62F522C2972BEBF2759F02.apk	0.0886	0	0.9114	0.0332	0	0.9668	0.5333	0.1333	0.2667	0.0667	0.0002	0.0019	0.0061	0.0033	0	0	0	0	0	0	0	0	0	1	0	0	0	0	0	0	0	0	0	0	0	0	0	0	0	0	0	0	0	0	0	0	0	0	0	0	0	0	0.0833	0	0	0	0	0	0	0.6944	0	0	0	0	0	0	0	0	0	0	0	0.1667	0	0	0	0	0.0556	0	0	0	0	0	0.0044	0.0386	0.0213	0.6809	0.1277	0.0851	0.0851	0.0264	0.0024	0.0216	0.7122	0	0.0264	0	0.0216	0.1535	0.036	0
0DA73334ABB15049396B97A2318B3D8AA6C60B3215A3C09E4FF14ED9AFA86EF8.apk	0.0392	0.0267	0.9341	0.0224	0.0117	0.9659	0.3636	0.1818	0.3636	0.0909	0.0001	0.0004	0.0103	0.004	0	0.0068	0	0	0	0	0	0	0	0	0	0	0.9122	0	0	0	0	0	0	0.0676	0	0	0	0.0135	0	0	0	0	0	0	0	0	0	0	0	0	0.069	0	0	0.1379	0	0	0	0	0.0172	0	0	0.0172	0	0	0	0	0	0	0	0.7241	0.0345	0	0	0	0	0	0	0	0	0	0	0	0.0024	0.03	0.0286	0.5429	0.2	0.1143	0.1143	0.0255	0.0023	0.0556	0.5185	0	0.0486	0	0.3102	0.0208	0.0185	0
0DB82AA4F061EC55B9C173E011CDED4FE20576EAACE47354EBF2BFF6F4C87DAF.apk	0.0125	0.3726	0.615	0.006	0.308	0.6861	0.619	0.0952	0.2381	0.0476	0.0004	0.003	0.0137	0.0064	0	0	0	0	0	0.0069	0	0	0	0	0	0	0.0412	0	0	0	0	0	0	0	0.0172	0	0	0	0	0	0	0	0.9347	0	0	0	0	0	0	0	0	0	0	0.0368	0	0	0	0	0.0147	0	0	0	0	0	0	0	0	0.8603	0	0.0735	0	0	0	0	0	0	0	0	0.0147	0	0	0	0.0026	0.0263	0.0182	0.7091	0.1091	0.0909	0.0727	0.0197	0.0018	0.1503	0.3971	0	0.0626	0.0394	0.0161	0.2397	0.0733	0
0DD696CAE9F5FC107BAC087165A9FB11CD30349541C80780294EBCD4AD86E64A.apk	0	0.149	0.851	0	0.0527	0.9473	0.6522	0.1739	0.1304	0.0435	0.0001	0.0018	0.0098	0.006	0	0	0	0	0	0	0	0.0157	0	0	0	0	0	0	0	0	0	0	0	0	0	0	0	0	0	0	0	0	0	0	0.9843	0	0	0	0	0	0	0	0	0	0	0	0.8182	0	0	0.026	0	0	0	0	0	0	0	0	0	0	0	0.0649	0	0	0.013	0.0779	0	0	0	0	0	0	0.0047	0.0415	0.0167	0.6833	0.15	0.05	0.1	0.0206	0.0019	0.0617	0.4318	0	0.0598	0	0.0168	0.2935	0.114	0
0DF556FBF3767F66A812381AC3976861895855F58E3D24CD194CC3BC51B51F53.apk	0	0.1062	0.8938	0	0.0472	0.9528	0.6296	0.1481	0.1852	0.037	0.0001	0.0023	0.0102	0.0057	0	0	0	0	0.0217	0.9493	0	0	0	0	0	0	0	0	0	0	0	0	0	0	0	0	0	0	0.0072	0	0	0	0	0	0.0217	0	0	0	0	0	0	0	0.1026	0	0.0128	0	0	0.0769	0	0	0.0256	0	0	0	0	0	0	0	0.0128	0	0	0	0	0	0	0	0	0.7692	0	0	0	0	0.0052	0.0363	0.0141	0.6901	0.1408	0.0704	0.0845	0.0223	0.002	0.0203	0.6552	0.002	0.0609	0	0.0609	0.0649	0.1116	0
0DF65165F00068CF6EEE88AB03BFFAF66512B27147E7EA47BA6E65BE5AD2DEC9.apk	0.0699	0.1072	0.8229	0.0144	0.0603	0.9253	0.7647	0.1176	0.0588	0.0588	0	0.0027	0.0081	0.0038	0	0.0385	0	0	0	0	0	0	0.0192	0	0	0	0	0	0	0	0	0	0	0	0	0	0	0	0	0	0	0	0	0	0	0	0.9423	0	0	0	0	0	0	0.1224	0	0	0	0	0	0	0	0	0	0	0	0	0	0	0.0408	0	0	0.0408	0	0	0	0	0	0	0.7959	0	0	0	0.0029	0.0333	0.027	0.6757	0.1622	0.027	0.1081	0.0258	0.0023	0.0211	0.4155	0	0.0798	0.0141	0.0235	0.3052	0.1127	0
0ED1CE633B6CFE411F251AF1CE290F5ED0845845B0C96E671F8CDDFE97969F47.apk	0.1883	0.0079	0.8038	0.0587	0.0027	0.9387	0.8378	0	0.1351	0.027	0.0006	0.0059	0.0081	0.0043	0	0	0	0	0.0115	0.9655	0	0	0	0	0	0	0	0	0	0	0	0	0	0	0	0	0	0	0	0	0	0	0	0	0	0	0.023	0	0	0	0	0.8723	0.0426	0	0	0	0	0	0	0	0	0	0	0	0	0	0	0	0	0	0	0	0	0.0638	0	0	0	0	0	0.0213	0	0	0.0054	0.0429	0.0172	0.8621	0	0.0862	0.0345	0.0237	0.0022	0.0194	0.7155	0	0.0905	0	0.0194	0.0345	0.0948	0
0F021E137E7D3EF426D85F373F64AC53F1EE6C26EFD2772CDC9CCB95FF09F9E4.apk	0	0.137	0.863	0	0.0531	0.9469	0.7037	0.1852	0.0741	0.037	0.0001	0.0019	0.009	0.0053	0	0	0	0	0	0	0	0	0	0	0	0	0	0	0	0.9655	0	0	0	0	0.0259	0	0	0	0	0	0	0	0	0	0	0	0.0086	0	0	0	0	0.0147	0	0	0	0	0	0	0.0735	0	0.0147	0	0	0	0.8088	0	0	0	0.0735	0	0	0	0	0	0	0	0	0	0	0.0147	0	0	0.0063	0.0379	0.0123	0.7654	0.1111	0.0247	0.0864	0.0225	0.002	0.0184	0.7403	0	0.045	0	0.0184	0.1084	0.045	0
0F1A86D06EB33ECF694E4C43F484F42AF3A89AD78ABF22AAAAB48F2E58C792A6.apk	0.0295	0.209	0.7616	0.0073	0.1122	0.8805	0.5789	0.1053	0.2632	0.0526	0.0007	0.0035	0.0157	0.007	0.0237	0	0	0	0	0.9565	0	0	0	0.004	0	0	0	0	0	0	0	0	0	0	0	0	0	0.0158	0	0	0	0	0	0	0	0	0	0	0	0.0714	0	0	0	0	0	0	0	0.0446	0	0	0	0	0	0	0	0	0	0	0	0	0	0	0	0.8482	0	0	0.0179	0.0179	0	0	0	0	0.003	0.0351	0.0208	0.6667	0.125	0.1042	0.0833	0.0195	0.0018	0.1327	0.4177	0	0.0832	0.0177	0.0159	0.2372	0.0743	0
0F2931043C240C14DE48C7A6630752474C3FE5A87A5113F13851CFE8D14754DC.apk	0.0185	0.1107	0.8708	0.0078	0.0465	0.9458	0.5	0.2	0.2	0.1	0.0002	0.0013	0.0083	0.0037	0	0.0101	0	0	0	0	0	0	0	0	0	0	0	0	0	0	0	0	0	0	0	0	0	0	0	0	0.0404	0	0	0	0	0	0.9495	0	0	0.0682	0	0	0	0	0	0	0	0	0	0	0	0	0	0	0	0	0	0	0	0	0.0682	0	0	0	0	0	0	0.0227	0	0	0	0.8409	0.0028	0.0362	0.0303	0.6061	0.1818	0.0606	0.1212	0.0253	0.0023	0.0207	0.765	0	0.0484	0.0138	0.0207	0.0622	0.0415	0
0F341712E4C626B2B2ACF936CAE934DA666EC3B45F95083545B3AD79CBD48566.apk	0.0308	0.2026	0.7666	0.0245	0.1062	0.8693	0.5	0.125	0.3125	0.0625	0.0006	0.0036	0.015	0.0065	0	0.0126	0	0	0	0	0	0	0	0	0	0	0	0.0251	0	0	0	0	0	0	0	0.9582	0	0	0	0	0	0	0	0	0	0.0042	0	0	0	0	0	0	0	0	0.0097	0	0	0	0	0	0.0194	0	0	0	0	0.8447	0	0	0.0194	0	0	0	0	0	0.068	0	0	0	0	0.0388	0	0	0.003	0.0328	0.0208	0.6667	0.125	0.1042	0.0833	0.021	0.0019	0.1281	0.4149	0	0.0593	0.0191	0.0172	0.2562	0.0822	0
0F631064C4A08F05D5149D913F6DC2FA6D40B024348E0AEB9903E715B8F815A1.apk	0.003	0.4685	0.5285	0.0003	0.3244	0.6753	0.5806	0.0645	0.3226	0.0323	0.0009	0.0048	0.0164	0.0072	0	0	0	0.0081	0.0054	0	0	0	0	0.043	0	0	0	0	0	0	0	0	0	0	0	0	0	0	0	0	0	0.9435	0	0	0	0	0	0	0.0123	0	0	0	0.0429	0	0	0.8589	0.0123	0	0	0.0613	0	0	0	0	0	0	0.0123	0	0	0	0	0	0	0	0	0	0	0	0	0	0	0	0.0035	0.0336	0.0127	0.7215	0.0886	0.1266	0.0506	0.0145	0.0013	0.2329	0.4145	0.0132	0.0539	0.0447	0.0118	0.1908	0.0224	0
0F802F26C92F41EB9F11C72325226E4E142A0481AC7E3706AFEAA9B124905C35.apk	0.0334	0.0029	0.9637	0.0481	0.0005	0.9514	0.6667	0	0.1667	0.1667	0	0.0006	0.005	0.0031	0	0	0	1	0	0	0	0	0	0	0	0	0	0	0	0	0	0	0	0	0	0	0	0	0	0	0	0	0	0	0	0	0	0	0.0323	0	0	0	0	0	0	0	0	0.871	0	0	0	0	0	0	0	0	0	0	0	0.0645	0.0323	0	0	0	0	0	0	0	0	0	0	0	0.0025	0.0362	0.04	0.84	0	0.04	0.08	0.0306	0.0028	0.025	0.6444	0	0.0333	0	0.1333	0.0167	0.1139	0
0FA18A95361BBF4413A9B734B540F52C6BD2411090DEC4D7E3DB6708FEDC68AE.apk	0.0865	0.0102	0.9033	0.0273	0.0061	0.9665	0.2	0.2667	0.4667	0.0667	0.0001	0.0013	0.0079	0.0037	0	0	0	0	0	0	0.087	0	0.8804	0	0	0	0	0	0	0	0	0	0	0	0	0	0	0	0.0326	0	0	0	0	0	0	0	0	0	0.0465	0.1163	0	0	0	0	0	0	0	0	0	0	0	0	0	0	0	0	0	0	0.0233	0	0	0	0	0.0698	0	0	0	0	0	0.7209	0	0.0233	0.0038	0.0369	0.0227	0.4545	0.2273	0.1591	0.1364	0.0257	0.0023	0.021	0.785	0	0.0444	0.014	0.021	0.0654	0.021	0
0FCE8643A036D954E75ECA205B2EBA45629C999AA13ABF8896B4BBC07B0BCFA7.apk	0.018	0.0836	0.8984	0.0232	0.0413	0.9354	0.5333	0.1333	0.2667	0.0667	0.0004	0.0028	0.0108	0.0053	0	0	0	0	0	0	0	0.0068	0	0	0	0	0	0	0	0	0	0	0	0	0	0	0	0	0	0	0	0	0	0	0	0	0.9932	0	0	0	0	0	0	0.0274	0	0.0548	0	0	0	0	0.0959	0	0	0	0	0	0	0.8219	0	0	0	0	0	0	0	0	0	0	0	0	0	0	0.0034	0.0322	0.0217	0.6739	0.1304	0.087	0.087	0.0249	0.0023	0.0771	0.6757	0	0.0363	0	0.0204	0.0658	0.0975	0
10032DC19F609ED8B7577A5620C87A1BD9605EF0B12654E5983982CD640C0D89.apk	0.006	0.0826	0.9114	0.0005	0.0353	0.9642	0.4706	0.2941	0.1765	0.0588	0	0.001	0.0088	0.0032	0	0	0	0	0	0.0183	0	0	0	0	0.9725	0	0	0	0	0	0	0	0	0	0	0	0	0.0092	0	0	0	0	0	0	0	0	0	0	0	0	0	0	0	0.05	0	0	0	0	0	0	0	0	0	0	0.775	0	0.025	0	0.125	0.025	0	0	0	0	0	0	0	0	0	0	0	0	0.0047	0.0322	0.0172	0.6552	0.1552	0.0517	0.1207	0.0277	0.0025	0.068	0.7733	0	0.0176	0	0.0227	0.068	0.0202	0
1037A17C6DBA09780D075AD72EA16CE2BF7A2B83D3A7B6442D8D4104D93CE931.apk	0.0484	0.1682	0.7835	0.0157	0.1123	0.872	0.3846	0.2308	0.3077	0.0769	0.0001	0.0015	0.01	0.0034	0	0	0	0	0	0	0	0	0	0	0	0	0	0	0	0	0	0	0	0.0199	0.9272	0	0	0.0265	0	0	0	0	0	0	0.0265	0	0	0	0	0	0	0	0	0	0	0	0	0	0	0	0	0	0.0196	0	0	0.0588	0.8627	0	0	0	0	0.0392	0	0	0	0	0	0.0196	0	0	0	0	0.0026	0.0265	0.0256	0.5385	0.2051	0.1026	0.1282	0.0275	0.0025	0.0225	0.78	0	0.0375	0.015	0.0225	0.0675	0.025	0
1089F2E5CFC27903F33EFDE2A3CBBE196D842374B0B672156AF1491450252085.apk	0	0.2309	0.7691	0	0.1128	0.8872	0.5	0.1667	0.2083	0.125	0.0006	0.0022	0.0145	0.0081	0	0	0	0	0	0	0	0	0	0	0	0	0	0	0	0	0	0	0	0	0	0	0.0217	0	0.0174	0	0	0	0	0	0.9609	0	0	0	0	0.8203	0	0	0	0	0	0.0156	0	0	0	0	0	0	0.0078	0	0.0859	0	0	0	0	0	0	0	0	0.0703	0	0	0	0	0	0	0	0	0.0037	0.032	0.0508	0.5932	0.1695	0.0847	0.1017	0.0217	0.002	0.0945	0.6949	0.0079	0.0551	0.0197	0.0276	0.0551	0.0217	0
115AC099312AEFFE1511293EA68FCCCA314663E5EAC4990D14DD4AAC4AAD2A1C.apk	0.0009	0.323	0.6761	0.0001	0.2846	0.7153	0.5294	0.2941	0.1176	0.0588	0	0.0004	0.0066	0.0022	0	0	0	0	0	0	0	0	0	0	0.9479	0	0	0	0	0	0	0	0	0	0	0	0	0	0.0208	0	0.0312	0	0	0	0	0	0	0	0	0.8125	0	0	0	0.0312	0	0	0	0	0	0	0	0	0	0	0	0	0	0	0	0	0	0	0.0625	0.0625	0	0	0	0	0.0312	0	0	0	0.0042	0.0258	0.0164	0.6885	0.1475	0.0328	0.1148	0.0294	0.0027	0.0241	0.8075	0	0.016	0	0.0241	0.0722	0.0241	0
115D5D5D454AC6707A939F26DA2124E7FF89CB03765B245A6AD8AFB5C1771AF5.apk	0	0.137	0.863	0	0.0531	0.9469	0.7037	0.1852	0.0741	0.037	0.0001	0.0019	0.009	0.0053	0	0	0	0	0	0	0	0	0	0	0	0	0	0	0	0.9655	0	0	0	0	0.0259	0	0	0	0	0	0	0	0	0	0	0	0.0086	0	0	0	0	0.0147	0	0	0	0	0	0	0.0735	0	0.0147	0	0	0	0.8088	0	0	0	0.0735	0	0	0	0	0	0	0	0	0	0	0.0147	0	0	0.0063	0.0379	0.0123	0.7654	0.1111	0.0247	0.0864	0.0225	0.002	0.0184	0.7403	0	0.045	0	0.0184	0.1084	0.045	0
11912C3BF8223BC3E11D1B4DCA77D870EF3A8B577AFEC5A094ACD68823C070C3.apk	0.0127	0.0844	0.9029	0.0032	0.0423	0.9545	0.4615	0.1538	0.3077	0.0769	0.0004	0.0027	0.0108	0.0055	0	0	0	0	0	0	0	0	0	0	0	0	0	0	0.0069	0	0	0	0	0	0	0	0	0	0	0	0	0	0	0	0	0	0	0.9931	0	0	0	0	0	0	0	0	0	0	0	0	0	0	0.0811	0	0.7973	0	0	0	0	0	0	0	0	0	0	0.027	0	0	0	0.0946	0	0	0.0031	0.033	0.0238	0.6429	0.1429	0.0952	0.0952	0.0249	0.0023	0.0771	0.678	0	0.0363	0	0.0204	0.0658	0.0952	0
119727193E258A820B049AF3FE557ABCBF0B5CBAE1962589DBC980EF363B82C5.apk	0.0268	0.1088	0.8644	0.0128	0.0465	0.9407	0.4545	0.1818	0.2727	0.0909	0.0004	0.0012	0.0117	0.006	0.0063	0	0.0503	0	0.9371	0	0	0	0	0	0	0	0	0	0	0	0	0	0	0	0	0	0	0	0	0	0	0	0	0	0	0	0	0.0063	0	0	0	0	0	0	0	0	0.8537	0	0	0	0	0	0.0244	0	0	0	0	0	0	0	0	0	0	0	0.0732	0	0	0	0.0488	0	0	0	0.0028	0.0327	0.0263	0.6316	0.1579	0.0789	0.1053	0.0247	0.0022	0.0764	0.7483	0	0.036	0.0135	0.0202	0.0629	0.0157	0
12377A98F842B01ACE13925C7A44D909E40FD4D703972BFCDAF3571713A19793.apk	0.0129	0.0546	0.9325	0.0031	0.0231	0.9738	0.4545	0.1818	0.2727	0.0909	0.0004	0.0016	0.0109	0.005	0	0	0	0	0	0	0.0571	0	0	0	0	0.9286	0	0	0	0	0	0	0	0	0	0	0	0	0	0.0071	0	0	0	0	0.0071	0	0	0	0	0	0	0	0	0	0	0	0	0	0	0	0	0	0	0	0	0	0	0.0312	0	0	0.0938	0	0	0	0	0	0.7969	0	0.0781	0	0	0	0.0028	0.0339	0.0278	0.6111	0.1667	0.0833	0.1111	0.0254	0.0023	0.0785	0.7598	0	0.0185	0.0139	0.0208	0.0647	0.0162	0
127B6FD0F713F4719040FBED6E8B221DD5497EC3F3380C9391A570360AFD40BC.apk	0.0135	0.0568	0.9297	0.0145	0.0238	0.9617	0.4667	0.3333	0.1333	0.0667	0	0.0006	0.006	0.0023	0	0	0	0	0	0	0	0	0	0	0.9661	0	0	0	0	0	0	0	0	0	0	0	0	0	0	0	0	0	0	0	0	0.0339	0	0	0	0	0	0	0	0	0	0	0	0	0	0	0	0	0	0	0	0.0435	0.0435	0	0	0	0	0.0435	0	0	0	0.8261	0	0	0	0.0435	0	0	0.0061	0.0298	0.0167	0.6833	0.15	0.0333	0.1167	0.0375	0.0034	0.058	0.7645	0	0.0137	0	0.0307	0.0922	0	0
12B43E1256644B1812CD1058E3736C7EEA37EBF8FD4451D6D512FC4D104AD2E4.apk	0.0945	0.0164	0.8892	0.0258	0.0094	0.9647	0.8947	0	0.0526	0.0526	0.0001	0.001	0.0064	0.0044	0	0	0	0	0	0	0	0	0	0	0	0	0	0	0	0	0	0	1	0	0	0	0	0	0	0	0	0	0	0	0	0	0	0	0.0426	0	0	0	0	0	0	0.0213	0	0	0	0	0	0	0.8511	0	0	0	0	0	0.0213	0	0	0	0	0	0	0	0.0638	0	0	0	0	0	0.0044	0.0424	0.0213	0.9149	0	0.0213	0.0426	0.0242	0.0022	0.0198	0.7423	0	0.0441	0	0.0198	0.0903	0.0573	0
137274DCCFF625EB1F9D647B09ED50CDFA8F86FE1A893D951F1F04E0D91F85BC.apk	0	0.0209	0.9791	0	0.0051	0.9949	0.375	0.375	0.125	0.125	0	0.0002	0.0032	0.0022	0	0	0	0	0	0	0	0	0	0	0	0	0	0	0	0.9375	0	0	0	0	0	0	0	0	0	0	0	0	0	0.0625	0	0	0	0	0	0.1364	0	0	0	0.0909	0	0	0	0	0	0	0	0	0	0	0	0	0	0	0	0	0.0455	0.0455	0	0	0	0	0	0	0.6818	0	0	0	0.003	0.0378	0.0333	0.5	0.2667	0.0333	0.1667	0.0286	0.0026	0.0234	0.8151	0	0.0156	0	0.0234	0.0703	0.0208	0
138FBEA750C5F4E2BF386C3B360B03A9B30EAF17C97B754AA1AD26412293943D.apk	0.0756	0.0021	0.9224	0.0312	0.0009	0.9679	0.5517	0.1724	0.2414	0.0345	0.0002	0.003	0.0063	0.0038	0	0	0	0	0	0	0	0	0	0	0	0	0	0	0	0	0	0	0	0	0	0	0	0	0	0	0	0	0.987	0	0.013	0	0	0	0	0	0	0.7609	0	0	0	0	0	0.0217	0	0	0.0217	0	0	0	0	0	0	0	0	0	0	0	0	0	0.0435	0	0	0	0.1304	0	0.0217	0	0.0062	0.0355	0.0132	0.7105	0.1316	0.0789	0.0658	0.0253	0.0023	0.0207	0.7724	0.0046	0.0506	0	0.0207	0.0621	0.0414	0
139E1A979498AF68BDEA59959F57CF6616BA5D57DD2A902412B941EA5D6596BF.apk	0.0157	0.3703	0.614	0.006	0.2298	0.7642	0.6538	0.0769	0.2308	0.0385	0.0006	0.0034	0.0144	0.0068	0	0	0	0.9261	0	0	0	0	0.0141	0	0.0528	0	0	0	0	0	0	0	0	0	0	0	0	0	0	0	0	0	0	0	0	0	0	0.007	0	0.0224	0	0	0	0	0	0	0	0	0	0	0	0	0	0.8358	0	0.0149	0	0	0	0	0	0	0	0	0	0	0	0	0	0.0746	0	0.0522	0.0027	0.0278	0.0189	0.6792	0.1132	0.1132	0.0755	0.0201	0.0018	0.1168	0.6168	0.0036	0.0639	0.0255	0.0164	0.0566	0.0785	0
13CBFC8772CFD18EEBF87BBA0E1F5280F220C5DAA4D6ABD01FC75234EC21E4DD.apk	0.0328	0.1917	0.7755	0.0108	0.0963	0.8929	0.6	0.15	0.2	0.05	0.0003	0.0018	0.0122	0.0059	0	0	0	0	0	0	0	0	0	0	0	0	0	0	0	0	0	0	0	0	0	0	0	0	0	0	0	0	0	0.9418	0	0	0.0423	0.0159	0	0	0	0	0	0	0	0.0109	0	0	0	0	0	0	0	0	0	0.1087	0	0	0	0	0.0435	0	0	0	0	0.0109	0.8261	0	0	0	0	0	0.0034	0.0317	0.0192	0.6538	0.1538	0.0769	0.0962	0.0224	0.002	0.0691	0.7093	0	0.0407	0.0203	0.0183	0.0996	0.0183	0
13F311C6DB42B766AF2DCCAA250E0BDB016A34C2CC294C027D31260A25370644.apk	0	0.137	0.863	0	0.0531	0.9469	0.7037	0.1852	0.0741	0.037	0.0001	0.0019	0.009	0.0053	0	0	0	0	0	0	0	0	0	0	0	0	0	0	0	0.9655	0	0	0	0	0.0259	0	0	0	0	0	0	0	0	0	0	0	0.0086	0	0	0	0	0.0147	0	0	0	0	0	0	0.0735	0	0.0147	0	0	0	0.8088	0	0	0	0.0735	0	0	0	0	0	0	0	0	0	0	0.0147	0	0	0.0063	0.0379	0.0123	0.7654	0.1111	0.0247	0.0864	0.0225	0.002	0.0184	0.7403	0	0.045	0	0.0184	0.1084	0.045	0
1421C99ADE168CBF7173CE0F7B72C86CA2D7CEF13C6A606617D6696C9A4D8A0D.apk	0.0248	0.0142	0.9611	0.0069	0.008	0.9851	0.6	0	0.2	0.2	0.0001	0.0003	0.0042	0.0029	0	0	0	0	0	0	0	0	0	0	0	0	0	0	0	0	0	0	0	0	0	0	0	0	0	0	0	0	0	0	0	1	0	0	0	0	0	0	0	0	0	0	0	0	0	0	0	0	0	0	0.0312	0	0	0	0.7812	0	0	0.0938	0	0	0	0	0.0312	0	0.0625	0	0	0	0.0018	0.0346	0.05	0.8	0	0.05	0.1	0.0285	0.0026	0.0233	0.8394	0	0.0207	0	0.0233	0.044	0.0181	0
14F44E244274BF9A698960DAA82D98D3FD66AC7E8FE6F7F9916F164E468C30A7.apk	0.0362	0.1305	0.8333	0.0145	0.064	0.9215	0.5	0.1667	0.25	0.0833	0.0004	0.0013	0.0114	0.0063	0	0	0	0	0	0	0	0	0	0	0	0	0	0	0	0	0	0	0	0	0	0	0.0581	0	0	0	0	0	0	0.0065	0	0.9355	0	0	0	0	0	0	0	0	0.0233	0	0	0	0	0	0	0.093	0	0.8372	0.0465	0	0	0	0	0	0	0	0	0	0	0	0	0	0	0	0	0	0.0028	0.0345	0.0263	0.6316	0.1579	0.0789	0.1053	0.0235	0.0021	0.1301	0.4883	0	0.0213	0.0213	0.2836	0.0149	0.0149	0
152FE2832B1BB0D5ED823E0E6A850C5E3137DFC98F21BEA7A977F89926041A70.apk	0.0184	0.2447	0.7369	0.0137	0.1279	0.8584	0.6316	0.1053	0.2105	0.0526	0.0005	0.004	0.0134	0.0059	0	0	0	0	0	0	0	0	0	0	0	0	0.0463	0	0	0	0	0	0	0	0	0	0	0.0139	0	0	0	0.0046	0	0	0	0	0	0.9352	0	0.0105	0	0	0	0	0	0	0	0	0	0	0	0	0.8526	0	0	0	0	0	0.0211	0	0	0	0	0	0.0737	0.0421	0	0	0	0	0	0	0.0032	0.0335	0.0192	0.7115	0.1154	0.0769	0.0769	0.0203	0.0018	0.1125	0.4465	0	0.0443	0.0332	0.0166	0.2472	0.0775	0
15A9462344EBB50682CD5613C30A0FAB44EE581F974EFA1B05D5FEBFA8A6D878.apk	0.0248	0.0142	0.9611	0.0069	0.008	0.9851	0.6	0	0.2	0.2	0.0001	0.0003	0.0042	0.0029	1	0	0	0	0	0	0	0	0	0	0	0	0	0	0	0	0	0	0	0	0	0	0	0	0	0	0	0	0	0	0	0	0	0	0	0	0.0625	0	0	0	0	0	0	0	0	0.7812	0.0312	0	0	0	0	0	0	0	0	0	0	0	0.0312	0	0	0	0	0	0	0.0938	0	0	0.0018	0.0346	0.05	0.8	0	0.05	0.1	0.0285	0.0026	0.0233	0.8394	0	0.0207	0	0.0233	0.044	0.0181	0
15D1FDC4B27509DF6D31F851675D03A21939A165B2011BFE0DB5EEA69BBB6B3D.apk	0.0135	0.1964	0.7902	0.0044	0.0962	0.8994	0.5	0.1429	0.2857	0.0714	0.0005	0.0024	0.0156	0.0066	0	0	0.0478	0	0	0.0043	0	0	0	0	0	0	0	0	0	0	0	0	0	0	0	0	0	0	0	0	0	0	0	0.013	0	0.9348	0	0	0	0	0	0	0	0.0309	0	0	0	0	0	0	0	0	0	0	0.8557	0	0	0	0.0722	0	0	0	0	0	0	0	0.0206	0	0	0	0	0.0206	0.0026	0.0344	0.0256	0.6154	0.1538	0.1026	0.1026	0.0217	0.002	0.1321	0.4142	0	0.0473	0.0197	0.0178	0.2623	0.0828	0
165F24224F77B4594AF20D60B9F0FE9A87BD9AF2CCF6ABF3E118BD33282BF338.apk	0.1148	0.0491	0.8361	0.0504	0.0226	0.927	0.7273	0.0909	0.1364	0.0455	0.0013	0.0025	0.0124	0.0068	0	0	0	0	0.0057	0	0	0	0	0	0	0	0	0	0	0	0	0	0	0	0	0	0	0	0	0	0.9943	0	0	0	0	0	0	0	0	0	0	0.0619	0.0825	0	0.0206	0	0	0	0	0	0.8247	0	0	0	0	0	0.0103	0	0	0	0	0	0	0	0	0	0	0	0	0	0	0	0.005	0.037	0.0141	0.8028	0.0845	0.0423	0.0563	0.0209	0.0019	0.0646	0.6882	0	0.0608	0	0.0171	0.116	0.0304	0
16A0C217F26C948D683B515CBB9E06CC0AAC422A951CE9E9E532D7A571152D2F.apk	0.1341	0.0064	0.8595	0.065	0.0033	0.9317	0.7619	0.0952	0.0952	0.0476	0.002	0.002	0.0108	0.0038	0	0	0	0	0	0	0	0	0	0	0	0	0	0	0.0069	0	0	0	0	0	0.0207	0	0	0	0	0	0.0552	0.9172	0	0	0	0	0	0	0	0	0	0	0	0	0	0	0	0	0	0.0588	0	0	0.098	0	0	0	0	0	0	0	0	0.8039	0	0	0	0	0.0392	0	0	0	0	0	0.005	0.0371	0.0149	0.806	0.0896	0.0299	0.0597	0.022	0.002	0.018	0.6633	0	0.1022	0.012	0.024	0.0982	0.0581	0
16C152D4F1DDEB2DD627CA796D356F05618F3A206CD66F547555E92725136F41.apk	0.0074	0.3936	0.599	0.0018	0.2832	0.715	0.4	0.3333	0.2	0.0667	0.0002	0.0004	0.0098	0.0033	0	0	0	0	0	0	0	0	0	0	0	0	0	0	0	0	0.9519	0.0107	0	0	0	0	0	0	0	0.0267	0	0	0	0	0	0.0107	0	0	0	0	0	0.1452	0	0	0	0	0.8065	0	0	0	0	0	0	0	0	0.0484	0	0	0	0	0	0	0	0	0	0	0	0	0	0	0	0	0.0026	0.0232	0.0204	0.5918	0.1837	0.0612	0.1429	0.0249	0.0023	0.0204	0.7438	0	0.0227	0.0363	0.0204	0.1134	0.0159	0
17004961DE522FD77C48664C50D6A7A14539CED7BB75D3DC7D741450499ABCA4.apk	0	0.149	0.851	0	0.0527	0.9473	0.6522	0.1739	0.1304	0.0435	0.0001	0.0018	0.0098	0.006	0	0	0	0	0	0	0	0.0157	0	0	0	0	0	0	0	0	0	0	0	0	0	0	0	0	0	0	0	0	0	0	0.9843	0	0	0	0	0	0	0	0	0	0	0	0.8182	0	0	0.026	0	0	0	0	0	0	0	0	0	0	0	0.0649	0	0	0.013	0.0779	0	0	0	0	0	0	0.0047	0.0415	0.0167	0.6833	0.15	0.05	0.1	0.0206	0.0019	0.0617	0.4318	0	0.0598	0	0.0168	0.2935	0.114	0
1734A9E7BF86F6ABFFD34A956F516FE6ADC4AC1359AF5290CFF7BACBFF1B51FF.apk	0.0119	0.0771	0.911	0.0029	0.0422	0.9549	0.4286	0.2143	0.2857	0.0714	0.0001	0.0015	0.008	0.004	0	0	0	0	0	0	0	0	0	0	0	0	0	0.9545	0	0	0	0	0	0	0	0	0	0.0182	0.0273	0	0	0	0	0	0	0	0	0	0	0	0	0	0	0	0	0	0	0	0	0.0536	0	0	0.7679	0.0179	0	0	0	0.1429	0	0	0	0	0	0	0	0	0	0	0.0179	0	0	0	0.0034	0.0341	0.0213	0.6596	0.1277	0.0851	0.1064	0.0233	0.0021	0.0191	0.6949	0	0.089	0.0127	0.0191	0.1102	0.0297	0
1790E1ECC7B55A79088A919665EA98D65C908D8F1B6B761D8C0C160660EF6030.apk	0.0211	0.2434	0.7355	0.0089	0.1285	0.8626	0.6316	0.1053	0.2105	0.0526	0.0006	0.004	0.0139	0.0061	0.9389	0	0	0	0.0437	0	0	0	0	0	0	0	0	0	0.0044	0	0	0	0	0	0	0	0.0131	0	0	0	0	0	0	0	0	0	0	0	0	0.8416	0	0	0	0.0198	0	0	0	0	0	0	0	0.0198	0.0495	0	0	0	0	0	0.0693	0	0	0	0	0	0	0	0	0	0	0	0	0	0.003	0.0333	0.0204	0.6939	0.1224	0.0816	0.0816	0.0201	0.0018	0.1261	0.6709	0	0.042	0.0329	0.0165	0.0567	0.0329	0
1799D0CB24E75D813823AC65D7BF502E08F35F715FF3BCFC7A5F9C1F26ED2392.apk	0.0127	0.0844	0.9029	0.0032	0.0423	0.9545	0.4615	0.1538	0.3077	0.0769	0.0004	0.0027	0.0108	0.0055	0	0	0	0	0	0.9931	0	0	0	0	0.0069	0	0	0	0	0	0	0	0	0	0	0	0	0	0	0	0	0	0	0	0	0	0	0	0	0	0.7973	0	0	0	0	0	0	0	0.0811	0	0	0	0	0	0	0	0	0	0.0946	0	0	0	0	0.027	0	0	0	0	0	0	0	0	0.0031	0.033	0.0238	0.6429	0.1429	0.0952	0.0952	0.0249	0.0023	0.0771	0.678	0	0.0363	0	0.0204	0.0658	0.0952	0
183CC2FD1A70FC1D8F8A0DFD9621E2FFEFD8D61BFBF9CDAB42169AD97B092D75.apk	0.0163	0.1443	0.8393	0.0028	0.0714	0.9258	0.625	0.125	0.1875	0.0625	0.0001	0.0025	0.0096	0.0051	0	0	0.9394	0	0.0076	0	0	0	0	0	0	0	0	0	0	0	0	0	0	0.053	0	0	0	0	0	0	0	0	0	0	0	0	0	0	0	0	0	0	0.0571	0	0	0	0	0	0.9	0	0	0	0	0	0	0	0	0	0	0	0	0	0.0286	0.0143	0	0	0	0	0	0	0	0	0.0027	0.0331	0.027	0.6216	0.1622	0.0811	0.1081	0.0241	0.0022	0.0197	0.7921	0	0.0241	0.0219	0.0197	0.0635	0.0328	0
1870813FA67E3CEAEDD50AEA5378ACD2104F8158ECFF4C4934A07C55F6D0F44A.apk	0.0129	0.3533	0.6338	0.0059	0.2959	0.6981	0.65	0.1	0.2	0.05	0.0004	0.003	0.013	0.0059	0	0	0	0	0	0	0	0	0	0	0	0	0.0074	0	0	0	0.0185	0	0	0	0	0	0.0406	0	0.9336	0	0	0	0	0	0	0	0	0	0	0.8618	0.0163	0	0	0	0	0	0	0	0	0	0.0407	0	0.0163	0	0	0	0	0	0.065	0	0	0	0	0	0	0	0	0	0	0	0	0	0.0025	0.026	0.0192	0.7115	0.1154	0.0769	0.0769	0.0203	0.0018	0.1326	0.4088	0	0.0645	0.0331	0.0166	0.2468	0.0755	0
187E9F6D84251CD387C56012D73509B3C3F1837A6F6B78C1B8E9CAC380F2B4FC.apk	0.0756	0.0021	0.9224	0.0312	0.0009	0.9679	0.5517	0.1724	0.2414	0.0345	0.0002	0.003	0.0063	0.0038	0	0	0	0	0	0	0	0	0	0	0	0	0	0	0	0	0	0	0	0	0	0	0	0	0	0	0	0	0.987	0	0.013	0	0	0	0	0	0	0.7609	0	0	0	0	0	0.0217	0	0	0.0217	0	0	0	0	0	0	0	0	0	0	0	0	0	0.0435	0	0	0	0.1304	0	0.0217	0	0.0062	0.0355	0.0132	0.7105	0.1316	0.0789	0.0658	0.0253	0.0023	0.0207	0.7724	0.0046	0.0506	0	0.0207	0.0621	0.0414	0
18ACAD1510DC9E51DE1C5E37408FD29389E1D01174A643B8D4A0A50651EFBD77.apk	0	0.1062	0.8938	0	0.0472	0.9528	0.6296	0.1481	0.1852	0.037	0.0001	0.0023	0.0102	0.0057	0	0	0	0	0.0217	0.9493	0	0	0	0	0	0	0	0	0	0	0	0	0	0	0	0	0	0	0.0072	0	0	0	0	0	0.0217	0	0	0	0	0	0	0	0.1026	0	0.0128	0	0	0.0769	0	0	0.0256	0	0	0	0	0	0	0	0.0128	0	0	0	0	0	0	0	0	0.7692	0	0	0	0	0.0052	0.0363	0.0141	0.6901	0.1408	0.0704	0.0845	0.0223	0.002	0.0203	0.6552	0.002	0.0609	0	0.0609	0.0649	0.1116	0
18DCF07B072281977DE15669BF0B3140DA9C48A05AADCD0492379221CE35C6AB.apk	0.3079	0.0872	0.6049	0.1401	0.0546	0.8053	0.7111	0.0556	0.2222	0.0111	0.0012	0.0075	0.014	0.0058	0	0	0	0	0	0	0.0167	0	0	0	0	0	0.0126	0	0	0	0	0	0	0	0	0	0	0	0	0.9665	0	0	0	0	0	0	0	0.0042	0	0	0	0	0.0303	0	0	0	0	0.7879	0	0.0101	0	0	0	0	0.0101	0	0.0707	0	0	0	0	0	0	0	0	0	0	0	0	0	0	0.0909	0.0089	0.042	0.0066	0.75	0.0789	0.1316	0.0329	0.0154	0.0014	0.0279	0.4302	0.0168	0.1522	0.014	0.1858	0.0656	0.0908	0
18FE62CC9E1F74D541884755A0A6F493FC91FCD457BBCEE59C7E16A5458BBD55.apk	0	0.1062	0.8938	0	0.0472	0.9528	0.6296	0.1481	0.1852	0.037	0.0001	0.0023	0.0102	0.0057	0	0	0	0	0.0217	0.9493	0	0	0	0	0	0	0	0	0	0	0	0	0	0	0	0	0	0	0.0072	0	0	0	0	0	0.0217	0	0	0	0	0	0	0	0.1026	0	0.0128	0	0	0.0769	0	0	0.0256	0	0	0	0	0	0	0	0.0128	0	0	0	0	0	0	0	0	0.7692	0	0	0	0	0.0052	0.0363	0.0141	0.6901	0.1408	0.0704	0.0845	0.0223	0.002	0.0203	0.6552	0.002	0.0609	0	0.0609	0.0649	0.1116	0
19048945A3B5D05DC7794FC9AB559C345923297E6BB950F03534FA9B0F72AE30.apk	0.0308	0.2033	0.7659	0.0245	0.1056	0.8699	0.5	0.125	0.3125	0.0625	0.0006	0.0034	0.0147	0.0063	0.9573	0	0	0	0	0	0	0.0128	0	0	0.0256	0	0	0	0	0.0043	0	0	0	0	0	0	0	0	0	0	0	0	0	0	0	0	0	0	0	0	0	0	0	0	0	0	0	0.02	0	0	0	0	0	0.04	0.85	0	0	0	0	0	0.07	0	0	0	0	0	0	0.02	0	0	0	0	0.0031	0.0329	0.0204	0.6735	0.1224	0.102	0.0816	0.021	0.0019	0.1279	0.416	0	0.0592	0.0191	0.0172	0.2557	0.0821	0
197041741B0DD2FACE3C01A2FE82AC697A6B6B801B7DC2D3579DA7BBF56ACD73.apk	0.0114	0.3844	0.6042	0.0047	0.232	0.7633	0.6667	0.0833	0.2083	0.0417	0.0005	0.0031	0.0141	0.0067	0	0	0	0.0222	0	0	0.9593	0	0	0	0	0	0	0	0	0	0	0	0	0.0148	0	0	0	0	0	0	0.0037	0	0	0	0	0	0	0	0	0	0	0	0	0	0	0	0	0	0.0155	0	0.0233	0	0	0	0	0	0	0	0	0.8372	0	0	0	0	0.0465	0	0	0	0.0775	0	0	0	0.0025	0.0295	0.0208	0.6667	0.125	0.1042	0.0833	0.0195	0.0018	0.1348	0.406	0.0284	0.0638	0.0177	0.016	0.2376	0.0745	0
19944BF715391ECB7AAC998B469C52AE3116060AC7B46D4A6D1BC23F7ED14EC7.apk	0.0103	0.0608	0.9288	0.0017	0.0365	0.9617	0.2143	0.1429	0.5714	0.0714	0	0.0004	0.0079	0.0031	0	0	0	0	0	0	0	0	0	0	0	0	0	0	0	0	0	1	0	0	0	0	0	0	0	0	0	0	0	0	0	0	0	0	0	0	0.0294	0.0882	0	0	0	0	0	0	0	0	0	0	0.0294	0	0.0294	0	0	0	0	0	0	0	0.6176	0	0	0	0	0	0	0	0	0.2059	0.0031	0.0348	0.0294	0.4412	0.1765	0.2353	0.1176	0.0291	0.0026	0.0238	0.7804	0	0.045	0	0.0238	0.0767	0.0185	0
19F2D5F114E3BB2542E29F06C8C716A491C4FD5F3DC2F64F585659ECE5633E77.apk	0.0247	0.2382	0.7372	0.0068	0.1259	0.8674	0.56	0.16	0.24	0.04	0.0005	0.004	0.0138	0.0061	0	0	0.9381	0	0	0	0	0	0	0	0	0	0	0	0	0.0044	0.0133	0	0	0	0	0	0	0	0	0	0	0.0442	0	0	0	0	0	0	0	0	0	0	0	0	0	0.07	0	0	0	0	0	0	0	0.04	0	0	0	0	0	0.86	0	0	0	0	0	0	0	0.01	0	0.02	0	0	0.0038	0.0347	0.0161	0.6774	0.1129	0.0968	0.0968	0.0194	0.0018	0.1074	0.4173	0	0.0458	0.0317	0.0158	0.2746	0.0863	0
1BBFDB86EF8D3C374AD8A31D4F9DAB54525E14D59E30C979E7C23F7525E4FFDC.apk	0.0329	0.2076	0.7595	0.0258	0.1062	0.868	0.5833	0	0.3333	0.0833	0.0005	0.0028	0.0143	0.0064	0	0	0.0133	0	0	0	0	0	0	0	0	0	0	0	0	0	0	0	0	0	0	0	0	0	0.0265	0	0	0	0	0.9602	0	0	0	0	0	0	0	0	0	0	0.0198	0	0.8416	0	0.0198	0	0	0.0792	0	0	0	0	0	0	0	0	0	0	0	0	0	0	0	0	0	0.0396	0	0	0.0022	0.0328	0.0294	0.7941	0	0.1176	0.0588	0.0212	0.0019	0.1407	0.4894	0	0.0559	0.0193	0.0173	0.237	0.0173	0
1BE2B037191CAE65B161A5373FF6BDD9735D780C94BEE4C81255AF18CC3F6B32.apk	0.0098	0.2661	0.7241	0.0039	0.1425	0.8536	0.6316	0.1053	0.2105	0.0526	0.0005	0.0035	0.0136	0.0061	0	0	0	0	0.0529	0	0	0.0044	0	0	0	0	0	0.022	0	0	0	0	0	0	0	0	0	0	0	0	0.9207	0	0	0	0	0	0	0	0	0	0	0	0	0	0.0198	0.0396	0	0	0	0	0	0	0	0	0	0	0	0	0	0.8416	0	0	0	0	0	0	0	0	0	0	0.0198	0.0792	0.0031	0.0317	0.0196	0.7059	0.1176	0.0784	0.0784	0.0208	0.0019	0.1304	0.4102	0	0.0548	0.034	0.017	0.2533	0.0775	0
1C5A89EB4638229DD8DC6D4F55BCAC8D565D2FEF20F6BEFE52270D50973B6151.apk	0.0279	0.2288	0.7433	0.0135	0.1257	0.8609	0.5625	0.0938	0.3125	0.0312	0.0006	0.0047	0.0149	0.006	0.011	0	0	0	0	0	0.9375	0	0.0037	0	0	0	0	0	0	0	0	0	0	0	0	0	0	0.0478	0	0	0	0	0	0	0	0	0	0	0	0	0.0183	0	0	0.8349	0	0	0.0459	0	0	0	0	0	0	0	0	0	0.0183	0	0	0.0092	0	0	0	0	0	0	0.0734	0	0	0	0	0	0.0042	0.0317	0.0132	0.6842	0.1053	0.1316	0.0658	0.019	0.0017	0.1416	0.6062	0	0.0363	0.0311	0.0518	0.0155	0.0967	0
1CB969BA8C84D51115C09A8357987893746B302797FEC0AC5AAAC0F17D8D466B.apk	0.0193	0.2525	0.7282	0.0065	0.1319	0.8616	0.6364	0.1364	0.1818	0.0455	0.0006	0.0042	0.0138	0.0058	0	0.9286	0	0	0	0	0	0	0	0	0	0	0	0	0	0	0	0	0.0045	0	0	0	0	0	0	0	0	0	0.0536	0	0	0	0	0.0134	0	0	0	0.0737	0	0	0	0	0.8316	0.0211	0	0	0	0	0.0105	0	0	0	0.0632	0	0	0	0	0	0	0	0	0	0	0	0	0	0	0	0.0034	0.0321	0.0182	0.6909	0.1455	0.0727	0.0727	0.0211	0.0019	0.1322	0.4272	0	0.0307	0.0345	0.0172	0.2567	0.0785	0
1D9AF01746886E35EAFFAA6AFE449D8DCBC135DCE3C5047EFA08D50A565897BA.apk	0.0328	0.2374	0.7297	0.0144	0.1442	0.8413	0.5333	0.2	0.2	0.0667	0.0003	0.001	0.0094	0.0036	0	0.0136	0	0	0	0	0	0	0	0	0	0	0.966	0.0136	0	0	0	0	0	0	0	0	0	0.0068	0	0	0	0	0	0	0	0	0	0	0	0	0	0	0	0	0	0	0	0	0	0.0175	0	0	0	0	0	0	0.0702	0	0	0	0	0.1404	0	0	0	0	0	0	0	0	0.7719	0	0.0029	0.0281	0.0217	0.6304	0.1739	0.0652	0.1087	0.0249	0.0023	0.0407	0.5475	0	0.0475	0	0.0226	0.2964	0.0181	0
1E15CE6131B8ED61BA97B052FAAF6A530877DFDC9B5FD03A343D5CD6D66A76FF.apk	0.0524	0	0.9476	0.0155	0	0.9845	0.6316	0.1053	0.2105	0.0526	0	0.0015	0.0033	0.0017	0	0	0	0	0	0	0	0	0	0	0	0	0	0	0	0	0	0	0	0	0	0	0	0	0	0	0	0	0	0	0	0	0	1	0	0	0	0.5882	0.0588	0	0	0	0	0	0	0	0	0	0	0	0	0	0.1765	0.1765	0	0	0	0	0	0	0	0	0	0	0	0	0	0	0.0049	0.0409	0.02	0.7	0.12	0.08	0.08	0.0264	0.0024	0.0216	0.7242	0	0.0312	0	0.0216	0.1391	0.0336	0
1E65FE04B1A14B34DDB622FE7ABB2B5AD1F763024A25B84D892256B22FDC6A75.apk	0.0157	0.2286	0.7557	0.0043	0.125	0.8707	0.4737	0.0789	0.4211	0.0263	0.0006	0.0048	0.0148	0.0072	0	0	0	0	0	0	0	0	0	0	0	0	0	0.0558	0	0	0	0	0.004	0	0.9163	0	0	0	0.0239	0	0	0	0	0	0	0	0	0	0	0.0164	0	0	0	0	0	0	0	0	0.0082	0.8197	0	0	0	0	0	0	0.0738	0	0	0	0	0.0164	0	0	0.0656	0	0	0	0	0	0	0	0.0052	0.0338	0.0114	0.6591	0.1023	0.1818	0.0455	0.0192	0.0017	0.0995	0.6265	0.0017	0.0646	0.0454	0.0157	0.0995	0.0262	0
1EE477813FD117A681F648600F7F3DF0AC4E8701B76B0C4876AA7F5872D617B5.apk	0.081	0.017	0.902	0.0211	0.0097	0.9692	0.8824	0	0.0588	0.0588	0.0003	0.0012	0.006	0.0038	0	0	0	0	0	0	0	0	0	0	0	0	0	0	0	0	0	0	0	0	0	0	0	1	0	0	0	0	0	0	0	0	0	0	0.025	0	0.075	0	0	0	0	0	0	0	0	0	0	0.85	0	0	0	0	0.05	0	0	0	0	0	0	0	0	0	0	0	0	0	0	0	0.0037	0.0383	0.0263	0.8947	0	0.0263	0.0526	0.0276	0.0025	0.0226	0.799	0	0.0352	0	0.0226	0.0402	0.0503	0
1EED87AA70B51454BE3E5EB1898633B1B2600DB9C102F80630CEDA9959B66AAE.apk	0.0782	0.1893	0.7324	0.0326	0.1033	0.8642	0.6552	0.1034	0.2069	0.0345	0.0005	0.0038	0.0155	0.0066	0	0	0	0	0	0	0	0	0	0	0	0	0	0	0	0	0.0156	0	0	0	0	0	0	0	0	0	0.0039	0	0	0.957	0	0	0.0234	0	0	0.0183	0.0092	0	0	0	0	0	0.8349	0.0642	0	0	0	0	0	0	0	0	0	0	0	0.0183	0	0	0	0	0.055	0	0	0	0	0	0	0	0.0038	0.0366	0.0159	0.6508	0.1587	0.0952	0.0794	0.0182	0.0017	0.126	0.4511	0	0.073	0.0166	0.0149	0.2222	0.0763	0
1F8A42DF4AC11733CE767F84718834C18D64111E94EB436CA53E7514CCBF4592.apk	0	0.1062	0.8938	0	0.0472	0.9528	0.6296	0.1481	0.1852	0.037	0.0001	0.0023	0.0102	0.0057	0	0	0	0	0.0217	0.9493	0	0	0	0	0	0	0	0	0	0	0	0	0	0	0	0	0	0	0.0072	0	0	0	0	0	0.0217	0	0	0	0	0	0	0	0.1026	0	0.0128	0	0	0.0769	0	0	0.0256	0	0	0	0	0	0	0	0.0128	0	0	0	0	0	0	0	0	0.7692	0	0	0	0	0.0052	0.0363	0.0141	0.6901	0.1408	0.0704	0.0845	0.0223	0.002	0.0203	0.6552	0.002	0.0609	0	0.0609	0.0649	0.1116	0
1FC7D8B8AFD9091FB2F95FB3B570E9727E12DFA39358A2BC126E6DCB639ACC80.apk	0.0115	0.153	0.8355	0.001	0.0706	0.9284	0.8519	0	0.1111	0.037	0.0007	0.0029	0.0109	0.0048	0	0	0	0	0	0	0	0	0	0	0	0	0	0	0	0	0	0	0	0	0.0065	0	0	0	0	0.0131	0	0	0	0	0	0.9804	0	0	0	0	0	0	0.0882	0	0	0	0	0	0	0	0	0	0	0	0	0	0	0	0	0	0.0294	0.8382	0	0	0	0	0	0	0.0147	0	0	0.0294	0.0059	0.0353	0.012	0.9277	0	0.0361	0.0241	0.0222	0.002	0.0707	0.7131	0.0202	0.0606	0	0.0182	0.0465	0.0465	0
1FF001F3EA8EF13D562B99B11CEE7C1004ABF7DE486C38E9DDDBAA2B64EFD992.apk	0.0231	0.0595	0.9174	0.0067	0.0249	0.9685	0.6	0	0.3	0.1	0.0002	0.0007	0.0077	0.0046	0	0	0	0	0	0	0	0	0	0	0	0	0	0	0	0	0.0323	0	0	0.0323	0	0	0	0	0	0.9355	0	0	0	0	0	0	0	0	0	0	0	0	0	0	0	0	0	0	0	0	0	0.0179	0.125	0	0	0	0	0	0	0.0179	0	0.0179	0	0	0	0	0	0	0	0	0.8214	0	0.0029	0.0368	0.0286	0.8286	0	0.0857	0.0571	0.0246	0.0022	0.0201	0.745	0	0.0336	0.0224	0.0201	0.038	0.094	0
2006BB59E8A2C6DF352DF1B4CCAC94AD11EDF1E525FC58D2B0ACD6B71DD912A6.apk	0.031	0.0168	0.9523	0.0078	0.0065	0.9857	0.4667	0.2	0.2667	0.0667	0.0001	0.0017	0.0051	0.0028	0.9815	0	0	0	0	0	0	0	0	0	0	0	0	0	0	0	0	0	0	0.0185	0	0	0	0	0	0	0	0	0	0	0	0	0	0	0	0	0	0	0	0	0	0	0	0	0	0	0	0	0	0	0	0	0	0.0667	0	0	0.7667	0	0	0	0.0667	0	0	0	0.0667	0	0	0.0333	0.0043	0.0411	0.0217	0.6304	0.1739	0.087	0.087	0.0251	0.0023	0.0571	0.6781	0.0046	0.0525	0	0.0205	0.1233	0.0365	0
20459D3D5A22BC8C49D1427C92C4E9C768923BFC5D1AA10BB55825D20412DCBD.apk	0.0118	0.0836	0.9046	0.003	0.0431	0.9539	0.4615	0.1538	0.3077	0.0769	0.0004	0.003	0.011	0.0057	0	0	0	0	0	0	0	0	0	0	0	0	0	0	0.0068	0	0	0	0	0	0	0	0	0.9932	0	0	0	0	0	0	0	0	0	0	0	0	0	0	0	0	0	0	0	0	0	0	0	0	0.0649	0	0	0	0	0	0.0909	0	0	0	0	0	0.013	0	0	0	0	0.8052	0.026	0	0.0031	0.0328	0.0238	0.6429	0.1429	0.0952	0.0952	0.025	0.0023	0.0773	0.675	0	0.0386	0	0.0205	0.0659	0.0955	0
205C7E369C54510BAEA2D63CDC174B4ED1C8380B1FF67002FF6E26404997DECF.apk	0	0.137	0.863	0	0.0531	0.9469	0.7037	0.1852	0.0741	0.037	0.0001	0.0019	0.009	0.0053	0	0	0	0	0	0	0	0	0	0	0	0	0	0	0	0.9655	0	0	0	0	0.0259	0	0	0	0	0	0	0	0	0	0	0	0.0086	0	0	0	0	0.0147	0	0	0	0	0	0	0.0735	0	0.0147	0	0	0	0.8088	0	0	0	0.0735	0	0	0	0	0	0	0	0	0	0	0.0147	0	0	0.0063	0.0379	0.0123	0.7654	0.1111	0.0247	0.0864	0.0225	0.002	0.0184	0.7403	0	0.045	0	0.0184	0.1084	0.045	0
20639CFB1369F3D490ED532FE30E294ED4058B7D67C426484D7028B7B2B165E5.apk	0.0865	0.0102	0.9033	0.0273	0.0061	0.9665	0.2	0.2667	0.4667	0.0667	0.0001	0.0013	0.0079	0.0037	0	0	0	0	0	0	0.087	0	0.8804	0	0	0	0	0	0	0	0	0	0	0	0	0	0	0	0.0326	0	0	0	0	0	0	0	0	0	0.0465	0.1163	0	0	0	0	0	0	0	0	0	0	0	0	0	0	0	0	0	0	0.0233	0	0	0	0	0.0698	0	0	0	0	0	0.7209	0	0.0233	0.0038	0.0369	0.0227	0.4545	0.2273	0.1591	0.1364	0.0257	0.0023	0.021	0.785	0	0.0444	0.014	0.021	0.0654	0.021	0
20F7C6B813E6FF4ED7DD4E4411BFEDD26A9D446A100287589ADF6EA00B35A4BD.apk	0	0.0402	0.9598	0	0.0156	0.9844	0.3889	0.2222	0.3333	0.0556	0	0.0009	0.0066	0.0046	0	0	0	0	0	0	0	0	0	0	0	0	0	0.0253	0	0.9747	0	0	0	0	0	0	0	0	0	0	0	0	0	0	0	0	0	0	0	0	0.7636	0	0	0	0	0	0	0	0	0	0	0	0	0	0.0182	0	0	0	0	0.0727	0	0	0	0	0	0	0	0.1273	0	0	0	0.0182	0.0042	0.0384	0.02	0.56	0.2	0.1	0.12	0.0238	0.0022	0.0195	0.7013	0	0.0563	0	0.0195	0.1147	0.0628	0
21125B0520CA66208051903F39131D4A95BCB4CA8D6FDC4898FFE29364053816.apk	0.0369	0.0268	0.9362	0.0229	0.0118	0.9653	0.3636	0.1818	0.3636	0.0909	0.0001	0.0005	0.0113	0.0038	0	0	0	0.0062	0	0	0.9198	0	0	0	0.0123	0	0	0	0	0	0	0	0	0	0	0	0	0	0	0	0.0617	0	0	0	0	0	0	0	0	0	0	0	0	0	0	0	0	0.0727	0	0.0364	0	0	0	0	0	0.1455	0	0	0	0	0	0	0	0	0	0.7091	0.0182	0	0	0	0.0182	0	0.0024	0.0289	0.0294	0.5294	0.2059	0.1176	0.1176	0.0266	0.0024	0.058	0.5411	0	0.0145	0	0.3237	0.0169	0.0169	0
21319BE7738A7F4A155BABF0B4E54D999EA2CB59CAFDC8B86B0F6F43BB8CF23E.apk	0.0155	0.234	0.7505	0.0043	0.1274	0.8682	0.4737	0.0789	0.4211	0.0263	0.0006	0.0048	0.0149	0.0072	0	0	0	0	0	0.0236	0	0.9173	0	0	0	0	0	0	0	0	0	0	0	0	0.0551	0	0	0	0	0	0	0	0.0039	0	0	0	0	0	0	0.8211	0	0	0	0	0	0	0	0	0.0163	0	0	0	0	0	0.0081	0.065	0	0	0	0	0	0	0	0	0	0	0.0732	0	0	0	0.0163	0	0.0052	0.034	0.0114	0.6591	0.1023	0.1818	0.0455	0.0189	0.0017	0.0981	0.6317	0.0017	0.0637	0.0448	0.0155	0.0981	0.0258	0
21748330EAC548B0F72C3D171E1C1C6B8A7C441CB6F1800805D12418FF315BC5.apk	0.1185	0.1512	0.7303	0.0578	0.075	0.8673	0.4643	0.1429	0.2857	0.1071	0.0007	0.0031	0.0153	0.0084	0	0	0	0	0	0	0	0	0	0	0	0	0	0	0	0	0	0	0	0	0.9631	0	0	0.0164	0	0	0	0	0	0	0.0205	0	0	0	0	0	0	0	0	0	0.0075	0.0149	0	0	0	0	0.0821	0.0672	0	0	0	0	0.8284	0	0	0	0	0	0	0	0	0	0	0	0	0	0	0	0.0043	0.0332	0.0435	0.6087	0.1449	0.1159	0.087	0.0208	0.0019	0.1075	0.4113	0.0075	0.0736	0.0189	0.0264	0.2472	0.0849	0
2198EB32993B8767EC3F154DE0A9AAFD83E50675EAF67E18D438EDB56BECF26B.apk	0.0161	0.3999	0.584	0.0281	0.2407	0.7312	0.4783	0	0.4783	0.0435	0.0009	0.0041	0.0163	0.0076	0	0	0	0	0	0	0	0	0	0	0	0	0	0.0145	0	0.0378	0	0	0	0	0.9448	0.0029	0	0	0	0	0	0	0	0	0	0	0	0	0	0	0	0.0125	0	0.0625	0	0	0	0	0	0	0	0	0	0	0	0	0	0	0	0.0437	0	0.0125	0.0063	0	0	0.8625	0	0	0	0	0	0	0.0025	0.034	0.0192	0.7308	0	0.2115	0.0385	0.0153	0.0014	0.1925	0.463	0.0195	0.0488	0.0418	0.0126	0.1813	0.0237	0
219F282AE6ACAF50CBCFB312A1B71EDCD4CFA7C6EAD81CBF08C7E1A8979CEF18.apk	0.0171	0.3606	0.6223	0.0041	0.2091	0.7868	0.4848	0.0606	0.4242	0.0303	0.0005	0.0047	0.0153	0.0079	0	0	0	0	0	0.9085	0	0	0	0	0	0	0	0	0	0.0033	0	0.0686	0	0	0	0	0	0	0	0	0.0196	0	0	0	0	0	0	0	0	0.0127	0	0	0	0	0	0	0	0	0	0	0	0.8599	0	0.0637	0	0	0	0.051	0	0	0	0	0	0	0	0	0	0	0	0	0.0127	0	0.0035	0.0356	0.0145	0.6232	0.1159	0.2029	0.0435	0.0155	0.0014	0.1533	0.3952	0.0169	0.0802	0.0534	0.0127	0.1927	0.0788	0
21D4EB1ADA6CA0925AB8E21D30BFF8A40E88BC60773700B003C048BF8619E75E.apk	0.0157	0.3703	0.614	0.006	0.2298	0.7642	0.6538	0.0769	0.2308	0.0385	0.0006	0.0034	0.0144	0.0068	0	0	0	0.9261	0	0	0	0	0.0141	0	0.0528	0	0	0	0	0	0	0	0	0	0	0	0	0	0	0	0	0	0	0	0	0	0	0.007	0	0.0224	0	0	0	0	0	0	0	0	0	0	0	0	0	0.8358	0	0.0149	0	0	0	0	0	0	0	0	0	0	0	0	0	0.0746	0	0.0522	0.0027	0.0278	0.0189	0.6792	0.1132	0.1132	0.0755	0.0201	0.0018	0.1168	0.6168	0.0036	0.0639	0.0255	0.0164	0.0566	0.0785	0
220E8E6E71BA80DEE23E0547409E68BEA2079B48D835CA3473FEEBA214801487.apk	0.0157	0.3698	0.6145	0.006	0.2302	0.7638	0.6538	0.0769	0.2308	0.0385	0.0006	0.0036	0.0145	0.0069	0.0523	0	0	0	0	0	0	0	0	0	0	0	0	0	0	0.007	0	0	0	0	0	0	0	0	0	0	0.9268	0.0139	0	0	0	0	0	0	0	0	0	0	0.0147	0	0	0	0	0.0221	0	0	0	0	0.0735	0.0515	0	0.8309	0	0	0	0	0	0	0	0	0	0	0	0	0	0.0074	0	0	0.0026	0.0277	0.0192	0.6731	0.1154	0.1154	0.0769	0.0201	0.0018	0.117	0.5905	0.0293	0.064	0.0256	0.0165	0.0567	0.0786	0
2220A2EBB3068D1C912189CA6F8E89D0E63836E40A75F5E5C2B7B99A498E7CBA.apk	0.0886	0	0.9114	0.0332	0	0.9668	0.5333	0.1333	0.2667	0.0667	0.0002	0.0019	0.0061	0.0033	0	0	0	0	0	0	0	0	0	1	0	0	0	0	0	0	0	0	0	0	0	0	0	0	0	0	0	0	0	0	0	0	0	0	0	0	0	0	0.0833	0	0	0	0	0	0	0.6944	0	0	0	0	0	0	0	0	0	0	0	0.1667	0	0	0	0	0.0556	0	0	0	0	0	0.0044	0.0386	0.0213	0.6809	0.1277	0.0851	0.0851	0.0264	0.0024	0.0216	0.7122	0	0.0264	0	0.0216	0.1535	0.036	0
225599C0C5E3DE078714FE5E8A4A4826116F215BDFC52C270FC164E197E6B871.apk	0.0488	0.1165	0.8346	0.0174	0.0639	0.9187	0.6765	0.0588	0.2353	0.0294	0.0006	0.0024	0.0133	0.0057	0	0	0	0	0.0202	0	0	0	0	0	0	0	0	0	0	0	0	0	0	0	0	0	0	0	0.0404	0.9343	0	0	0	0	0	0.0051	0	0	0	0	0	0	0	0.8095	0	0	0	0	0	0	0	0	0.0238	0	0.0833	0	0	0.0119	0	0	0	0	0	0	0	0	0	0	0	0.0714	0	0	0.0053	0.0346	0.0128	0.7564	0.0769	0.1026	0.0513	0.0214	0.0019	0.0661	0.7179	0	0.0486	0.0117	0.0175	0.0564	0.0584	0
226D128EFB1BEBB6F9F3760B222EEEC0DA5C0101622E2BF9B55FB7A071741E5B.apk	0	0.137	0.863	0	0.0531	0.9469	0.7037	0.1852	0.0741	0.037	0.0001	0.0019	0.009	0.0053	0	0	0	0	0	0	0	0	0	0	0	0	0	0	0	0.9655	0	0	0	0	0.0259	0	0	0	0	0	0	0	0	0	0	0	0.0086	0	0	0	0	0.0147	0	0	0	0	0	0	0.0735	0	0.0147	0	0	0	0.8088	0	0	0	0.0735	0	0	0	0	0	0	0	0	0	0	0.0147	0	0	0.0063	0.0379	0.0123	0.7654	0.1111	0.0247	0.0864	0.0225	0.002	0.0184	0.7403	0	0.045	0	0.0184	0.1084	0.045	0
2293FE36896BFE3D939D96A1DB2E737BD2DD06354CAC8B831071B04EFD521453.apk	0.0089	0.2346	0.7565	0.0036	0.1281	0.8683	0.55	0.1	0.3	0.05	0.0005	0.0033	0.0145	0.0057	0.9377	0	0	0	0.0467	0	0	0	0	0	0	0	0	0	0	0	0	0.0117	0	0	0	0	0	0	0	0	0	0	0	0.0039	0	0	0	0	0	0	0	0	0	0.0198	0	0	0	0	0	0	0.0792	0	0	0	0	0	0	0.0099	0	0	0	0	0	0.8515	0	0	0	0.0396	0	0	0	0	0.0029	0.0294	0.0192	0.6731	0.1154	0.1154	0.0769	0.0211	0.0019	0.1456	0.6092	0	0.0345	0.0345	0.0575	0.0172	0.0785	0
22CAB2638961EE5543530CD5D5DD7FB6DCF45A59C60B9F5CC9D157AB20A4CB14.apk	0.0281	0.1085	0.8634	0.0059	0.0465	0.9476	0.3333	0.2222	0.3333	0.1111	0.0001	0.0006	0.0107	0.0065	0	0	0	0	0	0	0	0	0	0	0	0.0213	0.0071	0	0	0	0	0	0	0.9716	0	0	0	0	0	0	0	0	0	0	0	0	0	0	0	0	0	0	0	0	0.0118	0	0	0.0118	0	0	0	0	0	0	0	0	0	0	0	0	0.0471	0	0	0	0.8118	0.1176	0	0	0	0	0	0	0.0025	0.0338	0.0303	0.5455	0.2121	0.0909	0.1212	0.0248	0.0023	0.0743	0.741	0	0.027	0.0225	0.0203	0.0631	0.0248	0
22CD07490378EC2F2AE516A899F7F833938CE7DE5160923D0BD100D73565CD1B.apk	0.0109	0.0845	0.9045	0.0046	0.0422	0.9532	0.4615	0.1538	0.3077	0.0769	0.0004	0.0027	0.0106	0.0054	0	0.007	0	0	0	0	0	0	0	0	0	0	0	0	0	0	0	0	0	0	0	0	0	0	0	0	0	0	0.993	0	0	0	0	0	0	0.0685	0	0	0	0	0.0274	0	0	0.8082	0	0	0	0	0	0	0	0	0	0	0	0	0.0959	0	0	0	0	0	0	0	0	0	0	0	0.0031	0.0328	0.0238	0.6429	0.1429	0.0952	0.0952	0.025	0.0023	0.0773	0.6773	0	0.0364	0	0.0205	0.0659	0.0955	0
22F078834A344C4376489B232F4C293DDC439033B3FE80600E187F4BCDA746EE.apk	0.0308	0.2033	0.7659	0.0245	0.1056	0.8699	0.5	0.125	0.3125	0.0625	0.0006	0.0034	0.0147	0.0063	0.9573	0	0	0	0	0	0	0.0128	0	0	0.0256	0	0	0	0	0.0043	0	0	0	0	0	0	0	0	0	0	0	0	0	0	0	0	0	0	0	0	0	0	0	0	0	0	0	0.02	0	0	0	0	0	0.04	0.85	0	0	0	0	0	0.07	0	0	0	0	0	0	0.02	0	0	0	0	0.0031	0.0329	0.0204	0.6735	0.1224	0.102	0.0816	0.021	0.0019	0.1279	0.416	0	0.0592	0.0191	0.0172	0.2557	0.0821	0
23F11CF30F33BCB229C3D068793BB441B7A92876FCB9D710450916C5A820F452.apk	0	0.1062	0.8938	0	0.0472	0.9528	0.6296	0.1481	0.1852	0.037	0.0001	0.0023	0.0102	0.0057	0	0	0	0	0.0217	0.9493	0	0	0	0	0	0	0	0	0	0	0	0	0	0	0	0	0	0	0.0072	0	0	0	0	0	0.0217	0	0	0	0	0	0	0	0.1026	0	0.0128	0	0	0.0769	0	0	0.0256	0	0	0	0	0	0	0	0.0128	0	0	0	0	0	0	0	0	0.7692	0	0	0	0	0.0052	0.0363	0.0141	0.6901	0.1408	0.0704	0.0845	0.0223	0.002	0.0203	0.6552	0.002	0.0609	0	0.0609	0.0649	0.1116	0
2421536307FD9A885CC66C58419CEA2E307620DFB67AB96F11AA33380DA14C93.apk	0.0125	0.3726	0.615	0.0058	0.308	0.6861	0.619	0.0952	0.2381	0.0476	0.0004	0.003	0.0137	0.0064	0.0412	0	0	0	0	0	0	0	0	0	0	0	0	0	0	0	0.0069	0	0	0	0	0.0172	0	0	0	0	0.9347	0	0	0	0	0	0	0	0	0.0147	0	0	0	0	0	0	0	0	0	0	0	0	0	0.0735	0.0368	0	0	0	0	0	0.0147	0	0.8603	0	0	0	0	0	0	0	0	0	0.0025	0.0263	0.0189	0.6981	0.1132	0.0943	0.0755	0.0197	0.0018	0.1503	0.3971	0	0.0626	0.0394	0.0161	0.2397	0.0733	0
242A0048497BCBDEB4D1A5A43DF08E492BFD42B0B85FF63B2C2A49AD5EA50829.apk	0.0133	0.0521	0.9346	0.0032	0.0213	0.9755	0.4545	0.1818	0.2727	0.0909	0.0004	0.0015	0.0097	0.0051	0	0	0	0	0	0	0	0	0	0	0	0	0	0	0	0	0	0	0	0	0	0.0083	0	0	0	0	0	0	0.9917	0	0	0	0	0	0	0.0317	0	0	0	0	0	0	0	0	0.8095	0	0	0	0	0	0	0	0	0	0	0.0635	0	0	0.0952	0	0	0	0	0	0	0	0	0	0.003	0.0345	0.027	0.6216	0.1622	0.0811	0.1081	0.0258	0.0023	0.0796	0.7681	0	0.0211	0	0.0211	0.0656	0.0164	0
2492764259CC5D761BD53EE4BEFA61CBC7CBFA3BB7458FFBF8935755E33989B7.apk	0	0.137	0.863	0	0.0531	0.9469	0.7037	0.1852	0.0741	0.037	0.0001	0.0019	0.009	0.0053	0	0	0	0	0	0	0	0	0	0	0	0	0	0	0	0.9655	0	0	0	0	0.0259	0	0	0	0	0	0	0	0	0	0	0	0.0086	0	0	0	0	0.0147	0	0	0	0	0	0	0.0735	0	0.0147	0	0	0	0.8088	0	0	0	0.0735	0	0	0	0	0	0	0	0	0	0	0.0147	0	0	0.0063	0.0379	0.0123	0.7654	0.1111	0.0247	0.0864	0.0225	0.002	0.0184	0.7403	0	0.045	0	0.0184	0.1084	0.045	0
25061C50965D05E98E409E3A07FE4CE4825A9DACFF46A79FE57EDA7BFD184DEA.apk	0.1132	0.0468	0.84	0.0494	0.0208	0.9298	0.7273	0.0909	0.1364	0.0455	0.0012	0.0025	0.0132	0.0063	0	0	0.0419	0	0	0	0	0	0	0	0	0	0	0	0	0	0	0	0.0052	0	0	0	0	0.9476	0	0	0	0	0	0	0	0	0.0052	0	0	0	0	0	0.0659	0	0	0	0	0	0	0	0	0	0.8352	0	0	0	0.0769	0	0	0	0	0	0	0	0.022	0	0	0	0	0	0	0	0.0049	0.0355	0.0141	0.8028	0.0845	0.0423	0.0563	0.0214	0.0019	0.066	0.6738	0	0.0777	0.0117	0.0175	0.099	0.0311	0
2559767F38521A889D571B9F025E11F91B1630ED7993C65705D89C72900A88F1.apk	0.0118	0.3215	0.6667	0.0056	0.2797	0.7147	0.5714	0.0952	0.2857	0.0476	0.0004	0.0028	0.0135	0.0055	0	0	0	0	0	0	0	0.0405	0	0	0.0068	0	0.9426	0.0101	0	0	0	0	0	0	0	0	0	0	0	0	0	0	0	0	0	0	0	0	0	0	0	0	0.0083	0	0	0	0	0	0.0417	0	0	0	0	0.0167	0	0	0	0	0	0	0	0.0667	0	0	0	0	0	0	0	0	0.8667	0	0.0024	0.0245	0.0189	0.6792	0.1132	0.1132	0.0755	0.0205	0.0019	0.1474	0.6026	0	0.0448	0.0336	0.056	0.0168	0.0765	0
25C553E167A274467C8B86362B9B99158DB3E9B0E42A4CBE1DC3E16D28A5EBF0.apk	0.0302	0.191	0.7789	0.0134	0.0989	0.8877	0.5455	0.1364	0.2273	0.0909	0.0009	0.0032	0.0171	0.0067	0	0	0	0	0.0111	0	0	0	0	0	0	0	0	0	0	0.0222	0	0	0	0	0	0	0.0037	0	0	0	0	0	0	0	0	0	0.963	0	0	0	0	0	0	0.8679	0.066	0	0	0	0	0	0	0	0	0	0	0	0.0189	0	0	0	0.0283	0	0	0	0	0	0.0189	0	0	0	0	0	0.0037	0.0355	0.0339	0.6441	0.1525	0.0847	0.0847	0.0197	0.0018	0.1199	0.3846	0	0.0787	0.0179	0.0161	0.2755	0.0859	0
2672C22A871356A0A3373A8FD0FE83E752D30AF8F259CBD38B8C420B2CBEDD37.apk	0.0226	0.2287	0.7487	0.008	0.1274	0.8646	0.6538	0.0769	0.2308	0.0385	0.0006	0.0037	0.015	0.0059	0	0	0	0.9377	0	0	0.0037	0	0	0	0	0	0	0	0	0	0	0	0	0.0476	0.011	0	0	0	0	0	0	0	0	0	0	0	0	0	0	0	0	0	0.8333	0	0.0463	0	0	0	0	0	0	0.0185	0	0	0	0	0.0741	0	0	0	0	0	0.0093	0	0	0	0	0	0.0185	0	0	0	0.0032	0.0295	0.0169	0.7119	0.1017	0.1017	0.0678	0.0204	0.0019	0.1413	0.6059	0	0.0372	0.0335	0.0558	0.0167	0.0874	0
2673A3D098821E658C2DA48F06E8A614882624808A3A7A85B6459D793CC8C161.apk	0	0.137	0.863	0	0.0531	0.9469	0.7037	0.1852	0.0741	0.037	0.0001	0.0019	0.009	0.0053	0	0	0	0	0	0	0	0	0	0	0	0	0	0	0	0.9655	0	0	0	0	0.0259	0	0	0	0	0	0	0	0	0	0	0	0.0086	0	0	0	0	0.0147	0	0	0	0	0	0	0.0735	0	0.0147	0	0	0	0.8088	0	0	0	0.0735	0	0	0	0	0	0	0	0	0	0	0.0147	0	0	0.0063	0.0379	0.0123	0.7654	0.1111	0.0247	0.0864	0.0225	0.002	0.0184	0.7403	0	0.045	0	0.0184	0.1084	0.045	0
2681B0EA19336BAD9A6EF2CEDDD505F9DD4D0A58F967C72FEA198A9BC05EC43C.apk	0.0074	0.1887	0.8039	0.0032	0.0966	0.9002	0.4615	0.3077	0.1538	0.0769	0.0001	0.0008	0.0104	0.0046	0	0	0	0	0	0	0	0	0	0	0	0.1739	0.0145	0	0	0	0	0	0	0.8116	0	0	0	0	0	0	0	0	0	0	0	0	0	0	0	0	0	0	0	0	0.0164	0	0	0.0328	0	0	0	0	0	0	0	0	0	0	0	0.0328	0.0984	0	0	0	0.7705	0.0492	0	0	0	0	0	0	0.0033	0.0356	0.0227	0.5682	0.2273	0.0455	0.1364	0.0234	0.0021	0.0318	0.4692	0.0042	0.0191	0.0658	0.2824	0.0149	0.087	0
26F5868441D6A110826EE5152AA19180F7691F330CB6B2B7F7958F9044095A7E.apk	0.0091	0.2399	0.751	0.0034	0.1296	0.8669	0.6923	0	0.2308	0.0769	0.0005	0.0031	0.013	0.0059	0	0	0	0	0	0	0	0	0	0	0	0	0	0	0	0	0	0.0144	0	0.9375	0	0.0481	0	0	0	0	0	0	0	0	0	0	0	0	0	0	0	0	0	0	0	0.8632	0	0.0737	0.0105	0	0	0.0316	0	0	0	0	0	0	0	0	0	0	0.0211	0	0	0	0	0	0	0	0	0	0.0022	0.0299	0.0278	0.8333	0	0.0833	0.0556	0.023	0.0021	0.1127	0.7077	0	0.0334	0.0459	0.0188	0.0397	0.0167	0
26FF35D48FE1989993B34FE88B46310398D3628229A575C8039A3A6EC4F16CC4.apk	0	0.137	0.863	0	0.0531	0.9469	0.7037	0.1852	0.0741	0.037	0.0001	0.0019	0.009	0.0053	0	0	0	0	0	0	0	0	0	0	0	0	0	0	0	0.9655	0	0	0	0	0.0259	0	0	0	0	0	0	0	0	0	0	0	0.0086	0	0	0	0	0.0147	0	0	0	0	0	0	0.0735	0	0.0147	0	0	0	0.8088	0	0	0	0.0735	0	0	0	0	0	0	0	0	0	0	0.0147	0	0	0.0063	0.0379	0.0123	0.7654	0.1111	0.0247	0.0864	0.0225	0.002	0.0184	0.7403	0	0.045	0	0.0184	0.1084	0.045	0
271EE2E8533495EA1FE80D30214050F493173064128999F20ED7B19813436850.apk	0.0215	0.294	0.6845	0.0143	0.1633	0.8224	0.6364	0.0909	0.1818	0.0909	0.0006	0.0025	0.0172	0.0073	0.0377	0	0	0	0	0	0	0.9418	0	0	0	0	0	0	0	0	0	0	0	0	0	0	0	0.0034	0	0	0.0171	0	0	0	0	0	0	0	0	0.0163	0.0569	0	0.8862	0	0	0	0	0	0	0	0	0	0	0	0	0	0.0163	0	0	0	0	0.0244	0	0	0	0	0	0	0	0	0	0	0.0034	0.0334	0.0351	0.7193	0.1053	0.0702	0.0702	0.0194	0.0018	0.1378	0.424	0	0.0618	0.0177	0.0159	0.2385	0.083	0
2743C43A1FB98DDAFAB8E00AF5903AFA5B96B67D77606FB05989697E6C972E49.apk	0	0.0995	0.9005	0	0.0379	0.9621	0.5172	0.2759	0.1724	0.0345	0.0001	0.0014	0.0101	0.0048	0	0	0	0	0	0.0417	0	0	0.9444	0	0	0	0	0	0	0	0	0	0	0	0	0	0	0.0139	0	0	0	0	0	0	0	0	0	0	0.0147	0	0	0	0	0	0	0	0	0	0	0.0735	0.7794	0	0	0	0	0	0	0.0294	0	0	0	0	0	0.0882	0	0	0	0	0	0.0147	0	0	0.0045	0.0319	0.0156	0.6562	0.1562	0.0781	0.0938	0.0242	0.0022	0.0198	0.7429	0	0.022	0.0132	0.0198	0.1121	0.044	0
275697A91B0AE915B685E322F5841BE0544A91E463388661682C56B4B16C9C14.apk	0.0136	0.3761	0.6103	0.0084	0.2322	0.7594	0.6364	0.0909	0.2273	0.0455	0.0006	0.0032	0.0142	0.0068	0.0498	0	0	0	0	0	0	0	0	0	0	0	0	0	0	0	0	0	0	0	0	0	0	0.0142	0	0.0071	0	0	0	0	0.9288	0	0	0	0	0.0224	0	0	0.8358	0	0.0149	0	0	0	0	0	0	0	0	0	0	0	0	0	0	0	0	0	0.0746	0.0522	0	0	0	0	0	0	0	0	0.0026	0.0281	0.0192	0.6923	0.1154	0.0962	0.0769	0.0198	0.0018	0.1151	0.6241	0.0036	0.0629	0.0252	0.0162	0.0558	0.0755	0
27A63D6412B3459E821D88A8EF133727B8DDA99262CEC71C9989EC28E394F173.apk	0.0278	0.1094	0.8628	0.0103	0.047	0.9427	0.5385	0.1538	0.2308	0.0769	0.0004	0.0014	0.0113	0.0054	0.9342	0	0	0	0	0	0	0	0	0	0	0	0	0.0526	0	0.0066	0	0	0	0	0	0	0	0	0	0	0	0	0	0	0	0	0.0066	0	0	0	0	0	0	0	0	0	0	0	0	0.0274	0	0	0.0822	0	0	0	0	0	0	0	0	0	0	0.8493	0	0	0	0.0411	0	0	0	0	0.003	0.0327	0.0244	0.6585	0.1463	0.0732	0.0976	0.025	0.0023	0.0773	0.7636	0	0.0182	0.0136	0.0205	0.0636	0.0159	0
27B02028221B1AE647BD749EF916AC4D0AD39BA3C961ECD1AE37DF7988488225.apk	0.08	0.1124	0.8076	0.0502	0.0488	0.901	0.5385	0.1538	0.2308	0.0769	0.0004	0.0015	0.0116	0.0058	0	0.0057	0	0	0	0	0	0	0	0	0	0	0	0	0	0.9425	0	0.046	0	0	0	0	0	0	0	0	0	0	0	0.0057	0	0	0	0	0	0	0	0	0	0	0.0227	0	0	0	0	0	0	0	0	0	0	0	0	0	0.0341	0	0	0	0	0	0	0	0	0	0.0682	0	0.875	0	0.0029	0.0319	0.0227	0.6818	0.1364	0.0682	0.0909	0.0229	0.0021	0.0708	0.7146	0	0.05	0.0125	0.0187	0.0583	0.05	0
27CFB1825486F02B7838DACF573FD45134D13B159EBB6A199301B32466915A05.apk	0.0245	0.2467	0.7288	0.0068	0.1285	0.8647	0.56	0.16	0.24	0.04	0.0005	0.0035	0.0137	0.0059	0	0	0	0	0	0	0.0133	0	0	0	0.0044	0	0	0	0.0489	0	0	0	0	0	0	0	0	0	0.9333	0	0	0	0	0	0	0	0	0	0	0	0	0.0729	0	0	0	0	0	0.0208	0.0417	0	0	0.8542	0	0	0	0	0	0	0	0	0	0	0	0	0	0	0	0	0	0	0.0104	0	0.0037	0.034	0.0164	0.6721	0.1148	0.0984	0.0984	0.0197	0.0018	0.1093	0.4194	0	0.0358	0.0323	0.0161	0.2796	0.086	0
27E9C9E7E6274A79E9BFFB7711918C88D8E890B38460FBAF5844F5561BA249FE.apk	0.008	0.0213	0.9707	0.0006	0.0055	0.9939	0.4	0	0.4	0.2	0	0.0013	0.0024	0.0006	0	0	0	0	0	0.0435	0	0	0	0	0	0	0	0	0	0	0	0	0	0	0	0	0	0	0	0	0	0	0	0	0.9565	0	0	0	0	0	0	0	0	0	0	0	0	0	0	0	0	0	0	0	0	0	0	0	0	0	0	1	0	0	0	0	0	0	0	0	0	0	0.0018	0.032	0.0556	0.7222	0	0.1111	0.1111	0.0353	0.0032	0.0288	0.8333	0	0.0128	0	0.0288	0.0513	0.0064	0
2848B675C748A31B37E06D52FCC095C528BC0B6EFD0449ABFFF9D69DA887F27F.apk	0.0247	0.2382	0.7372	0.0068	0.1259	0.8674	0.56	0.16	0.24	0.04	0.0005	0.004	0.0138	0.0061	0	0	0.9381	0	0	0	0	0	0	0	0	0	0	0	0	0.0044	0.0133	0	0	0	0	0	0	0	0	0	0	0.0442	0	0	0	0	0	0	0	0	0	0	0	0	0	0.07	0	0	0	0	0	0	0	0.04	0	0	0	0	0	0.86	0	0	0	0	0	0	0	0.01	0	0.02	0	0	0.0038	0.0347	0.0161	0.6774	0.1129	0.0968	0.0968	0.0194	0.0018	0.1074	0.4173	0	0.0458	0.0317	0.0158	0.2746	0.0863	0
284A409364AC49D5E9DC4AF8EF43DC061A179A4AC6CDF04368D8EBCAE076C364.apk	0.0198	0.0836	0.8967	0.0081	0.0417	0.9502	0.5	0.1429	0.2857	0.0714	0.0005	0.0029	0.011	0.0057	0	0	0	0	0	0	0	0	0.0067	0	0	0.9933	0	0	0	0	0	0	0	0	0	0	0	0	0	0	0	0	0	0	0	0	0	0	0	0.0909	0	0	0	0	0	0	0.0519	0.8312	0	0	0	0	0	0	0	0	0	0	0	0.026	0	0	0	0	0	0	0	0	0	0	0	0	0.0032	0.0334	0.0227	0.6591	0.1364	0.0909	0.0909	0.0242	0.0022	0.0749	0.6806	0	0.0419	0	0.0198	0.0639	0.0925	0
287E705784FE12335E9355C20F8BC8072A7A6A87DEA751CE471CCE37D426E9F0.apk	0.0324	0.3483	0.6193	0.0168	0.201	0.7822	0.65	0.05	0.225	0.075	0.0025	0.0066	0.0171	0.008	0.0088	0	0	0	0.0322	0	0	0	0	0	0	0	0	0.9503	0	0	0	0	0	0.0088	0	0	0	0	0	0	0	0	0	0	0	0	0	0	0	0	0	0	0	0	0	0.0126	0	0	0	0	0.0126	0	0	0	0	0	0	0.0377	0	0	0	0	0.8742	0	0	0	0	0.0629	0	0	0	0	0.0045	0.0368	0.0333	0.7556	0.0667	0.1	0.0444	0.015	0.0014	0.2005	0.4707	0.0055	0.0709	0.0355	0.0409	0.0518	0.1078	0
298C90B074995D01EFC294B7DC4C6155E7F0CB04C44B44E222F8E8CB2F510017.apk	0.0139	0	0.9861	0.0012	0	0.9988	0.5	0	0.25	0.25	0	0.0001	0.001	0.0006	0	0	0	0	0	0	0	0	0	0	0	0	0	0	0	0	0	0	0	0	0	0	0	0	1	0	0	0	0	0	0	0	0	0	0	0	0	0	1	0	0	0	0	0	0	0	0	0	0	0	0	0	0	0	0	0	0	0	0	0	0	0	0	0	0	0	0	0	0.0021	0.0333	0.0588	0.7647	0	0.0588	0.1176	0.0404	0.0037	0.0331	0.8162	0	0.0147	0	0.0331	0.0588	0	0
299BF67E18DFB964A872156E6446AFF62BED2837F6A1DB67DBD2D924E47EAFB4.apk	0.0232	0.0122	0.9645	0.0042	0.0046	0.9912	0.3333	0.3333	0.1667	0.1667	0	0.0001	0.0038	0.0012	0	0	0	0	0	0	0	0	0	0	0.975	0	0	0.025	0	0	0	0	0	0	0	0	0	0	0	0	0	0	0	0	0	0	0	0	0	0	0	0.0769	0	0	0	0	0	0	0	0	0	0	0	0	0	0	0	0	0	0	0	0	0	0	0	0.6923	0.2308	0	0	0	0	0	0.0027	0.0358	0.0345	0.5517	0.2414	0.0345	0.1379	0.0289	0.0026	0.0236	0.7795	0	0.0525	0	0.0236	0.0709	0.0184	0
29B83C6FC896EF29CAD661A35C7D0854600660C556A10F123DA81F4B47A4950A.apk	0.0154	0.3318	0.6527	0.0044	0.2143	0.7812	0.5909	0	0.3636	0.0455	0.0008	0.0038	0.0147	0.0063	0	0	0	0	0	0	0	0	0	0	0	0	0.0072	0	0	0	0.0181	0	0	0	0	0	0	0	0	0.0542	0	0	0.9206	0	0	0	0	0	0	0	0	0	0	0	0	0	0	0	0.8235	0	0.0504	0	0	0	0	0	0	0	0	0	0	0.0168	0.0672	0	0	0	0	0	0	0.0252	0	0.0168	0.0029	0.0292	0.0182	0.8	0	0.1455	0.0364	0.0199	0.0018	0.1338	0.3924	0	0.0868	0.0325	0.0163	0.2206	0.0958	0
29EF9B190247E65069954E4ED235256A6E3ED26EE544A4235A6B2F5EA8CDB9D5.apk	0.0145	0.0571	0.9284	0.004	0.0223	0.9737	0.5	0.1667	0.25	0.0833	0.0001	0.0005	0.0073	0.0039	0	0	0	0	0	0	0	0	0	0	0	0.9681	0	0	0	0	0.0106	0	0.0213	0	0	0	0	0	0	0	0	0	0	0	0	0	0	0	0	0	0	0	0	0	0	0	0.04	0	0	0	0	0	0	0	0	0	0	0	0	0	0	0	0	0	0	0.04	0.08	0	0	0	0	0.84	0.0031	0.0335	0.025	0.65	0.15	0.075	0.1	0.0255	0.0023	0.0209	0.761	0	0.0394	0	0.0209	0.1137	0.0162	0
29F4BF3C5BBF737B6BD02003B06FB8D961789472F54A15DF4AA47D8B94871596.apk	0	0.137	0.863	0	0.0531	0.9469	0.7037	0.1852	0.0741	0.037	0.0001	0.0019	0.009	0.0053	0	0	0	0	0	0	0	0	0	0	0	0	0	0	0	0.9655	0	0	0	0	0.0259	0	0	0	0	0	0	0	0	0	0	0	0.0086	0	0	0	0	0.0147	0	0	0	0	0	0	0.0735	0	0.0147	0	0	0	0.8088	0	0	0	0.0735	0	0	0	0	0	0	0	0	0	0	0.0147	0	0	0.0063	0.0379	0.0123	0.7654	0.1111	0.0247	0.0864	0.0225	0.002	0.0184	0.7403	0	0.045	0	0.0184	0.1084	0.045	0
2A704D286EE23F29F05FDADADBAE1AACA74C908A27A70D37049FBFA656B60ABF.apk	0	0.1268	0.8732	0	0.0571	0.9429	0.375	0.375	0.125	0.125	0	0.0009	0.007	0.0038	0	0	0	0	0	0	0	0	0	0	0	0	0.0482	0	0	0	0	0	0	0	0	0	0	0	0.9277	0	0	0	0	0	0.0241	0	0	0	0	0	0.0889	0	0	0	0	0.0222	0	0	0	0	0	0	0	0	0	0.0222	0	0	0	0	0.0667	0	0	0	0.8	0	0	0	0	0	0	0	0.0025	0.034	0.0333	0.5	0.2667	0.0333	0.1667	0.0273	0.0025	0.0223	0.804	0	0.0199	0.0149	0.0223	0.067	0.0199	0
2A762498DF3E406A610AEA79E107065ACAAE7ADDD9921B2B16E3F0CD6077252B.apk	0.0162	0.4665	0.5172	0.0049	0.3452	0.6499	0.5873	0.0317	0.3651	0.0159	0.0012	0.0071	0.0143	0.0071	0	0	0	0	0.0479	0	0	0	0	0	0	0	0	0	0	0	0	0	0	0	0.0085	0	0	0	0	0	0	0	0	0	0.9268	0	0.0169	0	0	0	0	0	0	0	0	0	0	0.0114	0.0114	0	0	0	0	0	0	0	0	0	0.0909	0	0.0057	0	0	0	0	0	0.0455	0	0	0	0	0.8352	0.0054	0.0337	0.0074	0.7407	0.0593	0.1704	0.0222	0.0131	0.0012	0.1573	0.4482	0.0167	0.0393	0.0405	0.0107	0.1859	0.087	0
2B4F80512D91417E4A96C9921942FCD1FA7C712A0682D65C60605F5254576A37.apk	0	0.149	0.851	0	0.0527	0.9473	0.6522	0.1739	0.1304	0.0435	0.0001	0.0018	0.0098	0.006	0	0	0	0	0	0	0	0.0157	0	0	0	0	0	0	0	0	0	0	0	0	0	0	0	0	0	0	0	0	0	0	0.9843	0	0	0	0	0	0	0	0	0	0	0	0.8182	0	0	0.026	0	0	0	0	0	0	0	0	0	0	0	0.0649	0	0	0.013	0.0779	0	0	0	0	0	0	0.0047	0.0415	0.0167	0.6833	0.15	0.05	0.1	0.0206	0.0019	0.0617	0.4318	0	0.0598	0	0.0168	0.2935	0.114	0
2B5070C076C24A7C63E3AFFE6D6CDDB147E953E11CD3506A0A7C6EC0B48D268B.apk	0	0.137	0.863	0	0.0531	0.9469	0.7037	0.1852	0.0741	0.037	0.0001	0.0019	0.009	0.0053	0	0	0	0	0	0	0	0	0	0	0	0	0	0	0	0.9655	0	0	0	0	0.0259	0	0	0	0	0	0	0	0	0	0	0	0.0086	0	0	0	0	0.0147	0	0	0	0	0	0	0.0735	0	0.0147	0	0	0	0.8088	0	0	0	0.0735	0	0	0	0	0	0	0	0	0	0	0.0147	0	0	0.0063	0.0379	0.0123	0.7654	0.1111	0.0247	0.0864	0.0225	0.002	0.0184	0.7403	0	0.045	0	0.0184	0.1084	0.045	0
2B63D84F0FC23228AA4A879D9CCFCA1DA65F37CE3AEE118143DBCA78CE9125BC.apk	0.0109	0.2474	0.7417	0.0028	0.1375	0.8597	0.4444	0.1111	0.4074	0.037	0.0006	0.0039	0.0159	0.0074	0	0	0	0	0	0	0	0	0	0	0	0	0	0.0146	0	0	0	0	0	0	0	0	0.938	0	0	0	0.0474	0	0	0	0	0	0	0	0	0	0	0	0	0	0	0.0157	0	0.0709	0	0	0	0	0	0	0	0	0	0	0	0.0157	0	0	0	0	0	0	0	0	0.063	0	0.8346	0	0.0037	0.0315	0.0156	0.6094	0.1406	0.1719	0.0625	0.0203	0.0018	0.1144	0.5517	0	0.0535	0.0554	0.1089	0.0166	0.0775	0
2B7172A335B66873DC793AF3FE5C3FC6D89C8C7012401A2ABA415AC0115C1935.apk	0	0.137	0.863	0	0.0531	0.9469	0.7037	0.1852	0.0741	0.037	0.0001	0.0019	0.009	0.0053	0	0	0	0	0	0	0	0	0	0	0	0	0	0	0	0.9655	0	0	0	0	0.0259	0	0	0	0	0	0	0	0	0	0	0	0.0086	0	0	0	0	0.0147	0	0	0	0	0	0	0.0735	0	0.0147	0	0	0	0.8088	0	0	0	0.0735	0	0	0	0	0	0	0	0	0	0	0.0147	0	0	0.0063	0.0379	0.0123	0.7654	0.1111	0.0247	0.0864	0.0225	0.002	0.0184	0.7403	0	0.045	0	0.0184	0.1084	0.045	0
2B7C2B008CD95DDCB764FAD64B58EE5E646C59A7AD96C653E2F632F4D80ADA63.apk	0.0114	0.3844	0.6042	0.0047	0.232	0.7633	0.6667	0.0833	0.2083	0.0417	0.0005	0.0031	0.0141	0.0067	0	0	0	0.0222	0	0	0.9593	0	0	0	0	0	0	0	0	0	0	0	0	0.0148	0	0	0	0	0	0	0.0037	0	0	0	0	0	0	0	0	0	0	0	0	0	0	0	0	0	0.0155	0	0.0233	0	0	0	0	0	0	0	0	0.8372	0	0	0	0	0.0465	0	0	0	0.0775	0	0	0	0.0025	0.0295	0.0208	0.6667	0.125	0.1042	0.0833	0.0195	0.0018	0.1348	0.406	0.0284	0.0638	0.0177	0.016	0.2376	0.0745	0
2BAF6E70672789096752383F0DFDA9774A3FEF55CD64C5AD7FE5CE02F4BEB8FB.apk	0.0574	0.2301	0.7125	0.0327	0.1208	0.8465	0.6522	0.087	0.1739	0.087	0.0006	0.0036	0.016	0.0068	0	0	0	0	0	0	0	0	0	0.0393	0.9393	0	0	0	0.0143	0	0	0	0	0	0	0	0	0.0071	0	0	0	0	0	0	0	0	0	0	0	0	0.0085	0	0	0.0169	0	0	0	0	0	0	0	0	0	0	0	0	0	0	0	0	0	0.0678	0	0	0	0	0.0678	0	0	0	0	0.839	0.0037	0.0327	0.0312	0.7344	0.0938	0.0625	0.0781	0.0193	0.0018	0.1068	0.3853	0	0.0508	0.0315	0.0158	0.2767	0.1121	0
2C47F0F264E7BF3704ADD37D02B665268A31ADBE91C91A3487F2E38A442504BE.apk	0.0341	0.1841	0.7818	0.0263	0.0895	0.8841	0.5	0.1429	0.2857	0.0714	0.0005	0.0023	0.0149	0.0063	0	0	0	0	0	0	0	0	0	0	0	0	0	0	0	0	0	0	0	0.0261	0	0	0	0	0	0	0	0	0	0	0.9565	0	0.0043	0.013	0	0	0	0	0	0.8367	0	0	0	0	0	0	0	0	0	0	0	0	0	0	0.0204	0	0.0816	0	0	0	0	0	0	0	0	0.0204	0.0408	0	0.0026	0.0335	0.025	0.625	0.15	0.1	0.1	0.0212	0.0019	0.1409	0.417	0	0.0444	0.0193	0.0174	0.2568	0.0811	0
2C5BB4CF4A61ABF632E54DF50B086316B0FF4072120CEC808D756A1938B44385.apk	0.0228	0.087	0.8902	0.006	0.0464	0.9476	0.5333	0.1333	0.2667	0.0667	0.0005	0.0032	0.0116	0.0065	0	0	0	0	0	0	0	0	0	0	0	0	0	0	0	0.0063	0	0	0	0	0	0	0	0	0	0	0.9937	0	0	0	0	0	0	0	0	0	0.0112	0.0787	0	0	0	0	0	0	0	0	0	0	0	0.0562	0	0.0112	0	0	0	0	0	0	0	0.8202	0	0	0	0	0	0.0225	0	0	0.0037	0.0349	0.02	0.7	0.12	0.08	0.08	0.0231	0.0021	0.0881	0.673	0	0.0461	0	0.0189	0.0608	0.0881	0
2C5DD7C60B6F673C75E6273638FAA7F98BFFCDD0765AF3A4EF2653E671EC5FF1.apk	0.0034	0.4264	0.5702	0.0004	0.2483	0.7513	0.6667	0.0741	0.2222	0.037	0.0011	0.0051	0.0162	0.0073	0	0	0	0.0063	0	0	0.0377	0	0	0	0	0	0	0	0	0	0.0094	0	0	0	0	0	0	0	0	0	0	0	0	0	0	0	0	0.9465	0.014	0	0	0.049	0	0	0	0	0	0	0	0.014	0	0.8462	0	0	0	0	0	0	0	0	0	0	0	0	0.007	0	0	0.0699	0	0	0	0	0.0038	0.0367	0.0135	0.7568	0.0946	0.0811	0.0541	0.0152	0.0014	0.241	0.3781	0.0111	0.0388	0.0416	0.1842	0.0291	0.0596	0
2CB773781DB79CB0AE783457A1DBC4C1240447C433CF4EA5A6A6D8865283819C.apk	0.0034	0.4234	0.5732	0.0004	0.2423	0.7573	0.6667	0.0741	0.2222	0.037	0.0011	0.0052	0.0163	0.0073	0.0063	0	0	0	0	0	0	0	0	0	0	0	0	0	0.0377	0	0.0094	0	0	0	0	0	0.9465	0	0	0	0	0	0	0	0	0	0	0	0.049	0	0	0	0	0.0699	0	0	0	0	0	0	0	0.014	0	0	0	0	0	0.8462	0.007	0	0	0	0	0	0	0	0	0.014	0	0	0	0	0.0038	0.037	0.0135	0.7568	0.0946	0.0811	0.0541	0.0152	0.0014	0.241	0.3795	0.0111	0.0388	0.0416	0.0125	0.2008	0.0582	0
