com.zalebox.backsplash.tile.ideas.k1.apk	2013-11-16	0.1117	0.0704	0.1728	0.0725	0.1957	0.7241	0.1047	0.654	0	0	0	0	0	0	0	0	0	0	0	0	1	1	1	1	0	0	0	0	0.8966	0.9096	0.9524	0.9927	0	0	0	0	0.069	0.0844	0	0	0	0	0	0	0	0	0	0	0.0345	0.0059	0.0476	0.0073	0.0146	0.0024	0.0024	0.002	1	1	0	0	0	0	0	0	0	0	0	0	0	0	0	0	0	0	0	0	0	0	0	0	1	1	0	0	0	0
com.zalebox.backsplash.tile.ideas.k1.apk	2013-11-16	0.1066	0.0658	0.1142	0.0437	0.1915	0.6897	0.0934	0.6398	0	0	0	0	0	0	0	0	0	0	0	0	1	1	1	1	0	0	0	0	0.8966	0.8983	0.95	0.9978	0	0	0	0	0.069	0.0833	0	0	0	0	0	0	0	0	0	0	0.0345	0.0184	0.05	0.0022	0.0136	0.0023	0.0016	0.0013	1	1	0	0	0	0	0	0	0	0	0	0	0	0	0	0	0	0	0	0	0	0	0	0	1	1	0	0	0	0
com.zalebox.backsplash.tile.ideas.k1.apk	2013-11-16	0.1103	0.0695	0.1738	0.0731	0.1957	0.7241	0.0884	0.6488	0	0	0	0	0	0	0	0	0	0	0	0	1	1	1	1	0	0	0	0	0.8966	0.9008	0.9524	0.9982	0	0	0	0	0.069	0.084	0	0	0	0	0	0	0	0	0	0	0.0345	0.0152	0.0476	0.0018	0.0144	0.0024	0.0024	0.002	1	1	0	0	0	0	0	0	0	0	0	0	0	0	0	0	0	0	0	0	0	0	0	0	1	1	0	0	0	0
com.keramidas.MarketUpdateHelper.apk	2013-02-12	0	0	0	0	0	0	0	0	0	0	0	0	0	0	0	0	0	0	0	0	0	0	0	0	0	0	0	0	0	0	0	0	0	0	0	0	0	0	0	0	0	0	0	0	0	0	0	0	0	0	0	0	0	0	0	0	0	0	0	0	0	0	0	0	0	0	0	0	0	0	0	0	0	0	0	0	0	0	0	0	0	0	0	0	0	0
com.keramidas.MarketUpdateHelper.apk	2013-02-12	0	0	0	0	0	0	0	0	0	0	0	0	0	0	0	0	0	0	0	0	0	0	0	0	0	0	0	0	0	0	0	0	0	0	0	0	0	0	0	0	0	0	0	0	0	0	0	0	0	0	0	0	0	0	0	0	0	0	0	0	0	0	0	0	0	0	0	0	0	0	0	0	0	0	0	0	0	0	0	0	0	0	0	0	0	0
com.keramidas.MarketUpdateHelper.apk	2013-02-12	0	0	0	0	0	0	0	0	0	0	0	0	0	0	0	0	0	0	0	0	0	0	0	0	0	0	0	0	0	0	0	0	0	0	0	0	0	0	0	0	0	0	0	0	0	0	0	0	0	0	0	0	0	0	0	0	0	0	0	0	0	0	0	0	0	0	0	0	0	0	0	0	0	0	0	0	0	0	0	0	0	0	0	0	0	0
com.google.android.ears.apk	2013-03-27	0	0	0	0	0	0	0	0	0	0	0	0	0	0	0	0	0	0	0	0	0	0	0	0	0	0	0	0	0	0	0	0	0	0	0	0	0	0	0	0	0	0	0	0	0	0	0	0	0	0	0	0	0	0	0	0	0	0	0	0	0	0	0	0	0	0	0	0	0	0	0	0	0	0	0	0	0	0	0	0	0	0	0	0	0	0
com.google.android.ears.apk	2013-03-27	0	0	0	0	0	0	0	0	0	0	0	0	0	0	0	0	0	0	0	0	0	0	0	0	0	0	0	0	0	0	0	0	0	0	0	0	0	0	0	0	0	0	0	0	0	0	0	0	0	0	0	0	0	0	0	0	0	0	0	0	0	0	0	0	0	0	0	0	0	0	0	0	0	0	0	0	0	0	0	0	0	0	0	0	0	0
com.google.android.ears.apk	2013-03-27	0	0	0	0	0	0	0	0	0	0	0	0	0	0	0	0	0	0	0	0	0	0	0	0	0	0	0	0	0	0	0	0	0	0	0	0	0	0	0	0	0	0	0	0	0	0	0	0	0	0	0	0	0	0	0	0	0	0	0	0	0	0	0	0	0	0	0	0	0	0	0	0	0	0	0	0	0	0	0	0	0	0	0	0	0	0
com.smartmobilesoftware.phototranslatorlight.apk	2013-03-21	0.1506	0.08	0.2055	0.0701	0.2812	0.6765	0.0769	0.2496	0	0	0	0	0	0	0	0	0	0	0	0	1	1	1	1	0	0	0	0	0.8235	0.6542	0.8261	0.4062	0	0	0	0	0.1471	0.1989	0.1304	0.0069	0	0	0	0	0	0	0	0	0.0294	0.1469	0.0435	0.5868	0.0212	0.0282	0.0023	0.0399	1	1	0	0	0	0	0	0	0	0	0	0	0.0833	0.0046	0	0	0.0833	0.0305	0	0	0.6667	0.516	0	0	0.1667	0.4489	0	0	0	0
com.smartmobilesoftware.phototranslatorlight.apk	2013-03-21	0.1517	0.0782	0.2072	0.0652	0.2812	0.6667	0.0674	0.2529	0	0	0	0	0	0	0	0	0	0	0	0	1	1	1	1	0	0	0	0	0.8485	0.6455	0.8636	0.482	0	0	0	0	0.1212	0.2243	0.0909	0.0049	0	0	0	0	0	0	0	0	0.0303	0.1302	0.0455	0.5131	0.0213	0.0284	0.0024	0.0334	1	1	0	0	0	0	0	0	0	0	0	0	0.0833	0.004	0	0	0.0833	0.0429	0	0	0.6667	0.5182	0	0	0.1667	0.4348	0	0	0	0
com.smartmobilesoftware.phototranslatorlight.apk	2013-03-21	0.1499	0.082	0.2094	0.0663	0.3281	0.6857	0.0686	0.2606	0	0	0	0	0	0	0	0	0	0	0	0	1	1	1	1	0	0	0	0	0.8286	0.6378	0.8333	0.5273	0	0	0	0	0.1429	0.2406	0.125	0.0074	0	0	0	0	0	0	0	0	0.0286	0.1216	0.0417	0.4653	0.0211	0.0281	0.003	0.0313	1	1	0	0	0	0	0	0	0	0	0	0	0.0833	0.0024	0	0	0.0833	0.0228	0	0	0.6667	0.5428	0	0	0.1667	0.4319	0	0	0	0
com.ghvandoorn.Raindar.apk	2013-06-26	0	0	0	0	0	0	0	0	0	0	0	0	0	0	0	0	0	0	0	0	0	0	0	0	0	0	0	0	0	0	0	0	0	0	0	0	0	0	0	0	0	0	0	0	0	0	0	0	0	0	0	0	0	0	0	0	0	0	0	0	0	0	0	0	0	0	0	0	0	0	0	0	0	0	0	0	0	0	0	0	0	0	0	0	0	0
me.tidesnear.free.apk	2013-07-11	0.1122	0.0379	0.4491	0.0127	0.2126	0.5571	0.0019	0.0718	0	0	0	0	0	0	0	0	0.0193	0.0001	0.0227	0.0018	0.9662	0.9999	0.9773	0.9982	0.0145	0	0	0	0.8571	0.9153	0.9744	0.9897	0.0143	0.0017	0	0	0.0286	0.0062	0	0	0	0	0	0	0.0571	0.0012	0	0	0.0429	0.0757	0.0256	0.0103	0.0141	0.0092	0.0002	0.007	1	1	0	0	0	0	0	0	0	0	0	0	0	0	0	0	0	0	0	0	0	0	0	0	1	1	0	0	0	0
com.ghvandoorn.Raindar.apk	2013-06-26	0	0	0	0	0	0	0	0	0	0	0	0	0	0	0	0	0	0	0	0	0	0	0	0	0	0	0	0	0	0	0	0	0	0	0	0	0	0	0	0	0	0	0	0	0	0	0	0	0	0	0	0	0	0	0	0	0	0	0	0	0	0	0	0	0	0	0	0	0	0	0	0	0	0	0	0	0	0	0	0	0	0	0	0	0	0
me.tidesnear.free.apk	2013-07-11	0.1125	0.0409	0.4331	0.0129	0.1869	0.5278	0.0145	0.4791	0	0	0	0	0	0	0	0	0.0202	0.0001	0.027	0.0003	0.9646	0.9998	0.973	0.9997	0.0152	0	0	0	0.8611	0.9032	0.9737	0.9997	0.0139	0.0024	0	0	0.0278	0.0075	0	0	0	0	0	0	0.0556	0.0025	0	0	0.0417	0.0844	0.0263	0.0003	0.0131	0.008	0.0002	0.0078	1	1	0	0	0	0	0	0	0	0	0	0	0	0	0	0	0	0	0	0	0	0	0	0	1	1	0	0	0	0
com.ghvandoorn.Raindar.apk	2013-06-26	0	0	0	0	0	0	0	0	0	0	0	0	0	0	0	0	0	0	0	0	0	0	0	0	0	0	0	0	0	0	0	0	0	0	0	0	0	0	0	0	0	0	0	0	0	0	0	0	0	0	0	0	0	0	0	0	0	0	0	0	0	0	0	0	0	0	0	0	0	0	0	0	0	0	0	0	0	0	0	0	0	0	0	0	0	0
me.tidesnear.free.apk	2013-07-11	0.1096	0.0462	0.2364	0.0193	0.1569	0.6047	0.0155	0.3841	0	0	0	0	0	0	0	0	0.0392	0.0039	0.0625	0.0513	0.9412	0.9913	0.9375	0.9487	0.0196	0.0047	0	0	0.8837	0.906	0.9615	0.9915	0	0	0	0	0.0698	0.0816	0	0	0	0	0	0	0	0	0	0	0.0465	0.0124	0.0385	0.0085	0.0064	0.0043	0.0004	0.0007	1	1	0	0	0	0	0	0	0	0	0	0	0	0	0	0	0	0	0	0	0	0	0	0	1	1	0	0	0	0
