152	164	6973	7289	635	1182	51694	53511
5	46	65	116	7	121	152	280
0.0329	0.2805	0.0093	0.0159	0.011	0.1024	0.0029	0.0052
75	1567	7775	9417	205	9974	59229	69408
3	4	187	194	8	14	481	503
0.04	0.0026	0.0241	0.0206	0.039	0.0014	0.0081	0.0072
415	417	4436	5268	1870	2192	41424	45486
31	106	266	403	78	387	841	1306
0.0747	0.2542	0.06	0.0765	0.0417	0.1766	0.0203	0.0287
152	164	6973	7289	635	1182	51694	53511
5	44	62	111	6	116	141	263
0.0329	0.2683	0.0089	0.0152	0.0094	0.0981	0.0027	0.0049
18	0	2274	2292	23	0	24752	24775
2	0	13	15	6	0	25	31
0.1111	0	0.0057	0.0065	0.2609	0	0.001	0.0013
610	1414	4734	6758	2679	8336	42040	53055
16	110	116	242	48	414	306	768
0.0262	0.0778	0.0245	0.0358	0.0179	0.0497	0.0073	0.0145
221	1096	4255	5572	1180	6291	34234	41705
11	2	171	184	23	3	461	487
0.0498	0.0018	0.0402	0.033	0.0195	0.0005	0.0135	0.0117
55	239	1616	1910	218	4363	17823	22404
28	75	73	176	148	248	183	579
0.5091	0.3138	0.0452	0.0921	0.6789	0.0568	0.0103	0.0258
221	1096	4255	5572	1180	6291	34234	41705
11	2	171	184	23	3	461	487
0.0498	0.0018	0.0402	0.033	0.0195	0.0005	0.0135	0.0117
94	1875	4684	6653	362	10751	39285	50398
1	6	17	24	1	15	30	46
0.0106	0.0032	0.0036	0.0036	0.0028	0.0014	0.0008	0.0009
173	86	2271	2530	983	408	25239	26630
45	7	264	316	186	19	1344	1549
0.2601	0.0814	0.1162	0.1249	0.1892	0.0466	0.0533	0.0582
149	4	830	983	712	33	12047	12792
54	3	101	158	217	23	299	539
0.3624	0.75	0.1217	0.1607	0.3048	0.697	0.0248	0.0421
54	67	2632	2753	158	503	27403	28064
18	20	85	123	46	151	215	412
0.3333	0.2985	0.0323	0.0447	0.2911	0.3002	0.0078	0.0147
914	2621	5132	8667	4742	15832	41331	61905
1	51	43	95	3	90	70	163
0.0011	0.0195	0.0084	0.011	0.0006	0.0057	0.0017	0.0026
69	338	3237	3644	368	2024	28012	30404
28	51	286	365	76	209	845	1130
0.4058	0.1509	0.0884	0.1002	0.2065	0.1033	0.0302	0.0372
58	513	1859	2430	268	3721	19520	23509
7	0	142	149	14	0	404	418
0.1207	0	0.0764	0.0613	0.0522	0	0.0207	0.0178
19	0	2272	2291	27	0	24742	24769
3	0	8	11	8	0	17	25
0.1579	0	0.0035	0.0048	0.2963	0	0.0007	0.001
124	63	7597	7784	425	702	57441	58568
7	2	20	29	11	3	36	50
0.0565	0.0317	0.0026	0.0037	0.0259	0.0043	0.0006	0.0009
8	128	987	1123	9	1242	13073	14324
1	5	131	137	2	7	514	523
0.125	0.0391	0.1327	0.122	0.2222	0.0056	0.0393	0.0365
7	136	967	1110	8	1236	12882	14126
1	6	123	130	2	8	461	471
0.1429	0.0441	0.1272	0.1171	0.25	0.0065	0.0358	0.0333
70	1028	4065	5163	252	5425	39709	45386
27	87	357	471	102	261	1563	1926
0.3857	0.0846	0.0878	0.0912	0.4048	0.0481	0.0394	0.0424
158	290	7382	7830	757	2015	56288	59060
12	11	261	284	31	63	848	942
0.0759	0.0379	0.0354	0.0363	0.041	0.0313	0.0151	0.0159
734	1371	4939	7044	4164	10218	42903	57285
13	3	34	50	29	8	70	107
0.0177	0.0022	0.0069	0.0071	0.007	0.0008	0.0016	0.0019
221	1096	4255	5572	1180	6291	34234	41705
11	2	171	184	23	3	461	487
0.0498	0.0018	0.0402	0.033	0.0195	0.0005	0.0135	0.0117
25	17	3891	3933	116	90	30921	31127
5	0	436	441	11	0	1318	1329
0.2	0	0.1121	0.1121	0.0948	0	0.0426	0.0427
14	0	1248	1262	21	0	14745	14766
3	0	14	17	8	0	26	34
0.2143	0	0.0112	0.0135	0.381	0	0.0018	0.0023
745	1894	5019	7658	2275	11385	40683	54343
1	48	130	179	2	91	342	435
0.0013	0.0253	0.0259	0.0234	0.0009	0.008	0.0084	0.008
173	271	2589	3033	764	1844	27941	30549
47	30	407	484	156	152	1849	2157
0.2717	0.1107	0.1572	0.1596	0.2042	0.0824	0.0662	0.0706
96	48	2410	2554	432	349	20924	21705
5	0	62	67	7	0	131	138
0.0521	0	0.0257	0.0262	0.0162	0	0.0063	0.0064
7	5	899	911	8	11	11960	11979
1	3	113	117	2	6	502	510
0.1429	0.6	0.1257	0.1284	0.25	0.5455	0.042	0.0426
10	0	632	642	16	0	8919	8935
3	0	9	12	9	0	26	35
0.3	0	0.0142	0.0187	0.5625	0	0.0029	0.0039
71	407	1986	2464	314	3591	21747	25652
5	20	21	46	10	38	38	86
0.0704	0.0491	0.0106	0.0187	0.0318	0.0106	0.0017	0.0034
1	3371	3747	7119	2	17791	36050	53843
1	160	88	249	1	412	219	632
1	0.0475	0.0235	0.035	0.5	0.0232	0.0061	0.0117
152	164	6973	7289	635	1182	51694	53511
1	11	19	31	2	33	39	74
0.0066	0.0671	0.0027	0.0043	0.0031	0.0279	0.0008	0.0014
75	1567	7775	9417	205	9974	59229	69408
3	4	187	194	8	14	481	503
0.04	0.0026	0.0241	0.0206	0.039	0.0014	0.0081	0.0072
415	417	4436	5268	1870	2192	41424	45486
49	175	316	540	145	700	1087	1932
0.1181	0.4197	0.0712	0.1025	0.0775	0.3193	0.0262	0.0425
152	164	6973	7289	635	1182	51694	53511
4	46	67	117	5	125	155	285
0.0263	0.2805	0.0096	0.0161	0.0079	0.1058	0.003	0.0053
18	0	2274	2292	23	0	24752	24775
2	0	15	17	6	0	28	34
0.1111	0	0.0066	0.0074	0.2609	0	0.0011	0.0014
610	1414	4734	6758	2679	8336	42040	53055
15	260	168	443	50	901	452	1403
0.0246	0.1839	0.0355	0.0656	0.0187	0.1081	0.0108	0.0264
221	1096	4255	5572	1180	6291	34234	41705
11	2	171	184	23	3	461	487
0.0498	0.0018	0.0402	0.033	0.0195	0.0005	0.0135	0.0117
55	239	1616	1910	218	4363	17823	22404
22	0	59	81	115	0	142	257
0.4	0	0.0365	0.0424	0.5275	0	0.008	0.0115
221	1096	4255	5572	1180	6291	34234	41705
11	2	171	184	23	3	461	487
0.0498	0.0018	0.0402	0.033	0.0195	0.0005	0.0135	0.0117
94	1875	4684	6653	362	10751	39285	50398
1	6	17	24	1	15	30	46
0.0106	0.0032	0.0036	0.0036	0.0028	0.0014	0.0008	0.0009
173	86	2271	2530	983	408	25239	26630
15	7	177	199	77	19	806	902
0.0867	0.0814	0.0779	0.0787	0.0783	0.0466	0.0319	0.0339
149	4	830	983	712	33	12047	12792
51	3	100	154	214	22	301	537
0.3423	0.75	0.1205	0.1567	0.3006	0.6667	0.025	0.042
54	67	2632	2753	158	503	27403	28064
22	20	86	128	55	153	226	434
0.4074	0.2985	0.0327	0.0465	0.3481	0.3042	0.0082	0.0155
914	2621	5132	8667	4742	15832	41331	61905
1	51	43	95	3	90	70	163
0.0011	0.0195	0.0084	0.011	0.0006	0.0057	0.0017	0.0026
69	338	3237	3644	368	2024	28012	30404
28	62	287	377	78	229	903	1210
0.4058	0.1834	0.0887	0.1035	0.212	0.1131	0.0322	0.0398
58	513	1859	2430	268	3721	19520	23509
27	0	276	303	132	0	1105	1237
0.4655	0	0.1485	0.1247	0.4925	0	0.0566	0.0526
19	0	2272	2291	27	0	24742	24769
3	0	9	12	9	0	21	30
0.1579	0	0.004	0.0052	0.3333	0	0.0008	0.0012
124	63	7597	7784	425	702	57441	58568
8	2	24	34	14	3	45	62
0.0645	0.0317	0.0032	0.0044	0.0329	0.0043	0.0008	0.0011
8	128	987	1123	9	1242	13073	14324
1	5	130	136	2	7	501	510
0.125	0.0391	0.1317	0.1211	0.2222	0.0056	0.0383	0.0356
7	136	967	1110	8	1236	12882	14126
1	6	122	129	2	8	454	464
0.1429	0.0441	0.1262	0.1162	0.25	0.0065	0.0352	0.0328
70	1028	4065	5163	252	5425	39709	45386
21	101	322	444	82	316	1281	1679
0.3	0.0982	0.0792	0.086	0.3254	0.0582	0.0323	0.037
158	290	7382	7830	757	2015	56288	59060
12	11	261	284	32	63	849	944
0.0759	0.0379	0.0354	0.0363	0.0423	0.0313	0.0151	0.016
734	1371	4939	7044	4164	10218	42903	57285
15	3	36	54	32	8	73	113
0.0204	0.0022	0.0073	0.0077	0.0077	0.0008	0.0017	0.002
221	1096	4255	5572	1180	6291	34234	41705
11	2	171	184	23	3	461	487
0.0498	0.0018	0.0402	0.033	0.0195	0.0005	0.0135	0.0117
25	17	3891	3933	116	90	30921	31127
4	0	529	533	11	0	1799	1810
0.16	0	0.136	0.1355	0.0948	0	0.0582	0.0581
14	0	1248	1262	21	0	14745	14766
3	0	14	17	8	0	26	34
0.2143	0	0.0112	0.0135	0.381	0	0.0018	0.0023
745	1894	5019	7658	2275	11385	40683	54343
1	48	130	179	2	91	342	435
0.0013	0.0253	0.0259	0.0234	0.0009	0.008	0.0084	0.008
221	1096	4255	5572	1180	6291	34234	41705
11	2	171	184	23	3	461	487
0.0498	0.0018	0.0402	0.033	0.0195	0.0005	0.0135	0.0117
173	271	2589	3033	764	1844	27941	30549
11	14	247	272	34	30	977	1041
0.0636	0.0517	0.0954	0.0897	0.0445	0.0163	0.035	0.0341
96	48	2410	2554	432	349	20924	21705
5	0	62	67	7	0	131	138
0.0521	0	0.0257	0.0262	0.0162	0	0.0063	0.0064
7	5	899	911	8	11	11960	11979
1	3	116	120	2	6	505	513
0.1429	0.6	0.129	0.1317	0.25	0.5455	0.0422	0.0428
10	0	632	642	16	0	8919	8935
3	0	8	11	7	0	20	27
0.3	0	0.0127	0.0171	0.4375	0	0.0022	0.003
71	407	1986	2464	314	3591	21747	25652
5	20	21	46	10	38	38	86
0.0704	0.0491	0.0106	0.0187	0.0318	0.0106	0.0017	0.0034
1	3371	3747	7119	2	17791	36050	53843
1	152	87	240	1	395	208	604
1	0.0451	0.0232	0.0337	0.5	0.0222	0.0058	0.0112
152	164	6973	7289	635	1182	51694	53511
4	25	63	92	5	77	119	201
0.0263	0.1524	0.009	0.0126	0.0079	0.0651	0.0023	0.0038
75	1567	7775	9417	205	9974	59229	69408
3	4	187	194	8	14	481	503
0.04	0.0026	0.0241	0.0206	0.039	0.0014	0.0081	0.0072
415	417	4436	5268	1870	2192	41424	45486
24	103	157	284	56	364	448	868
0.0578	0.247	0.0354	0.0539	0.0299	0.1661	0.0108	0.0191
152	164	6973	7289	635	1182	51694	53511
5	28	64	97	7	86	133	226
0.0329	0.1707	0.0092	0.0133	0.011	0.0728	0.0026	0.0042
18	0	2274	2292	23	0	24752	24775
2	0	15	17	6	0	28	34
0.1111	0	0.0066	0.0074	0.2609	0	0.0011	0.0014
610	1414	4734	6758	2679	8336	42040	53055
12	77	67	156	40	259	148	447
0.0197	0.0545	0.0142	0.0231	0.0149	0.0311	0.0035	0.0084
221	1096	4255	5572	1180	6291	34234	41705
11	2	171	184	23	3	461	487
0.0498	0.0018	0.0402	0.033	0.0195	0.0005	0.0135	0.0117
55	239	1616	1910	218	4363	17823	22404
22	0	54	76	113	0	134	247
0.4	0	0.0334	0.0398	0.5183	0	0.0075	0.011
221	1096	4255	5572	1180	6291	34234	41705
11	2	171	184	23	3	461	487
0.0498	0.0018	0.0402	0.033	0.0195	0.0005	0.0135	0.0117
94	1875	4684	6653	362	10751	39285	50398
1	6	17	24	1	15	30	46
0.0106	0.0032	0.0036	0.0036	0.0028	0.0014	0.0008	0.0009
173	86	2271	2530	983	408	25239	26630
30	7	242	279	123	19	1232	1374
0.1734	0.0814	0.1066	0.1103	0.1251	0.0466	0.0488	0.0516
149	4	830	983	712	33	12047	12792
55	3	94	152	221	17	290	528
0.3691	0.75	0.1133	0.1546	0.3104	0.5152	0.0241	0.0413
54	67	2632	2753	158	503	27403	28064
16	18	83	117	36	145	218	399
0.2963	0.2687	0.0315	0.0425	0.2278	0.2883	0.008	0.0142
914	2621	5132	8667	4742	15832	41331	61905
1	51	43	95	3	90	70	163
0.0011	0.0195	0.0084	0.011	0.0006	0.0057	0.0017	0.0026
69	338	3237	3644	368	2024	28012	30404
9	35	122	166	21	84	289	394
0.1304	0.1036	0.0377	0.0456	0.0571	0.0415	0.0103	0.013
58	513	1859	2430	268	3721	19520	23509
41	138	289	468	209	467	1159	1835
0.7069	0.269	0.1555	0.1926	0.7799	0.1255	0.0594	0.0781
19	0	2272	2291	27	0	24742	24769
3	0	9	12	9	0	21	30
0.1579	0	0.004	0.0052	0.3333	0	0.0008	0.0012
124	63	7597	7784	425	702	57441	58568
7	2	20	29	11	3	36	50
0.0565	0.0317	0.0026	0.0037	0.0259	0.0043	0.0006	0.0009
8	128	987	1123	9	1242	13073	14324
1	5	130	136	2	7	509	518
0.125	0.0391	0.1317	0.1211	0.2222	0.0056	0.0389	0.0362
7	136	967	1110	8	1236	12882	14126
1	6	124	131	2	8	464	474
0.1429	0.0441	0.1282	0.118	0.25	0.0065	0.036	0.0336
70	1028	4065	5163	252	5425	39709	45386
31	147	371	549	116	519	1643	2278
0.4429	0.143	0.0913	0.1063	0.4603	0.0957	0.0414	0.0502
158	290	7382	7830	757	2015	56288	59060
12	11	261	284	31	63	848	942
0.0759	0.0379	0.0354	0.0363	0.041	0.0313	0.0151	0.0159
734	1371	4939	7044	4164	10218	42903	57285
15	3	36	54	32	8	73	113
0.0204	0.0022	0.0073	0.0077	0.0077	0.0008	0.0017	0.002
221	1096	4255	5572	1180	6291	34234	41705
11	2	171	184	23	3	461	487
0.0498	0.0018	0.0402	0.033	0.0195	0.0005	0.0135	0.0117
25	17	3891	3933	116	90	30921	31127
2	0	172	174	5	0	356	361
0.08	0	0.0442	0.0442	0.0431	0	0.0115	0.0116
14	0	1248	1262	21	0	14745	14766
3	0	14	17	8	0	26	34
0.2143	0	0.0112	0.0135	0.381	0	0.0018	0.0023
745	1894	5019	7658	2275	11385	40683	54343
1	48	130	179	2	91	342	435
0.0013	0.0253	0.0259	0.0234	0.0009	0.008	0.0084	0.008
221	1096	4255	5572	1180	6291	34234	41705
11	2	171	184	23	3	461	487
0.0498	0.0018	0.0402	0.033	0.0195	0.0005	0.0135	0.0117
173	271	2589	3033	764	1844	27941	30549
15	15	229	259	39	38	881	958
0.0867	0.0554	0.0885	0.0854	0.051	0.0206	0.0315	0.0314
96	48	2410	2554	432	349	20924	21705
5	0	62	67	7	0	131	138
0.0521	0	0.0257	0.0262	0.0162	0	0.0063	0.0064
7	5	899	911	8	11	11960	11979
1	3	115	119	2	7	510	519
0.1429	0.6	0.1279	0.1306	0.25	0.6364	0.0426	0.0433
10	0	632	642	16	0	8919	8935
3	0	8	11	7	0	20	27
0.3	0	0.0127	0.0171	0.4375	0	0.0022	0.003
71	407	1986	2464	314	3591	21747	25652
5	20	21	46	10	38	38	86
0.0704	0.0491	0.0106	0.0187	0.0318	0.0106	0.0017	0.0034
1	3371	3747	7119	2	17791	36050	53843
1	209	95	305	2	538	261	801
1	0.062	0.0254	0.0428	1	0.0302	0.0072	0.0149
18	111	2046	2175	21	995	21334	22350
1	3	103	107	3	5	372	380
0.0556	0.027	0.0503	0.0492	0.1429	0.005	0.0174	0.017
14	129	1450	1593	15	1247	16254	17516
1	5	108	114	2	7	401	410
0.0714	0.0388	0.0745	0.0716	0.1333	0.0056	0.0247	0.0234
13	301	2139	2453	15	2255	21945	24215
1	8	88	97	2	15	253	270
0.0769	0.0266	0.0411	0.0395	0.1333	0.0067	0.0115	0.0112
9	391	1634	2034	10	1931	17518	19459
1	20	137	158	2	100	527	629
0.1111	0.0512	0.0838	0.0777	0.2	0.0518	0.0301	0.0323
75	1567	7775	9417	205	9974	59229	69408
3	2	176	181	8	10	453	471
0.04	0.0013	0.0226	0.0192	0.039	0.001	0.0076	0.0068
9	252	1634	1895	10	1773	17520	19303
1	18	144	163	2	94	557	653
0.1111	0.0714	0.0881	0.086	0.2	0.053	0.0318	0.0338
1	2920	6169	9090	7	20039	52649	72695
1	2	66	69	1	3	172	176
1	0.0007	0.0107	0.0076	0.1429	0.0001	0.0033	0.0024
415	417	4436	5268	1870	2192	41424	45486
84	196	393	673	308	663	1679	2650
0.2024	0.47	0.0886	0.1278	0.1647	0.3025	0.0405	0.0583
73	15	4511	4599	377	46	36468	36891
9	0	229	238	17	0	616	633
0.1233	0	0.0508	0.0518	0.0451	0	0.0169	0.0172
7	157	996	1160	8	1413	13135	14556
1	14	112	127	2	28	401	431
0.1429	0.0892	0.1124	0.1095	0.25	0.0198	0.0305	0.0296
0	968	3442	4410	0	5402	30759	36161
0	17	98	115	0	77	206	283
0	0.0176	0.0285	0.0261	0	0.0143	0.0067	0.0078
74	103	4002	4179	286	612	37487	38385
7	0	229	236	10	0	581	591
0.0946	0	0.0572	0.0565	0.035	0	0.0155	0.0154
122	678	4981	5781	504	6883	43552	50939
3	85	106	194	5	319	253	577
0.0246	0.1254	0.0213	0.0336	0.0099	0.0463	0.0058	0.0113
66	0	1696	1762	282	0	19760	20042
18	0	101	119	56	0	397	453
0.2727	0	0.0596	0.0675	0.1986	0	0.0201	0.0226
71	0	4794	4865	251	0	40412	40663
4	0	142	146	6	0	435	441
0.0563	0	0.0296	0.03	0.0239	0	0.0108	0.0108
24	1364	5578	6966	46	8219	47777	56042
0	2	59	61	0	2	155	157
0	0.0015	0.0106	0.0088	0	0.0002	0.0032	0.0028
223	996	5655	6874	1332	6828	48011	56171
1	34	27	62	2	62	40	104
0.0045	0.0341	0.0048	0.009	0.0015	0.0091	0.0008	0.0019
86	67	1841	1994	468	362	20257	21087
2	6	201	209	5	13	519	537
0.0233	0.0896	0.1092	0.1048	0.0107	0.0359	0.0256	0.0255
57	463	2398	2918	229	3004	23873	27106
26	85	126	237	76	288	470	834
0.4561	0.1836	0.0525	0.0812	0.3319	0.0959	0.0197	0.0308
208	1274	4902	6384	945	8878	42959	52782
3	0	63	66	5	0	164	169
0.0144	0	0.0129	0.0103	0.0053	0	0.0038	0.0032
38	232	1621	1891	122	4314	18018	22454
1	0	133	134	3	0	364	367
0.0263	0	0.082	0.0709	0.0246	0	0.0202	0.0163
4	402	2047	2453	12	2229	21394	23635
3	9	208	220	7	18	648	673
0.75	0.0224	0.1016	0.0897	0.5833	0.0081	0.0303	0.0285
69	0	1792	1861	325	0	18310	18635
7	0	127	134	16	0	335	351
0.1014	0	0.0709	0.072	0.0492	0	0.0183	0.0188
9	134	1534	1677	10	1281	17608	18899
1	4	91	96	2	6	315	323
0.1111	0.0299	0.0593	0.0572	0.2	0.0047	0.0179	0.0171
9	153	1689	1851	10	1287	18871	20168
1	9	115	125	2	19	406	427
0.1111	0.0588	0.0681	0.0675	0.2	0.0148	0.0215	0.0212
13	0	651	664	48	0	9553	9601
6	0	39	45	28	0	100	128
0.4615	0	0.0599	0.0678	0.5833	0	0.0105	0.0133
14	1	1393	1408	15	5	15537	15557
1	1	157	159	2	4	622	628
0.0714	1	0.1127	0.1129	0.1333	0.8	0.04	0.0404
14	190	1620	1824	15	1453	17236	18704
1	10	158	169	2	17	556	575
0.0714	0.0526	0.0975	0.0927	0.1333	0.0117	0.0323	0.0307
23	822	5054	5899	39	4547	41419	46005
1	9	101	111	2	42	271	315
0.0435	0.0109	0.02	0.0188	0.0513	0.0092	0.0065	0.0068
47	0	2401	2448	191	0	23931	24122
40	0	153	193	120	0	449	569
0.8511	0	0.0637	0.0788	0.6283	0	0.0188	0.0236
47	0	1169	1216	138	0	14364	14502
21	0	31	52	42	0	75	117
0.4468	0	0.0265	0.0428	0.3043	0	0.0052	0.0081
1	4383	5412	9796	7	29097	45301	74405
1	4	50	55	7	9	112	128
1	0.0009	0.0092	0.0056	1	0.0003	0.0025	0.0017
1363	2501	4154	8018	7224	14337	37058	58619
9	80	123	212	26	244	282	552
0.0066	0.032	0.0296	0.0264	0.0036	0.017	0.0076	0.0094
31	242	1172	1445	96	2681	15094	17871
13	6	47	66	43	20	185	248
0.4194	0.0248	0.0401	0.0457	0.4479	0.0075	0.0123	0.0139
252	598	3105	3955	1360	4028	32583	37971
64	58	474	596	241	224	2151	2616
0.254	0.097	0.1527	0.1507	0.1772	0.0556	0.066	0.0689
108	335	1519	1962	447	3440	17855	21742
56	26	152	234	151	193	631	975
0.5185	0.0776	0.1001	0.1193	0.3378	0.0561	0.0353	0.0448
15	1119	4767	5901	17	6329	39615	45961
0	0	58	58	0	0	159	159
0	0	0.0122	0.0098	0	0	0.004	0.0035
18	462	2598	3078	19	4578	26434	31031
1	2	2	5	1	3	3	7
0.0556	0.0043	0.0008	0.0016	0.0526	0.0007	0.0001	0.0002
14	152	1590	1756	15	1214	17159	18388
1	16	115	132	2	45	399	446
0.0714	0.1053	0.0723	0.0752	0.1333	0.0371	0.0233	0.0243
45	0	819	864	204	0	11594	11798
27	0	91	118	98	0	353	451
0.6	0	0.1111	0.1366	0.4804	0	0.0304	0.0382
52	13	1748	1813	142	43	18964	19149
26	0	183	209	41	0	571	612
0.5	0	0.1047	0.1153	0.2887	0	0.0301	0.032
65	0	4602	4667	329	0	40581	40910
5	0	450	455	8	0	1238	1246
0.0769	0	0.0978	0.0975	0.0243	0	0.0305	0.0305
18	111	2046	2175	21	995	21334	22350
1	3	103	107	3	5	375	383
0.0556	0.027	0.0503	0.0492	0.1429	0.005	0.0176	0.0171
14	129	1450	1593	15	1247	16254	17516
1	5	106	112	2	7	400	409
0.0714	0.0388	0.0731	0.0703	0.1333	0.0056	0.0246	0.0234
13	301	2139	2453	15	2255	21945	24215
1	8	88	97	2	15	253	270
0.0769	0.0266	0.0411	0.0395	0.1333	0.0067	0.0115	0.0112
9	391	1634	2034	10	1931	17518	19459
1	20	143	164	2	102	552	656
0.1111	0.0512	0.0875	0.0806	0.2	0.0528	0.0315	0.0337
75	1567	7775	9417	205	9974	59229	69408
3	2	176	181	8	10	453	471
0.04	0.0013	0.0226	0.0192	0.039	0.001	0.0076	0.0068
9	252	1634	1895	10	1773	17520	19303
1	20	139	160	2	106	532	640
0.1111	0.0794	0.0851	0.0844	0.2	0.0598	0.0304	0.0332
1	2920	6169	9090	7	20039	52649	72695
1	2	66	69	1	3	172	176
1	0.0007	0.0107	0.0076	0.1429	0.0001	0.0033	0.0024
415	417	4436	5268	1870	2192	41424	45486
75	217	394	686	268	911	1740	2919
0.1807	0.5204	0.0888	0.1302	0.1433	0.4156	0.042	0.0642
73	15	4511	4599	377	46	36468	36891
9	0	229	238	17	0	616	633
0.1233	0	0.0508	0.0518	0.0451	0	0.0169	0.0172
7	157	996	1160	8	1413	13135	14556
1	14	113	128	2	28	423	453
0.1429	0.0892	0.1135	0.1103	0.25	0.0198	0.0322	0.0311
0	968	3442	4410	0	5402	30759	36161
0	17	98	115	0	77	206	283
0	0.0176	0.0285	0.0261	0	0.0143	0.0067	0.0078
74	103	4002	4179	286	612	37487	38385
7	0	229	236	10	0	581	591
0.0946	0	0.0572	0.0565	0.035	0	0.0155	0.0154
122	678	4981	5781	504	6883	43552	50939
9	78	103	190	17	285	244	546
0.0738	0.115	0.0207	0.0329	0.0337	0.0414	0.0056	0.0107
66	0	1696	1762	282	0	19760	20042
27	0	112	139	97	0	447	544
0.4091	0	0.066	0.0789	0.344	0	0.0226	0.0271
71	0	4794	4865	251	0	40412	40663
4	0	373	377	9	0	992	1001
0.0563	0	0.0778	0.0775	0.0359	0	0.0245	0.0246
24	1364	5578	6966	46	8219	47777	56042
0	2	59	61	0	2	155	157
0	0.0015	0.0106	0.0088	0	0.0002	0.0032	0.0028
223	996	5655	6874	1332	6828	48011	56171
1	34	27	62	2	62	40	104
0.0045	0.0341	0.0048	0.009	0.0015	0.0091	0.0008	0.0019
86	67	1841	1994	468	362	20257	21087
2	6	201	209	5	13	519	537
0.0233	0.0896	0.1092	0.1048	0.0107	0.0359	0.0256	0.0255
57	463	2398	2918	229	3004	23873	27106
27	85	129	241	80	291	480	851
0.4737	0.1836	0.0538	0.0826	0.3493	0.0969	0.0201	0.0314
208	1274	4902	6384	945	8878	42959	52782
3	0	63	66	5	0	164	169
0.0144	0	0.0129	0.0103	0.0053	0	0.0038	0.0032
38	232	1621	1891	122	4314	18018	22454
17	24	248	289	61	45	1026	1132
0.4474	0.1034	0.153	0.1528	0.5	0.0104	0.0569	0.0504
4	402	2047	2453	12	2229	21394	23635
3	20	274	297	7	56	1059	1122
0.75	0.0498	0.1339	0.1211	0.5833	0.0251	0.0495	0.0475
69	0	1792	1861	325	0	18310	18635
7	0	127	134	16	0	335	351
0.1014	0	0.0709	0.072	0.0492	0	0.0183	0.0188
9	134	1534	1677	10	1281	17608	18899
1	4	97	102	2	6	337	345
0.1111	0.0299	0.0632	0.0608	0.2	0.0047	0.0191	0.0183
9	153	1689	1851	10	1287	18871	20168
1	8	114	123	2	22	426	450
0.1111	0.0523	0.0675	0.0665	0.2	0.0171	0.0226	0.0223
13	0	651	664	48	0	9553	9601
6	0	39	45	27	0	100	127
0.4615	0	0.0599	0.0678	0.5625	0	0.0105	0.0132
14	1	1393	1408	15	5	15537	15557
1	1	156	158	2	4	620	626
0.0714	1	0.112	0.1122	0.1333	0.8	0.0399	0.0402
14	190	1620	1824	15	1453	17236	18704
1	8	159	168	2	14	557	573
0.0714	0.0421	0.0981	0.0921	0.1333	0.0096	0.0323	0.0306
23	822	5054	5899	39	4547	41419	46005
1	9	101	111	2	42	273	317
0.0435	0.0109	0.02	0.0188	0.0513	0.0092	0.0066	0.0069
47	0	2401	2448	191	0	23931	24122
39	0	153	192	118	0	448	566
0.8298	0	0.0637	0.0784	0.6178	0	0.0187	0.0235
47	0	1169	1216	138	0	14364	14502
15	0	31	46	32	0	75	107
0.3191	0	0.0265	0.0378	0.2319	0	0.0052	0.0074
1	4383	5412	9796	7	29097	45301	74405
1	4	50	55	7	9	112	128
1	0.0009	0.0092	0.0056	1	0.0003	0.0025	0.0017
1363	2501	4154	8018	7224	14337	37058	58619
9	80	119	208	26	242	271	539
0.0066	0.032	0.0286	0.0259	0.0036	0.0169	0.0073	0.0092
31	242	1172	1445	96	2681	15094	17871
13	6	47	66	43	20	184	247
0.4194	0.0248	0.0401	0.0457	0.4479	0.0075	0.0122	0.0138
252	598	3105	3955	1360	4028	32583	37971
55	54	467	576	262	215	2120	2597
0.2183	0.0903	0.1504	0.1456	0.1926	0.0534	0.0651	0.0684
108	335	1519	1962	447	3440	17855	21742
27	23	129	179	85	165	564	814
0.25	0.0687	0.0849	0.0912	0.1902	0.048	0.0316	0.0374
15	1119	4767	5901	17	6329	39615	45961
0	0	58	58	0	0	159	159
0	0	0.0122	0.0098	0	0	0.004	0.0035
18	462	2598	3078	19	4578	26434	31031
1	2	2	5	1	3	3	7
0.0556	0.0043	0.0008	0.0016	0.0526	0.0007	0.0001	0.0002
14	152	1590	1756	15	1214	17159	18388
1	16	114	131	2	41	385	428
0.0714	0.1053	0.0717	0.0746	0.1333	0.0338	0.0224	0.0233
45	0	819	864	204	0	11594	11798
26	0	78	104	99	0	300	399
0.5778	0	0.0952	0.1204	0.4853	0	0.0259	0.0338
52	13	1748	1813	142	43	18964	19149
27	0	184	211	42	0	575	617
0.5192	0	0.1053	0.1164	0.2958	0	0.0303	0.0322
65	0	4602	4667	329	0	40581	40910
6	0	479	485	14	0	1388	1402
0.0923	0	0.1041	0.1039	0.0426	0	0.0342	0.0343
18	111	2046	2175	21	995	21334	22350
1	3	104	108	3	5	376	384
0.0556	0.027	0.0508	0.0497	0.1429	0.005	0.0176	0.0172
14	129	1450	1593	15	1247	16254	17516
1	5	105	111	2	7	391	400
0.0714	0.0388	0.0724	0.0697	0.1333	0.0056	0.0241	0.0228
13	301	2139	2453	15	2255	21945	24215
1	8	88	97	2	15	253	270
0.0769	0.0266	0.0411	0.0395	0.1333	0.0067	0.0115	0.0112
9	391	1634	2034	10	1931	17518	19459
1	18	140	159	2	94	552	648
0.1111	0.046	0.0857	0.0782	0.2	0.0487	0.0315	0.0333
75	1567	7775	9417	205	9974	59229	69408
3	2	176	181	8	10	453	471
0.04	0.0013	0.0226	0.0192	0.039	0.001	0.0076	0.0068
9	252	1634	1895	10	1773	17520	19303
1	20	145	166	2	100	557	659
0.1111	0.0794	0.0887	0.0876	0.2	0.0564	0.0318	0.0341
1	2920	6169	9090	7	20039	52649	72695
1	2	66	69	1	3	172	176
1	0.0007	0.0107	0.0076	0.1429	0.0001	0.0033	0.0024
415	417	4436	5268	1870	2192	41424	45486
43	177	300	520	123	623	1037	1783
0.1036	0.4245	0.0676	0.0987	0.0658	0.2842	0.025	0.0392
73	15	4511	4599	377	46	36468	36891
9	0	229	238	17	0	616	633
0.1233	0	0.0508	0.0518	0.0451	0	0.0169	0.0172
7	157	996	1160	8	1413	13135	14556
1	14	112	127	2	28	409	439
0.1429	0.0892	0.1124	0.1095	0.25	0.0198	0.0311	0.0302
0	968	3442	4410	0	5402	30759	36161
0	18	99	117	0	80	207	287
0	0.0186	0.0288	0.0265	0	0.0148	0.0067	0.0079
74	103	4002	4179	286	612	37487	38385
7	0	229	236	10	0	581	591
0.0946	0	0.0572	0.0565	0.035	0	0.0155	0.0154
122	678	4981	5781	504	6883	43552	50939
8	108	134	250	16	392	368	776
0.0656	0.1593	0.0269	0.0432	0.0317	0.057	0.0084	0.0152
66	0	1696	1762	282	0	19760	20042
16	0	102	118	62	0	408	470
0.2424	0	0.0601	0.067	0.2199	0	0.0206	0.0235
71	0	4794	4865	251	0	40412	40663
5	0	368	373	10	0	1123	1133
0.0704	0	0.0768	0.0767	0.0398	0	0.0278	0.0279
24	1364	5578	6966	46	8219	47777	56042
0	2	59	61	0	2	155	157
0	0.0015	0.0106	0.0088	0	0.0002	0.0032	0.0028
223	996	5655	6874	1332	6828	48011	56171
1	34	27	62	2	62	40	104
0.0045	0.0341	0.0048	0.009	0.0015	0.0091	0.0008	0.0019
86	67	1841	1994	468	362	20257	21087
2	6	201	209	5	13	519	537
0.0233	0.0896	0.1092	0.1048	0.0107	0.0359	0.0256	0.0255
57	463	2398	2918	229	3004	23873	27106
28	85	129	242	84	289	466	839
0.4912	0.1836	0.0538	0.0829	0.3668	0.0962	0.0195	0.031
208	1274	4902	6384	945	8878	42959	52782
3	0	63	66	5	0	164	169
0.0144	0	0.0129	0.0103	0.0053	0	0.0038	0.0032
38	232	1621	1891	122	4314	18018	22454
7	12	218	237	16	16	750	782
0.1842	0.0517	0.1345	0.1253	0.1311	0.0037	0.0416	0.0348
4	402	2047	2453	12	2229	21394	23635
3	22	315	340	7	87	1238	1332
0.75	0.0547	0.1539	0.1386	0.5833	0.039	0.0579	0.0564
69	0	1792	1861	325	0	18310	18635
7	0	127	134	16	0	335	351
0.1014	0	0.0709	0.072	0.0492	0	0.0183	0.0188
9	134	1534	1677	10	1281	17608	18899
1	4	90	95	2	6	311	319
0.1111	0.0299	0.0587	0.0566	0.2	0.0047	0.0177	0.0169
9	153	1689	1851	10	1287	18871	20168
1	9	119	129	2	19	414	435
0.1111	0.0588	0.0705	0.0697	0.2	0.0148	0.0219	0.0216
13	0	651	664	48	0	9553	9601
6	0	39	45	25	0	99	124
0.4615	0	0.0599	0.0678	0.5208	0	0.0104	0.0129
14	1	1393	1408	15	5	15537	15557
1	1	153	155	2	4	622	628
0.0714	1	0.1098	0.1101	0.1333	0.8	0.04	0.0404
14	190	1620	1824	15	1453	17236	18704
1	8	167	176	2	14	573	589
0.0714	0.0421	0.1031	0.0965	0.1333	0.0096	0.0332	0.0315
23	822	5054	5899	39	4547	41419	46005
1	9	101	111	2	42	271	315
0.0435	0.0109	0.02	0.0188	0.0513	0.0092	0.0065	0.0068
47	0	2401	2448	191	0	23931	24122
40	0	153	193	119	0	448	567
0.8511	0	0.0637	0.0788	0.623	0	0.0187	0.0235
47	0	1169	1216	138	0	14364	14502
16	0	31	47	34	0	73	107
0.3404	0	0.0265	0.0387	0.2464	0	0.0051	0.0074
1	4383	5412	9796	7	29097	45301	74405
1	4	50	55	7	9	112	128
1	0.0009	0.0092	0.0056	1	0.0003	0.0025	0.0017
1363	2501	4154	8018	7224	14337	37058	58619
9	80	119	208	26	244	277	547
0.0066	0.032	0.0286	0.0259	0.0036	0.017	0.0075	0.0093
31	242	1172	1445	96	2681	15094	17871
12	6	46	64	39	20	176	235
0.3871	0.0248	0.0392	0.0443	0.4062	0.0075	0.0117	0.0131
252	598	3105	3955	1360	4028	32583	37971
78	116	552	746	372	510	2688	3570
0.3095	0.194	0.1778	0.1886	0.2735	0.1266	0.0825	0.094
108	335	1519	1962	447	3440	17855	21742
26	23	135	184	82	170	580	832
0.2407	0.0687	0.0889	0.0938	0.1834	0.0494	0.0325	0.0383
15	1119	4767	5901	17	6329	39615	45961
0	0	58	58	0	0	159	159
0	0	0.0122	0.0098	0	0	0.004	0.0035
18	462	2598	3078	19	4578	26434	31031
1	2	2	5	1	3	3	7
0.0556	0.0043	0.0008	0.0016	0.0526	0.0007	0.0001	0.0002
14	152	1590	1756	15	1214	17159	18388
1	18	117	136	2	44	399	445
0.0714	0.1184	0.0736	0.0774	0.1333	0.0362	0.0233	0.0242
45	0	819	864	204	0	11594	11798
27	0	92	119	103	0	355	458
0.6	0	0.1123	0.1377	0.5049	0	0.0306	0.0388
52	13	1748	1813	142	43	18964	19149
28	0	185	213	43	0	577	620
0.5385	0	0.1058	0.1175	0.3028	0	0.0304	0.0324
65	0	4602	4667	329	0	40581	40910
2	0	457	459	3	0	1306	1309
0.0308	0	0.0993	0.0984	0.0091	0	0.0322	0.032
18	0	629	647	50	0	9225	9275
10	0	22	32	22	0	53	75
0.5556	0	0.035	0.0495	0.44	0	0.0057	0.0081
14	303	1635	1952	15	1875	17523	19413
1	20	139	160	2	102	546	650
0.0714	0.066	0.085	0.082	0.1333	0.0544	0.0312	0.0335
1	382	1909	2292	1	2485	20678	23164
0	2	48	50	0	3	115	118
0	0.0052	0.0251	0.0218	0	0.0012	0.0056	0.0051
14	158	1620	1792	15	1310	17425	18750
1	5	113	119	2	7	396	405
0.0714	0.0316	0.0698	0.0664	0.1333	0.0053	0.0227	0.0216
14	327	1635	1976	15	1923	17523	19461
1	26	143	170	2	113	549	664
0.0714	0.0795	0.0875	0.086	0.1333	0.0588	0.0313	0.0341
32	245	2065	2342	73	2714	22203	24990
11	4	50	65	34	9	115	158
0.3438	0.0163	0.0242	0.0278	0.4658	0.0033	0.0052	0.0063
170	1717	7002	8889	1216	10613	59838	71667
8	7	84	99	22	16	246	284
0.0471	0.0041	0.012	0.0111	0.0181	0.0015	0.0041	0.004
18	0	629	647	50	0	9225	9275
10	0	22	32	22	0	53	75
0.5556	0	0.035	0.0495	0.44	0	0.0057	0.0081
14	303	1635	1952	15	1875	17523	19413
1	20	137	158	2	100	542	644
0.0714	0.066	0.0838	0.0809	0.1333	0.0533	0.0309	0.0332
1	382	1909	2292	1	2485	20678	23164
0	2	48	50	0	3	115	118
0	0.0052	0.0251	0.0218	0	0.0012	0.0056	0.0051
14	158	1620	1792	15	1310	17425	18750
1	5	120	126	2	7	422	431
0.0714	0.0316	0.0741	0.0703	0.1333	0.0053	0.0242	0.023
14	327	1635	1976	15	1923	17523	19461
1	20	139	160	2	102	525	629
0.0714	0.0612	0.085	0.081	0.1333	0.053	0.03	0.0323
32	245	2065	2342	73	2714	22203	24990
11	4	50	65	34	9	115	158
0.3438	0.0163	0.0242	0.0278	0.4658	0.0033	0.0052	0.0063
170	1717	7002	8889	1216	10613	59838	71667
8	7	84	99	22	16	246	284
0.0471	0.0041	0.012	0.0111	0.0181	0.0015	0.0041	0.004
18	0	629	647	50	0	9225	9275
10	0	22	32	22	0	53	75
0.5556	0	0.035	0.0495	0.44	0	0.0057	0.0081
14	303	1635	1952	15	1875	17523	19413
1	20	143	164	2	102	538	642
0.0714	0.066	0.0875	0.084	0.1333	0.0544	0.0307	0.0331
1	382	1909	2292	1	2485	20678	23164
0	2	48	50	0	3	115	118
0	0.0052	0.0251	0.0218	0	0.0012	0.0056	0.0051
14	158	1620	1792	15	1310	17425	18750
1	6	129	136	2	9	494	505
0.0714	0.038	0.0796	0.0759	0.1333	0.0069	0.0284	0.0269
14	327	1635	1976	15	1923	17523	19461
1	20	143	164	2	102	543	647
0.0714	0.0612	0.0875	0.083	0.1333	0.053	0.031	0.0332
32	245	2065	2342	73	2714	22203	24990
11	4	50	65	34	9	115	158
0.3438	0.0163	0.0242	0.0278	0.4658	0.0033	0.0052	0.0063
170	1717	7002	8889	1216	10613	59838	71667
8	7	84	99	22	16	246	284
0.0471	0.0041	0.012	0.0111	0.0181	0.0015	0.0041	0.004
