com.PinkBirthdayCakeIdea.JohnKazmierczak	0.0089	0	0.9911	0.0019	0	0.9981	0.2778	0.3333	0.3333	0.0556	0.0002	0.0008	0.0111	0.0048	0.0098	0.9608	0	0	0	0	0	0	0	0	0	0	0	0	0	0	0.0294	0	0	0	0	0	0	0	0	0	0	0	0	0	0	0	0	0	0.0341	0	0	0.8295	0	0	0	0	0	0	0	0	0	0.0114	0	0	0	0	0	0	0	0	0	0	0	0	0	0	0	0	0	0	0.125	0	0.0025	0.0232	0.0217	0.587	0.1739	0.1304	0.087	0.0258	0.0023	0.0492	0.7658	0.0023	0.0375	0	0.0258	0.0726	0.0187	0
com.mozgame.fruitmania	0.0021	0.3011	0.6968	0.0005	0.2206	0.7789	0.3175	0.2381	0.4127	0.0317	0.0006	0.0023	0.0174	0.0081	0	0	0	0.0148	0	0	0	0	0	0	0	0.0079	0	0.002	0	0	0	0	0	0	0	0	0	0	0	0.0059	0	0	0	0.9694	0	0	0	0	0	0	0	0	0	0	0.0127	0	0	0	0	0.0488	0.034	0	0	0	0	0.8832	0.0042	0	0	0	0	0	0	0	0	0.017	0	0	0	0	0	0	0.0025	0.0154	0.0138	0.5517	0.2069	0.1586	0.069	0.0202	0.0112	0.1368	0.5179	0.0123	0.0863	0.0067	0.0482	0.0717	0.0886	0
com.sss.naoyan.zimongjief	0.0193	0.1189	0.8618	0.004	0.0703	0.9257	0.45	0.3	0.2	0.05	0	0.0002	0.0096	0.004	0	0	0	0	0	0	0	0	0	0	0	0	0	0	0	0	0	0	0	0.0084	0	0.9916	0	0	0	0	0	0	0	0	0	0	0	0	0	0	0.1224	0	0	0	0	0	0	0	0	0.7347	0	0	0	0.0204	0	0	0	0.0816	0	0	0	0	0	0.0204	0	0	0	0	0	0	0	0.0204	0.0079	0.0344	0.0102	0.6939	0.1531	0.0408	0.102	0.0258	0.0023	0.0563	0.7254	0.0117	0.0235	0	0.0211	0.0657	0.0681	0
com.DIYcrochetKidsSweater.JoyceBurklin	0.0089	0	0.9911	0.0019	0	0.9981	0.2778	0.3333	0.3333	0.0556	0.0002	0.0008	0.0111	0.0048	0.0098	0.9608	0	0	0	0	0	0	0	0	0	0	0	0	0	0	0.0294	0	0	0	0	0	0	0	0	0	0	0	0	0	0	0	0	0	0.0341	0	0	0.8295	0	0	0	0	0	0	0	0	0	0.0114	0	0	0	0	0	0	0	0	0	0	0	0	0	0	0	0	0	0	0.125	0	0.0025	0.0232	0.0217	0.587	0.1739	0.1304	0.087	0.0258	0.0023	0.0492	0.7658	0.0023	0.0375	0	0.0258	0.0726	0.0187	0
com.gzlok.show.yueba	0.0024	0.6342	0.3634	0.0003	0.4883	0.5114	0.6489	0.0798	0.2606	0.0106	0.0019	0.0038	0.019	0.0086	0	0.0023	0	0	0	0	0	0.0023	0.0366	0	0	0	0	0	0	0	0	0.0092	0.0126	0	0	0	0	0.0023	0	0	0	0	0.0069	0.9279	0	0	0	0	0	0	0	0	0.0279	0	0	0	0	0	0	0	0	0.0025	0	0	0	0.0431	0	0	0	0	0	0	0	0	0.0127	0	0	0	0.8832	0	0	0.0305	0.007	0.0275	0.0063	0.6937	0.1	0.15	0.05	0.0142	0.0008	0.0498	0.7089	0.0142	0.0538	0.0079	0.0245	0.0103	0.1155	0
shakira.abadi.ropearthandmade	0.0054	0	0.9946	0.0013	0	0.9987	0.25	0.3333	0.375	0.0417	0.0003	0.0007	0.0107	0.0039	0	0.021	0	0	0	0	0	0	0.0105	0	0	0	0	0	0	0	0	0	0	0.9685	0	0	0	0	0	0	0	0	0	0	0	0	0	0	0	0	0	0	0	0	0	0	0.0566	0	0.8113	0	0	0.0094	0	0	0	0	0	0	0.1132	0	0	0	0	0	0	0	0	0	0.0094	0	0	0	0.0019	0.017	0.0196	0.5686	0.1569	0.1765	0.0784	0.0547	0.0022	0.046	0.4267	0.0022	0.0438	0	0.0197	0.3129	0.0919	0
com.rrg.bubblewonderland.free	0.0021	0.3472	0.6507	0.0005	0.2627	0.7368	0.3	0.2143	0.4429	0.0429	0.0007	0.0025	0.017	0.0077	0	0	0	0	0	0	0	0	0	0	0	0	0	0	0	0	0.0144	0	0.0057	0	0	0	0	0	0	0.9703	0	0	0	0	0	0.0077	0.0019	0	0	0	0	0	0	0	0	0	0.0042	0	0.8842	0	0	0	0	0	0	0	0	0.0126	0	0	0	0	0	0	0	0	0	0	0.0168	0.0484	0	0.0337	0.0025	0.0147	0.0197	0.5329	0.1974	0.1842	0.0658	0.0199	0.0111	0.1351	0.5216	0.0122	0.0875	0.0066	0.0476	0.0709	0.0875	0
com.rrg.cookiemania	0.0019	0.3286	0.6694	0.0005	0.2679	0.7316	0.2568	0.2297	0.473	0.0405	0.0007	0.0024	0.0157	0.0073	0.0148	0	0	0	0	0	0	0	0	0	0	0.002	0	0	0	0	0	0	0	0	0	0	0.9694	0	0	0	0	0	0	0	0.0079	0	0	0.0059	0	0.0128	0	0	0	0	0.0362	0	0	0	0.0043	0	0	0	0	0	0	0	0	0.0149	0	0	0	0	0.883	0	0	0	0	0	0.0489	0	0	0	0.0024	0.0138	0.0196	0.4967	0.2092	0.2026	0.0719	0.036	0.0113	0.1284	0.5034	0.0101	0.0901	0.0068	0.0484	0.0833	0.0822	0
com.arroyaapps.porchdecoratingideas	0.0089	0	0.9911	0.0019	0	0.9981	0.2778	0.3333	0.3333	0.0556	0.0002	0.0008	0.0111	0.0048	0.0098	0.9608	0	0	0	0	0	0	0	0	0	0	0	0	0	0	0.0294	0	0	0	0	0	0	0	0	0	0	0	0	0	0	0	0	0	0.0341	0	0	0.8295	0	0	0	0	0	0	0	0	0	0.0114	0	0	0	0	0	0	0	0	0	0	0	0	0	0	0	0	0	0	0.125	0	0.0025	0.0232	0.0217	0.587	0.1739	0.1304	0.087	0.0258	0.0023	0.0492	0.7658	0.0023	0.0375	0	0.0258	0.0726	0.0187	0
com.rrg.bubblequest	0.0021	0.3472	0.6507	0.0005	0.2627	0.7368	0.3	0.2143	0.4429	0.0429	0.0007	0.0025	0.017	0.0077	0.0019	0	0	0	0.0144	0	0.9703	0	0	0	0	0	0.0057	0	0	0	0	0	0	0	0	0	0.0077	0	0	0	0	0	0	0	0	0	0	0	0	0	0	0	0	0	0	0	0.8842	0	0	0.0337	0	0	0	0	0	0	0	0.0168	0	0	0.0484	0	0	0	0	0	0	0	0.0126	0	0	0.0042	0.0025	0.0147	0.0197	0.5329	0.1974	0.1842	0.0658	0.0199	0.0111	0.1351	0.5216	0.0122	0.0875	0.0066	0.0476	0.0709	0.0875	0
com.DIYmasonJar.JoyceBurklin	0.0089	0	0.9911	0.0019	0	0.9981	0.2778	0.3333	0.3333	0.0556	0.0002	0.0008	0.0111	0.0048	0.0098	0.9608	0	0	0	0	0	0	0	0	0	0	0	0	0	0	0.0294	0	0	0	0	0	0	0	0	0	0	0	0	0	0	0	0	0	0.0341	0	0	0.8295	0	0	0	0	0	0	0	0	0	0.0114	0	0	0	0	0	0	0	0	0	0	0	0	0	0	0	0	0	0	0.125	0	0.0025	0.0232	0.0217	0.587	0.1739	0.1304	0.087	0.0258	0.0023	0.0492	0.7658	0.0023	0.0375	0	0.0258	0.0726	0.0187	0
com.zmfgfrtlay.InfgftellarChariotsdfer	0	0.2364	0.7636	0	0.1425	0.8575	0.5778	0.1556	0.2444	0.0222	0.0018	0.0026	0.023	0.0107	0	0.9547	0	0	0.0267	0	0	0	0	0	0	0	0	0	0.0082	0	0	0	0	0	0	0	0	0	0	0.0103	0	0	0	0	0	0	0	0	0	0	0	0	0	0.0176	0	0	0	0	0	0	0	0.0396	0	0	0	0	0	0.8899	0	0	0	0	0	0.022	0	0	0	0	0	0.022	0.0088	0	0.0074	0.0284	0.0064	0.7325	0.1083	0.0701	0.0828	0.0183	0.0017	0.0582	0.6223	0.0416	0.0699	0.01	0.015	0.0466	0.1165	0
com.SoccerAndSportThemedBedroom.JohnKazmierczak	0.0089	0	0.9911	0.0019	0	0.9981	0.2778	0.3333	0.3333	0.0556	0.0002	0.0008	0.0111	0.0048	0.0098	0.9608	0	0	0	0	0	0	0	0	0	0	0	0	0	0	0.0294	0	0	0	0	0	0	0	0	0	0	0	0	0	0	0	0	0	0.0341	0	0	0.8295	0	0	0	0	0	0	0	0	0	0.0114	0	0	0	0	0	0	0	0	0	0	0	0	0	0	0	0	0	0	0.125	0	0.0025	0.0232	0.0217	0.587	0.1739	0.1304	0.087	0.0258	0.0023	0.0492	0.7658	0.0023	0.0375	0	0.0258	0.0726	0.0187	0
com.zfay.IndberstellarChadtan6	0	0.2364	0.7636	0	0.1425	0.8575	0.5778	0.1556	0.2444	0.0222	0.0018	0.0026	0.023	0.0107	0	0.9547	0	0	0.0267	0	0	0	0	0	0	0	0	0	0.0082	0	0	0	0	0	0	0	0	0	0	0.0103	0	0	0	0	0	0	0	0	0	0	0	0	0	0.0176	0	0	0	0	0	0	0	0.0396	0	0	0	0	0	0.8899	0	0	0	0	0	0.022	0	0	0	0	0	0.022	0.0088	0	0.0074	0.0284	0.0064	0.7325	0.1083	0.0701	0.0828	0.0183	0.0017	0.0582	0.6223	0.0416	0.0699	0.01	0.015	0.0466	0.1165	0
android.fruitlinkdeqgh	0	0.0942	0.9058	0	0.0532	0.9468	0.5278	0.1944	0.2222	0.0556	0.0009	0.0021	0.0233	0.0129	0.9911	0	0	0	0	0	0	0	0	0	0	0	0.0067	0	0	0	0	0	0	0	0	0	0	0.0022	0	0	0	0	0	0	0	0	0	0	0	0	0	0	0	0.871	0	0	0.0363	0	0	0.0282	0.0363	0	0	0	0	0	0	0	0	0	0	0	0	0	0	0.004	0	0	0	0	0	0.0242	0.0072	0.0292	0.0145	0.7174	0.1232	0.058	0.087	0.0195	0.0018	0.0444	0.6732	0.0089	0.0373	0	0.016	0.0924	0.1066	0
com.DogBedDesign.JoyceBurklin	0.0089	0	0.9911	0.0019	0	0.9981	0.2778	0.3333	0.3333	0.0556	0.0002	0.0008	0.0111	0.0048	0.0098	0.9608	0	0	0	0	0	0	0	0	0	0	0	0	0	0	0.0294	0	0	0	0	0	0	0	0	0	0	0	0	0	0	0	0	0	0.0341	0	0	0.8295	0	0	0	0	0	0	0	0	0	0.0114	0	0	0	0	0	0	0	0	0	0	0	0	0	0	0	0	0	0	0.125	0	0.0025	0.0232	0.0217	0.587	0.1739	0.1304	0.087	0.0258	0.0023	0.0492	0.7658	0.0023	0.0375	0	0.0258	0.0726	0.0187	0
com.zdeffejoyinn.zhuaniqiu	0.016	0.2176	0.7664	0.0043	0.1264	0.8693	0.4138	0.3103	0.2414	0.0345	0.0001	0.0009	0.0123	0.0048	0	0	0.0102	0	0	0	0	0	0	0	0	0	0	0	0	0	0	0	0	0	0	0.9541	0	0	0	0	0	0	0.0204	0	0.0153	0	0	0	0	0	0.0779	0	0	0	0	0	0	0	0	0	0	0.0909	0	0	0	0	0	0	0.7922	0	0	0.026	0	0.013	0	0	0	0	0	0	0	0	0.008	0.0285	0.0078	0.6797	0.1719	0.0547	0.0859	0.0242	0.0022	0.0418	0.7451	0.011	0.0198	0.0132	0.0659	0.0154	0.0615	0
com.tankemplay.Interstellargfffd	0	0.2364	0.7636	0	0.1425	0.8575	0.5778	0.1556	0.2444	0.0222	0.0018	0.0026	0.023	0.0107	0	0.9547	0	0	0.0267	0	0	0	0	0	0	0	0	0	0.0082	0	0	0	0	0	0	0	0	0	0	0.0103	0	0	0	0	0	0	0	0	0	0	0	0	0	0.0176	0	0	0	0	0	0	0	0.0396	0	0	0	0	0	0.8899	0	0	0	0	0	0.022	0	0	0	0	0	0.022	0.0088	0	0.0074	0.0284	0.0064	0.7325	0.1083	0.0701	0.0828	0.0183	0.0017	0.0582	0.6223	0.0416	0.0699	0.01	0.015	0.0466	0.1165	0
com.EasyCraftforKids.Nephilim	0.0041	0	0.9959	0.0011	0	0.9989	0.1714	0.3714	0.4	0.0571	0.0002	0.0009	0.0107	0.0041	0	0	0	0	0	0	0	0	0	0.0057	0	0	0	0.9686	0	0	0	0.0171	0	0	0	0	0	0	0	0.0086	0	0	0	0	0	0	0	0	0	0	0	0	0	0	0	0.0075	0	0	0	0.0075	0.1053	0	0	0	0	0	0	0	0	0	0	0	0	0.0602	0	0	0	0.8195	0	0	0	0	0.002	0.0149	0.0299	0.4776	0.2239	0.1642	0.1045	0.051	0.002	0.0612	0.4388	0.002	0.0673	0	0.0184	0.2735	0.0857	0
com.ranup.catatanfiqih	0.0148	0.0092	0.976	0.0105	0.0074	0.9822	0.3243	0.2432	0.3784	0.0541	0.0003	0.0015	0.0157	0.0063	0	0	0	0	0	0	0.9814	0	0	0	0	0	0	0	0	0	0	0	0	0	0	0.0112	0	0	0	0.0074	0	0	0	0	0	0	0	0	0	0	0	0	0	0	0	0	0	0.0047	0.0651	0	0	0	0.014	0	0	0	0	0	0	0	0	0	0.8698	0.0326	0	0	0	0	0	0	0	0.014	0.0024	0.0182	0.0244	0.6463	0.0976	0.1585	0.0732	0.0401	0.0016	0.0689	0.5994	0.0016	0.0946	0	0.1042	0.0144	0.0753	0
com.mozgame.amazingcandy	0.002	0.3472	0.6508	0.0005	0.2627	0.7368	0.3	0.2143	0.4429	0.0429	0.0007	0.0025	0.017	0.0077	0	0	0	0	0	0	0	0	0	0	0	0	0.0077	0.9703	0	0	0.0019	0	0	0.0057	0	0	0	0	0	0	0	0	0.0144	0	0	0	0	0	0	0	0	0	0	0	0	0	0	0.0168	0.0042	0	0.0484	0	0.8842	0.0337	0	0	0	0	0	0	0	0	0	0	0	0	0	0	0	0	0	0.0126	0.0025	0.0147	0.0197	0.5329	0.1974	0.1842	0.0658	0.0199	0.0111	0.1351	0.5216	0.0122	0.0875	0.0066	0.0476	0.0709	0.0875	0
com.aaronbalderapps.fishponddesignideas	0.0089	0	0.9911	0.0019	0	0.9981	0.2778	0.3333	0.3333	0.0556	0.0002	0.0008	0.0111	0.0048	0.0098	0.9608	0	0	0	0	0	0	0	0	0	0	0	0	0	0	0.0294	0	0	0	0	0	0	0	0	0	0	0	0	0	0	0	0	0	0.0341	0	0	0.8295	0	0	0	0	0	0	0	0	0	0.0114	0	0	0	0	0	0	0	0	0	0	0	0	0	0	0	0	0	0	0.125	0	0.0025	0.0232	0.0217	0.587	0.1739	0.1304	0.087	0.0258	0.0023	0.0492	0.7658	0.0023	0.0375	0	0.0258	0.0726	0.0187	0
com.mozgame.cookie.family	0.0021	0.3011	0.6968	0.0005	0.2206	0.7789	0.3175	0.2381	0.4127	0.0317	0.0006	0.0023	0.0174	0.0081	0	0	0	0.0148	0	0	0	0	0	0	0	0.0079	0	0.002	0	0	0	0	0	0	0	0	0	0	0	0.0059	0	0	0	0.9694	0	0	0	0	0	0	0	0	0	0	0.0127	0	0	0	0	0.0488	0.034	0	0	0	0	0.8832	0.0042	0	0	0	0	0	0	0	0	0.017	0	0	0	0	0	0	0.0025	0.0154	0.0138	0.5517	0.2069	0.1586	0.069	0.0202	0.0112	0.1368	0.5179	0.0123	0.0863	0.0067	0.0482	0.0717	0.0886	0
com.DecoartiveAndMinimalistDoorHouse.JoyceBurklin	0.0089	0	0.9911	0.0019	0	0.9981	0.2778	0.3333	0.3333	0.0556	0.0002	0.0008	0.0111	0.0048	0.0098	0.9608	0	0	0	0	0	0	0	0	0	0	0	0	0	0	0.0294	0	0	0	0	0	0	0	0	0	0	0	0	0	0	0	0	0	0.0341	0	0	0.8295	0	0	0	0	0	0	0	0	0	0.0114	0	0	0	0	0	0	0	0	0	0	0	0	0	0	0	0	0	0	0.125	0	0.0025	0.0232	0.0217	0.587	0.1739	0.1304	0.087	0.0258	0.0023	0.0492	0.7658	0.0023	0.0375	0	0.0258	0.0726	0.0187	0
com.TrendyHairstyleForMen.JohnKazmierczak	0.0089	0	0.9911	0.0019	0	0.9981	0.2778	0.3333	0.3333	0.0556	0.0002	0.0008	0.0111	0.0048	0.0098	0.9608	0	0	0	0	0	0	0	0	0	0	0	0	0	0	0.0294	0	0	0	0	0	0	0	0	0	0	0	0	0	0	0	0	0	0.0341	0	0	0.8295	0	0	0	0	0	0	0	0	0	0.0114	0	0	0	0	0	0	0	0	0	0	0	0	0	0	0	0	0	0	0.125	0	0.0025	0.0232	0.0217	0.587	0.1739	0.1304	0.087	0.0258	0.0023	0.0492	0.7658	0.0023	0.0375	0	0.0258	0.0726	0.0187	0
com.duidui.test	0.0023	0.1091	0.8886	0.0002	0.0723	0.9275	0.375	0.125	0.375	0.125	0.0009	0.0015	0.028	0.0124	0.0177	0	0	0	0	0	0.0032	0	0	0	0	0	0	0.9243	0	0	0.0032	0	0.0081	0.0435	0	0	0	0	0	0	0	0	0	0	0	0	0	0	0	0	0	0	0.0255	0	0	0	0	0.0436	0.8582	0	0	0	0	0	0	0.0218	0.0436	0	0	0	0	0	0	0	0	0	0.0073	0	0	0	0	0	0.0026	0.025	0.0351	0.7193	0.1053	0.0877	0.0526	0.0324	0.0036	0.0595	0.5964	0.0216	0.036	0.0108	0.0667	0.1099	0.0631	0
com.arroyaapps.homecabinetdesign	0.0089	0	0.9911	0.0019	0	0.9981	0.2778	0.3333	0.3333	0.0556	0.0002	0.0008	0.0111	0.0048	0.0098	0.9608	0	0	0	0	0	0	0	0	0	0	0	0	0	0	0.0294	0	0	0	0	0	0	0	0	0	0	0	0	0	0	0	0	0	0.0341	0	0	0.8295	0	0	0	0	0	0	0	0	0	0.0114	0	0	0	0	0	0	0	0	0	0	0	0	0	0	0	0	0	0	0.125	0	0.0025	0.0232	0.0217	0.587	0.1739	0.1304	0.087	0.0258	0.0023	0.0492	0.7658	0.0023	0.0375	0	0.0258	0.0726	0.0187	0
com.tanke.InterstellarChariots3D91bb	0	0.2364	0.7636	0	0.1425	0.8575	0.5778	0.1556	0.2444	0.0222	0.0018	0.0026	0.023	0.0107	0	0.9547	0	0	0.0267	0	0	0	0	0	0	0	0	0	0.0082	0	0	0	0	0	0	0	0	0	0	0.0103	0	0	0	0	0	0	0	0	0	0	0	0	0	0.0176	0	0	0	0	0	0	0	0.0396	0	0	0	0	0	0.8899	0	0	0	0	0	0.022	0	0	0	0	0	0.022	0.0088	0	0.0074	0.0284	0.0064	0.7325	0.1083	0.0701	0.0828	0.0183	0.0017	0.0582	0.6223	0.0416	0.0699	0.01	0.015	0.0466	0.1165	0
com.aaronbalderapps.entrancedoordesignideas	0.0089	0	0.9911	0.0019	0	0.9981	0.2778	0.3333	0.3333	0.0556	0.0002	0.0008	0.0111	0.0048	0.0098	0.9608	0	0	0	0	0	0	0	0	0	0	0	0	0	0	0.0294	0	0	0	0	0	0	0	0	0	0	0	0	0	0	0	0	0	0.0341	0	0	0.8295	0	0	0	0	0	0	0	0	0	0.0114	0	0	0	0	0	0	0	0	0	0	0	0	0	0	0	0	0	0	0.125	0	0.0025	0.0232	0.0217	0.587	0.1739	0.1304	0.087	0.0258	0.0023	0.0492	0.7658	0.0023	0.0375	0	0.0258	0.0726	0.0187	0
com.arroyaapps.crochetslipperstutorial	0.0089	0	0.9911	0.0019	0	0.9981	0.2778	0.3333	0.3333	0.0556	0.0002	0.0008	0.0111	0.0048	0.0098	0.9608	0	0	0	0	0	0	0	0	0	0	0	0	0	0	0.0294	0	0	0	0	0	0	0	0	0	0	0	0	0	0	0	0	0	0.0341	0	0	0.8295	0	0	0	0	0	0	0	0	0	0.0114	0	0	0	0	0	0	0	0	0	0	0	0	0	0	0	0	0	0	0.125	0	0.0025	0.0232	0.0217	0.587	0.1739	0.1304	0.087	0.0258	0.0023	0.0492	0.7658	0.0023	0.0375	0	0.0258	0.0726	0.0187	0
com.fsecure.eicar.antivirus.test	0.0228	0	0.9772	0.0031	0	0.9969	0.5	0	0.25	0.25	0	0.0005	0.0023	0.0015	0	0	0	0	0	0	0	0	0	0	0	0	0	0	0	0	0	0	0	0	0	0	0	0	0	0	0	0	0	0	0	0	0	1	0	0	0	0	0	0	0	0	0	0	0	0	0	0	0	0	0	0	0	1	0	0	0	0	0	0	0	0	0	0	0	0	0	0	0.0022	0.0364	0.0526	0.7895	0	0.0526	0.1053	0.0349	0.0032	0.0381	0.8286	0	0.0127	0	0.0286	0.0508	0.0032	0
com.blood.zombies.sdfgyed	0	0.1689	0.8311	0	0.0808	0.9192	0.48	0.24	0.24	0.04	0	0.0004	0.0102	0.0039	0	0	0	0	0	0	0	0	0	0	0	0	0	0	0	0.0081	0	0	0	0	0.9919	0	0	0	0	0	0	0	0	0	0	0	0	0	0	0	0	0	0	0	0	0	0	0	0.1042	0.0208	0	0	0	0.0833	0	0	0	0.0208	0	0	0	0	0	0	0	0	0	0	0.7708	0	0	0	0.0089	0.0343	0.0093	0.6852	0.1389	0.0556	0.1111	0.0263	0.0024	0.0455	0.7392	0.012	0.0191	0	0.0718	0.0144	0.0694	0
com.mozgame.amazingcandy	0.0022	0.2786	0.7192	0.0005	0.1996	0.7999	0.2951	0.2459	0.4262	0.0328	0.0006	0.0023	0.0178	0.0083	0	0	0	0	0.002	0.008	0	0	0	0	0	0	0	0	0	0	0	0	0.9691	0.006	0	0	0	0	0	0	0	0	0	0	0	0.015	0	0	0	0	0	0	0	0.0493	0	0	0	0.0128	0	0	0	0	0.0343	0	0	0	0	0	0	0.0043	0	0.8822	0	0.0171	0	0	0	0	0	0	0	0	0.0025	0.0153	0.0143	0.5357	0.2143	0.1643	0.0714	0.0209	0.0116	0.1337	0.5128	0.0128	0.0837	0.007	0.05	0.0826	0.0849	0
com.arroyaapps.beautifulbotanicalgardens	0.0089	0	0.9911	0.0019	0	0.9981	0.2778	0.3333	0.3333	0.0556	0.0002	0.0008	0.0111	0.0048	0.0098	0.9608	0	0	0	0	0	0	0	0	0	0	0	0	0	0	0.0294	0	0	0	0	0	0	0	0	0	0	0	0	0	0	0	0	0	0.0341	0	0	0.8295	0	0	0	0	0	0	0	0	0	0.0114	0	0	0	0	0	0	0	0	0	0	0	0	0	0	0	0	0	0	0.125	0	0.0025	0.0232	0.0217	0.587	0.1739	0.1304	0.087	0.0258	0.0023	0.0492	0.7658	0.0023	0.0375	0	0.0258	0.0726	0.0187	0
com.rrg.bubblewonders	0.0021	0.3472	0.6507	0.0005	0.2627	0.7368	0.3	0.2143	0.4429	0.0429	0.0007	0.0025	0.017	0.0077	0	0	0	0	0	0	0	0	0	0	0	0.0057	0	0.0144	0	0	0.9703	0	0.0077	0	0	0	0	0	0	0.0019	0	0	0	0	0	0	0	0	0	0.0042	0	0	0	0	0	0	0	0	0	0	0	0	0	0.0168	0	0	0.0484	0	0	0.8842	0	0	0	0	0	0	0	0.0126	0.0337	0	0	0	0.0025	0.0147	0.0197	0.5329	0.1974	0.1842	0.0658	0.0199	0.0111	0.1351	0.5216	0.0122	0.0875	0.0066	0.0476	0.0709	0.0875	0
com.arroyaapps.stairriserdecoratingideas	0.0089	0	0.9911	0.0019	0	0.9981	0.2778	0.3333	0.3333	0.0556	0.0002	0.0008	0.0111	0.0048	0.0098	0.9608	0	0	0	0	0	0	0	0	0	0	0	0	0	0	0.0294	0	0	0	0	0	0	0	0	0	0	0	0	0	0	0	0	0	0.0341	0	0	0.8295	0	0	0	0	0	0	0	0	0	0.0114	0	0	0	0	0	0	0	0	0	0	0	0	0	0	0	0	0	0	0.125	0	0.0025	0.0232	0.0217	0.587	0.1739	0.1304	0.087	0.0258	0.0023	0.0492	0.7658	0.0023	0.0375	0	0.0258	0.0726	0.0187	0
com.mozgame.amazingcandy	0.0021	0.3011	0.6968	0.0005	0.2206	0.7789	0.3175	0.2381	0.4127	0.0317	0.0006	0.0023	0.0174	0.0081	0	0	0	0	0	0	0.9694	0	0	0	0	0	0	0	0	0.0148	0	0	0	0	0	0.0079	0.002	0	0	0	0	0	0	0	0	0	0.0059	0	0	0	0	0	0.8832	0	0	0	0	0	0	0	0	0	0.0127	0	0.017	0	0	0	0.0042	0.0488	0	0	0	0.034	0	0	0	0	0	0	0	0	0.0025	0.0154	0.0138	0.5517	0.2069	0.1586	0.069	0.0202	0.0112	0.1368	0.5179	0.0123	0.0863	0.0067	0.0482	0.0717	0.0886	0
com.LipPiercingIdea.JohnKazmierczak	0.0089	0	0.9911	0.0019	0	0.9981	0.2778	0.3333	0.3333	0.0556	0.0002	0.0008	0.0111	0.0048	0.0098	0.9608	0	0	0	0	0	0	0	0	0	0	0	0	0	0	0.0294	0	0	0	0	0	0	0	0	0	0	0	0	0	0	0	0	0	0.0341	0	0	0.8295	0	0	0	0	0	0	0	0	0	0.0114	0	0	0	0	0	0	0	0	0	0	0	0	0	0	0	0	0	0	0.125	0	0.0025	0.0232	0.0217	0.587	0.1739	0.1304	0.087	0.0258	0.0023	0.0492	0.7658	0.0023	0.0375	0	0.0258	0.0726	0.0187	0
com.szsg.szlrs	0	0.1598	0.8402	0	0.0939	0.9061	0.3913	0.3043	0.2609	0.0435	0	0.0003	0.0086	0.004	0	0	0.9901	0	0	0	0	0	0	0	0	0	0	0	0	0	0	0	0.0099	0	0	0	0	0	0	0	0	0	0	0	0	0	0	0	0.1277	0	0	0	0	0	0	0	0	0	0	0	0	0	0	0	0	0	0.0851	0	0	0	0	0	0	0	0	0	0.766	0	0	0.0213	0	0	0.0097	0.0362	0.0088	0.6726	0.1681	0.0531	0.0973	0.026	0.0024	0.0449	0.7612	0	0.0189	0	0.0213	0.0638	0.0615	0
com.vnsoft.fulllivewallpaper	0.0338	0.0336	0.9326	0.0201	0.031	0.949	0.4681	0.1489	0.2979	0.0851	0.0007	0.0024	0.0207	0.0098	0.0068	0	0	0	0	0	0	0.0068	0	0	0	0	0	0	0	0	0	0	0	0	0	0	0	0	0.9808	0.0023	0	0	0	0	0.0034	0	0	0	0	0	0.0143	0	0	0	0.0024	0.0523	0	0	0	0	0	0.0356	0	0	0	0	0	0	0	0	0	0.8812	0	0	0	0	0	0.0143	0	0	0	0	0.0024	0.0221	0.0392	0.6471	0.1275	0.1275	0.0588	0.0265	0.0106	0.0497	0.5979	0.0085	0.0931	0	0.0127	0.091	0.1101	0
com.DIYPerfectMakeUp.Nephilim	0.0041	0	0.9959	0.0011	0	0.9989	0.1714	0.3714	0.4	0.0571	0.0002	0.0009	0.0107	0.0041	0	0	0	0	0	0	0	0	0	0.0057	0	0	0	0.9686	0	0	0	0.0171	0	0	0	0	0	0	0	0.0086	0	0	0	0	0	0	0	0	0	0	0	0	0	0	0	0.0075	0	0	0	0.0075	0.1053	0	0	0	0	0	0	0	0	0	0	0	0	0.0602	0	0	0	0.8195	0	0	0	0	0.002	0.0149	0.0299	0.4776	0.2239	0.1642	0.1045	0.051	0.002	0.0612	0.4388	0.002	0.0673	0	0.0184	0.2735	0.0857	0
id.timphan.keposyariah	0.0161	0.1116	0.8722	0.0105	0.0915	0.898	0.4333	0.1833	0.35	0.0333	0.0007	0.0024	0.0159	0.0069	0	0	0.9621	0	0	0	0	0	0.0156	0	0	0	0	0	0	0.0156	0	0	0	0	0	0.0045	0	0	0	0.0022	0	0	0	0	0	0	0	0	0	0	0	0.0026	0	0	0	0	0.0357	0.0128	0	0.8903	0	0	0	0	0	0	0	0	0	0	0	0	0	0	0	0	0	0	0.0408	0.0179	0	0	0.0023	0.0141	0.0156	0.6562	0.1172	0.1562	0.0547	0.0576	0.0025	0.0702	0.4373	0.005	0.104	0.0075	0.0501	0.1742	0.0915	0
com.CrazyEvilTattoo.JoyceBurklin	0.0089	0	0.9911	0.0019	0	0.9981	0.2778	0.3333	0.3333	0.0556	0.0002	0.0008	0.0111	0.0048	0.0098	0.9608	0	0	0	0	0	0	0	0	0	0	0	0	0	0	0.0294	0	0	0	0	0	0	0	0	0	0	0	0	0	0	0	0	0	0.0341	0	0	0.8295	0	0	0	0	0	0	0	0	0	0.0114	0	0	0	0	0	0	0	0	0	0	0	0	0	0	0	0	0	0	0.125	0	0.0025	0.0232	0.0217	0.587	0.1739	0.1304	0.087	0.0258	0.0023	0.0492	0.7658	0.0023	0.0375	0	0.0258	0.0726	0.0187	0
app.cn.aiyouv.www	0	0.0034	0.9966	0	0.02	0.98	0.3333	0	0.3333	0.3333	0	0	0.0019	0.0006	0	0	0	0	0	0	0	0	0.9375	0	0.0625	0	0	0	0	0	0	0	0	0	0	0	0	0	0	0	0	0	0	0	0	0	0	0	0	0.2	0	0	0	0	0	0	0	0	0.2	0	0	0	0	0	0	0	0	0	0.6	0	0	0	0	0	0	0	0	0	0	0	0	0	0.002	0.0319	0.0588	0.7059	0	0.0588	0.1765	0.0406	0.0037	0.0332	0.8155	0	0.0148	0	0.0701	0.0221	0	0
com.TeenBoysRoomIdea.JohnKazmierczak	0.0089	0	0.9911	0.0019	0	0.9981	0.2778	0.3333	0.3333	0.0556	0.0002	0.0008	0.0111	0.0048	0.0098	0.9608	0	0	0	0	0	0	0	0	0	0	0	0	0	0	0.0294	0	0	0	0	0	0	0	0	0	0	0	0	0	0	0	0	0	0.0341	0	0	0.8295	0	0	0	0	0	0	0	0	0	0.0114	0	0	0	0	0	0	0	0	0	0	0	0	0	0	0	0	0	0	0.125	0	0.0025	0.0232	0.0217	0.587	0.1739	0.1304	0.087	0.0258	0.0023	0.0492	0.7658	0.0023	0.0375	0	0.0258	0.0726	0.0187	0
com.wb.gc.ttxfk.mi	0.0002	0.3572	0.6426	0.0001	0.2687	0.7312	0.4792	0.1667	0.2917	0.0625	0.0006	0.0015	0.0204	0.0088	0.0138	0.0138	0.9665	0	0	0	0	0	0	0	0	0	0	0	0	0	0	0	0	0	0	0	0	0	0	0	0	0	0	0	0	0	0.0059	0	0.039	0	0	0	0	0	0	0	0	0	0	0.8784	0	0	0	0	0	0	0	0	0	0	0.0367	0.0229	0.0046	0	0	0	0	0	0	0.0183	0	0	0.0023	0.0162	0.0172	0.5948	0.181	0.1121	0.0948	0.0224	0.0124	0.0894	0.5677	0.0099	0.0733	0.0075	0.0149	0.0807	0.1217	0
com.rongfhgufhgsfh	0.0171	0.1034	0.8795	0.0032	0.0586	0.9382	0.4286	0.2857	0.2381	0.0476	0	0.0002	0.009	0.0034	0	0	0	0	0	0	0	0	0	0	0	0	0	0	0	0	0	0	0.9912	0	0	0	0.0088	0	0	0	0	0	0	0	0	0	0	0	0	0.1163	0	0	0	0	0	0	0	0	0	0	0.7442	0	0	0	0	0	0	0	0	0.0233	0.093	0	0	0	0	0	0.0233	0	0	0	0	0	0.0078	0.0331	0.0101	0.6869	0.1515	0.0505	0.101	0.0263	0.0024	0.0455	0.7392	0.0144	0.0167	0	0.0215	0.0646	0.0694	0
com.DIYcrochetScarf.JoyceBurklin	0.0089	0	0.9911	0.0019	0	0.9981	0.2778	0.3333	0.3333	0.0556	0.0002	0.0008	0.0111	0.0048	0.0098	0.9608	0	0	0	0	0	0	0	0	0	0	0	0	0	0	0.0294	0	0	0	0	0	0	0	0	0	0	0	0	0	0	0	0	0	0.0341	0	0	0.8295	0	0	0	0	0	0	0	0	0	0.0114	0	0	0	0	0	0	0	0	0	0	0	0	0	0	0	0	0	0	0.125	0	0.0025	0.0232	0.0217	0.587	0.1739	0.1304	0.087	0.0258	0.0023	0.0492	0.7658	0.0023	0.0375	0	0.0258	0.0726	0.0187	0
com.WomenHairBunDesign.Nephilim	0.0041	0	0.9959	0.0011	0	0.9989	0.1714	0.3714	0.4	0.0571	0.0002	0.0009	0.0107	0.0041	0	0	0	0	0	0	0	0	0	0.0057	0	0	0	0.9686	0	0	0	0.0171	0	0	0	0	0	0	0	0.0086	0	0	0	0	0	0	0	0	0	0	0	0	0	0	0	0.0075	0	0	0	0.0075	0.1053	0	0	0	0	0	0	0	0	0	0	0	0	0.0602	0	0	0	0.8195	0	0	0	0	0.002	0.0149	0.0299	0.4776	0.2239	0.1642	0.1045	0.051	0.002	0.0612	0.4388	0.002	0.0673	0	0.0184	0.2735	0.0857	0
com.aaronbalderapps.luxuriouslivingroomcurtains	0.0089	0	0.9911	0.0019	0	0.9981	0.2778	0.3333	0.3333	0.0556	0.0002	0.0008	0.0111	0.0048	0.0098	0.9608	0	0	0	0	0	0	0	0	0	0	0	0	0	0	0.0294	0	0	0	0	0	0	0	0	0	0	0	0	0	0	0	0	0	0.0341	0	0	0.8295	0	0	0	0	0	0	0	0	0	0.0114	0	0	0	0	0	0	0	0	0	0	0	0	0	0	0	0	0	0	0.125	0	0.0025	0.0232	0.0217	0.587	0.1739	0.1304	0.087	0.0258	0.0023	0.0492	0.7658	0.0023	0.0375	0	0.0258	0.0726	0.0187	0
com.arroyaapps.babyroomdesignideas	0.0089	0	0.9911	0.0019	0	0.9981	0.2778	0.3333	0.3333	0.0556	0.0002	0.0008	0.0111	0.0048	0.0098	0.9608	0	0	0	0	0	0	0	0	0	0	0	0	0	0	0.0294	0	0	0	0	0	0	0	0	0	0	0	0	0	0	0	0	0	0.0341	0	0	0.8295	0	0	0	0	0	0	0	0	0	0.0114	0	0	0	0	0	0	0	0	0	0	0	0	0	0	0	0	0	0	0.125	0	0.0025	0.0232	0.0217	0.587	0.1739	0.1304	0.087	0.0258	0.0023	0.0492	0.7658	0.0023	0.0375	0	0.0258	0.0726	0.0187	0
com.ssszujixiao.naoyan.zimon	0.0193	0.1198	0.8609	0.004	0.0707	0.9253	0.45	0.3	0.2	0.05	0	0.0002	0.0096	0.004	0	0	0	0	0	0	0	0	0	0	0	0	0	0	0	0	0	0.0084	0	0	0	0	0	0	0	0	0	0	0	0	0	0	0.9916	0	0	0.7347	0.0204	0	0	0	0.0204	0	0	0	0	0	0	0	0	0	0.0204	0.0816	0	0	0	0	0	0	0	0	0.1224	0	0	0	0	0	0	0	0.0079	0.0344	0.0102	0.6939	0.1531	0.0408	0.102	0.0258	0.0023	0.0563	0.7254	0.0117	0.0235	0	0.0211	0.0657	0.0681	0
com.WeddingBouquetIdea.heidismith	0.0089	0	0.9911	0.0019	0	0.9981	0.2778	0.3333	0.3333	0.0556	0.0002	0.0008	0.0111	0.0048	0.0098	0.9608	0	0	0	0	0	0	0	0	0	0	0	0	0	0	0.0294	0	0	0	0	0	0	0	0	0	0	0	0	0	0	0	0	0	0.0341	0	0	0.8295	0	0	0	0	0	0	0	0	0	0.0114	0	0	0	0	0	0	0	0	0	0	0	0	0	0	0	0	0	0	0.125	0	0.0025	0.0232	0.0217	0.587	0.1739	0.1304	0.087	0.0258	0.0023	0.0492	0.7658	0.0023	0.0375	0	0.0258	0.0726	0.0187	0
com.GrowingIndoorGarden.JohnFehsenfeldjo	0.0089	0	0.9911	0.0019	0	0.9981	0.2778	0.3333	0.3333	0.0556	0.0002	0.0008	0.0111	0.0048	0.0098	0.9608	0	0	0	0	0	0	0	0	0	0	0	0	0	0	0.0294	0	0	0	0	0	0	0	0	0	0	0	0	0	0	0	0	0	0.0341	0	0	0.8295	0	0	0	0	0	0	0	0	0	0.0114	0	0	0	0	0	0	0	0	0	0	0	0	0	0	0	0	0	0	0.125	0	0.0025	0.0232	0.0217	0.587	0.1739	0.1304	0.087	0.0258	0.0023	0.0492	0.7658	0.0023	0.0375	0	0.0258	0.0726	0.0187	0
com.rrg.bubbleshoot	0.0021	0.3472	0.6507	0.0005	0.2627	0.7368	0.3	0.2143	0.4429	0.0429	0.0007	0.0025	0.017	0.0077	0	0	0	0	0	0	0	0	0	0	0	0	0	0	0	0	0.0144	0	0.0057	0	0	0	0	0	0	0.9703	0	0	0	0	0	0.0077	0.0019	0	0	0	0	0	0	0	0	0	0.0042	0	0.8842	0	0	0	0	0	0	0	0	0.0126	0	0	0	0	0	0	0	0	0	0	0.0168	0.0484	0	0.0337	0.0025	0.0147	0.0197	0.5329	0.1974	0.1842	0.0658	0.0199	0.0111	0.1351	0.5216	0.0122	0.0875	0.0066	0.0476	0.0709	0.0875	0
com.MenHairStylesNew.Nephilim	0.0041	0	0.9959	0.0011	0	0.9989	0.1714	0.3714	0.4	0.0571	0.0002	0.0009	0.0107	0.0041	0	0	0	0	0	0	0	0	0	0.0057	0	0	0	0.9686	0	0	0	0.0171	0	0	0	0	0	0	0	0.0086	0	0	0	0	0	0	0	0	0	0	0	0	0	0	0	0.0075	0	0	0	0.0075	0.1053	0	0	0	0	0	0	0	0	0	0	0	0	0.0602	0	0	0	0.8195	0	0	0	0	0.002	0.0149	0.0299	0.4776	0.2239	0.1642	0.1045	0.051	0.002	0.0612	0.4388	0.002	0.0673	0	0.0184	0.2735	0.0857	0
yct.game.cnhjfb.jusdfsgdgr	0	0.1953	0.8047	0	0.106	0.894	0.3214	0.2857	0.3571	0.0357	0	0.0007	0.0129	0.0043	0	0	0	0	0	0	0	0	0.9645	0	0	0	0	0	0	0	0	0	0	0.0203	0	0	0.0051	0	0	0	0	0	0	0	0	0.0102	0	0	0	0	0	0	0	0	0	0.0152	0	0	0	0	0	0.7576	0	0	0	0	0	0	0	0	0.1061	0	0	0	0.0152	0	0.1061	0	0	0	0	0	0.0075	0.0296	0.0088	0.6316	0.1667	0.0877	0.1053	0.0243	0.0022	0.042	0.7456	0.0111	0.0155	0.0133	0.0664	0.0155	0.0642	0
id.timphan.keposyariah	0.016	0.1116	0.8724	0.0105	0.0915	0.898	0.4333	0.1833	0.35	0.0333	0.0007	0.0024	0.0159	0.0069	0	0	0.0045	0	0	0	0.0022	0	0	0.9621	0	0	0	0	0	0	0	0	0	0	0	0.0156	0.0156	0	0	0	0	0	0	0	0	0	0	0	0	0	0	0.0026	0	0.0128	0	0	0	0	0	0	0	0	0	0	0.0179	0	0	0.0408	0	0	0.0357	0	0	0	0	0	0	0	0.8903	0	0	0	0.0023	0.0141	0.0156	0.6562	0.1172	0.1562	0.0547	0.0576	0.0025	0.0702	0.4373	0.005	0.104	0.0075	0.0501	0.1742	0.0915	0
com.MinimalistBedroomDesign.JohnFehsenfeldjo	0.0089	0	0.9911	0.0019	0	0.9981	0.2778	0.3333	0.3333	0.0556	0.0002	0.0008	0.0111	0.0048	0.0098	0.9608	0	0	0	0	0	0	0	0	0	0	0	0	0	0	0.0294	0	0	0	0	0	0	0	0	0	0	0	0	0	0	0	0	0	0.0341	0	0	0.8295	0	0	0	0	0	0	0	0	0	0.0114	0	0	0	0	0	0	0	0	0	0	0	0	0	0	0	0	0	0	0.125	0	0.0025	0.0232	0.0217	0.587	0.1739	0.1304	0.087	0.0258	0.0023	0.0492	0.7658	0.0023	0.0375	0	0.0258	0.0726	0.0187	0
com.arroyaapps.beautifulbotanicalgardens	0.0089	0	0.9911	0.0019	0	0.9981	0.2778	0.3333	0.3333	0.0556	0.0002	0.0008	0.0111	0.0048	0.0098	0.9608	0	0	0	0	0	0	0	0	0	0	0	0	0	0	0.0294	0	0	0	0	0	0	0	0	0	0	0	0	0	0	0	0	0	0.0341	0	0	0.8295	0	0	0	0	0	0	0	0	0	0.0114	0	0	0	0	0	0	0	0	0	0	0	0	0	0	0	0	0	0	0.125	0	0.0025	0.0232	0.0217	0.587	0.1739	0.1304	0.087	0.0258	0.0023	0.0492	0.7658	0.0023	0.0375	0	0.0258	0.0726	0.0187	0
com.sss.naoyan.zimongjief	0.0193	0.1189	0.8618	0.004	0.0703	0.9257	0.45	0.3	0.2	0.05	0	0.0002	0.0096	0.004	0	0	0	0	0	0	0	0	0	0	0	0	0	0	0	0	0	0	0	0.0084	0	0.9916	0	0	0	0	0	0	0	0	0	0	0	0	0	0	0.1224	0	0	0	0	0	0	0	0	0.7347	0	0	0	0.0204	0	0	0	0.0816	0	0	0	0	0	0.0204	0	0	0	0	0	0	0	0.0204	0.0079	0.0344	0.0102	0.6939	0.1531	0.0408	0.102	0.0258	0.0023	0.0563	0.7254	0.0117	0.0235	0	0.0211	0.0657	0.0681	0
yct.game.cnhjfb.jusdfsgdgr	0	0.1953	0.8047	0	0.106	0.894	0.3214	0.2857	0.3571	0.0357	0	0.0007	0.0129	0.0043	0	0	0	0	0	0	0	0	0.9645	0	0	0	0	0	0	0	0	0	0	0.0203	0	0	0.0051	0	0	0	0	0	0	0	0	0.0102	0	0	0	0	0	0	0	0	0	0.0152	0	0	0	0	0	0.7576	0	0	0	0	0	0	0	0	0.1061	0	0	0	0.0152	0	0.1061	0	0	0	0	0	0.0075	0.0296	0.0088	0.6316	0.1667	0.0877	0.1053	0.0243	0.0022	0.042	0.7456	0.0111	0.0155	0.0133	0.0664	0.0155	0.0642	0
com.aaronbalderapps.teenageroomdesigns	0.0089	0	0.9911	0.0019	0	0.9981	0.2778	0.3333	0.3333	0.0556	0.0002	0.0008	0.0111	0.0048	0.0098	0.9608	0	0	0	0	0	0	0	0	0	0	0	0	0	0	0.0294	0	0	0	0	0	0	0	0	0	0	0	0	0	0	0	0	0	0.0341	0	0	0.8295	0	0	0	0	0	0	0	0	0	0.0114	0	0	0	0	0	0	0	0	0	0	0	0	0	0	0	0	0	0	0.125	0	0.0025	0.0232	0.0217	0.587	0.1739	0.1304	0.087	0.0258	0.0023	0.0492	0.7658	0.0023	0.0375	0	0.0258	0.0726	0.0187	0
com.gcgame.t1fggdgdgd	0	0.1432	0.8568	0	0.0812	0.9188	0.3913	0.3043	0.2609	0.0435	0	0.0005	0.0155	0.0045	0	0.0046	0	0	0	0	0	0	0	0	0	0	0	0	0	0	0	0	0	0	0.9585	0	0	0	0	0	0	0	0	0	0.0184	0.0184	0	0	0	0.0794	0.0159	0	0	0	0	0	0	0	0	0	0	0.127	0	0.7619	0	0	0	0	0	0	0	0	0	0.0159	0	0	0	0	0	0	0	0	0.008	0.0299	0.0089	0.6875	0.1518	0.0536	0.0982	0.0263	0.0024	0.0501	0.6659	0	0.0191	0.0143	0.148	0.0143	0.0597	0
wb.gc.xmxx.zxb.xm	0	0.3503	0.6497	0	0.2632	0.7368	0.4792	0.1667	0.2917	0.0625	0.0006	0.0015	0.0205	0.0089	0	0	0	0.9663	0	0	0	0	0	0.0059	0.0139	0	0	0	0	0	0	0	0.0139	0	0	0	0	0	0	0	0	0	0	0	0	0	0	0	0	0	0	0	0	0	0	0	0	0	0	0.0229	0	0	0.0046	0	0.0183	0	0.039	0	0.0367	0	0	0	0	0	0	0.8784	0	0	0	0	0	0	0.0024	0.0164	0.0172	0.5948	0.181	0.1121	0.0948	0.0224	0.0124	0.0894	0.5528	0.0099	0.0733	0.0075	0.0149	0.0807	0.1366	0
air.com.syntela.android.webconnect	0.0109	0.0094	0.9797	0.0063	0.0022	0.9915	0.3478	0.2609	0.3478	0.0435	0.0005	0.0013	0.0184	0.0069	0	0	0	0	0	0	0.0099	0	0	0	0	0	0.9536	0	0	0	0	0.0364	0	0	0	0	0	0	0	0	0	0	0	0	0	0	0	0	0	0	0.0177	0	0	0	0.0708	0.0088	0	0.115	0	0.7788	0	0	0	0	0	0	0.0088	0	0	0	0	0	0	0	0	0	0	0	0	0	0	0	0.0047	0.0334	0.013	0.6883	0.1299	0.1039	0.0649	0.0201	0.0018	0.0219	0.5018	0.0511	0.0712	0.0182	0.0219	0.2427	0.0493	0
com.mtstudio.anwopay	0	0.1336	0.8664	0	0.0696	0.9304	0.6111	0	0.3333	0.0556	0.0003	0.0006	0.0108	0.0045	0	0	0	0	0.0129	0	0	0	0	0	0	0	0	0	0	0.9677	0	0	0	0	0	0	0	0	0.0194	0	0	0	0	0	0	0	0	0	0	0	0	0	0.0615	0	0.0308	0	0	0	0.0154	0	0	0	0	0	0.0923	0	0	0	0	0	0	0	0	0	0	0	0	0.8	0	0	0	0	0.0034	0.0301	0.0208	0.8125	0	0.125	0.0417	0.0255	0.0023	0.0418	0.7935	0.0116	0.0441	0	0.0441	0.0162	0.0209	0
com.arroyaapps.backyardwoodprojects	0.0089	0	0.9911	0.0019	0	0.9981	0.2778	0.3333	0.3333	0.0556	0.0002	0.0008	0.0111	0.0048	0.0098	0.9608	0	0	0	0	0	0	0	0	0	0	0	0	0	0	0.0294	0	0	0	0	0	0	0	0	0	0	0	0	0	0	0	0	0	0.0341	0	0	0.8295	0	0	0	0	0	0	0	0	0	0.0114	0	0	0	0	0	0	0	0	0	0	0	0	0	0	0	0	0	0	0.125	0	0.0025	0.0232	0.0217	0.587	0.1739	0.1304	0.087	0.0258	0.0023	0.0492	0.7658	0.0023	0.0375	0	0.0258	0.0726	0.0187	0
com.FloralPrintDressesForYoungGirl.JohnKazmierczak	0.0089	0	0.9911	0.0019	0	0.9981	0.2778	0.3333	0.3333	0.0556	0.0002	0.0008	0.0111	0.0048	0.0098	0.9608	0	0	0	0	0	0	0	0	0	0	0	0	0	0	0.0294	0	0	0	0	0	0	0	0	0	0	0	0	0	0	0	0	0	0.0341	0	0	0.8295	0	0	0	0	0	0	0	0	0	0.0114	0	0	0	0	0	0	0	0	0	0	0	0	0	0	0	0	0	0	0.125	0	0.0025	0.0232	0.0217	0.587	0.1739	0.1304	0.087	0.0258	0.0023	0.0492	0.7658	0.0023	0.0375	0	0.0258	0.0726	0.0187	0
com.mozgame.fruitssplash	0.002	0.3472	0.6508	0.0005	0.2627	0.7368	0.3	0.2143	0.4429	0.0429	0.0007	0.0025	0.017	0.0077	0	0	0	0	0.0144	0	0	0	0	0	0	0	0	0	0.0057	0	0	0	0	0	0	0	0.0019	0	0.9703	0	0	0	0	0	0	0.0077	0	0	0	0.0126	0	0	0	0	0	0	0	0	0	0.0337	0	0	0	0	0.0042	0	0	0.8842	0.0168	0	0	0	0	0	0	0	0	0	0	0.0484	0	0	0.0025	0.0147	0.0197	0.5329	0.1974	0.1842	0.0658	0.0199	0.0111	0.1351	0.5216	0.0122	0.0875	0.0066	0.0476	0.0709	0.0875	0
yct.game.cnhjfb.jusdfsgdgr	0	0.1953	0.8047	0	0.106	0.894	0.3214	0.2857	0.3571	0.0357	0	0.0007	0.0129	0.0043	0	0	0	0	0	0	0	0	0.9645	0	0	0	0	0	0	0	0	0	0	0.0203	0	0	0.0051	0	0	0	0	0	0	0	0	0.0102	0	0	0	0	0	0	0	0	0	0.0152	0	0	0	0	0	0.7576	0	0	0	0	0	0	0	0	0.1061	0	0	0	0.0152	0	0.1061	0	0	0	0	0	0.0075	0.0296	0.0088	0.6316	0.1667	0.0877	0.1053	0.0243	0.0022	0.042	0.7456	0.0111	0.0155	0.0133	0.0664	0.0155	0.0642	0
com.szsg.szlrs	0	0.1539	0.8461	0	0.0911	0.9089	0.3913	0.3043	0.2609	0.0435	0	0.0003	0.0086	0.004	0	0	0	0	0	0	0	0	0	0	0	0	0	0	0	0	0.99	0.01	0	0	0	0	0	0	0	0	0	0	0	0	0	0	0	0	0	0	0	0	0.0217	0	0	0	0	0	0	0	0	0	0	0	0	0.087	0	0	0	0	0	0	0	0	0	0.1304	0	0	0	0.7609	0	0	0.0096	0.0364	0.0089	0.6786	0.1696	0.0536	0.0893	0.026	0.0024	0.0449	0.7612	0	0.0189	0	0.0213	0.0638	0.0615	0
activity.css.sdker.wer	0.0027	0.1222	0.8751	0.0016	0.0728	0.9256	0.4118	0.2353	0.2941	0.0588	0.001	0.0016	0.0244	0.0116	0	0.0085	0	0	0	0	0	0	0	0	0	0	0	0.9915	0	0	0	0	0	0	0	0	0	0	0	0	0	0	0	0	0	0	0	0	0	0.0224	0	0	0.0179	0	0	0	0	0	0	0	0	0	0	0	0	0	0	0	0	0	0	0	0	0.0224	0.8879	0	0	0	0.0448	0	0	0.0045	0.0075	0.0282	0.0138	0.6966	0.1448	0.0621	0.0828	0.0203	0.0018	0.046	0.5599	0.0018	0.07	0	0.0166	0.1068	0.1768	0
com.szsg.szlrs	0	0.1598	0.8402	0	0.0938	0.9062	0.3913	0.3043	0.2609	0.0435	0	0.0003	0.0086	0.004	0	0	0.9901	0	0	0	0	0	0	0	0	0	0	0	0	0	0	0	0.0099	0	0	0	0	0	0	0	0	0	0	0	0	0	0	0	0.1277	0	0	0	0	0	0	0	0	0	0	0	0	0	0	0	0	0	0.0851	0	0	0	0	0	0	0	0	0	0.766	0	0	0.0213	0	0	0.0097	0.0362	0.0088	0.6726	0.1681	0.0531	0.0973	0.026	0.0024	0.0449	0.7612	0	0.0189	0	0.0213	0.0638	0.0615	0
com.onetouch.carsspecs	0.002	0.0022	0.9958	0.0003	0.0014	0.9983	0.2162	0.3243	0.4054	0.0541	0.0006	0.0017	0.0131	0.0068	0	0.0016	0	0	0	0	0.0062	0	0	0	0	0	0	0	0	0	0	0	0.0062	0	0	0.9766	0	0	0	0	0	0	0	0	0	0	0.0093	0	0	0	0	0	0	0.003	0	0	0	0	0.8649	0	0	0	0	0.0511	0	0	0.048	0	0	0	0	0	0	0	0	0	0.015	0.018	0	0	0	0	0.0019	0.0131	0.022	0.4615	0.2747	0.1429	0.0989	0.05	0.0016	0.0672	0.6359	0.0234	0.0969	0	0.0578	0.0281	0.0391	0
com.szsg.szlrs	0	0.1598	0.8402	0	0.0936	0.9064	0.3913	0.3043	0.2609	0.0435	0	0.0003	0.0086	0.004	0	0	0	0	0	0	0	0	0	0	0	0	0	0	0	0	0	0	0	0	0	0	0	0	0	0	0.9901	0	0	0.0099	0	0	0	0	0	0	0.766	0	0	0	0	0	0	0	0	0	0	0	0	0	0	0	0	0	0	0	0	0	0	0	0	0	0.0213	0.0851	0	0.1277	0	0	0.0097	0.0362	0.0088	0.6726	0.1681	0.0531	0.0973	0.026	0.0024	0.0449	0.7612	0	0.0189	0	0.0213	0.0638	0.0615	0
com.WomenGownAccessoriesIdea.Nephilim	0.0041	0	0.9959	0.0011	0	0.9989	0.1714	0.3714	0.4	0.0571	0.0002	0.0009	0.0107	0.0041	0	0	0	0	0	0	0	0	0	0.0057	0	0	0	0.9686	0	0	0	0.0171	0	0	0	0	0	0	0	0.0086	0	0	0	0	0	0	0	0	0	0	0	0	0	0	0	0.0075	0	0	0	0.0075	0.1053	0	0	0	0	0	0	0	0	0	0	0	0	0.0602	0	0	0	0.8195	0	0	0	0	0.002	0.0149	0.0299	0.4776	0.2239	0.1642	0.1045	0.051	0.002	0.0612	0.4388	0.002	0.0673	0	0.0184	0.2735	0.0857	0
com.ckresonance.app	0.0977	0.266	0.6363	0.0402	0.2313	0.7285	0.8072	0.0602	0.1084	0.0241	0.0015	0.0044	0.0226	0.01	0	0	0	0	0	0	0	0	0.9797	0	0	0.009	0	0	0	0	0	0	0	0	0	0	0	0	0.0101	0	0	0	0.0011	0	0	0	0	0	0	0.0128	0.0026	0	0	0	0	0.0357	0	0	0	0.0357	0	0	0	0	0.9005	0	0	0	0	0	0	0	0	0	0	0	0	0	0	0	0.0128	0	0.0055	0.0247	0.0092	0.8894	0.0369	0.0369	0.0276	0.0113	0.001	0.0299	0.587	0.0031	0.1174	0	0.0093	0.0968	0.1442	0
com.LaceDress.JoyceBurklin	0.0089	0	0.9911	0.0019	0	0.9981	0.2778	0.3333	0.3333	0.0556	0.0002	0.0008	0.0111	0.0048	0.0098	0.9608	0	0	0	0	0	0	0	0	0	0	0	0	0	0	0.0294	0	0	0	0	0	0	0	0	0	0	0	0	0	0	0	0	0	0.0341	0	0	0.8295	0	0	0	0	0	0	0	0	0	0.0114	0	0	0	0	0	0	0	0	0	0	0	0	0	0	0	0	0	0	0.125	0	0.0025	0.0232	0.0217	0.587	0.1739	0.1304	0.087	0.0258	0.0023	0.0492	0.7658	0.0023	0.0375	0	0.0258	0.0726	0.0187	0
com.aaronbalderapps.crochetpillowideas	0.0089	0	0.9911	0.0019	0	0.9981	0.2778	0.3333	0.3333	0.0556	0.0002	0.0008	0.0111	0.0048	0.0098	0.9608	0	0	0	0	0	0	0	0	0	0	0	0	0	0	0.0294	0	0	0	0	0	0	0	0	0	0	0	0	0	0	0	0	0	0.0341	0	0	0.8295	0	0	0	0	0	0	0	0	0	0.0114	0	0	0	0	0	0	0	0	0	0	0	0	0	0	0	0	0	0	0.125	0	0.0025	0.0232	0.0217	0.587	0.1739	0.1304	0.087	0.0258	0.0023	0.0492	0.7658	0.0023	0.0375	0	0.0258	0.0726	0.0187	0
com.szsg.szlrs	0	0.1598	0.8402	0	0.0936	0.9064	0.3913	0.3043	0.2609	0.0435	0	0.0003	0.0086	0.004	0	0	0	0	0	0	0	0	0	0	0	0	0	0	0	0	0	0	0	0	0	0	0	0	0	0	0.9901	0	0	0.0099	0	0	0	0	0	0	0.766	0	0	0	0	0	0	0	0	0	0	0	0	0	0	0	0	0	0	0	0	0	0	0	0	0	0.0213	0.0851	0	0.1277	0	0	0.0097	0.0362	0.0088	0.6726	0.1681	0.0531	0.0973	0.026	0.0024	0.0449	0.7612	0	0.0189	0	0.0213	0.0638	0.0615	0
com.HouseCeilingIdea.JohnKazmierczak	0.0089	0	0.9911	0.0019	0	0.9981	0.2778	0.3333	0.3333	0.0556	0.0002	0.0008	0.0111	0.0048	0.0098	0.9608	0	0	0	0	0	0	0	0	0	0	0	0	0	0	0.0294	0	0	0	0	0	0	0	0	0	0	0	0	0	0	0	0	0	0.0341	0	0	0.8295	0	0	0	0	0	0	0	0	0	0.0114	0	0	0	0	0	0	0	0	0	0	0	0	0	0	0	0	0	0	0.125	0	0.0025	0.0232	0.0217	0.587	0.1739	0.1304	0.087	0.0258	0.0023	0.0492	0.7658	0.0023	0.0375	0	0.0258	0.0726	0.0187	0
com.arroyaapps.chandelierdesignideas	0.0089	0	0.9911	0.0019	0	0.9981	0.2778	0.3333	0.3333	0.0556	0.0002	0.0008	0.0111	0.0048	0.0098	0.9608	0	0	0	0	0	0	0	0	0	0	0	0	0	0	0.0294	0	0	0	0	0	0	0	0	0	0	0	0	0	0	0	0	0	0.0341	0	0	0.8295	0	0	0	0	0	0	0	0	0	0.0114	0	0	0	0	0	0	0	0	0	0	0	0	0	0	0	0	0	0	0.125	0	0.0025	0.0232	0.0217	0.587	0.1739	0.1304	0.087	0.0258	0.0023	0.0492	0.7658	0.0023	0.0375	0	0.0258	0.0726	0.0187	0
com.rrg.bubblewonderland.free	0.0022	0.3011	0.6967	0.0005	0.2206	0.7789	0.3175	0.2381	0.4127	0.0317	0.0006	0.0023	0.0174	0.0081	0	0	0	0.0079	0	0	0	0	0.0148	0	0	0	0	0	0	0	0	0	0	0	0	0	0	0	0	0	0	0	0	0	0.0059	0.002	0	0.9694	0	0	0	0.0488	0	0	0	0	0	0	0	0	0	0.0042	0.8832	0	0	0	0	0	0.034	0	0	0	0	0	0.0127	0	0	0	0	0	0.017	0	0.0025	0.0154	0.0138	0.5517	0.2069	0.1586	0.069	0.0202	0.0112	0.1368	0.5179	0.0123	0.0863	0.0067	0.0482	0.0717	0.0886	0
com.tankemplay.Interstellargfffd	0	0.2364	0.7636	0	0.1426	0.8574	0.5778	0.1556	0.2444	0.0222	0.0018	0.0026	0.023	0.0107	0	0	0	0	0	0	0	0	0	0	0.0267	0	0	0	0	0	0	0	0	0	0	0	0	0.0082	0	0	0.0103	0.9547	0	0	0	0	0	0	0	0	0	0	0.0088	0	0	0	0	0	0	0	0	0	0.022	0	0.0176	0	0	0	0	0	0	0	0	0	0.022	0	0	0.8899	0	0.0396	0	0	0.0074	0.0284	0.0064	0.7325	0.1083	0.0701	0.0828	0.0183	0.0017	0.0582	0.6223	0.0416	0.0699	0.01	0.015	0.0466	0.1165	0
com.sss.naoyan.zimongjief	0.0193	0.1189	0.8618	0.004	0.0703	0.9257	0.45	0.3	0.2	0.05	0	0.0002	0.0096	0.004	0	0	0	0	0	0	0	0	0	0	0	0	0	0	0	0	0	0	0	0.0084	0	0.9916	0	0	0	0	0	0	0	0	0	0	0	0	0	0	0.1224	0	0	0	0	0	0	0	0	0.7347	0	0	0	0.0204	0	0	0	0.0816	0	0	0	0	0	0.0204	0	0	0	0	0	0	0	0.0204	0.0079	0.0344	0.0102	0.6939	0.1531	0.0408	0.102	0.0258	0.0023	0.0563	0.7254	0.0117	0.0235	0	0.0211	0.0657	0.0681	0
com.arroyaapps.bathroominteriordesigns	0.0089	0	0.9911	0.0019	0	0.9981	0.2778	0.3333	0.3333	0.0556	0.0002	0.0008	0.0111	0.0048	0.0098	0.9608	0	0	0	0	0	0	0	0	0	0	0	0	0	0	0.0294	0	0	0	0	0	0	0	0	0	0	0	0	0	0	0	0	0	0.0341	0	0	0.8295	0	0	0	0	0	0	0	0	0	0.0114	0	0	0	0	0	0	0	0	0	0	0	0	0	0	0	0	0	0	0.125	0	0.0025	0.0232	0.0217	0.587	0.1739	0.1304	0.087	0.0258	0.0023	0.0492	0.7658	0.0023	0.0375	0	0.0258	0.0726	0.0187	0
com.example.netease.llj	0.0426	0.0652	0.8921	0.0192	0.0411	0.9397	0.5455	0.0909	0.2727	0.0909	0.0007	0.0027	0.0242	0.0125	0	0	0	0	0	0.9767	0	0	0	0.0036	0	0	0	0	0	0	0	0	0	0	0	0	0	0	0.0143	0	0	0	0	0	0.0054	0	0	0	0	0	0	0	0.007	0	0	0	0	0	0	0	0	0.0453	0	0	0	0.0174	0	0	0	0	0	0	0	0.8711	0	0	0	0.0174	0.0418	0	0	0	0.0023	0.0265	0.037	0.7037	0.1111	0.0926	0.0556	0.018	0.0033	0.0556	0.6678	0.0082	0.0556	0.0098	0.0196	0.1064	0.0556	0
com.mjkand.cerpenpersahabatanremaja	0	0.3024	0.6976	0	0.2473	0.7527	0.5146	0.1165	0.3204	0.0485	0.0012	0.0038	0.0165	0.0072	0	0	0	0	0	0.0011	0	0	0	0	0	0.012	0	0	0.0066	0	0	0	0.9617	0	0.0175	0.0011	0	0	0	0	0	0	0	0	0	0	0	0	0	0	0.0426	0	0	0	0	0	0	0	0	0.0627	0	0	0	0	0.8346	0	0	0.0376	0	0	0	0	0	0	0.0201	0.0025	0	0	0	0	0	0	0.0035	0.0212	0.0258	0.6392	0.1134	0.1649	0.0567	0.0153	0.0009	0.081	0.4612	0.0153	0.1458	0.0119	0.0153	0.1338	0.1194	0
com.SmallFrontDoorDesigns.JillianJones	0.0089	0	0.9911	0.0019	0	0.9981	0.2778	0.3333	0.3333	0.0556	0.0002	0.0008	0.0111	0.0048	0.0098	0.9608	0	0	0	0	0	0	0	0	0	0	0	0	0	0	0.0294	0	0	0	0	0	0	0	0	0	0	0	0	0	0	0	0	0	0.0341	0	0	0.8295	0	0	0	0	0	0	0	0	0	0.0114	0	0	0	0	0	0	0	0	0	0	0	0	0	0	0	0	0	0	0.125	0	0.0025	0.0232	0.0217	0.587	0.1739	0.1304	0.087	0.0258	0.0023	0.0492	0.7658	0.0023	0.0375	0	0.0258	0.0726	0.0187	0
com.rrg.bubblewonderland.free	0.0021	0.3472	0.6507	0.0005	0.2627	0.7368	0.3	0.2143	0.4429	0.0429	0.0007	0.0025	0.017	0.0077	0.0019	0	0	0	0.0144	0	0.9703	0	0	0	0	0	0.0057	0	0	0	0	0	0	0	0	0	0.0077	0	0	0	0	0	0	0	0	0	0	0	0	0	0	0	0	0	0	0	0.8842	0	0	0.0337	0	0	0	0	0	0	0	0.0168	0	0	0.0484	0	0	0	0	0	0	0	0.0126	0	0	0.0042	0.0025	0.0147	0.0197	0.5329	0.1974	0.1842	0.0658	0.0199	0.0111	0.1351	0.5216	0.0122	0.0875	0.0066	0.0476	0.0709	0.0875	0
com.nianren.activity	0	0.0079	0.9921	0	0.0054	0.9946	0.3333	0	0.3333	0.3333	0	0	0.0021	0.0007	0	0	0	0	0	0	0	0	0	0	0	0	0	0	0	0.0526	0	0	0.9474	0	0	0	0	0	0	0	0	0	0	0	0	0	0	0	0	0	0	0	0	0	0	0	0	0	0.6667	0	0	0	0	0.1667	0	0	0	0	0	0	0	0	0	0	0	0	0	0	0	0	0	0.1667	0.0019	0.0388	0.0588	0.7059	0	0.0588	0.1765	0.031	0.0028	0.0254	0.7352	0	0.0197	0	0.0535	0.0169	0.1155	0
com.activity.csyongbaingk	0.0052	0.1897	0.805	0.0026	0.0964	0.901	0.375	0.2917	0.2917	0.0417	0	0.0002	0.0098	0.0037	0	0.9915	0	0	0	0	0	0	0	0	0	0	0	0	0	0	0	0	0	0	0	0	0	0	0	0	0	0	0	0	0	0	0	0.0085	0	0	0	0	0	0	0	0	0	0	0	0	0	0	0	0	0	0	0	0	0	0.0222	0	0	0	0	0.1333	0	0	0	0.7556	0	0	0.0889	0.0098	0.0351	0.0085	0.678	0.161	0.0593	0.0932	0.026	0.0024	0.0449	0.591	0.0024	0.0402	0	0.0213	0.1324	0.1395	0
com.arroyaapps.awesomecheesecakeideas	0.0089	0	0.9911	0.0019	0	0.9981	0.2778	0.3333	0.3333	0.0556	0.0002	0.0008	0.0111	0.0048	0.0098	0.9608	0	0	0	0	0	0	0	0	0	0	0	0	0	0	0.0294	0	0	0	0	0	0	0	0	0	0	0	0	0	0	0	0	0	0.0341	0	0	0.8295	0	0	0	0	0	0	0	0	0	0.0114	0	0	0	0	0	0	0	0	0	0	0	0	0	0	0	0	0	0	0.125	0	0.0025	0.0232	0.0217	0.587	0.1739	0.1304	0.087	0.0258	0.0023	0.0492	0.7658	0.0023	0.0375	0	0.0258	0.0726	0.0187	0
com.aaronbalderapps.narrowfoyerdecoratingideas	0.0089	0	0.9911	0.0019	0	0.9981	0.2778	0.3333	0.3333	0.0556	0.0002	0.0008	0.0111	0.0048	0.0098	0.9608	0	0	0	0	0	0	0	0	0	0	0	0	0	0	0.0294	0	0	0	0	0	0	0	0	0	0	0	0	0	0	0	0	0	0.0341	0	0	0.8295	0	0	0	0	0	0	0	0	0	0.0114	0	0	0	0	0	0	0	0	0	0	0	0	0	0	0	0	0	0	0.125	0	0.0025	0.0232	0.0217	0.587	0.1739	0.1304	0.087	0.0258	0.0023	0.0492	0.7658	0.0023	0.0375	0	0.0258	0.0726	0.0187	0
activity.cs.skfgfdgfht	0.0052	0.1897	0.805	0.0026	0.0964	0.901	0.375	0.2917	0.2917	0.0417	0	0.0002	0.0098	0.0037	0	0.9915	0	0	0	0	0	0	0	0	0	0	0	0	0	0	0	0	0	0	0	0	0	0	0	0	0	0	0	0	0	0	0	0.0085	0	0	0	0	0	0	0	0	0	0	0	0	0	0	0	0	0	0	0	0	0	0.0222	0	0	0	0	0.1333	0	0	0	0.7556	0	0	0.0889	0.0098	0.0351	0.0085	0.678	0.161	0.0593	0.0932	0.026	0.0024	0.0449	0.5887	0.0024	0.0402	0	0.0213	0.1324	0.1418	0
com.arroyaapps.backyardwoodprojects	0.0089	0	0.9911	0.0019	0	0.9981	0.2778	0.3333	0.3333	0.0556	0.0002	0.0008	0.0111	0.0048	0.0098	0.9608	0	0	0	0	0	0	0	0	0	0	0	0	0	0	0.0294	0	0	0	0	0	0	0	0	0	0	0	0	0	0	0	0	0	0.0341	0	0	0.8295	0	0	0	0	0	0	0	0	0	0.0114	0	0	0	0	0	0	0	0	0	0	0	0	0	0	0	0	0	0	0.125	0	0.0025	0.0232	0.0217	0.587	0.1739	0.1304	0.087	0.0258	0.0023	0.0492	0.7658	0.0023	0.0375	0	0.0258	0.0726	0.0187	0
com.WomenFloralEarringDesign.JohnKazmierczak	0.0089	0	0.9911	0.0019	0	0.9981	0.2778	0.3333	0.3333	0.0556	0.0002	0.0008	0.0111	0.0048	0.0098	0.9608	0	0	0	0	0	0	0	0	0	0	0	0	0	0	0.0294	0	0	0	0	0	0	0	0	0	0	0	0	0	0	0	0	0	0.0341	0	0	0.8295	0	0	0	0	0	0	0	0	0	0.0114	0	0	0	0	0	0	0	0	0	0	0	0	0	0	0	0	0	0	0.125	0	0.0025	0.0232	0.0217	0.587	0.1739	0.1304	0.087	0.0258	0.0023	0.0492	0.7658	0.0023	0.0375	0	0.0258	0.0726	0.0187	0
com.aaronbalderapps.new3dhomefloorplanideas	0.0089	0	0.9911	0.0019	0	0.9981	0.2778	0.3333	0.3333	0.0556	0.0002	0.0008	0.0111	0.0048	0.0098	0.9608	0	0	0	0	0	0	0	0	0	0	0	0	0	0	0.0294	0	0	0	0	0	0	0	0	0	0	0	0	0	0	0	0	0	0.0341	0	0	0.8295	0	0	0	0	0	0	0	0	0	0.0114	0	0	0	0	0	0	0	0	0	0	0	0	0	0	0	0	0	0	0.125	0	0.0025	0.0232	0.0217	0.587	0.1739	0.1304	0.087	0.0258	0.0023	0.0492	0.7658	0.0023	0.0375	0	0.0258	0.0726	0.0187	0
com.CeilingInteriorDesign.Nephilim	0.0041	0	0.9959	0.0011	0	0.9989	0.1714	0.3714	0.4	0.0571	0.0002	0.0009	0.0107	0.0041	0	0	0	0	0	0	0	0	0	0.0057	0	0	0	0.9686	0	0	0	0.0171	0	0	0	0	0	0	0	0.0086	0	0	0	0	0	0	0	0	0	0	0	0	0	0	0	0.0075	0	0	0	0.0075	0.1053	0	0	0	0	0	0	0	0	0	0	0	0	0.0602	0	0	0	0.8195	0	0	0	0	0.002	0.0149	0.0299	0.4776	0.2239	0.1642	0.1045	0.051	0.002	0.0612	0.4388	0.002	0.0673	0	0.0184	0.2735	0.0857	0
com.LipPiercingIdeas.JohnFehsenfeldjo	0.0089	0	0.9911	0.0019	0	0.9981	0.2778	0.3333	0.3333	0.0556	0.0002	0.0008	0.0111	0.0048	0.0098	0.9608	0	0	0	0	0	0	0	0	0	0	0	0	0	0	0.0294	0	0	0	0	0	0	0	0	0	0	0	0	0	0	0	0	0	0.0341	0	0	0.8295	0	0	0	0	0	0	0	0	0	0.0114	0	0	0	0	0	0	0	0	0	0	0	0	0	0	0	0	0	0	0.125	0	0.0025	0.0232	0.0217	0.587	0.1739	0.1304	0.087	0.0258	0.0023	0.0492	0.7658	0.0023	0.0375	0	0.0258	0.0726	0.0187	0
com.arroyaapps.apartmentdesignideas	0.0089	0	0.9911	0.0019	0	0.9981	0.2778	0.3333	0.3333	0.0556	0.0002	0.0008	0.0111	0.0048	0.0098	0.9608	0	0	0	0	0	0	0	0	0	0	0	0	0	0	0.0294	0	0	0	0	0	0	0	0	0	0	0	0	0	0	0	0	0	0.0341	0	0	0.8295	0	0	0	0	0	0	0	0	0	0.0114	0	0	0	0	0	0	0	0	0	0	0	0	0	0	0	0	0	0	0.125	0	0.0025	0.0232	0.0217	0.587	0.1739	0.1304	0.087	0.0258	0.0023	0.0492	0.7658	0.0023	0.0375	0	0.0258	0.0726	0.0187	0
shakira.abadi.shahibukhori	0.0054	0	0.9946	0.0013	0	0.9987	0.25	0.3333	0.375	0.0417	0.0003	0.0007	0.0107	0.0039	0	0.021	0	0	0	0	0	0	0.0105	0	0	0	0	0	0	0	0	0	0	0.9685	0	0	0	0	0	0	0	0	0	0	0	0	0	0	0	0	0	0	0	0	0	0	0.0566	0	0.8113	0	0	0.0094	0	0	0	0	0	0	0.1132	0	0	0	0	0	0	0	0	0	0.0094	0	0	0	0.0019	0.017	0.0196	0.5686	0.1569	0.1765	0.0784	0.0547	0.0022	0.046	0.4267	0.0022	0.0438	0	0.0197	0.3129	0.0919	0
com.mozgame.fever.candy	0.0021	0.3011	0.6968	0.0005	0.2206	0.7789	0.3175	0.2381	0.4127	0.0317	0.0006	0.0023	0.0174	0.0081	0	0	0	0	0	0	0.9694	0	0	0	0	0	0	0	0	0.0148	0	0	0	0	0	0.0079	0.002	0	0	0	0	0	0	0	0	0	0.0059	0	0	0	0	0	0.8832	0	0	0	0	0	0	0	0	0	0.0127	0	0.017	0	0	0	0.0042	0.0488	0	0	0	0.034	0	0	0	0	0	0	0	0	0.0025	0.0154	0.0138	0.5517	0.2069	0.1586	0.069	0.0202	0.0112	0.1368	0.5179	0.0123	0.0863	0.0067	0.0482	0.0717	0.0886	0
com.sss.naoyan.zimongjief	0.0193	0.1198	0.8609	0.004	0.0707	0.9253	0.45	0.3	0.2	0.05	0	0.0002	0.0096	0.004	0	0	0	0	0	0	0	0	0	0	0	0	0	0	0	0	0	0.0084	0	0	0	0	0	0	0	0	0	0	0	0	0	0	0.9916	0	0	0.7347	0.0204	0	0	0	0.0204	0	0	0	0	0	0	0	0	0	0.0204	0.0816	0	0	0	0	0	0	0	0	0.1224	0	0	0	0	0	0	0	0.0079	0.0344	0.0102	0.6939	0.1531	0.0408	0.102	0.0258	0.0023	0.0563	0.7254	0.0117	0.0235	0	0.0211	0.0657	0.0681	0
com.GardenWallPathDesign.JohnKazmierczak	0.0089	0	0.9911	0.0019	0	0.9981	0.2778	0.3333	0.3333	0.0556	0.0002	0.0008	0.0111	0.0048	0.0098	0.9608	0	0	0	0	0	0	0	0	0	0	0	0	0	0	0.0294	0	0	0	0	0	0	0	0	0	0	0	0	0	0	0	0	0	0.0341	0	0	0.8295	0	0	0	0	0	0	0	0	0	0.0114	0	0	0	0	0	0	0	0	0	0	0	0	0	0	0	0	0	0	0.125	0	0.0025	0.0232	0.0217	0.587	0.1739	0.1304	0.087	0.0258	0.0023	0.0492	0.7658	0.0023	0.0375	0	0.0258	0.0726	0.0187	0
com.design.viralquiz	0	0.0308	0.9692	0	0.0209	0.9791	0.3636	0.2424	0.3333	0.0606	0.0003	0.0018	0.0172	0.0072	0	0	0	0	0	0	0	0	0.0119	0	0	0	0.0079	0	0	0	0	0	0	0	0	0	0	0	0.9802	0	0	0	0	0	0	0	0	0	0	0.0143	0	0	0	0	0	0.8762	0	0.0048	0	0.0143	0.0286	0	0	0	0	0	0	0	0.0619	0	0	0	0	0	0	0	0	0	0	0	0	0	0.0027	0.0209	0.0253	0.6709	0.1013	0.1266	0.0759	0.0295	0.0016	0.0704	0.5303	0.0016	0.0966	0	0.1097	0.0196	0.1408	0
com.mozgame.fruitjourney	0.0021	0.3011	0.6968	0.0005	0.2206	0.7789	0.3175	0.2381	0.4127	0.0317	0.0006	0.0023	0.0174	0.0081	0	0	0	0.0148	0	0	0	0	0	0	0	0.0079	0	0.002	0	0	0	0	0	0	0	0	0	0	0	0.0059	0	0	0	0.9694	0	0	0	0	0	0	0	0	0	0	0.0127	0	0	0	0	0.0488	0.034	0	0	0	0	0.8832	0.0042	0	0	0	0	0	0	0	0	0.017	0	0	0	0	0	0	0.0025	0.0154	0.0138	0.5517	0.2069	0.1586	0.069	0.0202	0.0112	0.1368	0.5179	0.0123	0.0863	0.0067	0.0482	0.0717	0.0886	0
com.KimonostyleCardigan.SusanBeall	0.0089	0	0.9911	0.0019	0	0.9981	0.2778	0.3333	0.3333	0.0556	0.0002	0.0008	0.0111	0.0048	0.0098	0.9608	0	0	0	0	0	0	0	0	0	0	0	0	0	0	0.0294	0	0	0	0	0	0	0	0	0	0	0	0	0	0	0	0	0	0.0341	0	0	0.8295	0	0	0	0	0	0	0	0	0	0.0114	0	0	0	0	0	0	0	0	0	0	0	0	0	0	0	0	0	0	0.125	0	0.0025	0.0232	0.0217	0.587	0.1739	0.1304	0.087	0.0258	0.0023	0.0492	0.7658	0.0023	0.0375	0	0.0258	0.0726	0.0187	0
com.JuniorBikiniSwimsuit.JohnKazmierczak	0.0089	0	0.9911	0.0019	0	0.9981	0.2778	0.3333	0.3333	0.0556	0.0002	0.0008	0.0111	0.0048	0.0098	0.9608	0	0	0	0	0	0	0	0	0	0	0	0	0	0	0.0294	0	0	0	0	0	0	0	0	0	0	0	0	0	0	0	0	0	0.0341	0	0	0.8295	0	0	0	0	0	0	0	0	0	0.0114	0	0	0	0	0	0	0	0	0	0	0	0	0	0	0	0	0	0	0.125	0	0.0025	0.0232	0.0217	0.587	0.1739	0.1304	0.087	0.0258	0.0023	0.0492	0.7658	0.0023	0.0375	0	0.0258	0.0726	0.0187	0
com.arroyaapps.romanticcanopybeds	0.0089	0	0.9911	0.0019	0	0.9981	0.2778	0.3333	0.3333	0.0556	0.0002	0.0008	0.0111	0.0048	0.0098	0.9608	0	0	0	0	0	0	0	0	0	0	0	0	0	0	0.0294	0	0	0	0	0	0	0	0	0	0	0	0	0	0	0	0	0	0.0341	0	0	0.8295	0	0	0	0	0	0	0	0	0	0.0114	0	0	0	0	0	0	0	0	0	0	0	0	0	0	0	0	0	0	0.125	0	0.0025	0.0232	0.0217	0.587	0.1739	0.1304	0.087	0.0258	0.0023	0.0492	0.7658	0.0023	0.0375	0	0.0258	0.0726	0.0187	0
com.aaronbalderapps.crochetpursedesignideas	0.0089	0	0.9911	0.0019	0	0.9981	0.2778	0.3333	0.3333	0.0556	0.0002	0.0008	0.0111	0.0048	0.0098	0.9608	0	0	0	0	0	0	0	0	0	0	0	0	0	0	0.0294	0	0	0	0	0	0	0	0	0	0	0	0	0	0	0	0	0	0.0341	0	0	0.8295	0	0	0	0	0	0	0	0	0	0.0114	0	0	0	0	0	0	0	0	0	0	0	0	0	0	0	0	0	0	0.125	0	0.0025	0.0232	0.0217	0.587	0.1739	0.1304	0.087	0.0258	0.0023	0.0492	0.7658	0.0023	0.0375	0	0.0258	0.0726	0.0187	0
com.BridesmaidDressIdeaGallery.Nephilim	0.0041	0	0.9959	0.0011	0	0.9989	0.1714	0.3714	0.4	0.0571	0.0002	0.0009	0.0107	0.0041	0	0	0	0	0	0	0	0	0	0.0057	0	0	0	0.9686	0	0	0	0.0171	0	0	0	0	0	0	0	0.0086	0	0	0	0	0	0	0	0	0	0	0	0	0	0	0	0.0075	0	0	0	0.0075	0.1053	0	0	0	0	0	0	0	0	0	0	0	0	0.0602	0	0	0	0.8195	0	0	0	0	0.002	0.0149	0.0299	0.4776	0.2239	0.1642	0.1045	0.051	0.002	0.0612	0.4388	0.002	0.0673	0	0.0184	0.2735	0.0857	0
com.szsg.szlrs	0	0.1598	0.8402	0	0.0939	0.9061	0.3913	0.3043	0.2609	0.0435	0	0.0003	0.0086	0.004	0	0	0.9901	0	0	0	0	0	0	0	0	0	0	0	0	0	0	0	0.0099	0	0	0	0	0	0	0	0	0	0	0	0	0	0	0	0.1277	0	0	0	0	0	0	0	0	0	0	0	0	0	0	0	0	0	0.0851	0	0	0	0	0	0	0	0	0	0.766	0	0	0.0213	0	0	0.0097	0.0362	0.0088	0.6726	0.1681	0.0531	0.0973	0.026	0.0024	0.0449	0.7612	0	0.0189	0	0.0213	0.0638	0.0615	0
com.HairTieIdeasTutorial.Nephilim	0.0041	0	0.9959	0.0011	0	0.9989	0.1714	0.3714	0.4	0.0571	0.0002	0.0009	0.0107	0.0041	0	0	0	0	0	0	0	0	0	0.0057	0	0	0	0.9686	0	0	0	0.0171	0	0	0	0	0	0	0	0.0086	0	0	0	0	0	0	0	0	0	0	0	0	0	0	0	0.0075	0	0	0	0.0075	0.1053	0	0	0	0	0	0	0	0	0	0	0	0	0.0602	0	0	0	0.8195	0	0	0	0	0.002	0.0149	0.0299	0.4776	0.2239	0.1642	0.1045	0.051	0.002	0.0612	0.4388	0.002	0.0673	0	0.0184	0.2735	0.0857	0
com.tanke.InterstellarChariots3D91bb	0	0.2364	0.7636	0	0.1425	0.8575	0.5778	0.1556	0.2444	0.0222	0.0018	0.0026	0.023	0.0107	0	0.9547	0	0	0.0267	0	0	0	0	0	0	0	0	0	0.0082	0	0	0	0	0	0	0	0	0	0	0.0103	0	0	0	0	0	0	0	0	0	0	0	0	0	0.0176	0	0	0	0	0	0	0	0.0396	0	0	0	0	0	0.8899	0	0	0	0	0	0.022	0	0	0	0	0	0.022	0.0088	0	0.0074	0.0284	0.0064	0.7325	0.1083	0.0701	0.0828	0.0183	0.0017	0.0582	0.6223	0.0416	0.0699	0.01	0.015	0.0466	0.1165	0
com.aaronbalderapps.simplepatiodesigns	0.0089	0	0.9911	0.0019	0	0.9981	0.2778	0.3333	0.3333	0.0556	0.0002	0.0008	0.0111	0.0048	0.0098	0.9608	0	0	0	0	0	0	0	0	0	0	0	0	0	0	0.0294	0	0	0	0	0	0	0	0	0	0	0	0	0	0	0	0	0	0.0341	0	0	0.8295	0	0	0	0	0	0	0	0	0	0.0114	0	0	0	0	0	0	0	0	0	0	0	0	0	0	0	0	0	0	0.125	0	0.0025	0.0232	0.0217	0.587	0.1739	0.1304	0.087	0.0258	0.0023	0.0492	0.7658	0.0023	0.0375	0	0.0258	0.0726	0.0187	0
com.EmbroideryDesignIdeas.Nephilim	0.0041	0	0.9959	0.0011	0	0.9989	0.1714	0.3714	0.4	0.0571	0.0002	0.0009	0.0107	0.0041	0	0	0	0	0	0	0	0	0	0.0057	0	0	0	0.9686	0	0	0	0.0171	0	0	0	0	0	0	0	0.0086	0	0	0	0	0	0	0	0	0	0	0	0	0	0	0	0.0075	0	0	0	0.0075	0.1053	0	0	0	0	0	0	0	0	0	0	0	0	0.0602	0	0	0	0.8195	0	0	0	0	0.002	0.0149	0.0299	0.4776	0.2239	0.1642	0.1045	0.051	0.002	0.0612	0.4388	0.002	0.0673	0	0.0184	0.2735	0.0857	0
com.tanke.InterstellarChariots3D91bb	0	0.2364	0.7636	0	0.1426	0.8574	0.5778	0.1556	0.2444	0.0222	0.0018	0.0026	0.023	0.0107	0	0	0	0	0	0	0	0	0.0103	0	0	0	0	0	0	0	0	0	0.9547	0	0	0	0	0	0	0	0.0082	0.0267	0	0	0	0	0	0	0	0	0	0	0	0	0	0	0.022	0	0	0	0.0088	0	0	0	0	0	0	0	0	0.0396	0	0	0	0.022	0	0	0	0	0	0.0176	0.8899	0	0.0074	0.0284	0.0064	0.7325	0.1083	0.0701	0.0828	0.0183	0.0017	0.0582	0.6223	0.0416	0.0699	0.01	0.015	0.0466	0.1165	0
com.mozgame.fruitssplash	0.0022	0.2786	0.7192	0.0005	0.1995	0.8	0.2951	0.2459	0.4262	0.0328	0.0006	0.0023	0.0178	0.0083	0	0	0	0	0	0	0	0.9691	0	0	0	0	0.015	0	0.008	0	0	0.006	0	0	0	0	0	0	0	0	0	0.002	0	0	0	0	0	0	0	0	0	0.0343	0	0	0.8822	0	0	0	0	0	0	0	0.0493	0	0	0	0	0	0.0128	0	0	0.0171	0	0	0	0	0	0.0043	0	0	0	0	0.0025	0.0153	0.0143	0.5357	0.2143	0.1643	0.0714	0.0209	0.0116	0.1337	0.5128	0.0128	0.0837	0.007	0.05	0.0826	0.0849	0
com.ranup.catatanfiqih	0	0	1	0	0	1	0.2222	0.3333	0.3704	0.0741	0.0003	0.0011	0.0157	0.0059	0	0	0	0.0115	0	0	0.0076	0	0	0	0	0	0.9809	0	0	0	0	0	0	0	0	0	0	0	0	0	0	0	0	0	0	0	0	0	0	0	0	0	0	0.0051	0.0354	0	0	0	0.0101	0	0	0	0.0707	0.8687	0	0	0	0	0	0	0	0	0	0	0.0101	0	0	0	0	0	0	0	0.0018	0.0181	0.0333	0.6167	0.1333	0.15	0.0667	0.0415	0.0017	0.0664	0.4169	0.0017	0.093	0	0.015	0.2409	0.1229	0
com.arroyaapps.entrancewaydecoratingideas	0.0089	0	0.9911	0.0019	0	0.9981	0.2778	0.3333	0.3333	0.0556	0.0002	0.0008	0.0111	0.0048	0.0098	0.9608	0	0	0	0	0	0	0	0	0	0	0	0	0	0	0.0294	0	0	0	0	0	0	0	0	0	0	0	0	0	0	0	0	0	0.0341	0	0	0.8295	0	0	0	0	0	0	0	0	0	0.0114	0	0	0	0	0	0	0	0	0	0	0	0	0	0	0	0	0	0	0.125	0	0.0025	0.0232	0.0217	0.587	0.1739	0.1304	0.087	0.0258	0.0023	0.0492	0.7658	0.0023	0.0375	0	0.0258	0.0726	0.0187	0
com.sanguo.daluandou.kjur	0	0.2527	0.7473	0	0.2045	0.7955	0.375	0.2917	0.2917	0.0417	0	0.0004	0.0114	0.0035	0	0	0	0	0	0	0	0	0.0063	0.9937	0	0	0	0	0	0	0	0	0	0	0	0	0	0	0	0	0	0	0	0	0	0	0	0	0	0	0	0	0	0	0	0	0.0816	0	0	0	0	0	0	0	0	0	0	0	0.7755	0	0	0.0204	0.1224	0	0	0	0	0	0	0	0	0	0.0086	0.0302	0.0084	0.6723	0.1597	0.0588	0.1008	0.0263	0.0024	0.0453	0.7542	0.0024	0.0215	0	0.0716	0.0143	0.0621	0
com.UniqueFlowerCraftIdea.JohnKazmierczak	0.0089	0	0.9911	0.0019	0	0.9981	0.2778	0.3333	0.3333	0.0556	0.0002	0.0008	0.0111	0.0048	0.0098	0.9608	0	0	0	0	0	0	0	0	0	0	0	0	0	0	0.0294	0	0	0	0	0	0	0	0	0	0	0	0	0	0	0	0	0	0.0341	0	0	0.8295	0	0	0	0	0	0	0	0	0	0.0114	0	0	0	0	0	0	0	0	0	0	0	0	0	0	0	0	0	0	0.125	0	0.0025	0.0232	0.0217	0.587	0.1739	0.1304	0.087	0.0258	0.0023	0.0492	0.7658	0.0023	0.0375	0	0.0258	0.0726	0.0187	0
com.arroyaapps.highheelideas	0.0089	0	0.9911	0.0019	0	0.9981	0.2778	0.3333	0.3333	0.0556	0.0002	0.0008	0.0111	0.0048	0.0098	0.9608	0	0	0	0	0	0	0	0	0	0	0	0	0	0	0.0294	0	0	0	0	0	0	0	0	0	0	0	0	0	0	0	0	0	0.0341	0	0	0.8295	0	0	0	0	0	0	0	0	0	0.0114	0	0	0	0	0	0	0	0	0	0	0	0	0	0	0	0	0	0	0.125	0	0.0025	0.0232	0.0217	0.587	0.1739	0.1304	0.087	0.0258	0.0023	0.0492	0.7658	0.0023	0.0375	0	0.0258	0.0726	0.0187	0
com.padyun.spring	0.0943	0.3878	0.5179	0.0734	0.3625	0.5642	0.6778	0.1	0.2	0.0222	0.0014	0.0037	0.0164	0.007	0	0	0	0	0	0	0.0026	0.0052	0	0	0	0	0	0	0	0.0192	0	0	0.0009	0	0	0	0	0	0	0.007	0.9651	0	0	0	0	0	0	0	0.002	0	0	0	0	0	0	0	0	0	0	0.0122	0.0306	0	0	0	0	0	0	0.8878	0	0	0	0	0	0.051	0	0	0	0.0163	0	0	0	0	0.0035	0.0166	0.0081	0.8097	0.0769	0.0607	0.0445	0.0155	0.0086	0.0593	0.5163	0.0069	0.1014	0.0137	0.0352	0.0704	0.1727	0
com.arroyaapps.bedroompaintingideas	0.0089	0	0.9911	0.0019	0	0.9981	0.2778	0.3333	0.3333	0.0556	0.0002	0.0008	0.0111	0.0048	0.0098	0.9608	0	0	0	0	0	0	0	0	0	0	0	0	0	0	0.0294	0	0	0	0	0	0	0	0	0	0	0	0	0	0	0	0	0	0.0341	0	0	0.8295	0	0	0	0	0	0	0	0	0	0.0114	0	0	0	0	0	0	0	0	0	0	0	0	0	0	0	0	0	0	0.125	0	0.0025	0.0232	0.0217	0.587	0.1739	0.1304	0.087	0.0258	0.0023	0.0492	0.7658	0.0023	0.0375	0	0.0258	0.0726	0.0187	0
com.WallDecoratingIdeas.ArloNord	0.0089	0	0.9911	0.0019	0	0.9981	0.2778	0.3333	0.3333	0.0556	0.0002	0.0008	0.0111	0.0048	0.0098	0.9608	0	0	0	0	0	0	0	0	0	0	0	0	0	0	0.0294	0	0	0	0	0	0	0	0	0	0	0	0	0	0	0	0	0	0.0341	0	0	0.8295	0	0	0	0	0	0	0	0	0	0.0114	0	0	0	0	0	0	0	0	0	0	0	0	0	0	0	0	0	0	0.125	0	0.0025	0.0232	0.0217	0.587	0.1739	0.1304	0.087	0.0258	0.0023	0.0492	0.7658	0.0023	0.0375	0	0.0258	0.0726	0.0187	0
com.mozgame.cookie.family	0.0022	0.2786	0.7192	0.0005	0.1995	0.8	0.2951	0.2459	0.4262	0.0328	0.0006	0.0023	0.0178	0.0083	0	0	0	0	0	0	0.015	0	0.008	0	0	0	0	0.006	0	0	0	0	0	0	0	0	0	0	0	0	0.002	0.9691	0	0	0	0	0	0	0	0.0128	0.0171	0	0	0	0	0	0.0493	0	0.0343	0	0	0	0	0	0	0	0	0	0	0	0	0	0	0	0	0	0	0	0	0.0043	0.8822	0	0.0025	0.0153	0.0143	0.5357	0.2143	0.1643	0.0714	0.0209	0.0116	0.1337	0.5128	0.0128	0.0837	0.007	0.05	0.0826	0.0849	0
com.sss.naoyan.zimongjief	0.0193	0.1189	0.8618	0.004	0.0703	0.9257	0.45	0.3	0.2	0.05	0	0.0002	0.0096	0.004	0	0	0	0	0	0	0	0	0	0	0	0	0	0	0	0	0	0	0	0.0084	0	0.9916	0	0	0	0	0	0	0	0	0	0	0	0	0	0	0.1224	0	0	0	0	0	0	0	0	0.7347	0	0	0	0.0204	0	0	0	0.0816	0	0	0	0	0	0.0204	0	0	0	0	0	0	0	0.0204	0.0079	0.0344	0.0102	0.6939	0.1531	0.0408	0.102	0.0258	0.0023	0.0563	0.7254	0.0117	0.0235	0	0.0211	0.0657	0.0681	0
com.BabyGirlDressesGallery.Nephilim	0.0041	0	0.9959	0.0011	0	0.9989	0.1714	0.3714	0.4	0.0571	0.0002	0.0009	0.0107	0.0041	0	0	0	0	0	0	0	0	0	0.0057	0	0	0	0.9686	0	0	0	0.0171	0	0	0	0	0	0	0	0.0086	0	0	0	0	0	0	0	0	0	0	0	0	0	0	0	0.0075	0	0	0	0.0075	0.1053	0	0	0	0	0	0	0	0	0	0	0	0	0.0602	0	0	0	0.8195	0	0	0	0	0.002	0.0149	0.0299	0.4776	0.2239	0.1642	0.1045	0.051	0.002	0.0612	0.4388	0.002	0.0673	0	0.0184	0.2735	0.0857	0
com.aaronbalderapps.sofabeddesignideas	0.0089	0	0.9911	0.0019	0	0.9981	0.2778	0.3333	0.3333	0.0556	0.0002	0.0008	0.0111	0.0048	0.0098	0.9608	0	0	0	0	0	0	0	0	0	0	0	0	0	0	0.0294	0	0	0	0	0	0	0	0	0	0	0	0	0	0	0	0	0	0.0341	0	0	0.8295	0	0	0	0	0	0	0	0	0	0.0114	0	0	0	0	0	0	0	0	0	0	0	0	0	0	0	0	0	0	0.125	0	0.0025	0.0232	0.0217	0.587	0.1739	0.1304	0.087	0.0258	0.0023	0.0492	0.7658	0.0023	0.0375	0	0.0258	0.0726	0.0187	0
com.aaronbalderapps.awesomecheesecakeideas	0.0089	0	0.9911	0.0019	0	0.9981	0.2778	0.3333	0.3333	0.0556	0.0002	0.0008	0.0111	0.0048	0.0098	0.9608	0	0	0	0	0	0	0	0	0	0	0	0	0	0	0.0294	0	0	0	0	0	0	0	0	0	0	0	0	0	0	0	0	0	0.0341	0	0	0.8295	0	0	0	0	0	0	0	0	0	0.0114	0	0	0	0	0	0	0	0	0	0	0	0	0	0	0	0	0	0	0.125	0	0.0025	0.0232	0.0217	0.587	0.1739	0.1304	0.087	0.0258	0.0023	0.0492	0.7658	0.0023	0.0375	0	0.0258	0.0726	0.0187	0
com.aaronbalderapps.homeexteriordesign	0.0089	0	0.9911	0.0019	0	0.9981	0.2778	0.3333	0.3333	0.0556	0.0002	0.0008	0.0111	0.0048	0.0098	0.9608	0	0	0	0	0	0	0	0	0	0	0	0	0	0	0.0294	0	0	0	0	0	0	0	0	0	0	0	0	0	0	0	0	0	0.0341	0	0	0.8295	0	0	0	0	0	0	0	0	0	0.0114	0	0	0	0	0	0	0	0	0	0	0	0	0	0	0	0	0	0	0.125	0	0.0025	0.0232	0.0217	0.587	0.1739	0.1304	0.087	0.0258	0.0023	0.0492	0.7658	0.0023	0.0375	0	0.0258	0.0726	0.0187	0
com.arroyaapps.crochetdoiliesideas	0.0089	0	0.9911	0.0019	0	0.9981	0.2778	0.3333	0.3333	0.0556	0.0002	0.0008	0.0111	0.0048	0.0098	0.9608	0	0	0	0	0	0	0	0	0	0	0	0	0	0	0.0294	0	0	0	0	0	0	0	0	0	0	0	0	0	0	0	0	0	0.0341	0	0	0.8295	0	0	0	0	0	0	0	0	0	0.0114	0	0	0	0	0	0	0	0	0	0	0	0	0	0	0	0	0	0	0.125	0	0.0025	0.0232	0.0217	0.587	0.1739	0.1304	0.087	0.0258	0.0023	0.0492	0.7658	0.0023	0.0375	0	0.0258	0.0726	0.0187	0
com.aaronbalderapps.boxplanterideas	0.0089	0	0.9911	0.0019	0	0.9981	0.2778	0.3333	0.3333	0.0556	0.0002	0.0008	0.0111	0.0048	0.0098	0.9608	0	0	0	0	0	0	0	0	0	0	0	0	0	0	0.0294	0	0	0	0	0	0	0	0	0	0	0	0	0	0	0	0	0	0.0341	0	0	0.8295	0	0	0	0	0	0	0	0	0	0.0114	0	0	0	0	0	0	0	0	0	0	0	0	0	0	0	0	0	0	0.125	0	0.0025	0.0232	0.0217	0.587	0.1739	0.1304	0.087	0.0258	0.0023	0.0492	0.7658	0.0023	0.0375	0	0.0258	0.0726	0.0187	0
com.ayans.mathformula	0.0035	0.0011	0.9953	0.001	0.0007	0.9983	0.2449	0.3061	0.3878	0.0612	0.0007	0.0016	0.0141	0.0066	0	0	0	0	0	0	0	0	0	0	0	0	0	0	0	0	0	0	0	0	0	0.006	0	0.0048	0	0	0	0	0.0072	0	0	0	0.0012	0.9807	0	0	0	0	0	0	0	0	0	0	0	0	0	0.0026	0	0	0	0	0	0.0154	0	0.0463	0.0129	0	0	0	0.8766	0.0463	0	0	0	0	0	0	0.0018	0.0129	0.0275	0.4587	0.2844	0.1376	0.0917	0.0515	0.0026	0.066	0.6095	0.0198	0.0976	0	0.0528	0.0237	0.0765	0
com.WeddingTablecloth.SusanBeall	0.0089	0	0.9911	0.0019	0	0.9981	0.2778	0.3333	0.3333	0.0556	0.0002	0.0008	0.0111	0.0048	0.0098	0.9608	0	0	0	0	0	0	0	0	0	0	0	0	0	0	0.0294	0	0	0	0	0	0	0	0	0	0	0	0	0	0	0	0	0	0.0341	0	0	0.8295	0	0	0	0	0	0	0	0	0	0.0114	0	0	0	0	0	0	0	0	0	0	0	0	0	0	0	0	0	0	0.125	0	0.0025	0.0232	0.0217	0.587	0.1739	0.1304	0.087	0.0258	0.0023	0.0492	0.7658	0.0023	0.0375	0	0.0258	0.0726	0.0187	0
com.gzlok.papa.show	0.0026	0.6336	0.3638	0.0005	0.4875	0.512	0.6413	0.0815	0.2663	0.0109	0.0019	0.0037	0.0191	0.0086	0	0	0	0	0.0126	0	0	0	0	0	0	0.0069	0	0	0	0	0.0092	0	0.0366	0	0	0.0023	0.0023	0	0	0.0023	0	0.9279	0	0	0	0	0	0	0	0	0	0	0	0	0	0.0305	0.0279	0	0	0	0	0	0	0	0.0431	0	0	0	0	0	0	0	0	0	0	0	0	0.8832	0.0127	0.0025	0	0	0.0068	0.0276	0.0064	0.6849	0.1029	0.1543	0.0514	0.0142	0.0008	0.0498	0.7083	0.0142	0.0538	0.0079	0.0245	0.0103	0.1162	0
com.tanke.InterstellarChariots3D91bb	0	0.2364	0.7636	0	0.1425	0.8575	0.5778	0.1556	0.2444	0.0222	0.0018	0.0026	0.023	0.0107	0	0.9547	0	0	0.0267	0	0	0	0	0	0	0	0	0	0.0082	0	0	0	0	0	0	0	0	0	0	0.0103	0	0	0	0	0	0	0	0	0	0	0	0	0	0.0176	0	0	0	0	0	0	0	0.0396	0	0	0	0	0	0.8899	0	0	0	0	0	0.022	0	0	0	0	0	0.022	0.0088	0	0.0074	0.0284	0.0064	0.7325	0.1083	0.0701	0.0828	0.0183	0.0017	0.0582	0.6223	0.0416	0.0699	0.01	0.015	0.0466	0.1165	0
com.rrg.bubblequest	0.0021	0.3472	0.6507	0.0005	0.2627	0.7368	0.3	0.2143	0.4429	0.0429	0.0007	0.0025	0.017	0.0077	0	0	0	0	0	0	0	0	0	0	0	0	0	0	0	0	0.0144	0	0.0057	0	0	0	0	0	0	0.9703	0	0	0	0	0	0.0077	0.0019	0	0	0	0	0	0	0	0	0	0.0042	0	0.8842	0	0	0	0	0	0	0	0	0.0126	0	0	0	0	0	0	0	0	0	0	0.0168	0.0484	0	0.0337	0.0025	0.0147	0.0197	0.5329	0.1974	0.1842	0.0658	0.0199	0.0111	0.1351	0.5216	0.0122	0.0875	0.0066	0.0476	0.0709	0.0875	0
activity.cs.csdisinvkxunias	0.0052	0.1897	0.805	0.0026	0.0964	0.901	0.375	0.2917	0.2917	0.0417	0	0.0002	0.0098	0.0037	0	0.9915	0	0	0	0	0	0	0	0	0	0	0	0	0	0	0	0	0	0	0	0	0	0	0	0	0	0	0	0	0	0	0	0.0085	0	0	0	0	0	0	0	0	0	0	0	0	0	0	0	0	0	0	0	0	0	0.0222	0	0	0	0	0.1333	0	0	0	0.7556	0	0	0.0889	0.0098	0.0351	0.0085	0.678	0.161	0.0593	0.0932	0.026	0.0024	0.0449	0.5887	0.0024	0.0402	0	0.0213	0.1324	0.1418	0
rksystem.punediary	0.0168	0.098	0.8853	0.0069	0.0731	0.92	0.6885	0.082	0.1967	0.0328	0.0007	0.0025	0.0189	0.0087	0	0	0	0	0	0	0.0023	0	0	0	0.9759	0	0	0	0	0	0	0	0.0092	0	0	0.0092	0	0	0	0	0.0023	0	0	0	0.0011	0	0	0	0	0	0.015	0	0	0	0	0	0	0	0	0	0	0	0	0	0	0.8825	0	0.0125	0	0.045	0.0025	0	0	0	0	0	0	0	0	0	0.0425	0	0.0023	0.0174	0.0192	0.7404	0.0962	0.0962	0.0481	0.04	0.0125	0.0699	0.5343	0.005	0.1161	0	0.0512	0.0811	0.0899	0
com.WoodenAndIronEntranceGate.JohnKazmierczak	0.0089	0	0.9911	0.0019	0	0.9981	0.2778	0.3333	0.3333	0.0556	0.0002	0.0008	0.0111	0.0048	0.0098	0.9608	0	0	0	0	0	0	0	0	0	0	0	0	0	0	0.0294	0	0	0	0	0	0	0	0	0	0	0	0	0	0	0	0	0	0.0341	0	0	0.8295	0	0	0	0	0	0	0	0	0	0.0114	0	0	0	0	0	0	0	0	0	0	0	0	0	0	0	0	0	0	0.125	0	0.0025	0.0232	0.0217	0.587	0.1739	0.1304	0.087	0.0258	0.0023	0.0492	0.7658	0.0023	0.0375	0	0.0258	0.0726	0.0187	0
com.tankemplay.Interstellargfffd	0	0.2364	0.7636	0	0.1425	0.8575	0.5778	0.1556	0.2444	0.0222	0.0018	0.0026	0.023	0.0107	0	0.9547	0	0	0.0267	0	0	0	0	0	0	0	0	0	0.0082	0	0	0	0	0	0	0	0	0	0	0.0103	0	0	0	0	0	0	0	0	0	0	0	0	0	0.0176	0	0	0	0	0	0	0	0.0396	0	0	0	0	0	0.8899	0	0	0	0	0	0.022	0	0	0	0	0	0.022	0.0088	0	0.0074	0.0284	0.0064	0.7325	0.1083	0.0701	0.0828	0.0183	0.0017	0.0582	0.6223	0.0416	0.0699	0.01	0.015	0.0466	0.1165	0
com.GarageOrganizerIdeas.JohnFehsenfeldjo	0.0089	0	0.9911	0.0019	0	0.9981	0.2778	0.3333	0.3333	0.0556	0.0002	0.0008	0.0111	0.0048	0.0098	0.9608	0	0	0	0	0	0	0	0	0	0	0	0	0	0	0.0294	0	0	0	0	0	0	0	0	0	0	0	0	0	0	0	0	0	0.0341	0	0	0.8295	0	0	0	0	0	0	0	0	0	0.0114	0	0	0	0	0	0	0	0	0	0	0	0	0	0	0	0	0	0	0.125	0	0.0025	0.0232	0.0217	0.587	0.1739	0.1304	0.087	0.0258	0.0023	0.0492	0.7658	0.0023	0.0375	0	0.0258	0.0726	0.0187	0
com.RomanticBedroomDesign.heidismith	0.0089	0	0.9911	0.0019	0	0.9981	0.2778	0.3333	0.3333	0.0556	0.0002	0.0008	0.0111	0.0048	0.0098	0.9608	0	0	0	0	0	0	0	0	0	0	0	0	0	0	0.0294	0	0	0	0	0	0	0	0	0	0	0	0	0	0	0	0	0	0.0341	0	0	0.8295	0	0	0	0	0	0	0	0	0	0.0114	0	0	0	0	0	0	0	0	0	0	0	0	0	0	0	0	0	0	0.125	0	0.0025	0.0232	0.0217	0.587	0.1739	0.1304	0.087	0.0258	0.0023	0.0492	0.7658	0.0023	0.0375	0	0.0258	0.0726	0.0187	0
com.blood.zombiesekjxm	0	0.1632	0.8368	0	0.0764	0.9236	0.48	0.24	0.24	0.04	0	0.0004	0.0096	0.0039	0	0	0	0	0	0	0	0	0	0	0	0	0	0	0	0	0	0	0	0	0	0.0086	0	0	0	0	0	0	0	0	0	0	0	0.9914	0	0	0	0	0	0	0	0	0	0	0	0.766	0	0.1064	0	0	0	0	0	0	0	0.0851	0	0	0	0	0	0.0213	0.0213	0	0	0	0	0	0.0089	0.0346	0.0093	0.6852	0.1389	0.0556	0.1111	0.0263	0.0024	0.0455	0.7392	0.012	0.0191	0	0.0215	0.0646	0.0694	0
com.arroyaapps.hallwaylightingideas	0.0089	0	0.9911	0.0019	0	0.9981	0.2778	0.3333	0.3333	0.0556	0.0002	0.0008	0.0111	0.0048	0.0098	0.9608	0	0	0	0	0	0	0	0	0	0	0	0	0	0	0.0294	0	0	0	0	0	0	0	0	0	0	0	0	0	0	0	0	0	0.0341	0	0	0.8295	0	0	0	0	0	0	0	0	0	0.0114	0	0	0	0	0	0	0	0	0	0	0	0	0	0	0	0	0	0	0.125	0	0.0025	0.0232	0.0217	0.587	0.1739	0.1304	0.087	0.0258	0.0023	0.0492	0.7658	0.0023	0.0375	0	0.0258	0.0726	0.0187	0
shakira.abadi.belajarsandipramukafull	0.0089	0	0.9911	0.0019	0	0.9981	0.2778	0.3333	0.3333	0.0556	0.0002	0.0008	0.0111	0.0048	0.0098	0.9608	0	0	0	0	0	0	0	0	0	0	0	0	0	0	0.0294	0	0	0	0	0	0	0	0	0	0	0	0	0	0	0	0	0	0.0341	0	0	0.8295	0	0	0	0	0	0	0	0	0	0.0114	0	0	0	0	0	0	0	0	0	0	0	0	0	0	0	0	0	0	0.125	0	0.0025	0.0232	0.0217	0.587	0.1739	0.1304	0.087	0.0258	0.0023	0.0492	0.7658	0.0023	0.0375	0	0.0258	0.0726	0.0187	0
com.mozgame.cookie.family	0.0022	0.2786	0.7192	0.0005	0.1996	0.7999	0.2951	0.2459	0.4262	0.0328	0.0006	0.0023	0.0178	0.0083	0.008	0.9691	0	0	0	0	0	0	0	0	0	0	0	0	0.006	0	0.015	0	0	0	0	0	0.002	0	0	0	0	0	0	0	0	0	0	0	0.0493	0	0.8822	0	0	0	0	0.0043	0	0	0	0	0	0.0171	0	0	0	0	0	0	0	0	0	0	0.0343	0	0.0128	0	0	0	0	0	0	0	0.0025	0.0153	0.0143	0.5357	0.2143	0.1643	0.0714	0.0209	0.0116	0.1337	0.5128	0.0128	0.0837	0.007	0.05	0.0826	0.0849	0
com.mozgame.fruitmania	0.0022	0.2786	0.7192	0.0005	0.1995	0.8	0.2951	0.2459	0.4262	0.0328	0.0006	0.0023	0.0178	0.0083	0	0	0	0	0	0	0.015	0	0.008	0	0	0	0	0.006	0	0	0	0	0	0	0	0	0	0	0	0	0.002	0.9691	0	0	0	0	0	0	0	0.0128	0.0171	0	0	0	0	0	0.0493	0	0.0343	0	0	0	0	0	0	0	0	0	0	0	0	0	0	0	0	0	0	0	0	0.0043	0.8822	0	0.0025	0.0153	0.0143	0.5357	0.2143	0.1643	0.0714	0.0209	0.0116	0.1337	0.5128	0.0128	0.0837	0.007	0.05	0.0826	0.0849	0
com.mozgame.amazingcandy	0.0022	0.2786	0.7192	0.0005	0.1995	0.8	0.2951	0.2459	0.4262	0.0328	0.0006	0.0023	0.0178	0.0083	0	0	0	0.015	0.002	0	0	0	0	0	0	0	0	0	0	0	0	0	0	0	0.008	0	0	0.006	0	0	0	0	0.9691	0	0	0	0	0	0	0	0	0	0	0	0	0	0	0	0.0343	0	0	0	0.0171	0	0	0.0043	0	0.8822	0.0493	0	0.0128	0	0	0	0	0	0	0	0	0	0	0	0.0025	0.0153	0.0143	0.5357	0.2143	0.1643	0.0714	0.0209	0.0116	0.1337	0.5128	0.0128	0.0837	0.007	0.05	0.0826	0.0849	0
com.HomeCeilingPaintIdea.JoyceBurklin	0.0089	0	0.9911	0.0019	0	0.9981	0.2778	0.3333	0.3333	0.0556	0.0002	0.0008	0.0111	0.0048	0.0098	0.9608	0	0	0	0	0	0	0	0	0	0	0	0	0	0	0.0294	0	0	0	0	0	0	0	0	0	0	0	0	0	0	0	0	0	0.0341	0	0	0.8295	0	0	0	0	0	0	0	0	0	0.0114	0	0	0	0	0	0	0	0	0	0	0	0	0	0	0	0	0	0	0.125	0	0.0025	0.0232	0.0217	0.587	0.1739	0.1304	0.087	0.0258	0.0023	0.0492	0.7658	0.0023	0.0375	0	0.0258	0.0726	0.0187	0
yct.game.cnhjfb.jusdfsgdgr	0	0.1953	0.8047	0	0.106	0.894	0.3214	0.2857	0.3571	0.0357	0	0.0007	0.0129	0.0043	0	0	0	0	0	0	0	0	0.9645	0	0	0	0	0	0	0	0	0	0	0.0203	0	0	0.0051	0	0	0	0	0	0	0	0	0.0102	0	0	0	0	0	0	0	0	0	0.0152	0	0	0	0	0	0.7576	0	0	0	0	0	0	0	0	0.1061	0	0	0	0.0152	0	0.1061	0	0	0	0	0	0.0075	0.0296	0.0088	0.6316	0.1667	0.0877	0.1053	0.0243	0.0022	0.042	0.7456	0.0111	0.0155	0.0133	0.0664	0.0155	0.0642	0
com.KimonoCardigan.heidismith	0.0089	0	0.9911	0.0019	0	0.9981	0.2778	0.3333	0.3333	0.0556	0.0002	0.0008	0.0111	0.0048	0.0098	0.9608	0	0	0	0	0	0	0	0	0	0	0	0	0	0	0.0294	0	0	0	0	0	0	0	0	0	0	0	0	0	0	0	0	0	0.0341	0	0	0.8295	0	0	0	0	0	0	0	0	0	0.0114	0	0	0	0	0	0	0	0	0	0	0	0	0	0	0	0	0	0	0.125	0	0.0025	0.0232	0.0217	0.587	0.1739	0.1304	0.087	0.0258	0.0023	0.0492	0.7658	0.0023	0.0375	0	0.0258	0.0726	0.0187	0
com.rrg.bubbleshootmania.free	0.0021	0.3472	0.6507	0.0005	0.2627	0.7368	0.3	0.2143	0.4429	0.0429	0.0007	0.0025	0.017	0.0077	0	0	0	0	0.0019	0	0	0	0	0	0	0	0	0	0	0	0	0	0	0	0	0	0	0	0.0077	0.0144	0	0	0	0	0	0.0057	0.9703	0	0	0	0	0	0	0	0	0	0	0.8842	0	0.0126	0	0	0	0.0042	0	0	0	0	0	0	0	0	0.0484	0	0	0	0	0.0337	0	0	0	0.0168	0.0025	0.0147	0.0197	0.5329	0.1974	0.1842	0.0658	0.0199	0.0111	0.1351	0.5216	0.0122	0.0875	0.0066	0.0476	0.0709	0.0875	0
com.arroyaapps.bathtubdesignideas	0.0089	0	0.9911	0.0019	0	0.9981	0.2778	0.3333	0.3333	0.0556	0.0002	0.0008	0.0111	0.0048	0.0098	0.9608	0	0	0	0	0	0	0	0	0	0	0	0	0	0	0.0294	0	0	0	0	0	0	0	0	0	0	0	0	0	0	0	0	0	0.0341	0	0	0.8295	0	0	0	0	0	0	0	0	0	0.0114	0	0	0	0	0	0	0	0	0	0	0	0	0	0	0	0	0	0	0.125	0	0.0025	0.0232	0.0217	0.587	0.1739	0.1304	0.087	0.0258	0.0023	0.0492	0.7658	0.0023	0.0375	0	0.0258	0.0726	0.0187	0
rksystem.statusbook	0.0386	0.2093	0.7521	0.0206	0.184	0.7954	0.3333	0.1961	0.4118	0.0588	0.0007	0.0024	0.0188	0.0084	0	0	0	0	0	0	0.001	0	0	0	0	0	0.0059	0	0.002	0	0	0	0	0	0	0	0.0039	0.0098	0	0	0	0.9775	0	0	0	0	0	0	0	0	0	0	0	0	0	0	0	0	0	0	0	0.0022	0	0	0	0	0	0.0396	0	0	0	0.0463	0.0132	0	0	0	0	0	0.0132	0	0	0.8855	0.0021	0.016	0.0263	0.5351	0.2018	0.1667	0.0702	0.0368	0.0115	0.0725	0.5489	0.0138	0.1024	0	0.0472	0.0771	0.0898	0
com.BeardandMoustacheStyle.Nephilim	0.0041	0	0.9959	0.0011	0	0.9989	0.1714	0.3714	0.4	0.0571	0.0002	0.0009	0.0107	0.0041	0	0	0	0	0	0	0	0	0	0.0057	0	0	0	0.9686	0	0	0	0.0171	0	0	0	0	0	0	0	0.0086	0	0	0	0	0	0	0	0	0	0	0	0	0	0	0	0.0075	0	0	0	0.0075	0.1053	0	0	0	0	0	0	0	0	0	0	0	0	0.0602	0	0	0	0.8195	0	0	0	0	0.002	0.0149	0.0299	0.4776	0.2239	0.1642	0.1045	0.051	0.002	0.0612	0.4388	0.002	0.0673	0	0.0184	0.2735	0.0857	0
com.AwesomeShirtDesign.Nephilim	0.0041	0	0.9959	0.0011	0	0.9989	0.1714	0.3714	0.4	0.0571	0.0002	0.0009	0.0107	0.0041	0	0	0	0	0	0	0	0	0	0.0057	0	0	0	0.9686	0	0	0	0.0171	0	0	0	0	0	0	0	0.0086	0	0	0	0	0	0	0	0	0	0	0	0	0	0	0	0.0075	0	0	0	0.0075	0.1053	0	0	0	0	0	0	0	0	0	0	0	0	0.0602	0	0	0	0.8195	0	0	0	0	0.002	0.0149	0.0299	0.4776	0.2239	0.1642	0.1045	0.051	0.002	0.0612	0.4388	0.002	0.0673	0	0.0184	0.2735	0.0857	0
com.joyinn.zhuaniqiufgrrrr	0.016	0.2183	0.7658	0.0043	0.1262	0.8695	0.4074	0.2963	0.2593	0.037	0.0001	0.0009	0.0123	0.0048	0	0	0	0	0	0	0	0	0	0	0.9541	0	0	0	0	0.0204	0	0	0	0	0.0153	0	0	0	0	0	0	0	0.0102	0	0	0	0	0	0	0	0	0	0	0	0	0.7922	0	0	0	0	0.013	0	0	0	0	0.026	0	0	0	0	0	0	0	0	0.0909	0	0.0779	0	0	0	0	0	0.0077	0.0285	0.0081	0.6748	0.1626	0.0569	0.0976	0.0242	0.0022	0.0418	0.7451	0.011	0.0198	0.0132	0.0659	0.0154	0.0615	0
shakira.abadi.fishingknots	0.0054	0	0.9946	0.0013	0	0.9987	0.25	0.3333	0.375	0.0417	0.0003	0.0007	0.0107	0.0039	0	0.021	0	0	0	0	0	0	0.0105	0	0	0	0	0	0	0	0	0	0	0.9685	0	0	0	0	0	0	0	0	0	0	0	0	0	0	0	0	0	0	0	0	0	0	0.0566	0	0.8113	0	0	0.0094	0	0	0	0	0	0	0.1132	0	0	0	0	0	0	0	0	0	0.0094	0	0	0	0.0019	0.017	0.0196	0.5686	0.1569	0.1765	0.0784	0.0547	0.0022	0.046	0.4267	0.0022	0.0438	0	0.0197	0.3129	0.0919	0
com.rrg.bubbleshoot	0.0022	0.2786	0.7192	0.0005	0.1995	0.8	0.2951	0.2459	0.4262	0.0328	0.0006	0.0023	0.0178	0.0083	0	0	0	0.9691	0	0	0	0	0	0	0	0	0	0.006	0	0.015	0	0	0	0	0	0	0	0.008	0	0	0	0	0.002	0	0	0	0	0	0	0.0171	0	0	0	0	0	0.0128	0.0043	0	0	0	0	0	0.0343	0	0	0	0	0	0	0	0	0.0493	0	0	0	0	0	0	0	0.8822	0	0	0.0025	0.0153	0.0143	0.5357	0.2143	0.1643	0.0714	0.0209	0.0116	0.1337	0.5128	0.0128	0.0837	0.007	0.05	0.0826	0.0849	0
id.timphan.keposyariah	0.0159	0.1117	0.8725	0.0104	0.0915	0.8981	0.4333	0.1833	0.35	0.0333	0.0007	0.0024	0.0159	0.0069	0	0	0.9621	0	0	0	0.0045	0	0	0	0	0	0	0	0	0	0	0	0.0022	0	0	0	0	0	0	0	0	0	0	0	0	0.0156	0.0156	0	0	0	0	0	0	0	0	0	0.0408	0	0.8903	0	0.0026	0	0	0	0	0	0	0	0	0	0	0.0179	0	0	0	0.0128	0	0	0	0.0357	0	0	0.0023	0.0141	0.0156	0.6562	0.1172	0.1562	0.0547	0.0576	0.0025	0.0702	0.4373	0.005	0.104	0.0075	0.0501	0.1742	0.0915	0
com.tankemplay.Interstellargfffd	0	0.2364	0.7636	0	0.1425	0.8575	0.5778	0.1556	0.2444	0.0222	0.0018	0.0026	0.023	0.0107	0	0.9547	0	0	0.0267	0	0	0	0	0	0	0	0	0	0.0082	0	0	0	0	0	0	0	0	0	0	0.0103	0	0	0	0	0	0	0	0	0	0	0	0	0	0.0176	0	0	0	0	0	0	0	0.0396	0	0	0	0	0	0.8899	0	0	0	0	0	0.022	0	0	0	0	0	0.022	0.0088	0	0.0074	0.0284	0.0064	0.7325	0.1083	0.0701	0.0828	0.0183	0.0017	0.0582	0.6223	0.0416	0.0699	0.01	0.015	0.0466	0.1165	0
activity.cs.skdgdgrd	0.0053	0.1847	0.81	0.0026	0.0938	0.9036	0.375	0.2917	0.2917	0.0417	0	0.0003	0.0098	0.0037	0	0	0	0.9915	0	0	0	0	0	0	0	0	0	0	0	0	0	0	0	0	0	0	0	0	0	0	0	0	0	0	0	0.0085	0	0	0	0	0	0	0	0	0	0	0	0	0.0227	0	0	0.75	0	0	0	0	0	0	0	0	0.1364	0	0	0	0	0	0	0	0	0.0909	0	0	0.0098	0.0353	0.0085	0.6838	0.1624	0.0598	0.0855	0.026	0.0024	0.0449	0.4965	0.0024	0.0402	0	0.0213	0.3073	0.0591	0
com.rrg.bubblequest	0.0022	0.2786	0.7192	0.0005	0.1995	0.8	0.2951	0.2459	0.4262	0.0328	0.0006	0.0023	0.0178	0.0083	0	0	0	0.9691	0	0	0	0	0	0	0	0	0	0.006	0	0.015	0	0	0	0	0	0	0	0.008	0	0	0	0	0.002	0	0	0	0	0	0	0.0171	0	0	0	0	0	0.0128	0.0043	0	0	0	0	0	0.0343	0	0	0	0	0	0	0	0	0.0493	0	0	0	0	0	0	0	0.8822	0	0	0.0025	0.0153	0.0143	0.5357	0.2143	0.1643	0.0714	0.0209	0.0116	0.1337	0.5128	0.0128	0.0837	0.007	0.05	0.0826	0.0849	0
yct.game.cnhjfb.jusdfsgdgr	0	0.1953	0.8047	0	0.106	0.894	0.3214	0.2857	0.3571	0.0357	0	0.0007	0.0129	0.0043	0	0	0	0	0	0	0	0	0.9645	0	0	0	0	0	0	0	0	0	0	0.0203	0	0	0.0051	0	0	0	0	0	0	0	0	0.0102	0	0	0	0	0	0	0	0	0	0.0152	0	0	0	0	0	0.7576	0	0	0	0	0	0	0	0	0.1061	0	0	0	0.0152	0	0.1061	0	0	0	0	0	0.0075	0.0296	0.0088	0.6316	0.1667	0.0877	0.1053	0.0243	0.0022	0.042	0.7456	0.0111	0.0155	0.0133	0.0664	0.0155	0.0642	0
com.Majdi.RadioTunisienne	0.001	0.0016	0.9973	0.0002	0.0013	0.9986	0.1538	0.3333	0.4615	0.0513	0.0003	0.0011	0.0097	0.0037	0.0022	0	0	0.013	0	0	0.0087	0	0	0	0	0	0	0	0	0	0	0	0	0	0	0	0	0	0.0065	0	0	0	0	0	0	0	0.9696	0	0	0	0	0	0	0	0	0	0	0	0	0.7829	0	0	0	0	0.0057	0	0	0	0	0	0	0.0914	0.1029	0.0114	0	0	0.0057	0	0	0	0	0	0.002	0.0113	0.0213	0.4043	0.3085	0.1596	0.1064	0.0467	0.0019	0.0673	0.4598	0.028	0.0879	0	0.0187	0.2729	0.0168	0
com.LovelyBedroomDesign.JoyceBurklin	0.0089	0	0.9911	0.0019	0	0.9981	0.2778	0.3333	0.3333	0.0556	0.0002	0.0008	0.0111	0.0048	0.0098	0.9608	0	0	0	0	0	0	0	0	0	0	0	0	0	0	0.0294	0	0	0	0	0	0	0	0	0	0	0	0	0	0	0	0	0	0.0341	0	0	0.8295	0	0	0	0	0	0	0	0	0	0.0114	0	0	0	0	0	0	0	0	0	0	0	0	0	0	0	0	0	0	0.125	0	0.0025	0.0232	0.0217	0.587	0.1739	0.1304	0.087	0.0258	0.0023	0.0492	0.7658	0.0023	0.0375	0	0.0258	0.0726	0.0187	0
activity.css.sker.wer	0.0027	0.1222	0.8751	0.0016	0.0728	0.9256	0.4118	0.2353	0.2941	0.0588	0.001	0.0016	0.0244	0.0116	0	0.0085	0	0	0	0	0	0	0	0	0	0	0	0.9915	0	0	0	0	0	0	0	0	0	0	0	0	0	0	0	0	0	0	0	0	0	0.0224	0	0	0.0179	0	0	0	0	0	0	0	0	0	0	0	0	0	0	0	0	0	0	0	0	0.0224	0.8879	0	0	0	0.0448	0	0	0.0045	0.0075	0.0282	0.0138	0.6966	0.1448	0.0621	0.0828	0.0203	0.0018	0.046	0.5599	0.0018	0.07	0	0.0166	0.1068	0.1768	0
com.gcgame.t1jkygkuku	0	0.1425	0.8575	0	0.0809	0.9191	0.3913	0.3043	0.2609	0.0435	0	0.0005	0.0155	0.0045	0	0	0	0	0.0184	0	0	0	0	0	0.0046	0	0.0184	0	0	0	0	0	0	0	0	0	0	0.9585	0	0	0	0	0	0	0	0	0	0	0	0	0.0159	0	0	0	0	0.0159	0	0	0.0794	0	0	0	0	0	0	0.7619	0	0	0	0	0	0	0	0	0	0	0	0	0	0	0.127	0	0.008	0.03	0.0089	0.6875	0.1518	0.0536	0.0982	0.0263	0.0024	0.0501	0.6659	0	0.0191	0.0143	0.148	0.0143	0.0597	0
com.FloralJewelryDesign.JoyceBurklin	0.0089	0	0.9911	0.0019	0	0.9981	0.2778	0.3333	0.3333	0.0556	0.0002	0.0008	0.0111	0.0048	0.0098	0.9608	0	0	0	0	0	0	0	0	0	0	0	0	0	0	0.0294	0	0	0	0	0	0	0	0	0	0	0	0	0	0	0	0	0	0.0341	0	0	0.8295	0	0	0	0	0	0	0	0	0	0.0114	0	0	0	0	0	0	0	0	0	0	0	0	0	0	0	0	0	0	0.125	0	0.0025	0.0232	0.0217	0.587	0.1739	0.1304	0.087	0.0258	0.0023	0.0492	0.7658	0.0023	0.0375	0	0.0258	0.0726	0.0187	0
com.mozgame.sugarsplash	0.0022	0.2786	0.7192	0.0005	0.1995	0.8	0.2951	0.2459	0.4262	0.0328	0.0006	0.0023	0.0178	0.0083	0	0	0	0	0	0	0	0.9691	0	0	0	0	0.015	0	0.008	0	0	0.006	0	0	0	0	0	0	0	0	0	0.002	0	0	0	0	0	0	0	0	0	0.0343	0	0	0.8822	0	0	0	0	0	0	0	0.0493	0	0	0	0	0	0.0128	0	0	0.0171	0	0	0	0	0	0.0043	0	0	0	0	0.0025	0.0153	0.0143	0.5357	0.2143	0.1643	0.0714	0.0209	0.0116	0.1337	0.5128	0.0128	0.0837	0.007	0.05	0.0826	0.0849	0
com.aaronbalderapps.modernceilingdesigns	0.0089	0	0.9911	0.0019	0	0.9981	0.2778	0.3333	0.3333	0.0556	0.0002	0.0008	0.0111	0.0048	0.0098	0.9608	0	0	0	0	0	0	0	0	0	0	0	0	0	0	0.0294	0	0	0	0	0	0	0	0	0	0	0	0	0	0	0	0	0	0.0341	0	0	0.8295	0	0	0	0	0	0	0	0	0	0.0114	0	0	0	0	0	0	0	0	0	0	0	0	0	0	0	0	0	0	0.125	0	0.0025	0.0232	0.0217	0.587	0.1739	0.1304	0.087	0.0258	0.0023	0.0492	0.7658	0.0023	0.0375	0	0.0258	0.0726	0.0187	0
com.WomensUnderwearType.JohnKazmierczak	0.0089	0	0.9911	0.0019	0	0.9981	0.2778	0.3333	0.3333	0.0556	0.0002	0.0008	0.0111	0.0048	0.0098	0.9608	0	0	0	0	0	0	0	0	0	0	0	0	0	0	0.0294	0	0	0	0	0	0	0	0	0	0	0	0	0	0	0	0	0	0.0341	0	0	0.8295	0	0	0	0	0	0	0	0	0	0.0114	0	0	0	0	0	0	0	0	0	0	0	0	0	0	0	0	0	0	0.125	0	0.0025	0.0232	0.0217	0.587	0.1739	0.1304	0.087	0.0258	0.0023	0.0492	0.7658	0.0023	0.0375	0	0.0258	0.0726	0.0187	0
com.arroyaapps.romanticcandlelightdinner	0.0089	0	0.9911	0.0019	0	0.9981	0.2778	0.3333	0.3333	0.0556	0.0002	0.0008	0.0111	0.0048	0.0098	0.9608	0	0	0	0	0	0	0	0	0	0	0	0	0	0	0.0294	0	0	0	0	0	0	0	0	0	0	0	0	0	0	0	0	0	0.0341	0	0	0.8295	0	0	0	0	0	0	0	0	0	0.0114	0	0	0	0	0	0	0	0	0	0	0	0	0	0	0	0	0	0	0.125	0	0.0025	0.0232	0.0217	0.587	0.1739	0.1304	0.087	0.0258	0.0023	0.0492	0.7658	0.0023	0.0375	0	0.0258	0.0726	0.0187	0
com.arroyaapps.aquariumdecorationideas	0.0089	0	0.9911	0.0019	0	0.9981	0.2778	0.3333	0.3333	0.0556	0.0002	0.0008	0.0111	0.0048	0.0098	0.9608	0	0	0	0	0	0	0	0	0	0	0	0	0	0	0.0294	0	0	0	0	0	0	0	0	0	0	0	0	0	0	0	0	0	0.0341	0	0	0.8295	0	0	0	0	0	0	0	0	0	0.0114	0	0	0	0	0	0	0	0	0	0	0	0	0	0	0	0	0	0	0.125	0	0.0025	0.0232	0.0217	0.587	0.1739	0.1304	0.087	0.0258	0.0023	0.0492	0.7658	0.0023	0.0375	0	0.0258	0.0726	0.0187	0
com.app.mathsformulas	0.0035	0.0011	0.9953	0.001	0.0007	0.9983	0.2449	0.3061	0.3878	0.0612	0.0007	0.0016	0.0141	0.0066	0	0	0	0	0	0	0	0	0	0	0	0	0	0	0	0	0	0	0	0	0	0.006	0	0.0048	0	0	0	0	0.0072	0	0	0	0.0012	0.9807	0	0	0	0	0	0	0	0	0	0	0	0	0	0.0026	0	0	0	0	0	0.0154	0	0.0463	0.0129	0	0	0	0.8766	0.0463	0	0	0	0	0	0	0.0018	0.0129	0.0275	0.4587	0.2844	0.1376	0.0917	0.0515	0.0026	0.066	0.6095	0.0198	0.0976	0	0.0528	0.0237	0.0765	0
com.MenSherwaniDesign.JohnKazmierczak	0.0089	0	0.9911	0.0019	0	0.9981	0.2778	0.3333	0.3333	0.0556	0.0002	0.0008	0.0111	0.0048	0.0098	0.9608	0	0	0	0	0	0	0	0	0	0	0	0	0	0	0.0294	0	0	0	0	0	0	0	0	0	0	0	0	0	0	0	0	0	0.0341	0	0	0.8295	0	0	0	0	0	0	0	0	0	0.0114	0	0	0	0	0	0	0	0	0	0	0	0	0	0	0	0	0	0	0.125	0	0.0025	0.0232	0.0217	0.587	0.1739	0.1304	0.087	0.0258	0.0023	0.0492	0.7658	0.0023	0.0375	0	0.0258	0.0726	0.0187	0
com.TartCakeDesignCollection.heidismith	0.0089	0	0.9911	0.0019	0	0.9981	0.2778	0.3333	0.3333	0.0556	0.0002	0.0008	0.0111	0.0048	0.0098	0.9608	0	0	0	0	0	0	0	0	0	0	0	0	0	0	0.0294	0	0	0	0	0	0	0	0	0	0	0	0	0	0	0	0	0	0.0341	0	0	0.8295	0	0	0	0	0	0	0	0	0	0.0114	0	0	0	0	0	0	0	0	0	0	0	0	0	0	0	0	0	0	0.125	0	0.0025	0.0232	0.0217	0.587	0.1739	0.1304	0.087	0.0258	0.0023	0.0492	0.7658	0.0023	0.0375	0	0.0258	0.0726	0.0187	0
com.SimpleRoomDesign.Nephilim	0.0041	0	0.9959	0.0011	0	0.9989	0.1714	0.3714	0.4	0.0571	0.0002	0.0009	0.0107	0.0041	0	0	0	0	0	0	0	0	0	0.0057	0	0	0	0.9686	0	0	0	0.0171	0	0	0	0	0	0	0	0.0086	0	0	0	0	0	0	0	0	0	0	0	0	0	0	0	0.0075	0	0	0	0.0075	0.1053	0	0	0	0	0	0	0	0	0	0	0	0	0.0602	0	0	0	0.8195	0	0	0	0	0.002	0.0149	0.0299	0.4776	0.2239	0.1642	0.1045	0.051	0.002	0.0612	0.4388	0.002	0.0673	0	0.0184	0.2735	0.0857	0
