46944	267	25685	45	 105	 0	 0	0	0	0	0	 0	 0	 0	 0	 0	 0	 0
16312	1029	1081020	31	 47	 48	 10	1	40	0	48	 0	 0	 9	 0	 0	 0	 1
61906	482	705702	33	 130	 0	 0	0	0	0	0	 0	 0	 0	 0	 0	 0	 0
25975	479	87788	34	 102	 12	 14	1	20	0	12	 13	 0	 0	 0	 0	 0	 1
41207	1286	32781	27	 45	 3	 2	0	2	0	3	 0	 0	 0	 0	 0	 0	 2
29060	982	508428	41	 89	 2	 148	0	73	0	2	 0	 0	 6	 0	 0	 0	 142
19641	499	473502	21	 41	 0	 105	0	3	0	0	 0	 0	 0	 0	 0	 0	 105
50288	300	291200	50	 145	 0	 0	0	0	0	0	 0	 0	 0	 0	 0	 0	 0
46944	250	10009	45	 105	 0	 0	0	0	0	0	 0	 0	 0	 0	 0	 0	 0
14814	634	113487	23	 27	 24	 0	0	18	0	24	 0	 0	 0	 0	 0	 0	 0
21540	27	2305	18	 36	 0	 0	0	0	0	0	 0	 0	 0	 0	 0	 0	 0
47399	745	7193	30	 127	 0	 0	0	0	0	0	 0	 0	 0	 0	 0	 0	 0
27183	132	45868	68	 194	 0	 10	0	0	0	0	 0	 0	 0	 0	 10	 0	 0
47399	658	35104	30	 127	 0	 1	0	0	0	0	 0	 0	 0	 0	 0	 0	 1
52227	51	271	108	 226	 0	 0	0	0	0	0	 0	 0	 0	 0	 0	 0	 0
45692	46	107617	8	 97	 0	 0	0	0	0	0	 0	 0	 0	 0	 0	 0	 0
37499	480	385119	32	 95	 0	 0	0	0	0	0	 0	 0	 0	 0	 0	 0	 0
19296	573	740285	18	 38	 27	 124	0	97	0	27	 33	 0	 0	 0	 0	 0	 91
37499	480	372438	32	 95	 0	 0	0	0	0	0	 0	 0	 0	 0	 0	 0	 0
46079	1691	67693	76	 197	 18	 2	0	2	0	5	 0	 0	 0	 13	 2	 0	 0
45335	45	70025	52	 125	 0	 0	0	0	0	0	 0	 0	 0	 0	 0	 0	 0
30027	1305	322122	45	 116	 827	 526	0	194	0	815	 526	 0	 0	 12	 0	 0	 0
25678	415	635758	27	 57	 0	 0	0	0	0	0	 0	 0	 0	 0	 0	 0	 0
21094	1642	245185	26	 53	 34	 124	0	41	0	34	 27	 0	 0	 0	 14	 0	 83
23421	1519	1603985	25	 64	 4	 79	2	2	4	4	 0	 0	 0	 0	 4	 0	 75
33835	227	362729	10	 39	 0	 0	0	0	0	0	 0	 0	 0	 0	 0	 0	 0
20429	50	55487	20	 43	 0	 0	0	0	0	0	 0	 0	 0	 0	 0	 0	 0
10916	529	1013697	10	 13	 132	 248	1	181	55	132	 0	 0	 0	 0	 14	 0	 234
41356	111	13290	34	 65	 0	 0	0	0	0	0	 0	 0	 0	 0	 0	 0	 0
49834	125	282722	54	 103	 0	 0	0	0	0	0	 0	 0	 0	 0	 0	 0	 0
65358	0	0	67	 231	 0	 0	0	0	0	0	 0	 0	 0	 0	 0	 0	 0
51481	0	0	64	 159	 0	 0	0	0	0	0	 0	 0	 0	 0	 0	 0	 0
28117	331	540723	25	 72	 0	 0	0	0	0	0	 0	 0	 0	 0	 0	 0	 0
63727	393	503675	47	 132	 0	 669	0	0	0	0	 0	 0	 0	 0	 669	 0	 0
45851	61	112597	32	 111	 0	 0	0	0	0	0	 0	 0	 0	 0	 0	 0	 0
63727	392	455996	47	 132	 0	 663	0	0	0	0	 0	 0	 0	 0	 663	 0	 0
59118	257	140818	112	 250	 0	 0	0	0	0	0	 0	 0	 0	 0	 0	 0	 0
63727	384	439009	47	 132	 0	 620	0	0	0	0	 0	 0	 0	 0	 620	 0	 0
28830	401	349127	22	 123	 263	 253	0	331	0	263	 153	 0	 0	 0	 14	 0	 86
51939	268	363966	61	 142	 942	 0	0	9	0	942	 0	 0	 0	 0	 0	 0	 0
30720	744	95370	30	 67	 23	 2	0	0	0	23	 0	 0	 0	 0	 0	 0	 2
18158	0	0	21	 58	 0	 0	0	0	0	0	 0	 0	 0	 0	 0	 0	 0
32904	138	201307	18	 53	 0	 0	0	0	0	0	 0	 0	 0	 0	 0	 0	 0
33026	267	409724	32	 104	 371	 371	0	0	0	371	 371	 0	 0	 0	 0	 0	 0
33273	1525	252756	28	 57	 4	 27	0	27	0	4	 0	 0	 0	 0	 0	 0	 27
24680	406	69921	23	 47	 0	 7	0	0	0	0	 0	 0	 0	 0	 7	 0	 0
17616	820	92011	1	 29	 62	 92	32	0	0	62	 60	 0	 0	 0	 0	 0	 32
63727	391	470964	47	 132	 0	 679	0	0	0	0	 0	 0	 0	 0	 679	 0	 0
16952	366	415669	5	 23	 0	 0	0	0	0	0	 0	 0	 0	 0	 0	 0	 0
38204	2248	877446	41	 140	 55	 258	8	221	0	51	 134	 4	 40	 0	 0	 0	 84
25333	758	709823	24	 47	 0	 0	0	0	0	0	 0	 0	 0	 0	 0	 0	 0
56440	162	289199	106	 226	 0	 0	0	0	0	0	 0	 0	 0	 0	 0	 0	 0
32391	110	224987	41	 122	 0	 0	0	0	0	0	 0	 0	 0	 0	 0	 0	 0
63727	395	439478	47	 132	 0	 665	0	0	0	0	 0	 0	 0	 0	 665	 0	 0
27040	1095	679497	15	 84	 131	 0	0	0	0	131	 0	 0	 0	 0	 0	 0	 0
17038	498	401647	28	 79	 0	 88	0	0	0	0	 0	 0	 0	 0	 0	 0	 88
20577	385	2722	28	 42	 0	 0	0	0	0	0	 0	 0	 0	 0	 0	 0	 0
21534	24	413	18	 34	 0	 0	0	0	0	0	 0	 0	 0	 0	 0	 0	 0
39771	176	10513	23	 55	 0	 0	0	0	0	0	 0	 0	 0	 0	 0	 0	 0
65581	362	425653	50	 123	 0	 0	0	0	0	0	 0	 0	 0	 0	 0	 0	 0
27455	21	27011	32	 88	 0	 0	0	0	0	0	 0	 0	 0	 0	 0	 0	 0
66422	1110	572359	36	 193	 390	 1	0	5	0	390	 0	 0	 0	 0	 1	 0	 0
51476	49	1629	33	 99	 0	 0	0	0	0	0	 0	 0	 0	 0	 0	 0	 0
12734	502	795914	12	 19	 238	 49	7	125	0	238	 0	 0	 17	 0	 25	 0	 7
12199	493	457207	16	 6	 18	 74	0	17	0	18	 0	 0	 0	 0	 0	 0	 74
32162	153	39387	28	 71	 0	 101	0	0	0	0	 0	 0	 0	 0	 101	 0	 0
53577	65	205268	33	 117	 0	 601	0	0	0	0	 0	 0	 0	 0	 601	 0	 0
48922	0	0	62	 214	 0	 0	0	0	0	0	 0	 0	 0	 0	 0	 0	 0
39771	245	118865	23	 55	 0	 0	0	0	0	0	 0	 0	 0	 0	 0	 0	 0
16920	134	270214	12	 35	 0	 0	0	0	0	0	 0	 0	 0	 0	 0	 0	 0
42816	2084	313171	29	 77	 70	 1	0	70	0	68	 0	 0	 0	 2	 0	 0	 1
28511	603	479767	41	 96	 1	 74	0	0	0	1	 0	 0	 0	 0	 0	 0	 74
46806	0	0	50	 81	 0	 0	0	0	0	0	 0	 0	 0	 0	 0	 0	 0
11803	777	610822	4	 9	 80	 208	68	138	0	80	 140	 0	 0	 0	 0	 0	 68
60275	423	361636	41	 95	 0	 0	0	0	0	0	 0	 0	 0	 0	 0	 0	 0
30992	67	94784	28	 116	 0	 0	0	0	0	0	 0	 0	 0	 0	 0	 0	 0
61698	2649	56209	39	 117	 0	 3	0	2	0	0	 0	 0	 0	 0	 3	 0	 0
42608	1919	195055	231	 193	 33	 85	5	75	15	33	 17	 0	 0	 0	 2	 0	 66
12017	444	171989	17	 9	 46	 339	339	44	0	46	 0	 0	 0	 0	 0	 0	 339
40584	1879	81680	23	 42	 5	 11	4	0	6	5	 1	 0	 0	 0	 2	 0	 8
63817	0	0	18	 93	 0	 0	0	0	0	0	 0	 0	 0	 0	 0	 0	 0
19510	254	410776	7	 34	 0	 0	0	0	0	0	 0	 0	 0	 0	 0	 0	 0
42385	170	257958	29	 64	 0	 0	0	0	0	0	 0	 0	 0	 0	 0	 0	 0
51939	268	372029	61	 142	 979	 0	0	9	0	979	 0	 0	 0	 0	 0	 0	 0
52224	914	515441	43	 97	 0	 0	0	0	0	0	 0	 0	 0	 0	 0	 0	 0
44521	1782	690211	13	 57	 2	 2	0	2	0	2	 0	 0	 0	 0	 2	 0	 0
29767	2338	317122	47	 176	 99	 292	0	176	0	87	 120	 12	 1	 0	 7	 0	 164
30209	706	40242	14	 58	 0	 1	0	0	0	0	 0	 0	 0	 0	 1	 0	 0
32988	1149	74797	22	 74	 1	 2	2	0	0	1	 0	 0	 0	 0	 0	 0	 2
51389	97	123449	120	 227	 0	 0	0	0	0	0	 0	 0	 0	 0	 0	 0	 0
37499	480	390464	32	 95	 0	 0	0	0	0	0	 0	 0	 0	 0	 0	 0	 0
49594	343	1130	55	 166	 0	 0	0	0	0	0	 0	 0	 0	 0	 0	 0	 0
36934	67	85291	28	 115	 0	 0	0	0	0	0	 0	 0	 0	 0	 0	 0	 0
20662	339	268673	16	 52	 69	 70	0	139	0	69	 70	 0	 0	 0	 0	 0	 0
27483	1284	7818	11	 35	 0	 2	0	0	0	0	 0	 0	 0	 0	 0	 0	 2
32224	139	400878	14	 57	 0	 0	0	0	0	0	 0	 0	 0	 0	 0	 0	 0
39771	192	988887	23	 55	 0	 0	0	0	0	0	 0	 0	 0	 0	 0	 0	 0
12564	33	74365	15	 24	 0	 11	0	0	0	0	 0	 0	 0	 0	 0	 0	 11
8363	129	32253	1	 8	 0	 1012	303	412	0	0	 0	 0	 0	 0	 297	 0	 715
49317	425	417723	28	 94	 0	 0	0	0	0	0	 0	 0	 0	 0	 0	 0	 0
37499	480	361307	32	 95	 0	 0	0	0	0	0	 0	 0	 0	 0	 0	 0	 0
63727	391	429634	47	 132	 0	 524	0	0	0	0	 0	 0	 0	 0	 524	 0	 0
29539	9	10480	63	 226	 0	 0	0	0	0	0	 0	 0	 0	 0	 0	 0	 0
44902	492	103175	31	 82	 0	 0	0	0	0	0	 0	 0	 0	 0	 0	 0	 0
21907	1575	592824	3	 34	 0	 117	8	0	0	0	 0	 0	 0	 0	 91	 0	 26
63727	381	418371	47	 132	 0	 555	0	0	0	0	 0	 0	 0	 0	 555	 0	 0
27077	2133	52085	18	 46	 0	 1	0	0	0	0	 0	 0	 0	 0	 0	 0	 1
63727	393	443002	47	 132	 0	 620	0	0	0	0	 0	 0	 0	 0	 620	 0	 0
19056	133	281825	9	 37	 0	 0	0	0	0	0	 0	 0	 0	 0	 0	 0	 0
62000	403	486135	41	 127	 1026	 24	0	3	0	1026	 0	 0	 0	 0	 24	 0	 0
10078	473	508298	3	 10	 0	 84	0	0	0	0	 0	 0	 0	 0	 0	 0	 84
63727	396	454273	47	 132	 0	 565	0	0	0	0	 0	 0	 0	 0	 565	 0	 0
7336	33	3323	0	 1	 0	 129	129	0	0	0	 0	 0	 0	 0	 0	 0	 129
63727	392	439147	47	 132	 0	 483	0	0	0	0	 0	 0	 0	 0	 483	 0	 0
22555	84	152139	20	 40	 0	 0	0	0	0	0	 0	 0	 0	 0	 0	 0	 0
63727	393	416320	47	 132	 0	 390	0	0	0	0	 0	 0	 0	 0	 390	 0	 0
25563	294	301409	21	 55	 0	 0	0	0	0	0	 0	 0	 0	 0	 0	 0	 0
65358	0	0	67	 231	 0	 0	0	0	0	0	 0	 0	 0	 0	 0	 0	 0
48547	616	2749	133	 419	 0	 0	0	0	0	0	 0	 0	 0	 0	 0	 0	 0
26447	55	313900	26	 71	 0	 0	0	0	0	0	 0	 0	 0	 0	 0	 0	 0
26504	348	284316	12	 36	 0	 0	0	0	0	0	 0	 0	 0	 0	 0	 0	 0
14586	55	83528	22	 27	 0	 0	0	0	0	0	 0	 0	 0	 0	 0	 0	 0
46944	71	666	45	 105	 0	 0	0	0	0	0	 0	 0	 0	 0	 0	 0	 0
16312	920	26461	31	 47	 6	 3	0	4	0	6	 0	 0	 3	 0	 0	 0	 0
61906	482	634039	33	 130	 0	 0	0	0	0	0	 0	 0	 0	 0	 0	 0	 0
25975	420	38442	34	 102	 8	 23	0	16	0	8	 23	 0	 0	 0	 0	 0	 0
41207	1899	63790	27	 45	 5	 3	0	3	0	4	 0	 0	 0	 1	 0	 0	 3
29060	696	374955	41	 89	 1	 178	37	27	37	1	 0	 0	 0	 0	 0	 0	 178
19641	505	488889	21	 41	 0	 78	0	7	0	0	 0	 0	 0	 0	 0	 0	 78
50288	322	272227	50	 145	 0	 0	0	0	0	0	 0	 0	 0	 0	 0	 0	 0
46944	271	40527	45	 105	 0	 0	0	0	0	0	 0	 0	 0	 0	 0	 0	 0
14814	619	214501	23	 27	 66	 0	0	36	0	66	 0	 0	 0	 0	 0	 0	 0
21540	30	4631	18	 36	 0	 3	3	0	0	0	 0	 0	 0	 0	 0	 0	 3
47399	1370	134443	30	 127	 0	 1	0	0	0	0	 0	 0	 0	 0	 0	 0	 1
27183	126	44210	68	 194	 0	 3	0	0	0	0	 0	 0	 0	 0	 3	 0	 0
47399	1105	57525	30	 127	 0	 1	0	0	0	0	 0	 0	 0	 0	 0	 0	 1
52227	60	345	108	 226	 0	 0	0	0	0	0	 0	 0	 0	 0	 0	 0	 0
45692	46	108328	8	 97	 0	 0	0	0	0	0	 0	 0	 0	 0	 0	 0	 0
37499	480	379695	32	 95	 0	 0	0	0	0	0	 0	 0	 0	 0	 0	 0	 0
19296	253	1205404	18	 38	 19	 86	0	75	0	19	 20	 0	 0	 0	 0	 0	 66
37499	480	619696	32	 95	 0	 0	0	0	0	0	 0	 0	 0	 0	 0	 0	 0
46079	2001	219231	76	 197	 46	 16	0	19	0	35	 5	 0	 0	 11	 11	 0	 0
45335	45	79338	52	 125	 0	 0	0	0	0	0	 0	 0	 0	 0	 0	 0	 0
30027	1283	401701	45	 116	 1028	 713	0	226	0	1002	 590	 0	 0	 26	 123	 0	 0
25678	415	696548	27	 57	 0	 0	0	0	0	0	 0	 0	 0	 0	 0	 0	 0
21094	1417	229683	26	 53	 37	 117	0	38	0	37	 28	 0	 0	 0	 14	 0	 75
23421	882	11235	25	 64	 2	 4	0	1	0	2	 0	 0	 0	 0	 2	 0	 2
33835	227	353723	10	 39	 0	 0	0	0	0	0	 0	 0	 0	 0	 0	 0	 0
20429	50	62090	20	 43	 0	 0	0	0	0	0	 0	 0	 0	 0	 0	 0	 0
10916	527	1157805	10	 13	 117	 275	9	206	40	117	 0	 0	 0	 0	 20	 0	 255
41356	181	2065750	34	 65	 0	 0	0	0	0	0	 0	 0	 0	 0	 0	 0	 0
49834	125	292267	54	 103	 0	 0	0	0	0	0	 0	 0	 0	 0	 0	 0	 0
65358	0	0	67	 231	 0	 0	0	0	0	0	 0	 0	 0	 0	 0	 0	 0
51481	139	274241	64	 159	 0	 0	0	0	0	0	 0	 0	 0	 0	 0	 0	 0
28117	331	550104	25	 72	 0	 0	0	0	0	0	 0	 0	 0	 0	 0	 0	 0
63727	369	164450	47	 132	 0	 154	0	0	0	0	 0	 0	 0	 0	 154	 0	 0
45851	61	116853	32	 111	 0	 0	0	0	0	0	 0	 0	 0	 0	 0	 0	 0
63727	394	283155	47	 132	 0	 394	0	0	0	0	 0	 0	 0	 0	 394	 0	 0
59118	215	147087	112	 250	 0	 0	0	0	0	0	 0	 0	 0	 0	 0	 0	 0
63727	393	433980	47	 132	 0	 596	0	0	0	0	 0	 0	 0	 0	 596	 0	 0
28830	397	380949	22	 123	 245	 220	0	301	0	245	 140	 0	 0	 0	 12	 0	 68
51939	268	389441	61	 142	 1031	 0	0	13	0	1031	 0	 0	 0	 0	 0	 0	 0
30720	803	104300	30	 67	 29	 4	0	0	0	29	 0	 0	 0	 0	 0	 0	 4
18158	0	0	21	 58	 0	 0	0	0	0	0	 0	 0	 0	 0	 0	 0	 0
32904	138	198870	18	 53	 0	 0	0	0	0	0	 0	 0	 0	 0	 0	 0	 0
33026	169	299660	32	 104	 0	 0	0	0	0	0	 0	 0	 0	 0	 0	 0	 0
33273	1534	334714	28	 57	 6	 19	0	19	0	6	 0	 0	 0	 0	 0	 0	 19
24680	428	104610	23	 47	 1	 16	0	0	0	1	 16	 0	 0	 0	 0	 0	 0
17616	761	79745	1	 29	 31	 76	42	0	0	31	 34	 0	 0	 0	 0	 0	 42
63727	356	466928	47	 132	 0	 491	0	0	0	0	 0	 0	 0	 0	 491	 0	 0
16952	366	423746	5	 23	 0	 0	0	0	0	0	 0	 0	 0	 0	 0	 0	 0
38204	2076	424574	41	 140	 17	 137	1	61	0	17	 47	 0	 0	 0	 0	 0	 90
25333	758	671725	24	 47	 0	 0	0	0	0	0	 0	 0	 0	 0	 0	 0	 0
56440	162	312020	106	 226	 0	 0	0	0	0	0	 0	 0	 0	 0	 0	 0	 0
32391	110	196221	41	 122	 0	 0	0	0	0	0	 0	 0	 0	 0	 0	 0	 0
63727	352	410858	47	 132	 0	 568	0	0	0	0	 0	 0	 0	 0	 568	 0	 0
27040	1175	651413	15	 84	 96	 0	0	0	0	96	 0	 0	 0	 0	 0	 0	 0
17038	535	353423	28	 79	 1	 78	0	0	0	1	 0	 0	 0	 0	 0	 0	 78
20577	1183	735675	28	 42	 176	 411	159	428	0	176	 199	 0	 0	 0	 47	 0	 165
21534	29	12137	18	 34	 0	 0	0	0	0	0	 0	 0	 0	 0	 0	 0	 0
39771	1280	991413	23	 55	 0	 26	0	0	0	0	 0	 0	 0	 0	 26	 0	 0
65581	355	419666	50	 123	 0	 0	0	0	0	0	 0	 0	 0	 0	 0	 0	 0
27455	21	28181	32	 88	 0	 0	0	0	0	0	 0	 0	 0	 0	 0	 0	 0
66422	1127	616563	36	 193	 398	 1	0	3	0	398	 0	 0	 0	 0	 1	 0	 0
51476	61	3620	33	 99	 0	 0	0	0	0	0	 0	 0	 0	 0	 0	 0	 0
12734	312	68815	12	 19	 11	 0	0	0	0	11	 0	 0	 0	 0	 0	 0	 0
12199	480	424228	16	 6	 34	 66	0	34	0	34	 0	 0	 0	 0	 0	 0	 66
32162	153	65083	28	 71	 0	 169	0	0	0	0	 0	 0	 0	 0	 169	 0	 0
53577	65	187032	33	 117	 0	 598	0	0	0	0	 0	 0	 0	 0	 598	 0	 0
48922	0	0	62	 214	 0	 0	0	0	0	0	 0	 0	 0	 0	 0	 0	 0
39771	286	147664	23	 55	 0	 0	0	0	0	0	 0	 0	 0	 0	 0	 0	 0
16920	134	289561	12	 35	 0	 0	0	0	0	0	 0	 0	 0	 0	 0	 0	 0
42816	1109	44606	29	 77	 1	 0	0	1	0	1	 0	 0	 0	 0	 0	 0	 0
28511	584	491358	41	 96	 0	 57	0	0	0	0	 0	 0	 0	 0	 0	 0	 57
46806	0	0	50	 81	 0	 0	0	0	0	0	 0	 0	 0	 0	 0	 0	 0
11803	770	818217	4	 9	 77	 184	69	140	0	77	 115	 0	 0	 0	 0	 0	 69
60275	423	342317	41	 95	 0	 0	0	0	0	0	 0	 0	 0	 0	 0	 0	 0
30992	67	94277	28	 116	 0	 0	0	0	0	0	 0	 0	 0	 0	 0	 0	 0
61698	2708	80685	39	 117	 1	 2	0	3	0	1	 2	 0	 0	 0	 0	 0	 0
42608	1650	958907	231	 193	 11	 505	1	243	149	11	 35	 0	 3	 0	 2	 0	 465
12017	437	151378	17	 9	 36	 254	254	35	0	36	 0	 0	 0	 0	 0	 0	 254
40584	1638	15961	23	 42	 10	 2	0	0	12	10	 2	 0	 0	 0	 0	 0	 0
63817	0	0	18	 93	 0	 0	0	0	0	0	 0	 0	 0	 0	 0	 0	 0
19510	254	375965	7	 34	 0	 0	0	0	0	0	 0	 0	 0	 0	 0	 0	 0
42385	170	253374	29	 64	 0	 0	0	0	0	0	 0	 0	 0	 0	 0	 0	 0
51939	268	402958	61	 142	 1032	 0	0	6	0	1032	 0	 0	 0	 0	 0	 0	 0
52224	916	584889	43	 97	 0	 0	0	0	0	0	 0	 0	 0	 0	 0	 0	 0
44521	1093	18153	13	 57	 0	 0	0	0	0	0	 0	 0	 0	 0	 0	 0	 0
29767	2493	306579	47	 176	 154	 428	0	267	0	125	 182	 29	 7	 0	 6	 0	 233
30209	643	47250	14	 58	 0	 0	0	0	0	0	 0	 0	 0	 0	 0	 0	 0
32988	867	198366	22	 74	 10	 6	6	0	0	10	 0	 0	 0	 0	 0	 0	 6
51389	103	111357	120	 227	 0	 0	0	0	0	0	 0	 0	 0	 0	 0	 0	 0
37499	480	359787	32	 95	 0	 0	0	0	0	0	 0	 0	 0	 0	 0	 0	 0
49594	342	1157	55	 166	 0	 0	0	0	0	0	 0	 0	 0	 0	 0	 0	 0
36934	67	82315	28	 115	 0	 0	0	0	0	0	 0	 0	 0	 0	 0	 0	 0
20662	339	226688	16	 52	 78	 78	0	156	0	78	 78	 0	 0	 0	 0	 0	 0
27483	1766	26867	11	 35	 2	 13	0	14	0	2	 12	 0	 0	 0	 0	 0	 1
32224	139	442463	14	 57	 0	 0	0	0	0	0	 0	 0	 0	 0	 0	 0	 0
39771	271	4667760	23	 55	 0	 0	0	0	0	0	 0	 0	 0	 0	 0	 0	 0
12564	33	103106	15	 24	 0	 14	0	0	0	0	 0	 0	 0	 0	 0	 0	 14
8363	129	33989	1	 8	 0	 1041	268	402	0	0	 0	 0	 0	 0	 371	 0	 670
49317	425	423098	28	 94	 0	 0	0	0	0	0	 0	 0	 0	 0	 0	 0	 0
37499	480	383866	32	 95	 0	 0	0	0	0	0	 0	 0	 0	 0	 0	 0	 0
63727	407	461345	47	 132	 0	 381	0	0	0	0	 0	 0	 0	 0	 381	 0	 0
29539	9	10660	63	 226	 0	 0	0	0	0	0	 0	 0	 0	 0	 0	 0	 0
44902	496	118607	31	 82	 0	 0	0	0	0	0	 0	 0	 0	 0	 0	 0	 0
21907	1618	266043	3	 34	 0	 58	0	0	0	0	 0	 0	 0	 0	 56	 0	 2
63727	392	482267	47	 132	 0	 591	0	0	0	0	 0	 0	 0	 0	 591	 0	 0
27077	1027	10422	18	 46	 0	 0	0	0	0	0	 0	 0	 0	 0	 0	 0	 0
63727	410	444563	47	 132	 0	 569	0	0	0	0	 0	 0	 0	 0	 569	 0	 0
19056	133	273739	9	 37	 0	 0	0	0	0	0	 0	 0	 0	 0	 0	 0	 0
62000	393	440188	41	 127	 926	 11	0	18	0	926	 0	 0	 0	 0	 11	 0	 0
10078	475	450821	3	 10	 0	 85	0	0	0	0	 0	 0	 0	 0	 0	 0	 85
63727	396	474202	47	 132	 0	 591	0	0	0	0	 0	 0	 0	 0	 591	 0	 0
7336	25	2907	0	 1	 0	 107	107	0	0	0	 0	 0	 0	 0	 0	 0	 107
63727	379	431254	47	 132	 0	 569	0	0	0	0	 0	 0	 0	 0	 569	 0	 0
22555	84	153314	20	 40	 0	 0	0	0	0	0	 0	 0	 0	 0	 0	 0	 0
63727	391	439507	47	 132	 0	 622	0	0	0	0	 0	 0	 0	 0	 622	 0	 0
25563	295	269140	21	 55	 0	 0	0	0	0	0	 0	 0	 0	 0	 0	 0	 0
65358	0	0	67	 231	 0	 0	0	0	0	0	 0	 0	 0	 0	 0	 0	 0
48547	589	2974	133	 419	 1	 0	0	0	0	1	 0	 0	 0	 0	 0	 0	 0
26447	55	305912	26	 71	 0	 0	0	0	0	0	 0	 0	 0	 0	 0	 0	 0
26504	348	289665	12	 36	 0	 0	0	0	0	0	 0	 0	 0	 0	 0	 0	 0
14586	55	82401	22	 27	 0	 0	0	0	0	0	 0	 0	 0	 0	 0	 0	 0
46944	192	9302	45	 105	 0	 0	0	0	0	0	 0	 0	 0	 0	 0	 0	 0
16312	895	10510	31	 47	 4	 1	0	3	0	4	 0	 0	 1	 0	 0	 0	 0
61906	482	644606	33	 130	 0	 0	0	0	0	0	 0	 0	 0	 0	 0	 0	 0
25975	393	13057	34	 102	 9	 11	0	15	0	9	 11	 0	 0	 0	 0	 0	 0
41207	848	8628	27	 45	 1	 0	0	0	0	1	 0	 0	 0	 0	 0	 0	 0
29060	948	242890	41	 89	 8	 60	0	35	0	8	 0	 0	 12	 0	 0	 0	 48
19641	500	462038	21	 41	 0	 77	0	5	0	0	 0	 0	 0	 0	 0	 0	 77
50288	306	283635	50	 145	 0	 0	0	0	0	0	 0	 0	 0	 0	 0	 0	 0
46944	217	21984	45	 105	 0	 0	0	0	0	0	 0	 0	 0	 0	 0	 0	 0
14814	621	181653	23	 27	 72	 0	0	52	0	72	 0	 0	 0	 0	 0	 0	 0
21540	30	4014	18	 36	 0	 20	20	0	0	0	 0	 0	 0	 0	 0	 0	 20
47399	430	4319	30	 127	 0	 0	0	0	0	0	 0	 0	 0	 0	 0	 0	 0
27183	132	50412	68	 194	 0	 9	0	0	0	0	 0	 0	 0	 0	 9	 0	 0
47399	1173	113301	30	 127	 0	 1	0	0	0	0	 0	 0	 0	 0	 0	 0	 1
52227	77	465	108	 226	 0	 0	0	0	0	0	 0	 0	 0	 0	 0	 0	 0
45692	46	108985	8	 97	 0	 0	0	0	0	0	 0	 0	 0	 0	 0	 0	 0
37499	480	354796	32	 95	 0	 0	0	0	0	0	 0	 0	 0	 0	 0	 0	 0
19296	243	1820344	18	 38	 21	 82	0	66	0	21	 28	 0	 0	 0	 0	 0	 54
37499	480	358071	32	 95	 0	 0	0	0	0	0	 0	 0	 0	 0	 0	 0	 0
46079	1248	104674	76	 197	 34	 9	0	14	0	18	 2	 0	 0	 16	 7	 0	 0
45335	45	84515	52	 125	 0	 0	0	0	0	0	 0	 0	 0	 0	 0	 0	 0
30027	1315	323555	45	 116	 861	 552	0	209	0	833	 444	 0	 0	 28	 108	 0	 0
25678	415	175047	27	 57	 0	 0	0	0	0	0	 0	 0	 0	 0	 0	 0	 0
21094	1605	437260	26	 53	 60	 251	2	84	2	60	 54	 0	 0	 0	 33	 0	 164
23421	1346	297029	25	 64	 2	 25	4	1	0	2	 0	 0	 0	 0	 1	 0	 24
33835	227	329360	10	 39	 0	 0	0	0	0	0	 0	 0	 0	 0	 0	 0	 0
20429	50	57090	20	 43	 0	 0	0	0	0	0	 0	 0	 0	 0	 0	 0	 0
10916	518	1149635	10	 13	 171	 256	0	225	26	171	 0	 0	 0	 0	 9	 0	 247
41356	176	216304	34	 65	 0	 0	0	0	0	0	 0	 0	 0	 0	 0	 0	 0
49834	125	268458	54	 103	 0	 0	0	0	0	0	 0	 0	 0	 0	 0	 0	 0
65358	0	0	67	 231	 0	 0	0	0	0	0	 0	 0	 0	 0	 0	 0	 0
51481	139	280062	64	 159	 0	 0	0	0	0	0	 0	 0	 0	 0	 0	 0	 0
28117	331	556509	25	 72	 0	 0	0	0	0	0	 0	 0	 0	 0	 0	 0	 0
63727	363	447704	47	 132	 0	 440	0	0	0	0	 0	 0	 0	 0	 440	 0	 0
45851	61	121857	32	 111	 0	 0	0	0	0	0	 0	 0	 0	 0	 0	 0	 0
63727	352	467480	47	 132	 0	 371	0	0	0	0	 0	 0	 0	 0	 371	 0	 0
59118	215	147507	112	 250	 0	 0	0	0	0	0	 0	 0	 0	 0	 0	 0	 0
63727	390	210392	47	 132	 0	 138	0	0	0	0	 0	 0	 0	 0	 138	 0	 0
28830	394	338753	22	 123	 226	 248	0	311	0	226	 139	 0	 0	 0	 13	 0	 96
51939	268	407532	61	 142	 1047	 0	0	5	0	1047	 0	 0	 0	 0	 0	 0	 0
30720	768	103304	30	 67	 19	 6	0	0	0	19	 0	 0	 0	 0	 0	 0	 6
18158	0	0	21	 58	 0	 0	0	0	0	0	 0	 0	 0	 0	 0	 0	 0
32904	138	219575	18	 53	 0	 0	0	0	0	0	 0	 0	 0	 0	 0	 0	 0
33026	169	285738	32	 104	 0	 0	0	0	0	0	 0	 0	 0	 0	 0	 0	 0
33273	1617	607346	28	 57	 2	 8	0	8	0	2	 0	 0	 0	 0	 0	 0	 8
24680	394	12020	23	 47	 1	 5	0	0	0	1	 5	 0	 0	 0	 0	 0	 0
17616	865	98652	1	 29	 68	 104	38	0	0	68	 66	 0	 0	 0	 0	 0	 38
63727	396	915063	47	 132	 0	 598	0	0	0	0	 0	 0	 0	 0	 598	 0	 0
16952	366	402447	5	 23	 0	 0	0	0	0	0	 0	 0	 0	 0	 0	 0	 0
38204	2151	700496	41	 140	 54	 373	8	336	0	11	 15	 43	 277	 0	 0	 0	 81
25333	758	642873	24	 47	 0	 0	0	0	0	0	 0	 0	 0	 0	 0	 0	 0
56440	162	317405	106	 226	 0	 0	0	0	0	0	 0	 0	 0	 0	 0	 0	 0
32391	110	230607	41	 122	 0	 0	0	0	0	0	 0	 0	 0	 0	 0	 0	 0
63727	380	520408	47	 132	 0	 399	0	0	0	0	 0	 0	 0	 0	 399	 0	 0
27040	382	2743	15	 84	 0	 0	0	0	0	0	 0	 0	 0	 0	 0	 0	 0
17038	507	460570	28	 79	 0	 99	0	0	0	0	 0	 0	 0	 0	 0	 0	 99
20577	1778	529537	28	 42	 94	 299	62	331	0	94	 200	 0	 0	 0	 37	 0	 62
21534	29	21075	18	 34	 0	 0	0	0	0	0	 0	 0	 0	 0	 0	 0	 0
39771	1289	997591	23	 55	 0	 17	0	0	0	0	 0	 0	 0	 0	 17	 0	 0
65581	362	457076	50	 123	 0	 0	0	0	0	0	 0	 0	 0	 0	 0	 0	 0
27455	21	29897	32	 88	 0	 0	0	0	0	0	 0	 0	 0	 0	 0	 0	 0
66422	871	570080	36	 193	 396	 0	0	6	0	396	 0	 0	 0	 0	 0	 0	 0
51476	49	612	33	 99	 0	 0	0	0	0	0	 0	 0	 0	 0	 0	 0	 0
12734	234	13030	12	 19	 2	 0	0	0	0	2	 0	 0	 0	 0	 0	 0	 0
12199	488	429700	16	 6	 37	 80	0	36	0	37	 0	 0	 0	 0	 0	 0	 80
32162	153	67612	28	 71	 0	 176	0	0	0	0	 0	 0	 0	 0	 176	 0	 0
53577	65	29524	33	 117	 0	 82	0	0	0	0	 0	 0	 0	 0	 82	 0	 0
48922	0	0	62	 214	 0	 0	0	0	0	0	 0	 0	 0	 0	 0	 0	 0
39771	262	122890	23	 55	 0	 0	0	0	0	0	 0	 0	 0	 0	 0	 0	 0
16920	134	281953	12	 35	 0	 0	0	0	0	0	 0	 0	 0	 0	 0	 0	 0
42816	1362	17716	29	 77	 5	 1	0	5	0	5	 1	 0	 0	 0	 0	 0	 0
28511	569	247825	41	 96	 0	 34	0	0	0	0	 0	 0	 0	 0	 0	 0	 34
46806	0	0	50	 81	 0	 0	0	0	0	0	 0	 0	 0	 0	 0	 0	 0
11803	740	869638	4	 9	 76	 203	65	138	0	76	 138	 0	 0	 0	 0	 0	 65
60275	423	363028	41	 95	 0	 0	0	0	0	0	 0	 0	 0	 0	 0	 0	 0
30992	67	92888	28	 116	 0	 0	0	0	0	0	 0	 0	 0	 0	 0	 0	 0
61698	505	3044	39	 117	 0	 0	0	0	0	0	 0	 0	 0	 0	 0	 0	 0
42608	1591	905393	231	 193	 5	 622	94	262	148	5	 33	 0	 36	 0	 2	 0	 551
12017	447	162843	17	 9	 45	 286	286	43	0	45	 0	 0	 0	 0	 0	 0	 286
40584	2228	367754	23	 42	 13	 52	31	0	17	13	 2	 0	 0	 0	 6	 0	 44
63817	0	0	18	 93	 0	 0	0	0	0	0	 0	 0	 0	 0	 0	 0	 0
19510	254	213863	7	 34	 0	 0	0	0	0	0	 0	 0	 0	 0	 0	 0	 0
42385	170	290563	29	 64	 0	 0	0	0	0	0	 0	 0	 0	 0	 0	 0	 0
51939	268	399893	61	 142	 1067	 0	0	0	0	1067	 0	 0	 0	 0	 0	 0	 0
52224	914	489142	43	 97	 0	 0	0	0	0	0	 0	 0	 0	 0	 0	 0	 0
44521	1732	196617	13	 57	 1	 14	0	3	0	1	 0	 0	 0	 0	 2	 0	 12
29767	2638	330904	47	 176	 167	 415	0	284	0	141	 182	 26	 6	 0	 12	 0	 215
30209	1178	187843	14	 58	 0	 0	0	0	0	0	 0	 0	 0	 0	 0	 0	 0
32988	1380	521340	22	 74	 21	 15	10	5	0	21	 0	 0	 0	 0	 5	 0	 10
51389	103	114344	120	 227	 0	 0	0	0	0	0	 0	 0	 0	 0	 0	 0	 0
37499	480	180666	32	 95	 0	 0	0	0	0	0	 0	 0	 0	 0	 0	 0	 0
49594	356	1046	55	 166	 0	 0	0	0	0	0	 0	 0	 0	 0	 0	 0	 0
36934	67	89792	28	 115	 0	 0	0	0	0	0	 0	 0	 0	 0	 0	 0	 0
20662	337	511427	16	 52	 65	 65	0	130	0	65	 65	 0	 0	 0	 0	 0	 0
27483	352	969	11	 35	 0	 0	0	0	0	0	 0	 0	 0	 0	 0	 0	 0
32224	139	404308	14	 57	 0	 0	0	0	0	0	 0	 0	 0	 0	 0	 0	 0
39771	281	3585608	23	 55	 0	 0	0	0	0	0	 0	 0	 0	 0	 0	 0	 0
12564	33	29694	15	 24	 0	 1	0	0	0	0	 0	 0	 0	 0	 0	 0	 1
8363	129	33194	1	 8	 0	 1030	307	409	0	0	 0	 0	 0	 0	 314	 0	 716
49317	425	409484	28	 94	 0	 0	0	0	0	0	 0	 0	 0	 0	 0	 0	 0
37499	480	411256	32	 95	 0	 0	0	0	0	0	 0	 0	 0	 0	 0	 0	 0
63727	392	357038	47	 132	 0	 440	0	0	0	0	 0	 0	 0	 0	 440	 0	 0
29539	9	12039	63	 226	 0	 0	0	0	0	0	 0	 0	 0	 0	 0	 0	 0
44902	485	116932	31	 82	 0	 0	0	0	0	0	 0	 0	 0	 0	 0	 0	 0
21907	1739	426946	3	 34	 0	 102	1	1	0	0	 0	 0	 0	 0	 97	 0	 5
63727	391	323898	47	 132	 0	 321	0	0	0	0	 0	 0	 0	 0	 321	 0	 0
27077	941	6005	18	 46	 0	 0	0	0	0	0	 0	 0	 0	 0	 0	 0	 0
63727	392	196145	47	 132	 0	 110	0	0	0	0	 0	 0	 0	 0	 110	 0	 0
19056	133	278213	9	 37	 0	 0	0	0	0	0	 0	 0	 0	 0	 0	 0	 0
62000	428	472665	41	 127	 1017	 15	0	6	0	1017	 0	 0	 0	 0	 15	 0	 0
10078	480	565131	3	 10	 0	 83	0	0	0	0	 0	 0	 0	 0	 0	 0	 83
63727	396	448208	47	 132	 0	 664	0	0	0	0	 0	 0	 0	 0	 664	 0	 0
7336	25	2480	0	 1	 0	 51	51	0	0	0	 0	 0	 0	 0	 0	 0	 51
63727	260	4951	47	 132	 0	 3	0	0	0	0	 0	 0	 0	 0	 3	 0	 0
22555	84	147941	20	 40	 0	 0	0	0	0	0	 0	 0	 0	 0	 0	 0	 0
63727	364	134412	47	 132	 0	 67	0	0	0	0	 0	 0	 0	 0	 67	 0	 0
25563	258	6859	21	 55	 0	 0	0	0	0	0	 0	 0	 0	 0	 0	 0	 0
65358	0	0	67	 231	 0	 0	0	0	0	0	 0	 0	 0	 0	 0	 0	 0
48547	781	3770	133	 419	 0	 0	0	0	0	0	 0	 0	 0	 0	 0	 0	 0
26447	55	298754	26	 71	 0	 0	0	0	0	0	 0	 0	 0	 0	 0	 0	 0
26504	348	311800	12	 36	 0	 0	0	0	0	0	 0	 0	 0	 0	 0	 0	 0
14586	55	89794	22	 27	 0	 0	0	0	0	0	 0	 0	 0	 0	 0	 0	 0
36233	1966	399018	30	 47	 24	 2	0	1	0	24	 0	 0	 0	 0	 0	 0	 2
25169	317	2555	23	 48	 1	 0	0	0	0	1	 0	 0	 0	 0	 0	 0	 0
7759	70	37337	1	 4	 126	 0	0	126	0	126	 0	 0	 0	 0	 0	 0	 0
41002	38	3368	32	 85	 0	 7	0	0	0	0	 0	 0	 0	 0	 7	 0	 0
40564	120	228098	35	 113	 0	 0	0	0	0	0	 0	 0	 0	 0	 0	 0	 0
24298	38	67112	51	 85	 1032	 0	0	0	0	1032	 0	 0	 0	 0	 0	 0	 0
39611	68	322	30	 76	 0	 0	0	0	0	0	 0	 0	 0	 0	 0	 0	 0
40677	440	544930	68	 116	 0	 0	0	0	0	0	 0	 0	 0	 0	 0	 0	 0
24060	189	49027	34	 93	 0	 0	0	0	0	0	 0	 0	 0	 0	 0	 0	 0
16797	614	440530	36	 34	 92	 0	0	91	0	92	 0	 0	 0	 0	 0	 0	 0
36786	959	14228	31	 76	 5	 0	0	5	0	5	 0	 0	 0	 0	 0	 0	 0
29122	1738	312716	35	 49	 108	 121	57	137	0	108	 36	 0	 0	 0	 3	 0	 82
20512	115	291282	12	 56	 0	 0	0	0	0	0	 0	 0	 0	 0	 0	 0	 0
20605	419	159653	45	 60	 8	 0	0	8	0	8	 0	 0	 0	 0	 0	 0	 0
16494	323	820182	34	 57	 229	 55	55	103	0	229	 0	 0	 0	 0	 0	 0	 55
26448	1880	636326	31	 76	 2	 160	4	12	0	2	 10	 0	 0	 0	 123	 0	 27
65917	554	817732	65	 168	 0	 0	0	0	0	0	 0	 0	 0	 0	 0	 0	 0
19606	354	130018	45	 68	 622	 24	24	462	0	622	 0	 0	 0	 0	 0	 0	 24
12473	169	635925	18	 20	 10647	 0	0	10066	0	10647	 0	 0	 0	 0	 0	 0	 0
44175	474	614371	25	 63	 0	 0	0	0	0	0	 0	 0	 0	 0	 0	 0	 0
23048	654	6095	73	 162	 0	 0	0	0	0	0	 0	 0	 0	 0	 0	 0	 0
16616	565	302665	29	 47	 77	 598	0	339	0	77	 0	 0	 195	 0	 0	 0	 403
66324	257	270417	56	 120	 0	 0	0	0	0	0	 0	 0	 0	 0	 0	 0	 0
44175	474	675940	25	 63	 0	 0	0	0	0	0	 0	 0	 0	 0	 0	 0	 0
27893	88	112573	94	 115	 0	 0	0	0	0	0	 0	 0	 0	 0	 0	 0	 0
15243	380	400048	27	 26	 3	 0	0	0	0	3	 0	 0	 0	 0	 0	 0	 0
21151	248	233984	35	 60	 407	 315	0	357	0	407	 0	 0	 0	 0	 315	 0	 0
16843	593	496029	30	 34	 102	 0	0	102	0	102	 0	 0	 0	 0	 0	 0	 0
61906	452	538359	33	 130	 0	 0	0	0	0	0	 0	 0	 0	 0	 0	 0	 0
25975	192	5096	34	 102	 5	 5	0	10	0	5	 5	 0	 0	 0	 0	 0	 0
27893	88	125754	94	 115	 0	 0	0	0	0	0	 0	 0	 0	 0	 0	 0	 0
16687	616	472589	30	 34	 110	 0	0	107	0	110	 0	 0	 0	 0	 0	 0	 0
19641	433	261492	21	 41	 0	 89	0	6	0	0	 0	 0	 0	 0	 0	 0	 89
45022	1436	166765	26	 62	 95	 74	5	124	0	95	 32	 0	 0	 0	 0	 0	 42
56334	168	23411	77	 214	 0	 0	0	0	0	0	 0	 0	 0	 0	 0	 0	 0
32059	183	200036	71	 135	 0	 0	0	0	0	0	 0	 0	 0	 0	 0	 0	 0
39771	137	32982	23	 55	 0	 0	0	0	0	0	 0	 0	 0	 0	 0	 0	 0
19444	78	8012	30	 69	 0	 0	0	0	0	0	 0	 0	 0	 0	 0	 0	 0
16377	388	162456	31	 49	 1	 79	0	1	0	1	 0	 0	 0	 0	 0	 0	 79
63501	28	34685	28	 71	 0	 0	0	0	0	0	 0	 0	 0	 0	 0	 0	 0
45395	151	313465	60	 133	 0	 0	0	0	0	0	 0	 0	 0	 0	 0	 0	 0
63727	671	212769	47	 132	 0	 0	0	0	0	0	 0	 0	 0	 0	 0	 0	 0
44175	474	725614	25	 63	 0	 0	0	0	0	0	 0	 0	 0	 0	 0	 0	 0
16845	628	494662	36	 34	 97	 0	0	93	0	97	 0	 0	 0	 0	 0	 0	 0
11833	285	292311	16	 4	 6	 0	0	6	0	6	 0	 0	 0	 0	 0	 0	 0
63727	690	216484	47	 132	 0	 0	0	0	0	0	 0	 0	 0	 0	 0	 0	 0
45395	151	291845	60	 133	 0	 0	0	0	0	0	 0	 0	 0	 0	 0	 0	 0
21788	147	20665	20	 38	 0	 122	6	96	0	0	 0	 0	 0	 0	 116	 0	 6
46983	16	13939	22	 71	 0	 0	0	0	0	0	 0	 0	 0	 0	 0	 0	 0
65637	267	392170	58	 98	 0	 0	0	0	0	0	 0	 0	 0	 0	 0	 0	 0
65142	168	284059	77	 168	 0	 0	0	0	0	0	 0	 0	 0	 0	 0	 0	 0
63727	928	206170	47	 132	 0	 0	0	0	0	0	 0	 0	 0	 0	 0	 0	 0
41207	2618	233390	27	 45	 35	 4	0	0	0	35	 0	 0	 0	 0	 0	 0	 4
55898	1064	1054659	40	 93	 1176	 326	0	1232	0	1176	 56	 0	 0	 0	 0	 0	 270
27658	236	396006	25	 69	 0	 0	0	0	0	0	 0	 0	 0	 0	 0	 0	 0
27912	978	448406	149	 212	 325	 641	415	113	0	325	 113	 0	 0	 0	 0	 0	 528
51587	1746	624568	20	 44	 0	 27	0	0	0	0	 0	 0	 0	 0	 27	 0	 0
48962	1546	200094	27	 136	 4	 240	128	20	0	4	 86	 0	 0	 0	 0	 0	 154
22238	46	56062	21	 81	 0	 0	0	0	0	0	 0	 0	 0	 0	 0	 0	 0
62832	210	166200	36	 200	 0	 0	0	0	0	0	 0	 0	 0	 0	 0	 0	 0
32538	626	529534	28	 74	 0	 0	0	0	0	0	 0	 0	 0	 0	 0	 0	 0
43294	125	228933	68	 88	 0	 0	0	0	0	0	 0	 0	 0	 0	 0	 0	 0
29114	1401	41138	11	 43	 0	 0	0	0	0	0	 0	 0	 0	 0	 0	 0	 0
22927	922	69387	22	 40	 5	 7	0	4	0	5	 7	 0	 0	 0	 0	 0	 0
14974	633	73618	18	 17	 1	 4	0	5	0	1	 0	 0	 0	 0	 2	 0	 2
34913	156	306704	76	 138	 0	 0	0	0	0	0	 0	 0	 0	 0	 0	 0	 0
40831	88	504928	32	 46	 0	 0	0	0	0	0	 0	 0	 0	 0	 0	 0	 0
56481	156	301293	82	 164	 0	 0	0	0	0	0	 0	 0	 0	 0	 0	 0	 0
48530	948	10645	35	 102	 3	 1	0	0	0	3	 1	 0	 0	 0	 0	 0	 0
63727	601	211473	47	 132	 0	 0	0	0	0	0	 0	 0	 0	 0	 0	 0	 0
12347	401	187622	17	 12	 1	 26	26	0	0	1	 0	 0	 0	 0	 0	 0	 26
45996	137	308653	65	 146	 0	 0	0	0	0	0	 0	 0	 0	 0	 0	 0	 0
23045	105	127337	7	 67	 0	 243	0	0	0	0	 0	 0	 0	 0	 243	 0	 0
63727	916	206683	47	 132	 0	 0	0	0	0	0	 0	 0	 0	 0	 0	 0	 0
25744	514	440819	15	 46	 0	 0	0	0	0	0	 0	 0	 0	 0	 0	 0	 0
14222	352	1759	16	 33	 0	 0	0	0	0	0	 0	 0	 0	 0	 0	 0	 0
32323	271	540986	40	 72	 0	 0	0	0	0	0	 0	 0	 0	 0	 0	 0	 0
26724	759	250408	40	 79	 0	 45	0	0	0	0	 0	 0	 0	 0	 38	 0	 7
34103	583	454541	24	 74	 0	 0	0	0	0	0	 0	 0	 0	 0	 0	 0	 0
22238	110	144386	34	 92	 0	 0	0	0	0	0	 0	 0	 0	 0	 0	 0	 0
45418	559	28504	29	 68	 0	 0	0	0	0	0	 0	 0	 0	 0	 0	 0	 0
63727	647	220364	47	 132	 0	 0	0	0	0	0	 0	 0	 0	 0	 0	 0	 0
37391	484	301205	21	 66	 850	 0	0	3	0	850	 0	 0	 0	 0	 0	 0	 0
17561	437	225036	18	 37	 0	 19	0	0	0	0	 0	 0	 0	 0	 7	 0	 12
36019	436	2587	29	 76	 0	 0	0	0	0	0	 0	 0	 0	 0	 0	 0	 0
40808	615	2333	47	 100	 0	 2	0	2	0	0	 0	 0	 0	 0	 2	 0	 0
50430	149	283500	33	 113	 0	 0	0	0	0	0	 0	 0	 0	 0	 0	 0	 0
25491	333	353808	13	 34	 195	 0	0	2	0	195	 0	 0	 0	 0	 0	 0	 0
50102	103	188953	31	 88	 0	 0	0	0	0	0	 0	 0	 0	 0	 0	 0	 0
18659	528	416351	6	 19	 0	 0	0	0	0	0	 0	 0	 0	 0	 0	 0	 0
23547	818	1096977	21	 51	 7	 216	0	128	0	7	 122	 0	 0	 0	 0	 0	 94
13224	14	1176	17	 25	 166	 0	0	0	0	166	 0	 0	 0	 0	 0	 0	 0
47151	161	286857	48	 127	 0	 0	0	0	0	0	 0	 0	 0	 0	 0	 0	 0
19510	333	4213	16	 28	 0	 0	0	0	0	0	 0	 0	 0	 0	 0	 0	 0
66065	2051	279140	58	 229	 9	 1	0	0	0	9	 0	 0	 0	 0	 0	 0	 1
23911	218	1339	38	 139	 0	 0	0	0	0	0	 0	 0	 0	 0	 0	 0	 0
22417	168	2316	26	 60	 2	 0	0	0	0	2	 0	 0	 0	 0	 0	 0	 0
50271	846	667182	40	 91	 0	 0	0	0	0	0	 0	 0	 0	 0	 0	 0	 0
20622	654	4282	27	 149	 0	 1	0	0	0	0	 0	 0	 0	 0	 1	 0	 0
25816	393	713831	31	 95	 0	 0	0	0	0	0	 0	 0	 0	 0	 0	 0	 0
24881	419	162063	26	 70	 96	 35	0	0	0	96	 0	 0	 0	 0	 0	 0	 35
59391	2029	18218	41	 124	 0	 1	0	0	0	0	 0	 0	 0	 0	 0	 0	 1
16073	336	471044	5	 24	 0	 0	0	0	0	0	 0	 0	 0	 0	 0	 0	 0
24561	474	151257	48	 86	 0	 128	47	0	0	0	 0	 0	 0	 0	 0	 0	 128
47425	0	0	33	 80	 0	 0	0	0	0	0	 0	 0	 0	 0	 0	 0	 0
12431	193	364110	9	 24	 1097	 0	0	12	0	1097	 0	 0	 0	 0	 0	 0	 0
42628	889	866611	42	 120	 0	 0	0	0	0	0	 0	 0	 0	 0	 0	 0	 0
19529	1216	225757	27	 62	 70	 337	7	330	0	70	 85	 0	 18	 0	 0	 0	 234
41517	574	1220878	61	 131	 0	 0	0	0	0	0	 0	 0	 0	 0	 0	 0	 0
21992	531	86918	23	 68	 13	 310	2	49	106	13	 111	 0	 0	 0	 0	 0	 199
18334	1610	423131	16	 27	 9	 60	0	13	0	9	 0	 0	 0	 0	 47	 0	 13
21664	396	7679	32	 112	 0	 1	0	0	0	0	 0	 0	 0	 0	 1	 0	 0
16293	294	80896	32	 27	 76	 0	0	71	0	76	 0	 0	 0	 0	 0	 0	 0
17420	398	135650	33	 36	 1	 0	0	1	0	1	 0	 0	 0	 0	 0	 0	 0
63137	377	489593	65	 200	 0	 3695	0	0	0	0	 0	 0	 0	 0	 3695	 0	 0
51076	1310	477952	53	 177	 4	 119	0	0	0	4	 73	 0	 0	 0	 0	 0	 46
25559	59	126894	34	 55	 0	 0	0	0	0	0	 0	 0	 0	 0	 0	 0	 0
8041	124	33362	0	 0	 0	 0	0	0	0	0	 0	 0	 0	 0	 0	 0	 0
31457	397	134391	82	 437	 0	 344	0	226	0	0	 0	 0	 0	 0	 342	 0	 2
13423	590	496117	20	 32	 626	 992	176	0	147	626	 0	 0	 600	 0	 0	 0	 392
28204	300	376637	41	 129	 206	 0	0	6	0	206	 0	 0	 0	 0	 0	 0	 0
16305	554	658953	30	 48	 661	 1431	0	0	0	661	 0	 0	 1392	 0	 0	 0	 39
10935	277	68656	1	 17	 108	 117	0	219	0	108	 112	 0	 0	 0	 0	 0	 5
25826	575	388462	31	 54	 1844	 1185	0	51	0	1844	 1185	 0	 0	 0	 0	 0	 0
23600	525	530809	10	 54	 551	 334	4	0	0	551	 330	 0	 0	 0	 0	 0	 4
29060	780	284286	41	 89	 19	 153	38	15	0	19	 0	 0	 18	 0	 0	 0	 135
24108	218	411571	41	 123	 0	 0	0	0	0	0	 0	 0	 0	 0	 0	 0	 0
40907	302	371001	33	 91	 0	 0	0	0	0	0	 0	 0	 0	 0	 0	 0	 0
21011	543	198712	19	 48	 0	 9	7	0	0	0	 0	 0	 0	 0	 2	 0	 7
9573	282	83084	5	 14	 728	 593	45	1079	0	728	 548	 0	 0	 0	 0	 0	 45
27751	219	428966	24	 542	 0	 0	0	0	0	0	 0	 0	 0	 0	 0	 0	 0
66548	216	939090	47	 171	 0	 0	0	0	0	0	 0	 0	 0	 0	 0	 0	 0
55183	2537	441891	54	 114	 106	 179	27	217	0	106	 114	 0	 0	 0	 0	 0	 65
21911	989	458618	25	 71	 5	 111	0	0	8	2	 81	 3	 3	 0	 6	 0	 21
44786	169	362855	48	 125	 0	 0	0	0	0	0	 0	 0	 0	 0	 0	 0	 0
14867	804	852782	17	 35	 56	 3573	3508	0	0	56	 0	 0	 0	 0	 0	 0	 3573
16631	878	491918	18	 55	 203	 204	204	203	0	203	 0	 0	 0	 0	 0	 0	 204
6890	0	0	1	 1	 0	 0	0	0	0	0	 0	 0	 0	 0	 0	 0	 0
37105	291	461525	22	 63	 0	 0	0	0	0	0	 0	 0	 0	 0	 0	 0	 0
15139	374	457279	11	 25	 0	 0	0	0	0	0	 0	 0	 0	 0	 0	 0	 0
12391	116	26547	17	 35	 230	 138	0	361	0	230	 120	 0	 0	 0	 0	 0	 18
46265	154	265879	49	 226	 0	 0	0	0	0	0	 0	 0	 0	 0	 0	 0	 0
36233	1959	633767	30	 47	 26	 0	0	0	0	26	 0	 0	 0	 0	 0	 0	 0
39464	49	50810	34	 74	 0	 0	0	0	0	0	 0	 0	 0	 0	 0	 0	 0
24595	290	508688	35	 103	 0	 0	0	0	0	0	 0	 0	 0	 0	 0	 0	 0
18329	379	191967	39	 106	 13	 0	0	1	0	13	 0	 0	 0	 0	 0	 0	 0
66213	125	258713	84	 212	 0	 0	0	0	0	0	 0	 0	 0	 0	 0	 0	 0
35457	369	456210	36	 116	 0	 0	0	0	0	0	 0	 0	 0	 0	 0	 0	 0
29819	26	23576	7	 54	 0	 0	0	0	0	0	 0	 0	 0	 0	 0	 0	 0
42055	343	344807	146	 125	 0	 0	0	0	0	0	 0	 0	 0	 0	 0	 0	 0
66065	2044	263489	58	 229	 7	 0	0	0	0	7	 0	 0	 0	 0	 0	 0	 0
10975	165	23377	0	 13	 0	 540	0	0	0	0	 0	 0	 0	 0	 450	 0	 90
53072	534	427670	76	 199	 0	 0	0	0	0	0	 0	 0	 0	 0	 0	 0	 0
45395	151	279438	60	 133	 0	 0	0	0	0	0	 0	 0	 0	 0	 0	 0	 0
66065	2133	308455	58	 229	 11	 0	0	2	0	11	 0	 0	 0	 0	 0	 0	 0
33149	984	255617	28	 116	 68	 128	0	60	0	68	 0	 0	 0	 0	 2	 0	 126
7063	32	60290	0	 0	 0	 0	0	0	0	0	 0	 0	 0	 0	 0	 0	 0
36318	25	42625	37	 120	 0	 0	0	0	0	0	 0	 0	 0	 0	 0	 0	 0
27038	354	333187	20	 60	 0	 0	0	0	0	0	 0	 0	 0	 0	 0	 0	 0
15258	231	149550	16	 25	 112	 146	85	23	0	112	 0	 0	 0	 0	 5	 0	 141
44835	731	496974	13	 58	 0	 0	0	0	0	0	 0	 0	 0	 0	 0	 0	 0
22566	0	0	1	 8	 0	 0	0	0	0	0	 0	 0	 0	 0	 0	 0	 0
19074	1354	1961762	22	 61	 140	 362	158	144	0	85	 3	 55	 0	 0	 0	 0	 359
31646	719	76218	36	 96	 223	 1	0	223	0	223	 1	 0	 0	 0	 0	 0	 0
66065	2029	236279	58	 229	 7	 0	0	0	0	7	 0	 0	 0	 0	 0	 0	 0
34017	2582	109366	51	 102	 14	 15	0	4	0	14	 11	 0	 0	 0	 1	 0	 3
24281	368	5005	22	 134	 0	 0	0	0	0	0	 0	 0	 0	 0	 0	 0	 0
18864	969	595688	20	 37	 31	 71	0	62	19	31	 33	 0	 0	 0	 0	 0	 38
62018	3410	226361	39	 124	 5	 5	0	8	0	5	 3	 0	 0	 0	 0	 0	 2
45677	163	501181	46	 85	 0	 0	0	0	0	0	 0	 0	 0	 0	 0	 0	 0
20080	802	118461	37	 49	 4	 3	0	7	0	4	 0	 0	 0	 0	 2	 0	 1
63727	912	127471	47	 132	 0	 0	0	0	0	0	 0	 0	 0	 0	 0	 0	 0
40631	22	39726	38	 111	 0	 0	0	0	0	0	 0	 0	 0	 0	 0	 0	 0
58888	1686	53194	107	 241	 5	 6	0	0	0	5	 0	 0	 0	 0	 6	 0	 0
41006	151	277660	41	 98	 0	 0	0	0	0	0	 0	 0	 0	 0	 0	 0	 0
27130	7	4732	34	 57	 0	 0	0	0	0	0	 0	 0	 0	 0	 0	 0	 0
17771	30	6764	18	 56	 0	 0	0	0	0	0	 0	 0	 0	 0	 0	 0	 0
52804	153	271358	59	 170	 0	 0	0	0	0	0	 0	 0	 0	 0	 0	 0	 0
65149	1781	233423	60	 269	 119	 51	0	63	0	119	 50	 0	 0	 0	 0	 0	 1
42342	153	298404	33	 108	 0	 0	0	0	0	0	 0	 0	 0	 0	 0	 0	 0
14298	418	571404	2	 20	 0	 0	0	0	0	0	 0	 0	 0	 0	 0	 0	 0
16058	413	173253	35	 46	 18	 100	100	17	0	18	 0	 0	 0	 0	 0	 0	 100
9945	426	51826	0	 5	 0	 52	0	0	0	0	 0	 0	 0	 0	 52	 0	 0
46640	98	209879	75	 123	 724	 1364	0	364	0	724	 0	 0	 0	 0	 1364	 0	 0
16366	563	1892008	22	 46	 126	 14	0	44	0	126	 14	 0	 0	 0	 0	 0	 0
8710	97	37982	5	 12	 11	 1382	1369	0	0	11	 0	 0	 0	 0	 13	 0	 1369
36204	1224	696173	28	 63	 0	 903	0	0	0	0	 0	 0	 0	 0	 0	 0	 903
28309	1197	308430	25	 62	 3	 111	6	6	0	3	 0	 0	 0	 0	 83	 0	 28
36233	1802	65104	30	 47	 3	 0	0	0	0	3	 0	 0	 0	 0	 0	 0	 0
25169	370	395274	23	 48	 0	 88	6	0	0	0	 0	 0	 0	 0	 0	 0	 88
7759	70	37338	1	 4	 108	 0	0	108	0	108	 0	 0	 0	 0	 0	 0	 0
41002	38	3218	32	 85	 0	 7	0	0	0	0	 0	 0	 0	 0	 7	 0	 0
40564	120	214366	35	 113	 0	 0	0	0	0	0	 0	 0	 0	 0	 0	 0	 0
24298	38	63607	51	 85	 978	 0	0	3	0	978	 0	 0	 0	 0	 0	 0	 0
39611	68	312	30	 76	 0	 0	0	0	0	0	 0	 0	 0	 0	 0	 0	 0
40677	440	556458	68	 116	 0	 0	0	0	0	0	 0	 0	 0	 0	 0	 0	 0
24060	193	44002	34	 93	 0	 0	0	0	0	0	 0	 0	 0	 0	 0	 0	 0
16797	608	481918	36	 34	 99	 0	0	92	0	99	 0	 0	 0	 0	 0	 0	 0
36786	1332	204337	31	 76	 90	 4	0	92	0	90	 1	 0	 0	 0	 0	 0	 3
29122	1674	335810	35	 49	 119	 119	52	158	0	119	 42	 0	 0	 0	 1	 0	 76
20512	115	283395	12	 56	 0	 0	0	0	0	0	 0	 0	 0	 0	 0	 0	 0
20605	401	208203	45	 60	 14	 0	0	14	0	14	 0	 0	 0	 0	 0	 0	 0
16494	314	820562	34	 57	 177	 33	33	72	0	177	 0	 0	 0	 0	 0	 0	 33
26448	1051	12810	31	 76	 0	 0	0	0	0	0	 0	 0	 0	 0	 0	 0	 0
65917	554	773312	65	 168	 0	 0	0	0	0	0	 0	 0	 0	 0	 0	 0	 0
19606	357	119664	45	 68	 536	 50	50	396	0	536	 0	 0	 0	 0	 0	 0	 50
12473	169	568897	18	 20	 9681	 0	0	9141	0	9681	 0	 0	 0	 0	 0	 0	 0
44175	474	617955	25	 63	 0	 0	0	0	0	0	 0	 0	 0	 0	 0	 0	 0
23048	546	7470	73	 162	 0	 0	0	0	0	0	 0	 0	 0	 0	 0	 0	 0
16616	547	322438	29	 47	 68	 630	0	380	0	68	 0	 0	 189	 0	 0	 0	 441
66324	261	288728	56	 120	 0	 0	0	0	0	0	 0	 0	 0	 0	 0	 0	 0
44175	474	646810	25	 63	 0	 0	0	0	0	0	 0	 0	 0	 0	 0	 0	 0
27893	88	122016	94	 115	 0	 0	0	0	0	0	 0	 0	 0	 0	 0	 0	 0
15243	380	494099	27	 26	 2	 0	0	0	0	2	 0	 0	 0	 0	 0	 0	 0
21151	248	242244	35	 60	 491	 319	0	427	0	491	 0	 0	 0	 0	 319	 0	 0
16843	620	476301	30	 34	 93	 0	0	89	0	93	 0	 0	 0	 0	 0	 0	 0
61906	452	573062	33	 130	 0	 0	0	0	0	0	 0	 0	 0	 0	 0	 0	 0
25975	277	6143	34	 102	 5	 10	0	9	0	5	 10	 0	 0	 0	 0	 0	 0
27893	88	115932	94	 115	 0	 0	0	0	0	0	 0	 0	 0	 0	 0	 0	 0
16687	604	496773	30	 34	 92	 0	0	92	0	92	 0	 0	 0	 0	 0	 0	 0
19641	462	247472	21	 41	 1	 81	0	5	0	1	 0	 0	 0	 0	 0	 0	 81
45022	1479	181085	26	 62	 90	 79	2	126	0	90	 38	 0	 0	 0	 0	 0	 41
56334	160	10683	77	 214	 0	 0	0	0	0	0	 0	 0	 0	 0	 0	 0	 0
32059	86	208033	71	 135	 0	 0	0	0	0	0	 0	 0	 0	 0	 0	 0	 0
39771	122	22756	23	 55	 0	 0	0	0	0	0	 0	 0	 0	 0	 0	 0	 0
19444	78	6704	30	 69	 0	 0	0	0	0	0	 0	 0	 0	 0	 0	 0	 0
16377	414	161917	31	 49	 1	 165	93	1	0	1	 0	 0	 0	 0	 0	 0	 165
63501	28	35741	28	 71	 0	 0	0	0	0	0	 0	 0	 0	 0	 0	 0	 0
45395	151	287243	60	 133	 0	 0	0	0	0	0	 0	 0	 0	 0	 0	 0	 0
63727	684	165625	47	 132	 0	 0	0	0	0	0	 0	 0	 0	 0	 0	 0	 0
44175	474	698149	25	 63	 0	 0	0	0	0	0	 0	 0	 0	 0	 0	 0	 0
16845	593	480120	36	 34	 99	 0	0	99	0	99	 0	 0	 0	 0	 0	 0	 0
11833	267	54932	16	 4	 1	 0	0	1	0	1	 0	 0	 0	 0	 0	 0	 0
63727	691	207376	47	 132	 0	 0	0	0	0	0	 0	 0	 0	 0	 0	 0	 0
45395	151	274599	60	 133	 0	 0	0	0	0	0	 0	 0	 0	 0	 0	 0	 0
21788	147	14671	20	 38	 0	 116	8	85	0	0	 0	 0	 0	 0	 108	 0	 8
46983	16	13198	22	 71	 0	 0	0	0	0	0	 0	 0	 0	 0	 0	 0	 0
65637	267	374557	58	 98	 0	 0	0	0	0	0	 0	 0	 0	 0	 0	 0	 0
65142	168	286014	77	 168	 0	 0	0	0	0	0	 0	 0	 0	 0	 0	 0	 0
63727	650	264376	47	 132	 0	 0	0	0	0	0	 0	 0	 0	 0	 0	 0	 0
41207	2883	456187	27	 45	 109	 20	1	1	0	108	 0	 0	 0	 1	 0	 0	 20
55898	1067	1098974	40	 93	 1226	 322	0	1270	0	1226	 44	 0	 0	 0	 0	 0	 278
27658	236	451192	25	 69	 0	 0	0	0	0	0	 0	 0	 0	 0	 0	 0	 0
27912	880	463122	149	 212	 336	 675	415	134	0	336	 126	 0	 0	 0	 0	 0	 549
51587	1713	789890	20	 44	 0	 0	0	0	0	0	 0	 0	 0	 0	 0	 0	 0
48962	1687	794863	27	 136	 12	 741	327	41	3	12	 330	 0	 0	 0	 0	 0	 411
22238	46	56926	21	 81	 0	 0	0	0	0	0	 0	 0	 0	 0	 0	 0	 0
62832	228	151419	36	 200	 0	 0	0	0	0	0	 0	 0	 0	 0	 0	 0	 0
32538	626	511703	28	 74	 0	 0	0	0	0	0	 0	 0	 0	 0	 0	 0	 0
43294	125	243757	68	 88	 0	 0	0	0	0	0	 0	 0	 0	 0	 0	 0	 0
29114	1207	123077	11	 43	 0	 0	0	0	0	0	 0	 0	 0	 0	 0	 0	 0
22927	955	75316	22	 40	 6	 16	1	4	0	6	 11	 0	 0	 0	 0	 0	 5
14974	619	69132	18	 17	 0	 3	0	3	0	0	 0	 0	 0	 0	 2	 0	 1
34913	156	292161	76	 138	 0	 0	0	0	0	0	 0	 0	 0	 0	 0	 0	 0
40831	88	599733	32	 46	 0	 0	0	0	0	0	 0	 0	 0	 0	 0	 0	 0
56481	156	291346	82	 164	 0	 0	0	0	0	0	 0	 0	 0	 0	 0	 0	 0
48530	912	16632	35	 102	 2	 2	0	0	0	2	 0	 0	 0	 0	 2	 0	 0
63727	645	216812	47	 132	 0	 0	0	0	0	0	 0	 0	 0	 0	 0	 0	 0
12347	423	204512	17	 12	 3	 36	36	0	0	3	 0	 0	 0	 0	 0	 0	 36
45996	137	332762	65	 146	 0	 0	0	0	0	0	 0	 0	 0	 0	 0	 0	 0
23045	105	124563	7	 67	 0	 236	0	0	0	0	 0	 0	 0	 0	 236	 0	 0
63727	649	222246	47	 132	 0	 0	0	0	0	0	 0	 0	 0	 0	 0	 0	 0
25744	514	431079	15	 46	 0	 0	0	0	0	0	 0	 0	 0	 0	 0	 0	 0
14222	494	32569	16	 33	 0	 0	0	0	0	0	 0	 0	 0	 0	 0	 0	 0
32323	271	505284	40	 72	 0	 0	0	0	0	0	 0	 0	 0	 0	 0	 0	 0
26724	850	257237	40	 79	 0	 59	0	0	0	0	 0	 0	 0	 0	 43	 0	 16
34103	583	455210	24	 74	 0	 0	0	0	0	0	 0	 0	 0	 0	 0	 0	 0
22238	110	151641	34	 92	 0	 0	0	0	0	0	 0	 0	 0	 0	 0	 0	 0
45418	524	33417	29	 68	 0	 0	0	0	0	0	 0	 0	 0	 0	 0	 0	 0
63727	693	229387	47	 132	 0	 0	0	0	0	0	 0	 0	 0	 0	 0	 0	 0
37391	491	583584	21	 66	 1756	 0	0	9	0	1756	 0	 0	 0	 0	 0	 0	 0
17561	525	249195	18	 37	 16	 26	16	0	0	16	 0	 0	 0	 0	 8	 0	 18
36019	981	14420	29	 76	 0	 2	0	0	0	0	 0	 0	 0	 0	 1	 0	 1
40808	584	2261	47	 100	 0	 2	0	2	0	0	 0	 0	 0	 0	 2	 0	 0
50430	149	315272	33	 113	 0	 0	0	0	0	0	 0	 0	 0	 0	 0	 0	 0
25491	333	382381	13	 34	 208	 0	0	3	0	208	 0	 0	 0	 0	 0	 0	 0
50102	103	180785	31	 88	 0	 0	0	0	0	0	 0	 0	 0	 0	 0	 0	 0
18659	528	396798	6	 19	 0	 0	0	0	0	0	 0	 0	 0	 0	 0	 0	 0
23547	834	1138633	21	 51	 4	 165	0	102	0	4	 100	 0	 0	 0	 0	 0	 65
13224	14	1288	17	 25	 182	 0	0	2	0	182	 0	 0	 0	 0	 0	 0	 0
47151	161	295633	48	 127	 0	 0	0	0	0	0	 0	 0	 0	 0	 0	 0	 0
19510	1079	152041	16	 28	 231	 315	218	313	0	231	 83	 0	 0	 0	 0	 0	 232
66065	2044	284602	58	 229	 14	 0	0	0	0	14	 0	 0	 0	 0	 0	 0	 0
23911	1655	154825	38	 139	 0	 31	0	9	0	0	 0	 0	 0	 0	 22	 0	 9
22417	169	1522	26	 60	 2	 1	1	0	0	2	 0	 0	 0	 0	 0	 0	 1
50271	820	673816	40	 91	 0	 0	0	0	0	0	 0	 0	 0	 0	 0	 0	 0
20622	1098	38087	27	 149	 0	 6	0	1	0	0	 0	 0	 0	 0	 2	 0	 4
25816	395	754741	31	 95	 0	 0	0	0	0	0	 0	 0	 0	 0	 0	 0	 0
24881	415	168152	26	 70	 89	 35	0	0	0	89	 0	 0	 0	 0	 0	 0	 35
59391	1959	28778	41	 124	 6	 3	0	6	0	6	 0	 0	 0	 0	 0	 0	 3
16073	336	474375	5	 24	 0	 0	0	0	0	0	 0	 0	 0	 0	 0	 0	 0
24561	469	254560	48	 86	 0	 99	27	0	0	0	 0	 0	 0	 0	 0	 0	 99
47425	0	0	33	 80	 0	 0	0	0	0	0	 0	 0	 0	 0	 0	 0	 0
12431	193	343505	9	 24	 1026	 0	0	15	0	1026	 0	 0	 0	 0	 0	 0	 0
42628	888	936274	42	 120	 0	 0	0	0	0	0	 0	 0	 0	 0	 0	 0	 0
19529	1186	257144	27	 62	 92	 521	4	537	0	92	 97	 0	 14	 0	 0	 0	 410
41517	581	1159624	61	 131	 0	 0	0	0	0	0	 0	 0	 0	 0	 0	 0	 0
21992	480	115200	23	 68	 23	 569	1	106	287	23	 125	 0	 0	 0	 0	 0	 444
18334	1800	813499	16	 27	 27	 139	0	38	0	27	 0	 0	 0	 0	 101	 0	 38
21664	386	5808	32	 112	 0	 1	0	0	0	0	 0	 0	 0	 0	 1	 0	 0
16293	316	97929	32	 27	 60	 0	0	56	0	60	 0	 0	 0	 0	 0	 0	 0
17420	418	199211	33	 36	 4	 0	0	2	0	4	 0	 0	 0	 0	 0	 0	 0
63137	373	497112	65	 200	 0	 3725	0	0	0	0	 0	 0	 0	 0	 3725	 0	 0
51076	1295	467189	53	 177	 9	 144	0	0	0	9	 91	 0	 0	 0	 0	 0	 53
25559	59	129877	34	 55	 0	 0	0	0	0	0	 0	 0	 0	 0	 0	 0	 0
8041	123	26740	0	 0	 0	 0	0	0	0	0	 0	 0	 0	 0	 0	 0	 0
31457	393	138479	82	 437	 0	 353	0	235	0	0	 0	 0	 0	 0	 352	 0	 1
13423	587	480743	20	 32	 691	 1053	168	0	165	691	 0	 0	 657	 0	 0	 0	 396
28204	300	371901	41	 129	 178	 0	0	0	0	178	 0	 0	 0	 0	 0	 0	 0
16305	552	679326	30	 48	 676	 1412	0	4	0	676	 0	 0	 1344	 0	 0	 0	 68
10935	229	40299	1	 17	 96	 121	0	194	0	96	 117	 0	 0	 0	 0	 0	 4
25826	542	361697	31	 54	 1700	 1106	0	47	0	1700	 1106	 0	 0	 0	 0	 0	 0
23600	532	493518	10	 54	 521	 360	1	0	0	521	 359	 0	 0	 0	 0	 0	 1
29060	811	314245	41	 89	 18	 240	34	105	0	18	 0	 0	 27	 0	 0	 0	 213
24108	218	440884	41	 123	 0	 0	0	0	0	0	 0	 0	 0	 0	 0	 0	 0
40907	303	368780	33	 91	 0	 0	0	0	0	0	 0	 0	 0	 0	 0	 0	 0
21011	540	209357	19	 48	 0	 6	6	0	0	0	 0	 0	 0	 0	 0	 0	 6
9573	520	63134	5	 14	 93	 89	12	160	0	93	 83	 0	 0	 0	 0	 0	 6
27751	219	487429	24	 542	 0	 0	0	0	0	0	 0	 0	 0	 0	 0	 0	 0
66548	216	971810	47	 171	 0	 0	0	0	0	0	 0	 0	 0	 0	 0	 0	 0
55183	2498	281319	54	 114	 69	 137	17	157	0	69	 91	 0	 0	 0	 0	 0	 46
21911	917	421886	25	 71	 1	 102	0	0	2	1	 81	 0	 0	 0	 1	 0	 20
44786	169	333769	48	 125	 0	 0	0	0	0	0	 0	 0	 0	 0	 0	 0	 0
14867	793	798568	17	 35	 68	 3461	3398	2	0	68	 0	 0	 0	 0	 0	 0	 3461
16631	743	367974	18	 55	 48	 49	49	48	0	48	 0	 0	 0	 0	 0	 0	 49
6890	0	0	1	 1	 0	 0	0	0	0	0	 0	 0	 0	 0	 0	 0	 0
37105	291	459087	22	 63	 0	 0	0	0	0	0	 0	 0	 0	 0	 0	 0	 0
15139	379	467522	11	 25	 1	 0	0	0	0	1	 0	 0	 0	 0	 0	 0	 0
12391	106	23858	17	 35	 188	 106	0	291	0	188	 97	 0	 0	 0	 0	 0	 9
46265	154	300363	49	 226	 0	 0	0	0	0	0	 0	 0	 0	 0	 0	 0	 0
36233	1986	1081618	30	 47	 31	 0	0	0	0	31	 0	 0	 0	 0	 0	 0	 0
39464	49	46578	34	 74	 0	 0	0	0	0	0	 0	 0	 0	 0	 0	 0	 0
24595	290	492355	35	 103	 0	 0	0	0	0	0	 0	 0	 0	 0	 0	 0	 0
18329	417	207387	39	 106	 25	 0	0	1	0	25	 0	 0	 0	 0	 0	 0	 0
66213	125	256768	84	 212	 0	 0	0	0	0	0	 0	 0	 0	 0	 0	 0	 0
35457	371	441414	36	 116	 0	 0	0	0	0	0	 0	 0	 0	 0	 0	 0	 0
29819	26	22226	7	 54	 0	 0	0	0	0	0	 0	 0	 0	 0	 0	 0	 0
42055	344	366143	146	 125	 0	 0	0	0	0	0	 0	 0	 0	 0	 0	 0	 0
66065	2046	258265	58	 229	 12	 0	0	0	0	12	 0	 0	 0	 0	 0	 0	 0
10975	165	20818	0	 13	 0	 486	0	0	0	0	 0	 0	 0	 0	 405	 0	 81
53072	522	441705	76	 199	 0	 0	0	0	0	0	 0	 0	 0	 0	 0	 0	 0
45395	151	322258	60	 133	 0	 0	0	0	0	0	 0	 0	 0	 0	 0	 0	 0
66065	2132	297886	58	 229	 15	 0	0	2	0	15	 0	 0	 0	 0	 0	 0	 0
33149	964	240788	28	 116	 61	 85	0	47	0	61	 0	 0	 0	 0	 2	 0	 83
7063	32	58290	0	 0	 0	 0	0	0	0	0	 0	 0	 0	 0	 0	 0	 0
36318	25	41065	37	 120	 0	 0	0	0	0	0	 0	 0	 0	 0	 0	 0	 0
27038	354	317983	20	 60	 0	 0	0	0	0	0	 0	 0	 0	 0	 0	 0	 0
15258	230	154596	16	 25	 42	 104	4	48	0	42	 0	 0	 0	 0	 5	 0	 99
44835	731	462131	13	 58	 0	 0	0	0	0	0	 0	 0	 0	 0	 0	 0	 0
22566	0	0	1	 8	 0	 0	0	0	0	0	 0	 0	 0	 0	 0	 0	 0
19074	404	4087	22	 61	 1	 1	0	2	0	0	 0	 0	 0	 1	 0	 0	 1
31646	412	13649	36	 96	 0	 1	0	0	0	0	 0	 0	 0	 0	 1	 0	 0
66065	2046	263407	58	 229	 9	 0	0	0	0	9	 0	 0	 0	 0	 0	 0	 0
34017	2566	69451	51	 102	 17	 9	0	6	0	17	 3	 0	 0	 0	 0	 0	 6
24281	715	279540	22	 134	 444	 441	439	444	0	444	 2	 0	 0	 0	 0	 0	 439
18864	811	79400	20	 37	 4	 7	0	8	0	4	 5	 0	 0	 0	 0	 0	 2
62018	1337	11524	39	 124	 0	 1	0	1	0	0	 0	 0	 0	 0	 1	 0	 0
45677	163	525383	46	 85	 0	 0	0	0	0	0	 0	 0	 0	 0	 0	 0	 0
20080	750	12623	37	 49	 4	 3	0	7	0	4	 0	 0	 0	 0	 2	 0	 1
63727	682	224334	47	 132	 0	 0	0	0	0	0	 0	 0	 0	 0	 0	 0	 0
40631	22	41301	38	 111	 0	 0	0	0	0	0	 0	 0	 0	 0	 0	 0	 0
58888	863	8961	107	 241	 1	 1	0	0	0	1	 0	 0	 0	 0	 1	 0	 0
41006	151	291805	41	 98	 0	 0	0	0	0	0	 0	 0	 0	 0	 0	 0	 0
27130	7	4297	34	 57	 0	 0	0	0	0	0	 0	 0	 0	 0	 0	 0	 0
17771	28	4148	18	 56	 0	 0	0	0	0	0	 0	 0	 0	 0	 0	 0	 0
52804	153	297888	59	 170	 0	 0	0	0	0	0	 0	 0	 0	 0	 0	 0	 0
65149	1718	239682	60	 269	 118	 49	0	63	0	118	 49	 0	 0	 0	 0	 0	 0
42342	153	293295	33	 108	 0	 0	0	0	0	0	 0	 0	 0	 0	 0	 0	 0
14298	390	518103	2	 20	 0	 0	0	0	0	0	 0	 0	 0	 0	 0	 0	 0
16058	395	114504	35	 46	 12	 3	3	12	0	12	 0	 0	 0	 0	 0	 0	 3
9945	376	52630	0	 5	 0	 47	0	0	0	0	 0	 0	 0	 0	 47	 0	 0
46640	98	200793	75	 123	 686	 1317	0	343	0	686	 0	 0	 0	 0	 1317	 0	 0
16366	567	1598436	22	 46	 96	 15	0	30	0	96	 15	 0	 0	 0	 0	 0	 0
8710	97	42153	5	 12	 19	 1315	1300	0	0	19	 0	 0	 0	 0	 15	 0	 1300
36204	1374	668797	28	 63	 0	 839	0	0	0	0	 0	 0	 0	 0	 0	 0	 839
28309	1207	416591	25	 62	 1	 131	8	6	0	1	 0	 0	 0	 0	 108	 0	 23
36233	1971	519052	30	 47	 23	 0	0	0	0	23	 0	 0	 0	 0	 0	 0	 0
25169	322	3054	23	 48	 1	 0	0	0	0	1	 0	 0	 0	 0	 0	 0	 0
7759	70	45124	1	 4	 114	 0	0	114	0	114	 0	 0	 0	 0	 0	 0	 0
41002	38	3059	32	 85	 0	 6	0	0	0	0	 0	 0	 0	 0	 6	 0	 0
40564	120	213777	35	 113	 0	 0	0	0	0	0	 0	 0	 0	 0	 0	 0	 0
24298	38	73553	51	 85	 1131	 0	0	3	0	1131	 0	 0	 0	 0	 0	 0	 0
39611	68	322	30	 76	 0	 0	0	0	0	0	 0	 0	 0	 0	 0	 0	 0
40677	440	594184	68	 116	 0	 0	0	0	0	0	 0	 0	 0	 0	 0	 0	 0
24060	193	46230	34	 93	 0	 0	0	0	0	0	 0	 0	 0	 0	 0	 0	 0
16797	605	479959	36	 34	 84	 0	0	84	0	84	 0	 0	 0	 0	 0	 0	 0
36786	1225	23550	31	 76	 10	 2	0	11	0	10	 1	 0	 0	 0	 0	 0	 1
29122	1632	278506	35	 49	 115	 93	66	117	0	115	 4	 0	 0	 0	 6	 0	 83
20512	115	285641	12	 56	 0	 0	0	0	0	0	 0	 0	 0	 0	 0	 0	 0
20605	413	217629	45	 60	 12	 0	0	12	0	12	 0	 0	 0	 0	 0	 0	 0
16494	331	806008	34	 57	 245	 51	51	119	0	245	 0	 0	 0	 0	 0	 0	 51
26448	1844	220238	31	 76	 2	 37	0	12	0	2	 10	 0	 0	 0	 22	 0	 5
65917	554	903503	65	 168	 0	 0	0	0	0	0	 0	 0	 0	 0	 0	 0	 0
19606	358	183410	45	 68	 498	 36	36	368	0	498	 0	 0	 0	 0	 0	 0	 36
12473	169	583325	18	 20	 9588	 0	0	9060	0	9588	 0	 0	 0	 0	 0	 0	 0
44175	474	695082	25	 63	 0	 0	0	0	0	0	 0	 0	 0	 0	 0	 0	 0
23048	623	4148	73	 162	 0	 0	0	0	0	0	 0	 0	 0	 0	 0	 0	 0
16616	552	317012	29	 47	 85	 631	0	351	0	85	 0	 0	 219	 0	 0	 0	 412
66324	268	288610	56	 120	 0	 0	0	0	0	0	 0	 0	 0	 0	 0	 0	 0
44175	474	639918	25	 63	 0	 0	0	0	0	0	 0	 0	 0	 0	 0	 0	 0
27893	88	123632	94	 115	 0	 0	0	0	0	0	 0	 0	 0	 0	 0	 0	 0
15243	370	482463	27	 26	 3	 0	0	0	0	3	 0	 0	 0	 0	 0	 0	 0
21151	248	231223	35	 60	 405	 301	0	358	0	405	 0	 0	 0	 0	 301	 0	 0
16843	611	463474	30	 34	 87	 0	0	78	0	87	 0	 0	 0	 0	 0	 0	 0
61906	452	511258	33	 130	 0	 0	0	0	0	0	 0	 0	 0	 0	 0	 0	 0
25975	259	6661	34	 102	 8	 7	0	14	0	8	 7	 0	 0	 0	 0	 0	 0
27893	88	122213	94	 115	 0	 0	0	0	0	0	 0	 0	 0	 0	 0	 0	 0
16687	622	423335	30	 34	 55	 0	0	49	0	55	 0	 0	 0	 0	 0	 0	 0
19641	441	238350	21	 41	 0	 72	0	2	0	0	 0	 0	 0	 0	 0	 0	 72
45022	1383	183271	26	 62	 24	 85	2	30	0	24	 6	 0	 0	 0	 0	 0	 79
56334	171	2398628	77	 214	 0	 0	0	0	0	0	 0	 0	 0	 0	 0	 0	 0
32059	86	170776	71	 135	 0	 0	0	0	0	0	 0	 0	 0	 0	 0	 0	 0
39771	121	30640	23	 55	 0	 0	0	0	0	0	 0	 0	 0	 0	 0	 0	 0
19444	77	8536	30	 69	 0	 0	0	0	0	0	 0	 0	 0	 0	 0	 0	 0
16377	473	164171	31	 49	 5	 79	3	5	0	5	 0	 0	 0	 0	 0	 0	 79
63501	28	36316	28	 71	 0	 0	0	0	0	0	 0	 0	 0	 0	 0	 0	 0
45395	151	291865	60	 133	 0	 0	0	0	0	0	 0	 0	 0	 0	 0	 0	 0
63727	678	222748	47	 132	 0	 0	0	0	0	0	 0	 0	 0	 0	 0	 0	 0
44175	474	644738	25	 63	 0	 0	0	0	0	0	 0	 0	 0	 0	 0	 0	 0
16845	610	487905	36	 34	 102	 0	0	100	0	102	 0	 0	 0	 0	 0	 0	 0
11833	302	556101	16	 4	 7	 13	13	7	0	7	 0	 0	 0	 0	 0	 0	 13
63727	1052	213121	47	 132	 0	 0	0	0	0	0	 0	 0	 0	 0	 0	 0	 0
45395	151	282405	60	 133	 0	 0	0	0	0	0	 0	 0	 0	 0	 0	 0	 0
21788	147	18951	20	 38	 0	 130	8	96	0	0	 0	 0	 0	 0	 122	 0	 8
46983	16	12067	22	 71	 0	 0	0	0	0	0	 0	 0	 0	 0	 0	 0	 0
65637	267	389725	58	 98	 0	 0	0	0	0	0	 0	 0	 0	 0	 0	 0	 0
65142	168	339290	77	 168	 0	 0	0	0	0	0	 0	 0	 0	 0	 0	 0	 0
63727	688	210326	47	 132	 0	 0	0	0	0	0	 0	 0	 0	 0	 0	 0	 0
41207	1754	21466	27	 45	 1	 1	0	1	0	1	 0	 0	 0	 0	 0	 0	 1
55898	1493	1024913	40	 93	 804	 186	0	808	0	804	 7	 0	 0	 0	 0	 0	 179
27658	236	468451	25	 69	 0	 0	0	0	0	0	 0	 0	 0	 0	 0	 0	 0
27912	917	451729	149	 212	 307	 666	428	114	0	307	 124	 0	 0	 0	 0	 0	 542
51587	1707	723452	20	 44	 0	 0	0	0	0	0	 0	 0	 0	 0	 0	 0	 0
48962	1416	60755	27	 136	 4	 36	4	8	0	4	 24	 0	 0	 0	 0	 0	 12
22238	46	53614	21	 81	 0	 0	0	0	0	0	 0	 0	 0	 0	 0	 0	 0
62832	183	160681	36	 200	 0	 0	0	0	0	0	 0	 0	 0	 0	 0	 0	 0
32538	626	537242	28	 74	 0	 0	0	0	0	0	 0	 0	 0	 0	 0	 0	 0
43294	125	242516	68	 88	 0	 0	0	0	0	0	 0	 0	 0	 0	 0	 0	 0
29114	1171	29926	11	 43	 0	 0	0	0	0	0	 0	 0	 0	 0	 0	 0	 0
22927	813	68587	22	 40	 2	 7	2	1	0	2	 4	 0	 0	 0	 0	 0	 3
14974	634	71519	18	 17	 6	 3	0	7	0	6	 0	 0	 0	 0	 2	 0	 1
34913	156	295569	76	 138	 0	 0	0	0	0	0	 0	 0	 0	 0	 0	 0	 0
40831	88	532334	32	 46	 0	 0	0	0	0	0	 0	 0	 0	 0	 0	 0	 0
56481	156	274642	82	 164	 0	 0	0	0	0	0	 0	 0	 0	 0	 0	 0	 0
48530	1030	30218	35	 102	 2	 4	0	0	0	2	 0	 0	 0	 0	 3	 0	 1
63727	691	225074	47	 132	 0	 0	0	0	0	0	 0	 0	 0	 0	 0	 0	 0
12347	409	215502	17	 12	 2	 26	26	0	0	2	 0	 0	 0	 0	 0	 0	 26
45996	137	332850	65	 146	 0	 0	0	0	0	0	 0	 0	 0	 0	 0	 0	 0
23045	105	132535	7	 67	 0	 249	0	0	0	0	 0	 0	 0	 0	 249	 0	 0
63727	678	210120	47	 132	 0	 0	0	0	0	0	 0	 0	 0	 0	 0	 0	 0
25744	514	428436	15	 46	 0	 0	0	0	0	0	 0	 0	 0	 0	 0	 0	 0
14222	409	38865	16	 33	 0	 0	0	0	0	0	 0	 0	 0	 0	 0	 0	 0
32323	275	521316	40	 72	 0	 0	0	0	0	0	 0	 0	 0	 0	 0	 0	 0
26724	833	65155	40	 79	 0	 22	0	0	0	0	 0	 0	 0	 0	 20	 0	 2
34103	583	444840	24	 74	 0	 0	0	0	0	0	 0	 0	 0	 0	 0	 0	 0
22238	110	144835	34	 92	 0	 0	0	0	0	0	 0	 0	 0	 0	 0	 0	 0
45418	757	61914	29	 68	 0	 0	0	0	0	0	 0	 0	 0	 0	 0	 0	 0
63727	643	215447	47	 132	 0	 0	0	0	0	0	 0	 0	 0	 0	 0	 0	 0
37391	488	566271	21	 66	 1700	 0	0	3	0	1700	 0	 0	 0	 0	 0	 0	 0
17561	455	235407	18	 37	 0	 13	0	0	0	0	 0	 0	 0	 0	 1	 0	 12
36019	1116	11194	29	 76	 0	 2	0	0	0	0	 0	 0	 0	 0	 1	 0	 1
40808	527	2018	47	 100	 0	 2	0	2	0	0	 0	 0	 0	 0	 2	 0	 0
50430	149	288289	33	 113	 0	 0	0	0	0	0	 0	 0	 0	 0	 0	 0	 0
25491	333	369591	13	 34	 212	 0	0	3	0	212	 0	 0	 0	 0	 0	 0	 0
50102	103	180628	31	 88	 0	 0	0	0	0	0	 0	 0	 0	 0	 0	 0	 0
18659	528	414466	6	 19	 0	 0	0	0	0	0	 0	 0	 0	 0	 0	 0	 0
23547	822	1462894	21	 51	 2	 209	0	125	0	2	 124	 0	 0	 0	 0	 0	 85
13224	14	1064	17	 25	 150	 0	0	0	0	150	 0	 0	 0	 0	 0	 0	 0
47151	161	302505	48	 127	 0	 0	0	0	0	0	 0	 0	 0	 0	 0	 0	 0
19510	735	14608	16	 28	 1	 3	0	3	0	1	 1	 0	 0	 0	 0	 0	 2
66065	2007	289785	58	 229	 7	 0	0	0	0	7	 0	 0	 0	 0	 0	 0	 0
23911	978	16021	38	 139	 0	 2	0	2	0	0	 0	 0	 0	 0	 2	 0	 0
22417	180	4299	26	 60	 6	 18	18	0	0	6	 0	 0	 0	 0	 0	 0	 18
50271	864	595214	40	 91	 0	 0	0	0	0	0	 0	 0	 0	 0	 0	 0	 0
20622	1293	134939	27	 149	 1	 8	0	4	0	1	 5	 0	 0	 0	 0	 0	 3
25816	395	688069	31	 95	 0	 0	0	0	0	0	 0	 0	 0	 0	 0	 0	 0
24881	466	176034	26	 70	 101	 52	0	0	0	101	 0	 0	 0	 0	 0	 0	 52
59391	1221	11715	41	 124	 0	 1	0	0	0	0	 0	 0	 0	 0	 0	 0	 1
16073	336	437450	5	 24	 0	 0	0	0	0	0	 0	 0	 0	 0	 0	 0	 0
24561	431	35353	48	 86	 0	 63	44	0	0	0	 0	 0	 0	 0	 0	 0	 63
47425	0	0	33	 80	 0	 0	0	0	0	0	 0	 0	 0	 0	 0	 0	 0
12431	193	352670	9	 24	 1068	 0	0	3	0	1068	 0	 0	 0	 0	 0	 0	 0
42628	888	811338	42	 120	 0	 0	0	0	0	0	 0	 0	 0	 0	 0	 0	 0
19529	1189	262784	27	 62	 71	 475	10	461	0	71	 94	 0	 26	 0	 0	 0	 355
41517	580	1201456	61	 131	 0	 0	0	0	0	0	 0	 0	 0	 0	 0	 0	 0
21992	592	126898	23	 68	 19	 506	3	83	227	19	 128	 0	 0	 0	 0	 0	 378
18334	1498	387147	16	 27	 12	 68	0	12	0	12	 0	 0	 0	 0	 56	 0	 12
21664	287	2494	32	 112	 0	 1	0	0	0	0	 0	 0	 0	 0	 1	 0	 0
16293	290	67165	32	 27	 53	 0	0	47	0	53	 0	 0	 0	 0	 0	 0	 0
17420	404	189257	33	 36	 1	 0	0	1	0	1	 0	 0	 0	 0	 0	 0	 0
63137	388	504098	65	 200	 0	 3711	0	0	0	0	 0	 0	 0	 0	 3711	 0	 0
51076	1319	466108	53	 177	 5	 116	0	0	0	5	 72	 0	 0	 0	 0	 0	 44
25559	59	130208	34	 55	 0	 0	0	0	0	0	 0	 0	 0	 0	 0	 0	 0
8041	120	32150	0	 0	 0	 0	0	0	0	0	 0	 0	 0	 0	 0	 0	 0
31457	392	133003	82	 437	 0	 348	0	232	0	0	 0	 0	 0	 0	 347	 0	 1
13423	590	481803	20	 32	 555	 980	220	0	154	555	 0	 0	 534	 0	 0	 0	 446
28204	300	421645	41	 129	 203	 0	0	3	0	203	 0	 0	 0	 0	 0	 0	 0
16305	567	666070	30	 48	 686	 1440	0	4	0	686	 0	 0	 1378	 0	 0	 0	 62
10935	277	36318	1	 17	 96	 104	2	193	0	96	 100	 0	 0	 0	 0	 0	 4
25826	555	373119	31	 54	 1782	 1136	0	36	0	1782	 1136	 0	 0	 0	 0	 0	 0
23600	531	518293	10	 54	 565	 365	1	0	0	565	 364	 0	 0	 0	 0	 0	 1
29060	571	124101	41	 89	 0	 25	0	6	0	0	 0	 0	 0	 0	 0	 0	 25
24108	218	421433	41	 123	 0	 0	0	0	0	0	 0	 0	 0	 0	 0	 0	 0
40907	302	369530	33	 91	 0	 0	0	0	0	0	 0	 0	 0	 0	 0	 0	 0
21011	541	196752	19	 48	 0	 9	9	0	0	0	 0	 0	 0	 0	 0	 0	 9
9573	569	130594	5	 14	 218	 181	35	336	0	218	 151	 0	 0	 0	 0	 0	 30
27751	219	480246	24	 542	 0	 0	0	0	0	0	 0	 0	 0	 0	 0	 0	 0
66548	215	401021	47	 171	 0	 0	0	0	0	0	 0	 0	 0	 0	 0	 0	 0
55183	2516	437532	54	 114	 128	 157	32	210	0	128	 84	 0	 0	 0	 0	 0	 73
21911	906	745492	25	 71	 1	 118	0	0	5	1	 76	 0	 0	 0	 1	 0	 41
44786	169	351603	48	 125	 0	 0	0	0	0	0	 0	 0	 0	 0	 0	 0	 0
14867	809	789191	17	 35	 68	 3093	3020	0	0	68	 0	 0	 0	 0	 0	 0	 3093
16631	885	634606	18	 55	 116	 117	114	119	0	116	 0	 0	 0	 0	 0	 0	 117
6890	0	0	1	 1	 0	 0	0	0	0	0	 0	 0	 0	 0	 0	 0	 0
37105	291	441726	22	 63	 0	 0	0	0	0	0	 0	 0	 0	 0	 0	 0	 0
15139	370	441032	11	 25	 1	 0	0	0	0	1	 0	 0	 0	 0	 0	 0	 0
12391	106	23130	17	 35	 196	 117	0	307	0	196	 101	 0	 0	 0	 0	 0	 16
46265	154	304144	49	 226	 0	 0	0	0	0	0	 0	 0	 0	 0	 0	 0	 0
36233	1980	1305114	30	 47	 36	 0	0	1	0	35	 0	 0	 0	 1	 0	 0	 0
39464	49	48272	34	 74	 0	 0	0	0	0	0	 0	 0	 0	 0	 0	 0	 0
24595	290	537952	35	 103	 0	 0	0	0	0	0	 0	 0	 0	 0	 0	 0	 0
18329	413	193034	39	 106	 14	 0	0	1	0	14	 0	 0	 0	 0	 0	 0	 0
66213	125	241867	84	 212	 0	 0	0	0	0	0	 0	 0	 0	 0	 0	 0	 0
35457	369	465702	36	 116	 0	 0	0	0	0	0	 0	 0	 0	 0	 0	 0	 0
29819	26	21401	7	 54	 0	 0	0	0	0	0	 0	 0	 0	 0	 0	 0	 0
42055	342	346433	146	 125	 0	 0	0	0	0	0	 0	 0	 0	 0	 0	 0	 0
66065	1829	352030	58	 229	 5	 0	0	0	0	5	 0	 0	 0	 0	 0	 0	 0
10975	165	22818	0	 13	 0	 534	0	0	0	0	 0	 0	 0	 0	 445	 0	 89
53072	529	444592	76	 199	 0	 0	0	0	0	0	 0	 0	 0	 0	 0	 0	 0
45395	151	308029	60	 133	 0	 0	0	0	0	0	 0	 0	 0	 0	 0	 0	 0
66065	2153	302158	58	 229	 13	 0	0	3	0	13	 0	 0	 0	 0	 0	 0	 0
33149	981	273290	28	 116	 73	 111	0	57	0	73	 0	 0	 0	 0	 2	 0	 109
7063	32	58128	0	 0	 0	 0	0	0	0	0	 0	 0	 0	 0	 0	 0	 0
36318	25	45385	37	 120	 0	 0	0	0	0	0	 0	 0	 0	 0	 0	 0	 0
27038	354	314953	20	 60	 0	 0	0	0	0	0	 0	 0	 0	 0	 0	 0	 0
15258	218	75014	16	 25	 12	 58	0	24	0	12	 0	 0	 0	 0	 0	 0	 58
44835	731	438593	13	 58	 0	 0	0	0	0	0	 0	 0	 0	 0	 0	 0	 0
22566	0	0	1	 8	 0	 0	0	0	0	0	 0	 0	 0	 0	 0	 0	 0
19074	1152	231686	22	 61	 9	 26	10	10	0	6	 1	 3	 0	 0	 0	 0	 25
31646	437	13267	36	 96	 0	 1	0	0	0	0	 0	 0	 0	 0	 1	 0	 0
66065	1981	259747	58	 229	 14	 0	0	0	0	14	 0	 0	 0	 0	 0	 0	 0
34017	3518	191432	51	 102	 36	 37	1	15	0	36	 15	 0	 0	 0	 1	 0	 21
24281	498	10743	22	 134	 3	 3	3	3	0	3	 0	 0	 0	 0	 0	 0	 3
18864	829	411188	20	 37	 27	 50	0	56	0	27	 31	 0	 0	 0	 0	 0	 19
62018	3189	343553	39	 124	 2	 7	0	6	2	2	 5	 0	 0	 0	 0	 0	 2
45677	163	594198	46	 85	 0	 0	0	0	0	0	 0	 0	 0	 0	 0	 0	 0
20080	819	264398	37	 49	 1	 9	6	4	0	1	 0	 0	 0	 0	 2	 0	 7
63727	691	73674	47	 132	 0	 0	0	0	0	0	 0	 0	 0	 0	 0	 0	 0
40631	22	40041	38	 111	 0	 0	0	0	0	0	 0	 0	 0	 0	 0	 0	 0
58888	1017	18261	107	 241	 0	 0	0	0	0	0	 0	 0	 0	 0	 0	 0	 0
41006	151	284600	41	 98	 0	 0	0	0	0	0	 0	 0	 0	 0	 0	 0	 0
27130	7	5362	34	 57	 0	 0	0	0	0	0	 0	 0	 0	 0	 0	 0	 0
17771	30	7954	18	 56	 0	 0	0	0	0	0	 0	 0	 0	 0	 0	 0	 0
52804	153	292287	59	 170	 0	 0	0	0	0	0	 0	 0	 0	 0	 0	 0	 0
65149	1735	233537	60	 269	 119	 45	0	56	0	119	 44	 0	 0	 0	 0	 0	 1
42342	153	288551	33	 108	 0	 0	0	0	0	0	 0	 0	 0	 0	 0	 0	 0
14298	1054	29678	2	 20	 0	 13	11	2	0	0	 0	 0	 0	 0	 2	 0	 11
16058	412	121849	35	 46	 12	 0	0	12	0	12	 0	 0	 0	 0	 0	 0	 0
9945	433	71742	0	 5	 0	 65	0	0	0	0	 0	 0	 0	 0	 65	 0	 0
46640	98	219221	75	 123	 750	 1444	0	377	0	750	 0	 0	 0	 0	 1444	 0	 0
16366	570	1658318	22	 46	 160	 29	0	61	0	160	 29	 0	 0	 0	 0	 0	 0
8710	97	38984	5	 12	 18	 1332	1316	0	0	18	 0	 0	 0	 0	 16	 0	 1316
36204	1281	657781	28	 63	 0	 820	0	0	0	0	 0	 0	 0	 0	 0	 0	 820
28309	858	37662	25	 62	 1	 12	0	2	0	1	 0	 0	 0	 0	 11	 0	 1
