01E55793548BA128FC83157BB67736484D4CA3442D9149A90A63E732F8D4F22E.apk	2010-08-02	0	0	0	0.4733	0.1085	0	0.3755	0	0.0426	0.2019	0.0577	0.7404	0.1735	0.1701	0.6565	0.0377	0.0817	0.8806	0.0377	0.0817	0.8806	0.5	0.3333	0.1667	0	0.9035	0.0789	0.0175	0
13F24326A68CCDFEEA5DFF346440DAED3BCCACA104625A92EF3547C3B755F55A.apk	2010-12-13	0	0	0	0.7649	0.2351	0	0	0	0	0	0.3846	0.6154	0	0.3077	0.6923	0	0.2378	0.7622	0	0.2378	0.7622	1	0	0	0	1	0	0	0
14EBC4E9C7C297F3742C41213938EE01FD198DD4F4A5F188BBBB6FFCF4DB5F14.apk	2010-08-04	0	0	0	0	0	0	0.8128	0	0.1872	0.25	0	0.75	0.24	0	0.76	0.1901	0	0.8099	0.1901	0	0.8099	1	0	0	0	1	0	0	0
2826AD2BDCF7F79692094029C75971B4CA191C9D51E4362DE91B70069128477E.apk	2010-09-07	0	0	0	0	0	0	0.8138	0	0.1862	0.25	0	0.75	0.24	0	0.76	0.1894	0	0.8106	0.1894	0	0.8106	1	0	0	0	1	0	0	0
2FEE0330127A15F8582722FF857BFA321D645B028EB898559A89ED60FE9AF2DB.apk	2010-12-30	0	0	0	0.625	0.25	0	0	0.125	0	0.1429	0.4286	0.4286	0.1	0.4	0.5	0.0027	0.3757	0.6216	0.0027	0.3757	0.6216	1	0	0	0	1	0	0	0
55213D6A26901A33CEDB5C2FCAD926B8DB8939D2DEE211405260F0EF2984F3FD.apk	2010-11-30	0	0	0	0	0	0	0.9189	0	0.0811	0.1667	0	0.8333	0.2778	0	0.7222	0.1455	0	0.8545	0.1455	0	0.8545	1	0	0	0	1	0	0	0
5E29D42F94EF0332223F4E7D149BC6F6F954114D8220EDFD88200C4731A0B868.apk	2010-11-01	0	0	0	0	0	0	0	0	0	0	0	0	0	0	0	0	0	0	0	0	0	0	0	0	0	0	0	0	0
632E3C9BE2BC616BF2CA2908194CF8F5CF8BBDCF865262F0BBCE59380E5C0466.apk	2010-12-30	0	0	0	0	0	0	0	0	0	0	0	0	0	0	0	0	0	0	0	0	0	0	0	0	0	0	0	0	0
6953FB1A1245C4BFABA98FD799A6222FDE3567B7BF7380ACA2A7ECF006C8C678.apk	2010-08-14	0	0	0	0	0	0	0.1192	0	0.8808	0.2	0	0.8	0.3333	0	0.6667	0.88	0	0.12	0.88	0	0.12	1	0	0	0	1	0	0	0
9A0A763DBCB8095EDE39B23543E97FB994FDF89EA6044E854536C95331C92DD0.apk	2010-11-02	0	0	0	0.6727	0.1234	0	0.1956	0.0028	0.0055	0.0732	0.1463	0.7805	0.1154	0.1923	0.6923	0.0194	0.1344	0.8462	0.0194	0.1349	0.8457	1	0	0	0	1	0	0	0
A153562A26FDD1DAFE92B09B242242E7560DA51CDAF7BE8DABEDFCCB1637D2DD.apk	2010-08-10	0	0	0	0	0	0	0.9344	0	0.0656	0.2222	0	0.7778	0.3731	0	0.6269	0.0765	0	0.9235	0.0765	0	0.9235	1	0	0	0	1	0	0	0
F2C0A6C04610BDDEF8C223274957669AA07A0C7A1B392EE304F2636F6F5C45BA.apk	2010-08-16	0	0	0	0	0	0	0.9464	0	0.0536	0.2069	0	0.7931	0.4	0	0.6	0.0696	0	0.9304	0.0696	0	0.9304	1	0	0	0	1	0	0	0
F44028370CEA39FE8F4C9A3DF59303263EC735CEB4188091200E027FDFB8649B.apk	2010-09-01	0	0	0	0	0	0	0.7984	0	0.2016	0.3488	0	0.6512	0.4685	0	0.5315	0.2111	0	0.7889	0.2111	0	0.7889	1	0	0	0	1	0	0	0
F514943CB056A0C7D3FCAE68E85FEAC5E6E9B13D679A601B37299E58FFAC5E6A.apk	2010-09-03	0	0	0	0	0	0	0.922	0	0.078	0.2308	0	0.7692	0.26	0	0.74	0.1119	0	0.8881	0.1119	0	0.8881	1	0	0	0	1	0	0	0
FE09ECD6AE77581770F6614B8C489CC8D81FBA53D5F4256129CED1FD5E282149.apk	2010-08-21	0	0	0	0	0	0	0.9602	0	0.0398	0.1765	0	0.8235	0.4	0	0.6	0.0455	0	0.9545	0.0455	0	0.9545	1	0	0	0	1	0	0	0
FEC3D2D7B78B9BE9B49714CD8DF33F9C1B0A1CDE25E53B6E97CC6BC03FFA2FD1.apk	2010-10-08	0	0	0	0	0	0	0.8135	0	0.1865	0.25	0	0.75	0.24	0	0.76	0.189	0	0.811	0.189	0	0.811	1	0	0	0	1	0	0	0
