01E55793548BA128FC83157BB67736484D4CA3442D9149A90A63E732F8D4F22E.apk	2010-08-02	0	0	1	0	0	0	0
13F24326A68CCDFEEA5DFF346440DAED3BCCACA104625A92EF3547C3B755F55A.apk	2010-12-13	0	0	0	0	0	0	0
14EBC4E9C7C297F3742C41213938EE01FD198DD4F4A5F188BBBB6FFCF4DB5F14.apk	2010-08-04	0	0	0	0	0	0	0
2826AD2BDCF7F79692094029C75971B4CA191C9D51E4362DE91B70069128477E.apk	2010-09-07	0	0	0	0	0	0	0
2FEE0330127A15F8582722FF857BFA321D645B028EB898559A89ED60FE9AF2DB.apk	2010-12-30	0	0	0	0	0	0	0
55213D6A26901A33CEDB5C2FCAD926B8DB8939D2DEE211405260F0EF2984F3FD.apk	2010-11-30	0	0	0	1	0	0	0
5E29D42F94EF0332223F4E7D149BC6F6F954114D8220EDFD88200C4731A0B868.apk	2010-11-01	0	0	0	0	0	0	0
632E3C9BE2BC616BF2CA2908194CF8F5CF8BBDCF865262F0BBCE59380E5C0466.apk	2010-12-30	0	0	0	0	0	0	0
6953FB1A1245C4BFABA98FD799A6222FDE3567B7BF7380ACA2A7ECF006C8C678.apk	2010-08-14	0	0	0	0	0	0	0
9A0A763DBCB8095EDE39B23543E97FB994FDF89EA6044E854536C95331C92DD0.apk	2010-11-02	0	0	0	0	0	0	0
A153562A26FDD1DAFE92B09B242242E7560DA51CDAF7BE8DABEDFCCB1637D2DD.apk	2010-08-10	0	0	0	0	0	0	0
F2C0A6C04610BDDEF8C223274957669AA07A0C7A1B392EE304F2636F6F5C45BA.apk	2010-08-16	0	0	0	0	0	0	0
F44028370CEA39FE8F4C9A3DF59303263EC735CEB4188091200E027FDFB8649B.apk	2010-09-01	0	0	1	0	0	0	0
F514943CB056A0C7D3FCAE68E85FEAC5E6E9B13D679A601B37299E58FFAC5E6A.apk	2010-09-03	1	0	0	0	0	0	0
FE09ECD6AE77581770F6614B8C489CC8D81FBA53D5F4256129CED1FD5E282149.apk	2010-08-21	0	0	0	0	0	0	0
FEC3D2D7B78B9BE9B49714CD8DF33F9C1B0A1CDE25E53B6E97CC6BC03FFA2FD1.apk	2010-10-08	0	0	0	0	0	0	0
