811	 367	 39	 9	53511	264	38309	4945	3299	14	7	199	28
1083	 405	 47	 9	69409	506	102277	16997	1494	9	4	1232	570
752	 272	 132	 19	45486	1175	38289	5854	66	10	9	12	13
811	 367	 41	 12	53511	288	68653	9068	5536	17	12	322	79
595	 317	 4	 10	24775	34	576	91	118	3	9	49	74
1026	 436	 76	 14	53055	1140	28911	3565	84	6	4	51	49
725	 277	 43	 6	41705	488	69890	7568	339	3	3	171	171
452	 247	 32	 14	22404	249	155697	44270	17893	15	8	51	171
725	 277	 43	 6	41705	488	63880	6532	308	3	4	135	136
1002	 459	 8	 3	50398	59	14964	2384	1083	2	2	216	644
616	 295	 133	 49	26630	1349	90168	38150	1133	35	24	160	89
134	 51	 77	 23	12792	478	224762	66772	5476	30	19	2515	1511
665	 331	 65	 13	28064	352	11452	3852	469	7	5	53	161
1015	 352	 7	 1	61905	163	49811	3204	514	1	1	171	171
571	 233	 152	 28	30404	1249	148142	24235	2282	28	15	1046	296
409	 219	 89	 45	23509	929	26492	7202	6406	17	29	26	49
593	 312	 2	 5	24769	25	896	6	411	1	2	2	4
865	 414	 5	 4	58568	50	618	17	8	1	1	1	1
229	 78	 51	 33	14324	482	52577	3775	1829	18	24	280	342
206	 81	 51	 33	14126	450	32552	2953	1754	22	26	356	355
1000	 391	 159	 58	45386	2169	271653	56500	4487	33	34	1658	659
908	 422	 93	 30	59060	945	104665	17657	2795	19	18	923	930
1024	 455	 12	 2	57285	78	17244	3191	638	4	2	636	318
725	 277	 43	 5	41705	485	68419	7027	333	3	3	153	153
581	 222	 137	 34	31127	1302	8960	2375	384	13	22	326	312
340	 207	 6	 3	14766	34	15617	3676	1225	3	1	3630	1210
934	 330	 26	 2	54343	433	73566	3464	48	1	1	18	18
725	 277	 43	 6	41705	488	62183	6585	299	3	4	134	157
675	 326	 148	 39	30549	1672	30996	7664	368	32	16	86	71
348	 134	 13	 2	21705	138	55066	2329	214	2	1	372	186
116	 69	 53	 27	11979	496	81697	18623	336	22	20	148	64
15	 9	 3	 6	8935	27	1380	319	410	3	2	135	68
623	 300	 7	 1	25652	86	26312	2053	187	0	0	0	0
960	 426	 54	 7	53843	576	3148	286	24	3	2	8	5
209	 73	 48	 29	13662	325	29719	4511	1979	17	22	279	284
839	 412	 112	 23	50012	1321	31215	1824	225	20	8	60	27
33	 15	 13	 8	10337	72	4526	1307	282	9	8	902	272
513	 247	 136	 42	20761	1051	160134	53240	2769	32	16	466	157
672	 335	 99	 42	27917	1002	47638	4763	1321	32	29	130	109
452	 248	 4	 11	19175	43	642	65	165	3	10	17	58
432	 254	 40	 33	18032	414	3714	805	668	14	24	422	449
67	 25	 27	 5	10835	157	29307	1936	620	11	4	535	246
528	 282	 76	 34	21678	695	61609	6059	3320	21	25	1162	2164
454	 243	 25	 10	19354	357	11912	769	415	2	3	14	21
147	 72	 43	 24	12129	447	31813	1989	123	16	18	29	25
455	 240	 0	 1	19025	15	389	0	18	0	0	0	0
691	 309	 114	 30	26990	1028	6797	808	80	23	11	27	15
210	 71	 49	 26	13877	337	115312	10501	5022	13	20	212	219
255	 92	 86	 35	15206	579	10804	1972	1485	23	29	333	345
453	 241	 26	 6	18961	375	32203	4577	2830	2	1	64	50
633	 341	 48	 27	26461	439	55763	4862	561	20	19	316	183
1045	 437	 37	 2	58467	422	12012	1667	5	2	1	2	1
492	 263	 33	 6	20148	475	68795	3955	2460	3	2	93	62
549	 290	 59	 17	24571	669	13540	1712	531	24	14	231	115
208	 81	 45	 30	14096	334	14355	2363	1770	19	22	326	321
532	 283	 171	 64	28068	1403	166111	69742	3894	43	31	1783	1470
549	 275	 3	 4	22549	21	155	75	8	1	3	1	3
528	 283	 69	 35	21786	872	355455	106195	93672	11	18	240	501
126	 74	 69	 41	13477	654	101978	26476	24222	17	31	3121	3227
580	 328	 108	 54	23266	1176	65137	20628	7595	16	26	108	160
439	 260	 84	 38	18263	682	57939	4036	1771	27	28	490	793
643	 318	 82	 47	23684	814	63748	15646	14693	24	34	216	254
534	 277	 50	 32	20894	406	64110	6484	3342	24	27	669	631
783	 397	 156	 58	61374	1943	178392	15812	4544	40	41	666	1174
296	 99	 42	 27	15363	261	62486	5862	3233	9	19	246	257
539	 273	 88	 46	20161	793	39183	9676	7106	19	33	339	408
196	 71	 46	 27	14066	319	187097	23117	10052	21	21	279	279
371	 218	 122	 34	16467	751	22417	8316	369	27	17	79	54
218	 78	 53	 28	14836	370	25857	2962	1728	13	21	299	360
872	 394	 37	 3	56034	520	2112	267	9	0	0	0	0
629	 319	 13	 10	26318	152	10744	1561	229	3	8	45	140
467	 276	 78	 28	22436	432	164874	77819	654	25	15	446	257
140	 70	 84	 41	13647	778	104765	28321	23360	24	26	1714	1868
985	 442	 195	 56	65968	2224	357601	133273	3753	42	21	655	309
349	 210	 2	 3	15684	31	852	61	121	0	0	0	0
108	 64	 36	 24	11423	378	33611	2198	603	15	19	109	81
237	 86	 65	 30	14755	445	138500	15798	4219	19	27	325	342
762	 356	 32	 7	49153	330	32462	2410	2084	5	2	24	8
853	 416	 86	 27	43890	1034	367548	6483	482	15	14	171	216
558	 292	 122	 36	22645	811	164275	69710	1237	29	12	1671	528
460	 248	 52	 17	20176	411	8641	1073	360	9	6	129	76
862	 447	 57	 55	43506	571	110131	19412	11121	16	41	2874	7378
196	 70	 40	 27	13904	246	36070	6774	3368	13	20	280	290
540	 282	 13	 0	22824	97	4818	248	0	0	0	0	0
234	 77	 50	 26	14546	381	33206	3272	2087	14	20	336	341
30	 19	 3	 2	10316	35	253	49	44	0	0	0	0
849	 412	 89	 21	58807	778	193522	25620	5770	29	13	448	161
11	 9	 4	 5	8821	25	1469	435	310	3	5	220	301
362	 210	 13	 12	16284	135	12131	1578	624	6	9	62	280
317	 115	 86	 40	20344	714	47483	6081	2973	19	27	330	368
889	 431	 97	 36	64210	1515	150463	14391	6930	13	16	173	838
209	 88	 53	 30	14345	445	48323	5253	711	21	24	407	399
605	 214	 166	 51	30264	2362	108403	25888	1051	29	27	415	452
22	 14	 13	 5	9275	75	6984	1263	430	10	5	215	102
332	 125	 89	 31	19413	641	88549	8754	2783	21	24	456	460
464	 147	 8	 1	23164	118	37499	902	21	0	0	0	0
623	 299	 54	 32	22350	362	21931	2826	1843	23	26	439	416
279	 107	 52	 27	17516	403	56772	8064	3435	17	23	309	315
591	 309	 33	 31	24215	252	38427	3190	1888	21	26	671	1164
330	 124	 89	 30	19459	632	93077	9263	2869	20	22	459	449
1083	 405	 45	 8	69409	471	54914	11191	715	9	4	643	288
330	 124	 87	 29	19303	620	81260	7988	2747	23	21	542	416
325	 138	 51	 14	18750	398	25987	2774	493	10	8	334	332
574	 302	 20	 15	24990	160	5027	1355	483	12	13	263	197
1216	 349	 14	 5	71672	320	39364	1781	830	2	4	91	161
1052	 507	 23	 2	72695	176	44877	4349	759	1	1	147	147
752	 272	 187	 48	45486	2393	249436	76141	1456	28	21	239	70
808	 403	 53	 7	36891	634	124581	17356	833	16	6	1194	445
217	 88	 52	 32	14556	445	32526	5871	3308	15	25	300	313
771	 361	 26	 13	36166	283	100795	3671	1469	9	6	1004	468
791	 387	 54	 10	38385	592	103397	11074	451	7	6	220	204
896	 387	 8	 0	50939	54	2001	386	0	0	0	0	0
492	 254	 38	 14	20042	492	79819	15201	5041	2	6	1393	1400
831	 411	 147	 33	40663	1535	24687	8059	318	31	13	131	157
1003	 461	 24	 1	56042	157	46494	4535	313	0	0	0	0
1011	 442	 4	 0	56171	104	34381	2606	0	0	0	0	0
440	 166	 49	 13	21087	538	79539	9847	928	17	11	391	442
774	 300	 70	 21	27106	779	223166	19294	12464	16	8	1096	526
1013	 449	 26	 1	52782	169	60521	5995	419	0	0	0	0
434	 216	 93	 48	22454	1066	23014	3251	2307	18	30	1222	1308
438	 190	 116	 28	23635	1177	301948	108679	1947	27	14	146	83
314	 126	 37	 10	18635	354	88778	11949	2070	4	2	1068	476
468	 224	 41	 26	18900	305	41407	6545	2655	12	19	207	214
518	 276	 54	 34	20168	444	28014	3041	2499	26	28	321	325
30	 17	 19	 13	9601	118	6615	1411	1025	15	12	216	100
201	 112	 69	 37	15557	715	104420	6554	536	26	25	96	65
325	 136	 68	 21	18704	604	8619	388	89	15	13	18	16
871	 406	 26	 2	46005	315	78924	7097	238	1	1	123	123
598	 315	 62	 25	24122	533	104950	25468	3920	17	21	1580	2637
325	 211	 15	 17	14502	115	3577	298	179	13	13	58	44
1110	 540	 8	 2	74405	128	47649	2946	848	1	1	213	213
932	 371	 45	 4	58619	538	94567	11698	601	1	1	16	16
362	 181	 27	 30	17871	263	25497	904	630	12	25	96	344
825	 403	 256	 72	37971	2660	112898	36315	1272	53	33	544	199
476	 255	 105	 37	21742	868	179992	70458	2828	23	12	990	495
859	 416	 25	 1	45961	159	38739	3760	301	0	0	0	0
682	 328	 1	 0	31031	7	1012	202	0	0	0	0	0
359	 129	 58	 28	18388	386	20845	2455	1532	16	21	312	311
82	 45	 61	 27	11798	446	8844	1528	444	20	16	115	62
434	 252	 60	 34	19149	587	60623	7207	4392	21	26	1323	1296
826	 407	 91	 25	40910	1184	155241	22311	2355	21	13	485	167
