811	 367	 38	 11	53511	281	25685	4301	2824	15	11	100	46
1083	 405	 47	 9	69409	506	705702	121918	10894	9	4	8786	4198
752	 272	 149	 25	45486	1307	32781	5143	93	13	9	27	16
554	 320	 54	 31	22857	535	473502	101871	1274	22	24	233	132
811	 367	 36	 8	53511	264	10009	1272	1119	11	8	53	12
595	 317	 3	 9	24775	31	2305	84	138	1	8	16	125
674	 270	 21	 8	30494	154	45868	4008	550	12	7	402	179
325	 136	 117	 56	18676	1083	1081020	70897	21546	40	45	1650	1370
668	 344	 55	 17	29424	518	87788	1420	712	16	13	53	44
742	 375	 101	 51	32906	1033	508428	76960	3597	38	40	309	181
998	 431	 28	 3	55770	310	291200	14870	5144	2	2	1057	1057
320	 116	 77	 53	17188	680	113487	18281	14269	27	47	1569	1654
1026	 436	 60	 6	53055	768	7193	871	42	4	2	28	25
1026	 436	 49	 6	53055	676	35104	4974	14	2	1	2	1
928	 390	 1	 1	58214	51	271	2	2	1	1	1	1
725	 277	 43	 6	41705	488	385119	39663	1728	3	4	895	960
725	 277	 43	 6	41705	488	372438	38771	1732	3	4	864	904
1002	 459	 8	 3	50398	59	70025	11162	5073	2	2	1014	3038
648	 322	 37	 6	29476	432	635758	66758	8090	3	1	6	2
616	 295	 144	 58	26630	1559	1603985	709075	19979	40	28	584	553
513	 249	 4	 2	23310	50	55487	5043	3026	1	1	1008	1008
910	 370	 20	 0	46335	122	13290	2136	0	0	0	0	0
1047	 475	 0	 0	73072	0	0	0	0	0	0	0	0
548	 202	 39	 9	32357	352	540723	87946	7984	7	4	1940	205
731	 289	 5	 2	51448	63	112597	8046	3006	0	0	0	0
963	 438	 23	 4	66325	259	140818	16972	1061	4	2	1865	935
822	 276	 60	 22	32254	416	349127	66962	3294	12	12	81	209
724	 372	 60	 28	35156	787	95370	9767	2603	18	20	996	1272
777	 360	 9	 0	36956	139	201307	18083	0	0	0	0	0
846	 378	 133	 31	37662	1571	252756	17528	4920	18	11	492	340
284	 99	 50	 29	20225	852	92011	7678	6407	18	22	2114	2488
386	 121	 42	 4	19589	371	415669	70175	2809	9	3	5555	1384
494	 195	 74	 17	28487	779	709823	114231	12532	16	9	4699	1755
658	 257	 8	 1	36450	113	224987	4439	153	0	0	0	0
571	 233	 136	 25	30404	1134	679497	108685	9816	23	14	5151	1779
409	 219	 33	 29	23509	418	2722	429	277	11	19	19	34
700	 264	 30	 13	43913	184	10513	1333	752	17	8	338	172
816	 364	 4	 0	31488	23	27011	7270	0	0	0	0	0
865	 414	 5	 4	58568	50	1629	17	8	1	1	1	1
229	 78	 54	 36	14324	524	457207	50902	17378	24	27	1873	1981
889	 406	 10	 4	60689	70	205268	30212	2106	3	3	1199	1501
700	 264	 32	 14	43913	256	118865	16864	9988	17	9	6343	39
895	 405	 185	 47	47883	2125	313171	43665	2040	36	19	601	252
1079	 406	 0	 0	52608	0	0	0	0	0	0	0	0
937	 301	 27	 2	65536	438	361636	18451	268	1	1	116	116
957	 446	 211	 65	69421	2686	56209	14255	893	20	13	197	47
206	 81	 55	 35	14126	472	171989	15625	9706	30	29	1831	1795
947	 329	 0	 0	69841	0	0	0	0	0	0	0	0
917	 430	 8	 1	47640	178	257958	5231	129	0	0	0	0
908	 422	 93	 30	59060	943	515441	87349	13133	17	18	4322	4575
794	 379	 193	 69	33475	2382	317122	51851	15185	57	41	2841	1735
614	 233	 107	 26	37304	1184	74797	22337	2597	24	14	70	1181
725	 277	 43	 6	41705	488	390464	40551	1773	3	4	781	792
645	 230	 6	 2	40899	67	85291	8423	3160	1	1	1052	1052
581	 222	 137	 39	31127	1333	7818	1929	281	15	23	205	200
700	 264	 30	 12	43913	198	988887	86333	70171	17	7	9849	44
38	 20	 16	 11	9886	146	32253	6084	3302	8	7	1611	1579
555	 208	 2	 0	33793	10	10480	2096	0	0	0	0	0
497	 153	 111	 25	25027	1625	592824	182744	10734	21	10	445	315
675	 326	 150	 47	30549	2159	52085	13783	615	36	20	104	84
348	 134	 13	 2	21705	138	281825	12777	1142	2	1	2142	1071
116	 69	 52	 27	11979	510	508298	112905	1758	21	22	491	195
15	 9	 4	 7	8935	35	3323	632	1142	3	3	259	134
623	 300	 7	 1	25652	86	152139	11947	1092	0	0	0	0
587	 305	 37	 22	29461	321	301409	36808	12845	17	20	3942	8502
960	 426	 49	 3	53843	632	2749	236	12	3	2	8	6
662	 210	 26	 2	29963	363	284316	14996	371	1	1	244	244
579	 133	 6	 2	50210	47	107617	15206	2340	2	1	2336	1168
452	 247	 46	 16	22404	579	740262	218775	79217	22	9	252	193
982	 454	 151	 31	51730	1738	67693	9436	233	25	15	69	37
802	 374	 119	 46	34350	1326	322122	46864	10949	31	26	4850	5501
493	 182	 147	 42	24044	1721	245185	13792	15765	29	27	524	423
653	 242	 20	 1	37970	238	362729	26044	404	2	1	764	384
134	 51	 80	 26	12792	539	1013697	305028	27637	36	22	9884	5465
1029	 455	 8	 2	56610	128	282722	7952	1198	0	0	0	0
1034	 482	 0	 0	57410	0	0	0	0	0	0	0	0
966	 370	 43	 10	71798	420	503675	107376	1771	10	7	253	378
966	 370	 43	 10	71798	419	455996	104801	1461	10	7	187	237
966	 370	 43	 10	71798	411	439009	100260	1497	10	7	228	288
889	 439	 23	 3	58849	281	363966	29502	1908	4	2	1927	478
510	 280	 0	 0	21095	0	0	0	0	0	0	0	0
830	 387	 41	 8	37357	277	409353	86921	8999	7	7	4564	2899
665	 331	 75	 16	28064	413	69921	23718	2990	10	7	278	1020
966	 370	 43	 10	71798	418	470964	107376	1531	10	7	217	277
910	 428	 192	 60	43221	2348	877446	250507	19989	53	35	9395	6318
1015	 352	 7	 1	61905	163	289199	18543	3043	1	1	1014	1014
966	 370	 43	 10	71798	422	439478	101061	1432	9	7	203	282
328	 143	 59	 30	19504	534	401647	100755	1322	23	20	609	313
593	 312	 2	 5	24769	25	413	4	185	1	2	1	2
1095	 456	 28	 5	73021	389	425653	39139	6347	4	3	3995	3121
1069	 439	 101	 26	74814	1127	572359	95854	13541	21	16	3842	3745
164	 74	 67	 24	14720	532	795914	7014	5068	39	16	1579	541
541	 181	 14	 8	36139	158	39387	1973	833	13	6	1155	587
956	 332	 0	 0	54034	0	0	0	0	0	0	0	0
290	 123	 15	 5	19472	136	270214	14100	4581	0	0	0	0
720	 385	 60	 30	32382	641	479767	87909	3263	18	22	606	648
157	 75	 102	 47	13811	838	610822	175899	137332	32	31	11748	4367
636	 230	 6	 2	34720	67	94784	9362	3512	1	1	1170	1170
1103	 438	 189	 60	48612	1956	195055	64816	4639	54	30	1939	722
1000	 391	 157	 55	45386	1930	81680	21049	1494	34	35	474	416
314	 116	 27	 6	22046	268	410776	52572	7968	4	3	5476	3129
889	 439	 23	 3	58849	281	372029	30525	1974	4	1	2364	591
642	 223	 182	 26	50515	1815	690211	109032	1779	32	13	649	403
674	 198	 68	 6	34195	721	40242	5636	12	3	1	3	1
1024	 455	 19	 2	57285	107	123449	22538	4438	4	2	4372	2208
900	 392	 52	 5	55055	358	1130	189	13	1	1	1	1
401	 188	 49	 33	23871	374	268673	122912	7627	31	26	7001	2911
607	 235	 19	 5	36310	144	400878	92484	3624	4	2	3121	1083
340	 207	 6	 3	14766	34	74365	13206	4406	3	1	11364	2752
934	 330	 26	 2	54343	435	417723	19985	227	1	1	105	105
966	 370	 43	 10	71798	418	429634	97894	1452	10	7	256	275
775	 350	 75	 12	51508	510	103175	14391	7819	14	7	344	142
966	 370	 43	 10	71798	408	418371	93564	1359	10	7	191	253
966	 370	 43	 10	71798	420	443002	100557	1449	11	7	223	275
931	 363	 34	 5	69872	422	486135	38701	1412	8	3	2186	25
966	 370	 43	 10	71798	423	454273	103539	1472	11	7	248	284
966	 370	 43	 10	71798	419	439147	99780	1450	10	7	232	256
966	 370	 43	 10	71798	420	416320	94288	1398	10	7	256	264
1047	 475	 0	 0	73072	0	0	0	0	0	0	0	0
593	 166	 11	 1	30027	61	313900	12490	727	0	0	0	0
398	 229	 6	 8	16882	55	83528	7796	8912	4	5	4452	4453
811	 367	 13	 2	53511	74	666	174	210	3	1	32	1
1083	 405	 47	 9	69409	506	634039	111031	9954	9	4	7896	3813
752	 272	 174	 35	45486	1933	63790	9774	290	19	17	60	68
554	 320	 55	 30	22857	542	488889	100439	1446	20	24	338	227
811	 367	 41	 9	53511	286	40527	6341	3879	14	9	222	40
595	 317	 4	 10	24775	34	4631	217	346	3	9	47	328
674	 270	 20	 8	30494	144	44210	3625	493	14	7	232	296
325	 136	 111	 53	18676	971	26461	1220	402	39	40	114	91
668	 344	 46	 17	29424	457	38442	2015	2047	11	12	104	103
742	 375	 67	 46	32906	737	374955	35947	4368	27	34	504	83
998	 431	 29	 3	55770	339	272227	14228	4677	2	2	976	976
320	 116	 70	 52	17188	662	214501	21214	13955	30	48	1837	1869
1026	 436	 90	 13	53055	1403	134443	17828	60	10	5	33	27
1026	 436	 68	 12	53055	1134	57525	7306	49	12	6	34	28
928	 390	 1	 1	58214	60	345	2	2	1	1	1	1
725	 277	 43	 6	41705	488	379695	39703	1737	3	4	773	775
725	 277	 43	 6	41705	488	619696	64187	2692	3	4	1456	1482
1002	 459	 8	 3	50398	59	79338	12647	5748	2	2	1149	3443
648	 322	 37	 6	29476	432	696548	72791	8809	3	1	9	3
616	 295	 104	 29	26630	904	11235	3774	196	29	16	80	40
513	 249	 4	 2	23310	50	62090	5644	3386	1	1	1128	1128
910	 370	 26	 0	46335	197	2065750	294790	0	0	0	0	0
1047	 475	 0	 0	73072	0	0	0	0	0	0	0	0
548	 202	 39	 9	32357	352	550104	88479	8004	7	4	1949	211
731	 289	 5	 2	51448	63	116853	8340	3113	0	0	0	0
963	 438	 23	 4	66325	216	147087	18134	1126	4	2	1985	997
822	 276	 58	 22	32254	412	380949	73008	3342	12	13	75	175
724	 372	 62	 28	35156	846	104300	10621	2834	18	20	1072	1385
777	 360	 9	 0	36956	139	198870	17663	0	0	0	0	0
846	 378	 130	 33	37662	1578	334714	22127	5867	18	15	618	499
284	 99	 48	 29	20225	793	79745	6491	5323	21	22	1400	1531
386	 121	 42	 4	19589	371	423746	71906	2795	9	3	5520	1316
494	 195	 74	 17	28487	779	671725	106545	12147	17	9	4763	1993
658	 257	 8	 1	36450	113	196221	3846	124	0	0	0	0
571	 233	 150	 26	30404	1216	651413	105288	9393	24	14	4607	1584
409	 219	 127	 50	23509	1247	735675	196684	158674	29	32	4404	4964
700	 264	 113	 33	43913	1331	991413	71084	14019	25	17	2944	1898
816	 364	 4	 0	31488	23	28181	7585	0	0	0	0	0
865	 414	 7	 4	58568	62	3620	59	16	4	2	9	5
229	 78	 53	 35	14324	511	424228	29383	12356	18	24	1892	2194
889	 406	 10	 4	60689	70	187032	27694	2097	3	3	1196	1495
700	 264	 41	 15	43913	301	147664	16518	11240	18	8	3256	1668
895	 405	 125	 37	47883	1124	44606	15304	595	18	9	1075	160
1079	 406	 0	 0	52608	0	0	0	0	0	0	0	0
937	 301	 27	 2	65536	439	342317	17116	253	1	1	114	114
957	 446	 229	 72	69421	2768	80685	16864	1499	27	28	201	73
206	 81	 55	 33	14126	465	151378	14232	9158	22	26	1757	1811
947	 329	 0	 0	69841	0	0	0	0	0	0	0	0
917	 430	 8	 1	47640	178	253374	5243	121	0	0	0	0
908	 422	 93	 30	59060	945	584889	98231	14280	19	19	4607	4839
794	 379	 205	 68	33475	2546	306579	56243	9099	50	37	3492	1423
614	 233	 94	 18	37304	896	198366	77740	332	24	13	338	189
725	 277	 43	 6	41705	488	359787	37259	1694	3	4	746	749
645	 230	 6	 2	40899	67	82315	8129	3047	1	1	1015	1015
581	 222	 165	 52	31127	1815	26867	8114	1214	22	27	727	1008
700	 264	 44	 13	43913	283	4667760	398431	330895	17	8	65432	63
38	 20	 16	 11	9886	146	33989	6436	3473	8	7	1664	1602
725	 277	 43	 6	41705	488	383866	39960	1681	3	4	784	793
555	 208	 2	 0	33793	10	10660	2132	0	0	0	0	0
497	 153	 109	 28	25027	1667	266043	30624	4256	17	12	433	311
675	 326	 108	 32	30549	1043	10422	2697	148	16	12	30	33
348	 134	 13	 2	21705	138	273739	12300	1086	2	1	2052	1026
116	 69	 53	 27	11979	513	450821	106336	1436	22	22	42	43
15	 9	 3	 6	8935	27	2907	655	836	3	2	215	108
623	 300	 7	 1	25652	86	153314	12064	1105	0	0	0	0
587	 305	 37	 22	29461	323	269140	32407	11997	17	20	3492	8292
960	 426	 47	 1	53843	604	2974	283	3	2	1	4	2
662	 210	 26	 2	29963	363	289665	14999	353	1	1	204	204
579	 133	 6	 2	50210	47	108328	15308	2355	2	1	2350	1175
452	 247	 35	 15	22404	258	1205391	393333	99322	18	9	61	76
982	 454	 185	 44	51730	2071	219231	28747	963	36	19	234	142
802	 374	 117	 47	34350	1304	401877	55964	15926	31	28	6049	9191
493	 182	 125	 34	24044	1485	229683	12582	15149	22	20	403	354
653	 242	 20	 1	37970	238	353723	25181	463	2	1	924	462
134	 51	 81	 25	12792	537	1157805	362219	28126	34	21	9482	10512
1029	 455	 8	 2	56610	128	292267	8098	1203	0	0	0	0
1034	 482	 9	 1	57410	139	274241	19108	3045	1	1	1015	1015
966	 370	 43	 10	71798	396	164450	35667	623	9	7	127	142
966	 370	 43	 10	71798	422	283155	63442	946	10	7	152	195
966	 370	 43	 10	71798	420	433980	95459	1497	10	7	251	303
889	 439	 23	 3	58849	281	389441	31704	2087	0	0	0	0
510	 280	 0	 0	21095	0	0	0	0	0	0	0	0
830	 387	 25	 3	37357	179	299660	56950	5584	7	2	3814	313
665	 331	 77	 16	28064	435	104609	35733	4585	13	9	431	1569
966	 370	 42	 9	71798	382	466928	104126	1404	7	5	256	239
910	 428	 172	 54	43221	2172	424574	75534	15393	46	32	2738	1228
1015	 352	 7	 1	61905	163	312020	19846	3349	1	1	1116	1116
966	 370	 42	 8	71798	378	410858	96060	1293	7	5	200	238
328	 143	 71	 32	19504	572	353423	97786	808	24	22	558	306
593	 312	 3	 5	24769	30	12137	529	3842	2	3	523	526
1095	 456	 26	 5	73021	381	419666	38731	6170	4	3	3971	3017
1069	 439	 100	 26	74814	1144	616563	102912	14942	22	15	4329	3869
164	 74	 39	 12	14720	329	68815	581	221	16	7	124	33
541	 181	 14	 8	36139	158	65083	3223	1364	13	6	1815	962
956	 332	 0	 0	54034	0	0	0	0	0	0	0	0
290	 123	 15	 5	19472	136	289561	15060	4876	1	1	540	540
720	 385	 56	 29	32382	622	491358	88498	3131	16	21	648	566
157	 75	 101	 46	13811	831	818217	246161	205478	30	29	9891	3278
636	 230	 6	 2	34720	67	94277	9311	3491	1	1	1163	1163
1103	 438	 136	 46	48612	1683	958907	332830	23711	37	27	12618	6321
1000	 391	 143	 47	45386	1683	15961	3037	317	32	30	200	73
314	 116	 27	 6	22046	268	375965	48251	7288	4	3	5017	2841
889	 439	 23	 3	58849	281	402958	32201	2084	4	1	1085	35
642	 223	 133	 15	50515	1116	18153	2811	64	28	8	34	14
674	 198	 57	 5	34195	651	47250	6512	10	2	2	2	2
1024	 455	 19	 2	57285	119	111357	20423	4042	4	2	4012	2016
900	 392	 33	 7	55055	352	1157	95	21	2	2	2	2
401	 188	 49	 33	23871	374	226688	100556	7372	31	28	6318	2932
607	 235	 19	 5	36310	144	442463	101918	3976	7	2	3850	974
340	 207	 6	 3	14766	34	103106	26891	8964	3	1	26649	8883
934	 330	 26	 2	54343	435	423098	20425	215	1	1	96	96
966	 370	 45	 11	71798	443	461345	103345	1443	11	8	241	247
775	 350	 75	 12	51508	517	118607	16371	8387	14	7	440	266
966	 370	 43	 10	71798	419	482267	109312	1526	10	7	224	241
966	 370	 43	 9	71798	437	444563	98507	1553	11	8	263	512
931	 363	 34	 5	69872	412	440188	36259	1530	6	2	3756	1247
966	 370	 43	 10	71798	423	474202	108435	1556	10	7	265	295
966	 370	 43	 10	71798	406	431254	99001	1391	11	7	233	246
966	 370	 43	 10	71798	418	439507	102137	1400	10	7	183	240
1047	 475	 0	 0	73072	0	0	0	0	0	0	0	0
593	 166	 11	 1	30027	61	305912	12338	709	0	0	0	0
398	 229	 6	 8	16882	55	82401	7692	8792	4	5	4392	4393
811	 367	 28	 10	53511	202	9302	1559	1131	11	10	40	22
1083	 405	 47	 9	69409	506	644606	111316	9991	9	4	7036	3513
752	 272	 116	 13	45486	869	8628	1369	46	7	4	7	4
554	 320	 54	 31	22857	537	462038	95073	1532	21	25	536	328
811	 367	 35	 10	53511	227	21984	3163	2257	10	9	49	39
595	 317	 4	 10	24775	34	4014	189	276	3	9	67	233
674	 270	 21	 8	30494	154	50412	4277	592	15	7	491	175
325	 136	 107	 51	18676	947	10510	733	258	39	38	58	45
668	 344	 45	 17	29424	430	13057	1151	1932	11	12	61	58
742	 375	 86	 41	32906	995	242890	38665	931	26	26	52	113
998	 431	 28	 3	55770	316	283635	14516	4824	2	2	1022	1022
320	 116	 70	 52	17188	664	181653	18341	12725	29	47	1578	1629
1026	 436	 29	 2	53055	447	4319	531	21	2	1	19	18
1026	 436	 76	 13	53055	1205	113301	15199	77	9	5	55	50
928	 390	 1	 1	58214	77	465	2	2	1	1	1	1
725	 277	 43	 6	41705	488	354796	36729	1605	3	4	759	866
725	 277	 43	 6	41705	488	358071	36563	1618	3	4	825	892
1002	 459	 8	 3	50398	59	84515	13472	6123	2	2	1224	3668
648	 322	 37	 6	29476	432	175047	18227	2198	3	1	39	13
616	 295	 133	 43	26630	1382	297029	129167	3955	33	22	218	146
513	 249	 4	 2	23310	50	57090	5189	3114	1	1	1037	1037
910	 370	 26	 0	46335	192	216304	31325	0	0	0	0	0
1047	 475	 0	 0	73072	0	0	0	0	0	0	0	0
548	 202	 39	 9	32357	352	556509	90595	8001	7	4	3092	847
731	 289	 5	 2	51448	63	121857	8704	3262	0	0	0	0
963	 438	 23	 4	66325	216	147507	18222	1103	3	2	2003	1006
822	 276	 58	 21	32254	409	338753	64399	3285	12	12	89	158
724	 372	 62	 28	35156	811	103304	10496	2856	18	20	1048	1408
777	 360	 9	 0	36956	139	219575	19523	0	0	0	0	0
846	 378	 133	 31	37662	1665	607346	38646	10945	18	14	974	834
284	 99	 51	 29	20225	899	98652	8026	6640	18	22	1971	2319
386	 121	 42	 4	19589	371	402447	68689	2695	9	3	5748	1515
494	 195	 74	 17	28487	779	642873	103317	11640	17	9	4256	1836
658	 257	 8	 1	36450	113	230607	4414	120	0	0	0	0
571	 233	 55	 5	30404	394	2743	544	23	8	3	8	3
409	 219	 146	 50	23509	1845	529537	125101	103563	39	30	2199	2989
700	 264	 112	 33	43913	1341	997591	74655	15204	23	18	3872	2654
816	 364	 4	 0	31488	23	29897	8047	0	0	0	0	0
865	 414	 5	 4	58568	50	612	17	8	1	1	1	1
229	 78	 55	 35	14324	519	429700	30118	12512	28	27	1948	2065
889	 406	 10	 4	60689	70	29524	4341	291	3	3	164	205
700	 264	 41	 12	43913	274	122890	17843	10411	17	7	4688	2475
895	 405	 139	 43	47883	1383	17716	4458	227	23	13	247	46
1079	 406	 0	 0	52608	0	0	0	0	0	0	0	0
937	 301	 27	 2	65536	439	363028	17999	269	1	1	118	118
957	 446	 59	 4	69421	522	3044	401	25	2	1	3	2
206	 81	 55	 35	14126	475	162843	14943	9111	30	29	1442	1538
947	 329	 0	 0	69841	0	0	0	0	0	0	0	0
917	 430	 8	 1	47640	178	290563	6022	159	0	0	0	0
908	 422	 93	 30	59060	943	489142	82900	12003	19	19	3997	4099
794	 379	 209	 74	33475	2687	330904	62369	9494	63	46	4148	782
614	 233	 120	 25	37304	1422	521340	203418	1308	29	15	1522	778
725	 277	 43	 6	41705	488	180666	18752	877	3	4	391	403
645	 230	 6	 2	40899	67	89792	8869	3326	1	1	1108	1108
581	 222	 43	 10	31127	363	969	125	22	2	2	2	2
700	 264	 42	 13	43913	295	3585608	301967	252019	17	8	32733	16532
38	 20	 16	 11	9886	146	33194	6301	3374	8	7	1363	1331
725	 277	 43	 6	41705	488	411256	42879	1753	3	4	813	876
555	 208	 2	 0	33793	10	12039	2408	0	0	0	0	0
497	 153	 126	 29	25027	1790	426946	51744	5720	24	16	743	558
675	 326	 93	 22	30549	960	6005	1131	96	20	9	39	16
348	 134	 13	 2	21705	138	278213	12348	1096	2	1	2050	1025
116	 69	 53	 27	11979	519	565131	125397	1517	22	22	389	157
15	 9	 3	 6	8935	27	2480	389	918	3	2	103	52
623	 300	 7	 1	25652	86	147941	11597	1058	0	0	0	0
587	 305	 28	 21	29461	283	6859	933	315	11	19	131	208
960	 426	 55	 9	53843	801	3770	304	28	4	3	7	6
662	 210	 26	 2	29963	363	311800	16244	404	1	1	254	254
579	 133	 6	 2	50210	47	108985	15398	2370	2	1	2366	1183
452	 247	 32	 14	22404	247	1820330	592405	149372	15	8	110	89
982	 454	 103	 19	51730	1296	104674	12117	672	13	10	121	112
802	 374	 119	 46	34350	1336	323555	45201	11786	29	27	4770	7985
493	 182	 147	 44	24044	1684	437260	22410	32148	26	25	1092	697
653	 242	 20	 1	37970	238	329360	23780	388	2	1	770	385
134	 51	 81	 25	12792	528	1149635	352936	29666	33	20	10812	11459
1029	 455	 8	 2	56610	128	268458	7716	1157	0	0	0	0
1034	 482	 9	 1	57410	139	280062	19516	3091	1	1	1030	1030
966	 370	 42	 9	71798	389	447704	96160	1582	7	5	264	356
966	 370	 42	 8	71798	378	467480	105422	1533	7	5	269	266
966	 370	 43	 10	71798	417	210392	47240	662	10	7	117	107
889	 439	 23	 3	58849	281	407532	32644	2115	4	1	710	41
510	 280	 0	 0	21095	0	0	0	0	0	0	0	0
830	 387	 25	 3	37357	179	285738	54129	5298	2	2	1067	1067
665	 331	 75	 15	28064	400	12020	3805	761	13	7	211	192
966	 370	 43	 10	71798	423	915063	268156	2822	11	8	1371	1254
910	 428	 183	 61	43221	2251	700496	183911	18136	51	33	9660	4178
1015	 352	 7	 1	61905	163	317405	20229	3406	1	1	1136	1136
966	 370	 42	 8	71798	406	520408	117175	1649	7	5	333	301
328	 143	 55	 30	19504	544	460570	104156	1960	20	20	698	359
593	 312	 3	 5	24769	30	21075	1236	5462	2	3	1231	1233
1095	 456	 28	 5	73021	389	457076	42554	6847	5	3	5129	3380
1069	 439	 75	 22	74814	886	570080	95809	14042	17	12	4008	3679
164	 74	 37	 12	14720	251	13030	158	59	19	8	36	15
541	 181	 14	 8	36139	158	67612	3306	1401	13	6	1713	980
956	 332	 0	 0	54034	0	0	0	0	0	0	0	0
290	 123	 15	 5	19472	136	281953	14631	4733	0	0	0	0
720	 385	 52	 29	32382	607	247825	42542	1820	16	21	307	332
157	 75	 101	 45	13811	801	869638	262244	220207	31	30	12439	3785
636	 230	 6	 2	34720	67	92888	9174	3440	1	1	1146	1146
1103	 438	 134	 50	48612	1618	905393	310175	24452	40	29	13603	9433
1000	 391	 164	 64	45386	2282	367754	82483	6837	41	39	5289	1343
314	 116	 27	 6	22046	268	213863	27473	4157	4	3	2847	1614
889	 439	 22	 3	58849	280	399893	31986	2160	0	0	0	0
642	 223	 162	 40	50515	1770	196617	64841	2056	27	18	166	126
674	 198	 111	 16	34195	1212	187843	25816	69	11	7	66	36
1024	 455	 19	 2	57285	119	114344	20950	4144	4	2	4096	2064
900	 392	 52	 5	55055	368	1046	156	16	1	1	1	1
401	 188	 50	 33	23871	372	511427	255810	8038	32	28	7304	3126
607	 235	 19	 5	36310	144	404308	93225	3599	3	2	2718	1685
340	 207	 6	 3	14766	34	29694	7069	2355	3	1	6990	2330
934	 330	 26	 2	54343	435	409484	19825	206	1	1	82	82
966	 370	 43	 10	71798	419	357038	79223	1233	11	7	197	244
775	 350	 75	 12	51508	504	116932	16095	9138	14	7	406	168
966	 370	 43	 10	71798	418	323898	72176	1036	10	7	194	188
966	 370	 43	 10	71798	419	196145	43066	598	10	7	125	89
931	 363	 39	 4	69872	447	472665	38163	1346	7	1	2116	20
966	 370	 43	 10	71798	423	448208	98015	1619	11	7	261	355
966	 370	 32	 3	71798	282	4951	986	14	0	0	0	0
966	 370	 41	 8	71798	387	134412	29449	392	7	5	100	62
1047	 475	 0	 0	73072	0	0	0	0	0	0	0	0
593	 166	 11	 1	30027	61	298754	11971	688	0	0	0	0
398	 229	 6	 8	16882	55	89794	8385	9575	4	5	4788	4786
