app.BatteryMonitor2_0	2011-11-21	0.2333	0.0467	0.2373	0.0378	0.4286	0.5714	0.0611	0.0596	0	0	0	0	0	0	0	0	0.1429	0.0402	0.3333	0.4491	0.8571	0.9598	0.6667	0.5509	0	0	0	0	0.8571	0.2523	0.75	0.4231	0	0	0	0	0.1429	0.7477	0.25	0.5769	0	0	0	0	0	0	0	0	0	0	0	0	0.04	0.02	0.0035	0.0032	0.6667	0.825	0	0	0	0	0	0	0.3333	0.175	0	0	1	1	0	0	0	0	0	0	0	0	0	0	0	0	0	0	0	0
biz.neoline.app_core.ui.android.margarita	2011-12-29	0.0649	0.0369	0.0854	0.0135	0.4177	0.7333	0.0282	0.0753	0	0	0	0	0.0253	0.0007	0	0	0	0	0	0	0.9747	0.9993	1	1	0	0	0	0	0.7556	0.9343	0.697	0.8406	0.0222	0.0277	0.0303	0.0572	0.0667	0.0085	0.0909	0.0652	0.0222	0.0015	0.0303	0.0196	0	0	0	0	0.1333	0.028	0.1515	0.0174	0.0238	0.0164	0.0002	0.0017	0.931	0.9818	0.069	0.0182	0	0	0	0	0	0	0	0	0.25	0.0537	0	0	0	0	0	0	0	0	0	0	0.7	0.9317	0.05	0.0146	0	0
ca.rivalstudios.runboyrun	2011-10-01	0.1407	0.0815	0.0365	0.0331	0.5789	0.9091	0.0095	0.0108	0	0	0	0	0	0	0	0	0	0	0	0	1	1	1	1	0	0	0	0	1	1	1	1	0	0	0	0	0	0	0	0	0	0	0	0	0	0	0	0	0	0	0	0	0.1037	0.0741	0.0005	0.0004	1	1	0	0	0	0	0	0	0	0	0	0	0.4	0.8	0	0	0.3	0.075	0	0	0.1	0.075	0	0	0.2	0.05	0	0	0	0
cmp.netsentry	2011-10-24	0.1962	0.0308	0.1295	0.0246	0.2745	0.5	0.0808	0.1869	0	0	0	0	0.0392	0.1077	0.1429	0.009	0.0588	0.014	0	0	0.902	0.8783	0.8571	0.991	0	0	0	0	0.625	0.3231	0.5	0.5761	0	0	0	0	0.125	0.6069	0.25	0.2387	0	0	0	0	0.125	0.0346	0	0	0.125	0.0354	0.25	0.1852	0.0423	0.0154	0.0069	0.0048	0.4545	0.6995	0.1818	0.1475	0.0909	0.0027	0.0909	0.0027	0.1818	0.1475	0	0	1	1	0	0	0	0	0	0	0	0	0	0	0	0	0	0	0	0
cn.com.opda.android.cleanup1	2011-10-19	0.1318	0.0709	0.1339	0.0364	0.4103	0.619	0.0442	0.1684	0	0	0	0	0	0	0	0	0	0	0	0	1	1	1	1	0	0	0	0	0.7619	0.7012	0.6923	0.4085	0.0476	0.0158	0	0	0.0476	0.1668	0.0769	0.0845	0.0476	0.0292	0.0769	0.0845	0	0	0	0	0.0952	0.087	0.1538	0.4225	0.0439	0.0203	0.0041	0.0039	0.8462	0.8601	0.1538	0.1399	0	0	0	0	0	0	0	0	1	1	0	0	0	0	0	0	0	0	0	0	0	0	0	0	0	0
cn.yufu16.merry	2011-10-23	0.2212	0.0769	0.2957	0.1321	0.3043	0.625	0.2432	0.1978	0	0	0	0	0.1304	0.0007	0.1429	0.0005	0	0	0	0	0.8696	0.9993	0.8571	0.9995	0	0	0	0	0.875	0.9992	1	1	0	0	0	0	0	0	0	0	0.125	0.0008	0	0	0	0	0	0	0	0	0	0	0.0385	0.0096	0.0067	0.0066	0.5	0.9893	0.25	0.0053	0.25	0.0053	0	0	0	0	0	0	0	0	0	0	0	0	0	0	0	0	0	0	1	1	0	0	0	0
com.alan.message	2011-12-17	0.1331	0.0484	0.1968	0.0513	0.5758	0.8333	0.2673	0.511	0	0	0	0	0	0	0	0	0	0	0	0	1	1	1	1	0	0	0	0	0.75	0.511	0.7	0.6605	0	0	0	0	0.25	0.489	0.3	0.3395	0	0	0	0	0	0	0	0	0	0	0	0	0.0565	0.0323	0.0186	0.0348	0.7857	0.713	0.1429	0.2783	0.0714	0.0087	0	0	0	0	0	0	0.25	0.2837	0	0	0	0	0	0	0	0	0	0	0.75	0.7163	0	0	0	0
com.alan.siwameinv1	2011-11-07	0.1485	0.0786	0.184	0.0458	0.6471	0.9444	0.1126	0.6017	0	0	0	0	0	0	0	0	0	0	0	0	1	1	1	1	0	0	0	0	0.7778	0.6189	0.7647	0.8667	0	0	0	0	0.1667	0.3438	0.1765	0.0762	0	0	0	0	0	0	0	0	0.0556	0.0372	0.0588	0.0571	0.048	0.0218	0.0139	0.0131	0.7273	0.6887	0.1818	0.3019	0.0909	0.0094	0	0	0	0	0	0	0.4	0.62	0	0	0	0	0	0	0	0	0	0	0.6	0.38	0	0	0	0
com.alan.siwameinv2	2011-10-13	0.1075	0.0448	0.0385	0.0079	0.2222	0.8667	0.0625	0.45	0	0	0	0	0	0	0	0	0	0	0	0	1	1	1	1	0	0	0	0	0.7333	0.7283	0.7692	0.5593	0	0	0	0	0.1333	0.2017	0.1538	0.3852	0.0667	0.0433	0	0	0	0	0	0	0.0667	0.0267	0.0769	0.0556	0.0269	0.0149	0.0013	0.0139	0.6667	0.6562	0.2222	0.3333	0.1111	0.0104	0	0	0	0	0	0	0.8	0.086	0	0	0	0	0	0	0	0	0	0	0.2	0.914	0	0	0	0
com.allen.mp	2011-08-15	0.1167	0.1083	0.0726	0.5201	0.3571	0.6154	0.3191	0.0614	0	0	0	0	0	0	0	0	0	0	0	0	1	1	1	1	0	0	0	0	0.6154	0.0533	0.625	0.7699	0	0	0	0	0.2308	0.0315	0.25	0.2212	0	0	0	0	0	0	0	0	0.1538	0.9152	0.125	0.0088	0.125	0.1083	0.0636	0.524	0.8	0.8533	0.1333	0.1422	0.0667	0.0044	0	0	0	0	0	0	0.5385	0.9968	0	0	0	0	0	0	0	0	0	0	0.4615	0.0032	0	0	0	0
com.allen.txtbjyh	2011-10-27	0.1246	0.0712	0.0417	0.0198	0.3333	0.5417	0.0636	0.1215	0	0	0	0	0	0	0	0	0	0	0	0	1	1	1	1	0	0	0	0	0.75	0.8132	0.7692	0.7688	0	0	0	0	0.125	0.0857	0.1538	0.1734	0.0417	0.014	0	0	0	0	0	0	0.0833	0.0871	0.0769	0.0578	0.0356	0.0742	0.0015	0.0073	0.75	0.6972	0.1667	0.2936	0.0833	0.0092	0	0	0	0	0	0	0.32	0.4838	0	0	0	0	0	0	0	0	0	0	0.68	0.5162	0	0	0	0
com.allen.txthej	2011-07-04	0.1246	0.0712	0.0478	0.0234	0.3571	0.5833	0.0956	0.1766	0	0	0	0	0	0	0	0	0	0	0	0	1	1	1	1	0	0	0	0	0.75	0.7231	0.7143	0.7182	0	0	0	0	0.125	0.1124	0.1429	0.1273	0.0417	0.0112	0.0714	0.0409	0	0	0	0	0.0833	0.1533	0.0714	0.1136	0.0356	0.0742	0.0023	0.0094	0.75	0.7317	0.1667	0.2602	0.0833	0.0081	0	0	0	0	0	0	0.32	0.6215	0	0	0	0	0	0	0	0	0	0	0.68	0.3785	0	0	0	0
com.allen.txtjjsz	2011-11-08	0.1193	0.0734	0.0443	0.0184	0.359	0.5417	0.07	0.1292	0	0	0	0	0	0	0	0	0	0	0	0	1	1	1	1	0	0	0	0	0.75	0.7641	0.7692	0.7987	0	0	0	0	0.125	0.1318	0.1538	0.1678	0.0417	0.0156	0	0	0	0	0	0	0.0833	0.0885	0.0769	0.0336	0.0336	0.0734	0.0017	0.0067	0.7273	0.6972	0.1818	0.2936	0.0909	0.0092	0	0	0	0	0	0	0.3333	0.5463	0	0	0	0	0	0	0	0	0	0	0.6667	0.4537	0	0	0	0
com.andhuhu.fengyinchuanshuo	2011-08-08	0.1203	0.0448	0.1037	0.0064	0.2549	0.5789	0.0089	0.2291	0	0	0	0	0	0	0	0	0.0196	0.0009	0	0	0.9804	0.9991	1	1	0	0	0	0	0.9474	0.9828	0.9091	0.9785	0	0	0	0	0.0526	0.0172	0.0909	0.0215	0	0	0	0	0	0	0	0	0	0	0	0	0.0472	0.0283	0.0032	0.0058	0.7	0.5468	0.15	0.2562	0.05	0.0049	0	0	0.1	0.1921	0	0	0.5833	0.5094	0	0	0	0	0	0	0	0	0	0	0.4167	0.4906	0	0	0	0
com.andiord	2011-06-17	0	0	0	0	0	0	0	0	0	0	0	0	0	0	0	0	0	0	0	0	0	0	0	0	0	0	0	0	0	0	0	0	0	0	0	0	0	0	0	0	0	0	0	0	0	0	0	0	0	0	0	0	0	0	0	0	0	0	0	0	0	0	0	0	0	0	0	0	0	0	0	0	0	0	0	0	0	0	0	0	0	0	0	0	0	0
com.android	2011-08-10	0	0	0	0	0	0	0	0	0	0	0	0	0	0	0	0	0	0	0	0	0	0	0	0	0	0	0	0	0	0	0	0	0	0	0	0	0	0	0	0	0	0	0	0	0	0	0	0	0	0	0	0	0	0	0	0	0	0	0	0	0	0	0	0	0	0	0	0	0	0	0	0	0	0	0	0	0	0	0	0	0	0	0	0	0	0
com.android.installer.full	2011-10-26	0.1475	0.0984	0.0111	0.0183	0.7778	0.6667	0.3295	0.1237	0	0	0	0	0	0	0	0	0	0	0	0	1	1	1	1	0	0	0	0	0.8333	0.9617	0.75	0.7042	0	0	0	0	0	0	0	0	0	0	0	0	0.1667	0.0383	0.25	0.2958	0	0	0	0	0.0328	0.0164	0.0003	0.0003	1	1	0	0	0	0	0	0	0	0	0	0	1	1	0	0	0	0	0	0	0	0	0	0	0	0	0	0	0	0
com.android.JawbreakerSuper.Game	2011-11-07	0.1275	0.0403	0.5552	0.0046	0.1053	0.3333	0	0.0041	0	0	0	0	0	0	0	0	0	0	0	0	1	1	1	1	0	0	0	0	0.6667	0.7981	0.5	0.6667	0	0	0	0	0.1667	0.0124	0.5	0.3333	0	0	0	0	0	0	0	0	0.1667	0.1895	0	0	0.0134	0.0403	0	0.004	1	1	0	0	0	0	0	0	0	0	0	0	0	0	0	0	0	0	0	0	0.5	0.9952	0	0	0.5	0.0048	0	0	0	0
com.android.providers.downloadsmanager	2011-03-06	0	0	0	0	0	0	0	0	0	0	0	0	0	0	0	0	0	0	0	0	0	0	0	0	0	0	0	0	0	0	0	0	0	0	0	0	0	0	0	0	0	0	0	0	0	0	0	0	0	0	0	0	0	0	0	0	0	0	0	0	0	0	0	0	0	0	0	0	0	0	0	0	0	0	0	0	0	0	0	0	0	0	0	0	0	0
com.androscan.app	2011-11-11	0.1261	0.0588	0.0175	0.0078	0.6	0.8571	0.053	0.1476	0	0	0	0	0	0	0	0	0	0	0	0	1	1	1	1	0	0	0	0	0.6429	0.9791	0.5833	0.9591	0.0714	0.0066	0.0833	0.0112	0.2143	0.0126	0.25	0.0223	0	0	0	0	0	0	0	0	0.0714	0.0016	0.0833	0.0074	0.0588	0.0126	0.0002	0.0002	1	1	0	0	0	0	0	0	0	0	0	0	1	1	0	0	0	0	0	0	0	0	0	0	0	0	0	0	0	0
com.apk.op	2011-01-24	0.1502	0.0819	0.0562	0.2588	0.3636	0.7917	0.3546	0.1524	0	0	0	0	0.0682	0.0055	0.0625	0.0026	0	0	0	0	0.9318	0.9945	0.9375	0.9974	0	0	0	0	0.75	0.4704	0.7368	0.9364	0	0	0	0	0.125	0.0059	0.1579	0.0325	0.0417	0.0053	0.0526	0.0286	0	0	0	0	0.0833	0.5183	0.0526	0.0026	0.0307	0.0239	0.0019	0.1474	0.7778	0.9474	0.1111	0.0263	0.1111	0.0263	0	0	0	0	0	0	0.8571	0.9955	0	0	0	0	0	0	0	0	0	0	0.1429	0.0045	0	0	0	0
com.appspot.swisscodemonkeys.steam	2011-03-01	0.1639	0.0667	0.2807	0.0222	0.2881	0.7917	0.0114	0.5236	0	0	0	0	0	0	0	0	0	0	0	0	1	1	1	1	0	0	0	0	0.875	0.6352	0.8947	0.994	0	0	0	0	0	0	0	0	0.0417	0.0031	0.0526	0.003	0	0	0	0	0.0833	0.3616	0.0526	0.003	0.0361	0.0083	0.0038	0.0094	0.7692	0.9727	0.0769	0.0091	0.0769	0.0091	0	0	0.0769	0.0091	0	0	0	0	0	0	0	0	0	0	0	0	0	0	1	1	0	0	0	0
com.Assassins.Creed	2011-12-14	0.1569	0.098	0.1325	0.0861	0.5	0.6	0.2	0.2308	0	0	0	0	0	0	0	0	0	0	0	0	1	1	1	1	0	0	0	0	0.8	0.8462	0.6667	0.6667	0	0	0	0	0.2	0.1538	0.3333	0.3333	0	0	0	0	0	0	0	0	0	0	0	0	0.0392	0.0196	0.0199	0.0132	1	1	0	0	0	0	0	0	0	0	0	0	1	1	0	0	0	0	0	0	0	0	0	0	0	0	0	0	0	0
com.AudioConsole	2011-12-19	0.2422	0.0683	0.2819	0.1584	0.5641	0.6364	0.8119	0.4805	0	0	0	0	0	0	0	0	0.1282	0.0034	0.2273	0.0029	0.8718	0.9966	0.7727	0.9971	0	0	0	0	0.7273	0.2895	0.7143	0.0143	0	0	0	0	0.1818	0.6009	0.2857	0.9857	0	0	0	0	0	0	0	0	0.0909	0.1096	0	0	0.0248	0.0373	0.0002	0.0002	0.5	0.68	0	0	0	0	0	0	0.5	0.32	0	0	0.3333	0.8519	0	0	0	0	0	0	0	0	0	0	0	0	0.6667	0.1481	0	0
com.audiosettings	2011-10-24	0.2378	0.0549	0.2548	0.1117	0.2564	0.5556	0.3989	0.4574	0	0	0	0	0	0	0	0	0.1282	0.0105	0	0	0.8718	0.9895	1	1	0	0	0	0	0.7778	0.3495	0.8	0.0262	0	0	0	0	0.1111	0.548	0.2	0.9738	0	0	0	0	0	0	0	0	0.1111	0.1026	0	0	0.0244	0.0366	0.0007	0.0007	0.5	0.5775	0	0	0	0	0	0	0.5	0.4225	0	0	0.3333	0.9452	0	0	0	0	0	0	0	0	0	0	0	0	0.6667	0.0548	0	0
com.battery.improve8	2011-08-09	0.1335	0.0772	0.2515	0.0792	0.2444	0.7692	0.0112	0.0377	0	0	0	0	0	0	0	0	0	0	0	0	0.9778	0.985	1	1	0	0	0	0	0.6923	0.8796	0.8	0.8034	0	0	0	0	0.0385	0.0254	0.05	0.0769	0.0385	0.0042	0.05	0.1026	0.0385	0.0035	0	0	0.1923	0.0873	0.1	0.0171	0.0564	0.0237	0.0032	0.0083	0.6316	0.784	0.1053	0.096	0.1053	0.016	0	0	0.1579	0.104	0	0	0.875	0.7301	0	0	0	0	0	0	0	0	0	0	0.125	0.2699	0	0	0	0
com.Beauty.Breast	2011-05-31	0.1325	0.0843	0.1199	0.0724	0.0909	0.2857	0.0016	0.0054	0	0	0	0	0	0	0	0	0	0	0	0	1	1	1	1	0	0	0	0	0.8571	0.9946	0.5	0.5	0	0	0	0	0	0	0	0	0	0	0	0	0	0	0	0	0.1429	0.0054	0.5	0.5	0.0723	0.0361	0.0368	0.0362	0.3333	0.3511	0.3333	0.3511	0	0	0	0	0.3333	0.2979	0	0	1	1	0	0	0	0	0	0	0	0	0	0	0	0	0	0	0	0
com.beautyfullivewallpaper	2011-03-04	0	0	0	0	0	0	0	0	0	0	0	0	0	0	0	0	0	0	0	0	0	0	0	0	0	0	0	0	0	0	0	0	0	0	0	0	0	0	0	0	0	0	0	0	0	0	0	0	0	0	0	0	0	0	0	0	0	0	0	0	0	0	0	0	0	0	0	0	0	0	0	0	0	0	0	0	0	0	0	0	0	0	0	0	0	0
com.Beauty.Girl	2011-11-20	0	0	0	0	0	0	0	0	0	0	0	0	0	0	0	0	0	0	0	0	0	0	0	0	0	0	0	0	0	0	0	0	0	0	0	0	0	0	0	0	0	0	0	0	0	0	0	0	0	0	0	0	0	0	0	0	0	0	0	0	0	0	0	0	0	0	0	0	0	0	0	0	0	0	0	0	0	0	0	0	0	0	0	0	0	0
com.bmdt.disciplined	2011-12-20	0.1272	0.0714	0.1522	0.0397	0.4912	0.6875	0.1232	0.307	0	0	0	0	0	0	0	0	0	0	0	0	1	1	1	1	0	0	0	0	0.8125	0.7299	0.7727	0.1447	0.0312	0.0056	0	0	0	0	0	0	0	0	0	0	0	0	0	0	0.1562	0.2646	0.2273	0.8553	0.0513	0.0871	0.001	0.005	0.7391	0.8125	0.087	0.0781	0.087	0.0312	0	0	0.087	0.0781	0	0	0.2308	0.9025	0	0	0	0	0	0	0.0256	0.0063	0	0	0.4103	0.0503	0.3077	0.0377	0.0256	0.0031
com.classicnerds.livewallpaper.HK	2011-03-04	0	0	0	0	0	0	0	0	0	0	0	0	0	0	0	0	0	0	0	0	0	0	0	0	0	0	0	0	0	0	0	0	0	0	0	0	0	0	0	0	0	0	0	0	0	0	0	0	0	0	0	0	0	0	0	0	0	0	0	0	0	0	0	0	0	0	0	0	0	0	0	0	0	0	0	0	0	0	0	0	0	0	0	0	0	0
com.coderet.pianosets	2011-11-08	0.1493	0.0271	0.1619	0.0095	0.303	0.6667	0.1168	0.2075	0	0	0	0	0	0	0	0	0	0	0	0	1	1	1	1	0	0	0	0	0.8333	0.5	0.75	0.9545	0	0	0	0	0.1667	0.5	0.25	0.0455	0	0	0	0	0	0	0	0	0	0	0	0	0.0181	0.0362	0.0036	0.0075	1	1	0	0	0	0	0	0	0	0	0	0	0.5	0.9524	0	0	0	0	0	0	0	0	0	0	0	0	0.5	0.0476	0	0
com.company3L.SpyPhoneLocatorTrial	2011-11-14	0.1429	0.2143	0.1662	0.2493	0.5	0.3333	0.4914	0.3276	0	0	0	0	0	0	0	0	0	0	0	0	1	1	1	1	0	0	0	0	0.6667	0.6667	0	0	0	0	0	0	0.3333	0.3333	1	1	0	0	0	0	0	0	0	0	0	0	0	0	0.1429	0.0714	0.0845	0.0831	1	1	0	0	0	0	0	0	0	0	0	0	1	1	0	0	0	0	0	0	0	0	0	0	0	0	0	0	0	0
com.cooguo.market	2011-12-24	0.2593	0.037	0.1839	0.0205	0.4286	1	0.3319	0.9946	0	0	0	0	0	0	0	0	0	0	0	0	1	1	1	1	0	0	0	0	0	0	0	0	0	0	0	0	0	0	0	0	0	0	0	0	0	0	0	0	1	1	1	1	0.037	0	0.0001	0	0	0	1	1	0	0	0	0	0	0	0	0	0	0	0	0	0	0	0	0	0	0	0	0	0	0	0	0	0	0
com.crazyapps.angry.birds.rio.unlocker	2011-06-09	0.1716	0.0296	0.4384	0.0004	0.2414	0.8	0.001	0.4691	0	0	0	0	0	0	0	0	0	0	0	0	1	1	1	1	0	0	0	0	0.8	0.5062	1	1	0	0	0	0	0.2	0.4938	0	0	0	0	0	0	0	0	0	0	0	0	0	0	0.0473	0.0296	0.0001	0.0001	0.5	0.5745	0.25	0.0638	0	0	0	0	0.25	0.3617	0	0	1	1	0	0	0	0	0	0	0	0	0	0	0	0	0	0	0	0
com.crazyapps.com.call.ender.bad.reception.end.annoying.call.fake	2011-08-31	0.1212	0.0727	0.0856	0.0409	0.3	0.5833	0.2035	0.4067	0	0	0	0	0	0	0	0	0	0	0	0	1	1	1	1	0	0	0	0	0.75	0.7994	0.5714	0.5685	0	0	0	0	0.25	0.2006	0.4286	0.4315	0	0	0	0	0	0	0	0	0	0	0	0	0.0606	0.097	0.0026	0.0035	0.6	0.7391	0.2	0.1304	0	0	0	0	0.2	0.1304	0	0	0.375	0.6774	0	0	0	0	0	0	0	0	0	0	0.375	0.1935	0.1875	0.0968	0.0625	0.0323
com.Cut.the.Rope	2011-12-14	0.1569	0.098	0.1325	0.0861	0.5	0.6	0.2	0.2308	0	0	0	0	0	0	0	0	0	0	0	0	1	1	1	1	0	0	0	0	0.8	0.8462	0.6667	0.6667	0	0	0	0	0.2	0.1538	0.3333	0.3333	0	0	0	0	0	0	0	0	0	0	0	0	0.0392	0.0196	0.0199	0.0132	1	1	0	0	0	0	0	0	0	0	0	0	1	1	0	0	0	0	0	0	0	0	0	0	0	0	0	0	0	0
com.dchoc.tuxdo	2011-11-07	0.047	0.0138	0.008	0.0002	0.3529	0.4	0.0081	0.0558	0	0	0	0	0	0	0	0	0	0	0	0	1	1	1	1	0	0	0	0	0.6	0.1873	0	0	0.2	0.0159	0.5	0.2143	0	0	0	0	0	0	0	0	0	0	0	0	0.2	0.7968	0.5	0.7857	0	0.0166	0	0.0003	0	0	0	0	0	0	0	0	0	0	0	0	0	0	0	0	0	0	0	0	0	0	0	0	1	1	0	0	0	0
com.droiddream.android.afdvancedfm	2011-10-23	0.1343	0.0926	0.2286	0.2234	0.6552	0.55	0.0633	0.0448	0	0	0	0	0	0	0	0	0	0	0	0	1	1	1	1	0	0	0	0	0.8	0.9312	0.6364	0.6592	0	0	0	0	0.05	0.0505	0.0909	0.0056	0.05	0.0028	0.0909	0.0559	0	0	0	0	0.1	0.0155	0.1818	0.2793	0.0463	0.0278	0.004	0.0044	0.8	0.831	0.2	0.169	0	0	0	0	0	0	0	0	1	1	0	0	0	0	0	0	0	0	0	0	0	0	0	0	0	0
com.droiddream.sex	2011-12-19	0.1014	0.0507	0.0389	0.0066	0.32	0.64	0.0381	0.1367	0	0	0	0	0	0	0	0	0.04	0.0015	0.0625	0.0066	0.96	0.9985	0.9375	0.9934	0	0	0	0	0.72	0.633	0.6875	0.5978	0	0	0	0	0.16	0.3091	0.125	0.337	0.04	0.0461	0.0625	0.0109	0	0	0	0	0.08	0.0119	0.125	0.0543	0.0243	0.0101	0.001	0.0128	0.8333	0.9697	0.1667	0.0303	0	0	0	0	0	0	0	0	0.8	0.0696	0	0	0	0	0	0	0	0	0	0	0.2	0.9304	0	0	0	0
com.droid.game.forestman	2011-09-30	0.0886	0.0375	0.0796	0.007	0.3077	0.8636	0.0112	0.206	0	0	0	0	0	0	0	0	0.0385	0.0032	0	0	0.9615	0.9968	1	1	0	0	0	0	0.8636	0.9919	0.8947	0.9843	0	0	0	0	0	0	0	0	0.0455	0.0032	0	0	0	0	0	0	0.0909	0.0049	0.1053	0.0157	0.0256	0.0119	0.0005	0.003	1	1	0	0	0	0	0	0	0	0	0	0	0.5714	0.1236	0	0	0	0	0	0	0	0	0	0	0.4286	0.8764	0	0	0	0
com.droidhen.falldown	2011-08-15	0.085	0.0545	0.0318	0.0112	0.1538	0.36	0.0165	0.069	0	0	0	0	0	0	0	0	0	0	0	0	1	1	1	1	0	0	0	0	0.88	0.7135	1	1	0.04	0.0005	0	0	0	0	0	0	0	0	0	0	0	0	0	0	0.08	0.2859	0	0	0.0327	0.0218	0.0005	0.0084	1	1	0	0	0	0	0	0	0	0	0	0	0	0	0	0	0.2	0.6586	0	0	0.1	0.0065	0	0	0.7	0.3349	0	0	0	0
com.dseffects.JewelsMania	2011-10-08	0.2982	0.1053	0.2171	0.0395	0.1471	1	0.068	0.9277	0	0	0	0	0	0	0	0	0.0882	0.0428	0	0	0.9118	0.9572	1	1	0	0	0	0	1	1	1	1	0	0	0	0	0	0	0	0	0	0	0	0	0	0	0	0	0	0	0	0	0.0439	0.0175	0.01	0.0093	0.6	0.6667	0.4	0.3333	0	0	0	0	0	0	0	0	1	1	0	0	0	0	0	0	0	0	0	0	0	0	0	0	0	0
com.dseffects.MonkeyJump2	2011-11-22	0	0	0	0	0	0	0	0	0	0	0	0	0	0	0	0	0	0	0	0	0	0	0	0	0	0	0	0	0	0	0	0	0	0	0	0	0	0	0	0	0	0	0	0	0	0	0	0	0	0	0	0	0	0	0	0	0	0	0	0	0	0	0	0	0	0	0	0	0	0	0	0	0	0	0	0	0	0	0	0	0	0	0	0	0	0
com.eoeandroid.eWallpapers.cartoon	2011-11-29	0.1324	0.0794	0.1307	0.0272	0.3556	0.9259	0.0407	0.5741	0	0	0	0	0	0	0	0	0.0222	0.0156	0	0	0.9778	0.9844	1	1	0	0	0	0	0.8519	0.8443	0.84	0.9412	0	0	0	0	0.0741	0.0882	0.08	0.0163	0.037	0.0582	0.04	0.0294	0	0	0	0	0.037	0.0094	0.04	0.0131	0.0324	0.0206	0.0027	0.0168	0.5455	0.8077	0.1818	0.0577	0.0909	0.0192	0	0	0.1818	0.1154	0	0	0.5714	0.2317	0	0	0	0	0	0	0	0	0	0	0.4286	0.7683	0	0	0	0
com.etagmedia.metro	2011-10-08	0	0	0	0	0	0	0	0	0	0	0	0	0	0	0	0	0	0	0	0	0	0	0	0	0	0	0	0	0	0	0	0	0	0	0	0	0	0	0	0	0	0	0	0	0	0	0	0	0	0	0	0	0	0	0	0	0	0	0	0	0	0	0	0	0	0	0	0	0	0	0	0	0	0	0	0	0	0	0	0	0	0	0	0	0	0
com.evilsunflower.reader.evilShijian11	2011-11-07	0.0865	0.0443	0.0353	0.0039	0.2308	0.6	0.0123	0.1868	0	0	0	0	0	0	0	0	0	0	0	0	1	1	1	1	0	0	0	0	0.65	0.6813	0.5	0.4118	0	0	0	0	0.2	0.1319	0.3333	0.4706	0	0	0	0	0	0	0	0	0.15	0.1868	0.1667	0.1176	0.0244	0.0133	0.0007	0.001	0.5455	0.5882	0.3636	0.3529	0.0909	0.0588	0	0	0	0	0	0	0	0	0	0	0	0	0	0	0.5	0.2917	0	0	0.5	0.7083	0	0	0	0
com.evilsunflower.reader.evilYingyu9	2011-12-21	0.0995	0.0485	0.0548	0.0046	0.2051	0.6842	0.0097	0.2208	0	0	0	0	0	0	0	0	0	0	0	0	1	1	1	1	0	0	0	0	0.6842	0.7922	0.6154	0.5294	0	0	0	0	0.1579	0.1169	0.2308	0.3529	0	0	0	0	0	0	0	0	0.1579	0.0909	0.1538	0.1176	0.023	0.0153	0.0008	0.0014	0.4444	0.5	0.4444	0.4286	0.1111	0.0714	0	0	0	0	0	0	0	0	0	0	0	0	0	0	0.5	0.3043	0	0	0.5	0.6957	0	0	0	0
com.fall.down	2011-03-02	0.0906	0.0507	0.0042	0.0633	0.28	0.7143	0.0037	0.0189	0	0	0	0	0	0	0	0	0	0	0	0	1	1	1	1	0	0	0	0	0.7857	0.9998	0.7	0.993	0	0	0	0	0	0	0	0	0.0714	0.0001	0.1	0.002	0	0	0	0	0.1429	0.0002	0.2	0.005	0.058	0.029	0.0002	0.0009	0.75	0.8806	0.125	0.0299	0	0	0	0	0.125	0.0896	0	0	0.875	0.3451	0	0	0	0	0	0	0	0	0	0	0.125	0.6549	0	0	0	0
com.feasy.jewels.Gel	2011-10-08	0.1803	0.0442	0.0561	0.0092	0.1509	0.8462	0.0126	0.0648	0	0	0	0	0	0	0	0	0.0566	0.008	0	0	0.9434	0.992	1	1	0	0	0	0	0.8462	0.5987	0.9091	0.9659	0	0	0	0	0.0769	0.0744	0.0909	0.0341	0	0	0	0	0	0	0	0	0.0769	0.327	0	0	0.0544	0.0272	0.0021	0.0061	0.875	0.9253	0.125	0.0747	0	0	0	0	0	0	0	0	0.75	0.7737	0	0	0	0	0	0	0	0	0	0	0.25	0.2263	0	0	0	0
com.file.phoneset	2011-11-01	0.2043	0.086	0.3537	0.0384	0.2105	1	0.0538	0.9926	0	0	0	0	0	0	0	0	0	0	0	0	1	1	1	1	0	0	0	0	1	1	1	1	0	0	0	0	0	0	0	0	0	0	0	0	0	0	0	0	0	0	0	0	0.0215	0.0215	0.0048	0.0048	1	1	0	0	0	0	0	0	0	0	0	0	0	0	0	0	0	0	0	0	0	0	0	0	1	1	0	0	0	0
com.floydlabs.finger_security_scanner	2011-11-14	0.1655	0.1151	0.136	0.1905	0.3478	0.6875	0.2119	0.2386	0.087	0.0057	0	0	0	0	0	0	0.0435	0.0213	0	0	0.8696	0.973	1	1	0	0	0	0	0.9375	0.998	0.9091	0.9957	0	0	0	0	0.0625	0.002	0.0909	0.0043	0	0	0	0	0	0	0	0	0	0	0	0	0.0719	0.1079	0.0306	0.0462	0.6	0.3861	0.2	0.1835	0	0	0	0	0.2	0.4304	0	0	0	0	0	0	0	0	0	0	0.6667	0.6611	0	0	0	0	0.2667	0.0167	0.0667	0.3222
com.gambler.SendSMS	2011-07-22	0	0	0	0	0	0	0	0	0	0	0	0	0	0	0	0	0	0	0	0	0	0	0	0	0	0	0	0	0	0	0	0	0	0	0	0	0	0	0	0	0	0	0	0	0	0	0	0	0	0	0	0	0	0	0	0	0	0	0	0	0	0	0	0	0	0	0	0	0	0	0	0	0	0	0	0	0	0	0	0	0	0	0	0	0	0
com.game	2011-11-18	0.0478	0.0251	0.0275	0.0466	0.1905	0.4545	0.0013	0.0017	0	0	0	0	0	0	0	0	0	0	0	0	1	1	1	1	0	0	0	0	1	1	1	1	0	0	0	0	0	0	0	0	0	0	0	0	0	0	0	0	0	0	0	0	0.0296	0.0205	0	0.0004	1	1	0	0	0	0	0	0	0	0	0	0	0	0	0	0	0	0	0	0	0.7778	0.1239	0	0	0.2222	0.8761	0	0	0	0
com.gamelio.DrawSlasher	2011-11-29	0	0	0	0	0	0	0	0	0	0	0	0	0	0	0	0	0	0	0	0	0	0	0	0	0	0	0	0	0	0	0	0	0	0	0	0	0	0	0	0	0	0	0	0	0	0	0	0	0	0	0	0	0	0	0	0	0	0	0	0	0	0	0	0	0	0	0	0	0	0	0	0	0	0	0	0	0	0	0	0	0	0	0	0	0	0
com.gamevil.bs2010	2011-10-14	0.2246	0.0072	0.0555	0.0009	0	0	0	0	0	0	0	0	0	0	0	0	0.0968	0.0485	0	0	0.9032	0.9515	0	0	0	0	0	0	1	1	0	0	0	0	0	0	0	0	0	0	0	0	0	0	0	0	0	0	0	0	0	0	0.0435	0.0217	0.0027	0.0026	0.3333	0.3421	0.3333	0.3421	0	0	0	0	0.3333	0.3158	0	0	1	1	0	0	0	0	0	0	0	0	0	0	0	0	0	0	0	0
com.glumobi.eraser	2011-09-09	0.1135	0.0851	0.1238	0.2016	0.3125	0.6667	0.1765	0.1529	0	0	0	0	0	0	0	0	0	0	0	0	1	1	1	1	0	0	0	0	0.9167	0.9993	0.875	0.9978	0	0	0	0	0	0	0	0	0	0	0	0	0	0	0	0	0.0833	0.0007	0.125	0.0022	0.0567	0.0851	0.0023	0.003	0.5	0.6061	0.25	0.0909	0	0	0	0	0.25	0.303	0	0	0.4167	0.8409	0	0	0	0	0	0	0	0	0	0	0.1667	0.0455	0	0	0.4167	0.1136
com.go108.lic	2011-10-14	0.1273	0.0333	0.1795	0.0886	0.3333	0.7273	0.0547	0.0968	0	0	0	0	0.0476	0.0018	0	0	0	0	0	0	0.9524	0.9982	1	1	0	0	0	0	0.7273	0.9164	0.625	0.9242	0	0	0	0	0.0909	0.0125	0.125	0.0455	0.0909	0.0696	0.125	0.0227	0.0909	0.0015	0.125	0.0076	0	0	0	0	0.0455	0.0727	0.0129	0.0153	1	1	0	0	0	0	0	0	0	0	0	0	0.2083	0.6298	0	0	0	0	0	0	0	0	0	0	0.6667	0.3574	0.125	0.0128	0	0
com.GoldDream.pg04	2011-11-03	0.13	0.07	0.1453	0.0693	0.2308	0.2857	0.149	0.2917	0	0	0	0	0	0	0	0	0	0	0	0	1	1	1	1	0	0	0	0	0.8571	0.875	1	1	0	0	0	0	0.1429	0.125	0	0	0	0	0	0	0	0	0	0	0	0	0	0	0.08	0.04	0.013	0.0183	0.5	0.7778	0.25	0.1111	0	0	0	0	0.25	0.1111	0	0	1	1	0	0	0	0	0	0	0	0	0	0	0	0	0	0	0	0
com.GoldDream.pg	2011-07-06	0.1275	0.0686	0.1453	0.062	0.2308	0.4286	0.1059	0.2117	0	0	0	0	0	0	0	0	0	0	0	0	1	1	1	1	0	0	0	0	0.8571	0.854	1	1	0	0	0	0	0.1429	0.146	0	0	0	0	0	0	0	0	0	0	0	0	0	0	0.0784	0.0392	0.0131	0.0195	0.5	0.7931	0.25	0.1034	0	0	0	0	0.25	0.1034	0	0	1	1	0	0	0	0	0	0	0	0	0	0	0	0	0	0	0	0
com.GoldDream.TingTing02ii	2011-09-29	0.1556	0.0489	0.1898	0.0326	0.1143	0.6364	0.0307	0.298	0	0	0	0	0	0	0	0	0	0	0	0	1	1	1	1	0	0	0	0	0.9091	0.8808	1	1	0	0	0	0	0.0909	0.1192	0	0	0	0	0	0	0	0	0	0	0	0	0	0	0.0133	0.0311	0.0052	0.0073	1	1	0	0	0	0	0	0	0	0	0	0	0	0	0	0	0	0	0	0	0	0	0	0	1	1	0	0	0	0
com.GoldDream.TingTing07ii	2011-09-30	0.1434	0.0492	0.2247	0.0462	0.1143	0.6667	0.0621	0.4581	0	0	0	0	0	0	0	0	0	0	0	0	1	1	1	1	0	0	0	0	0.9167	0.8563	1	1	0	0	0	0	0.0833	0.1437	0	0	0	0	0	0	0	0	0	0	0	0	0	0	0.0287	0.0369	0.004	0.0066	0.4286	0.6897	0.2857	0.1034	0	0	0	0	0.2857	0.2069	0	0	0.2222	0.1458	0	0	0	0	0	0	0	0	0	0	0.7778	0.8542	0	0	0	0
com.GoldDream.TingTing08i	2011-09-30	0.1446	0.0496	0.2431	0.0357	0.1143	0.6667	0.0279	0.3333	0	0	0	0	0	0	0	0	0	0	0	0	1	1	1	1	0	0	0	0	0.9167	0.8136	1	1	0	0	0	0	0.0833	0.1864	0	0	0	0	0	0	0	0	0	0	0	0	0	0	0.0207	0.0331	0.0028	0.0049	0.6	0.7273	0	0	0	0	0	0	0.4	0.2727	0	0	0.125	0.1316	0	0	0	0	0	0	0	0	0	0	0.875	0.8684	0	0	0	0
com.GoldDream.TingTing08ii	2011-09-30	0.1446	0.0496	0.237	0.0443	0.1143	0.5833	0.0353	0.3269	0	0	0	0	0	0	0	0	0	0	0	0	1	1	1	1	0	0	0	0	0.9167	0.8308	1	1	0	0	0	0	0.0833	0.1692	0	0	0	0	0	0	0	0	0	0	0	0	0	0	0.0207	0.0331	0.0032	0.0058	0.6	0.7895	0	0	0	0	0	0	0.4	0.2105	0	0	0.125	0.0882	0	0	0	0	0	0	0	0	0	0	0.875	0.9118	0	0	0	0
com.GoldDream.TingTing10i	2011-09-30	0.1411	0.0484	0.2344	0.041	0.1143	0.6667	0.0495	0.4419	0	0	0	0	0	0	0	0	0	0	0	0	1	1	1	1	0	0	0	0	0.9167	0.8333	1	1	0	0	0	0	0.0833	0.1667	0	0	0	0	0	0	0	0	0	0	0	0	0	0	0.0282	0.0403	0.0034	0.0057	0.4286	0.697	0.2857	0.0909	0	0	0	0	0.2857	0.2121	0	0	0.3	0.1818	0	0	0	0	0	0	0	0	0	0	0.7	0.8182	0	0	0	0
com.GoldDream.TingTing11ii	2011-09-30	0.1471	0.0504	0.2376	0.0432	0.0857	0.5	0.0351	0.3376	0	0	0	0	0	0	0	0	0	0	0	0	1	1	1	1	0	0	0	0	0.9167	0.8328	1	1	0	0	0	0	0.0833	0.1672	0	0	0	0	0	0	0	0	0	0	0	0	0	0	0.021	0.0336	0.0032	0.0057	0.6	0.7826	0	0	0	0	0	0	0.4	0.2174	0	0	0.125	0.0976	0	0	0	0	0	0	0	0	0	0	0.875	0.9024	0	0	0	0
com.GoldDream.TingTing12ii	2011-12-21	0.1423	0.0488	0.2469	0.0439	0.1143	0.5833	0.0605	0.4754	0	0	0	0	0	0	0	0	0	0	0	0	1	1	1	1	0	0	0	0	0.9167	0.8443	1	1	0	0	0	0	0.0833	0.1557	0	0	0	0	0	0	0	0	0	0	0	0	0	0	0.0285	0.0366	0.0038	0.0061	0.4286	0.6667	0.2857	0.1429	0	0	0	0	0.2857	0.1905	0	0	0.2222	0.1471	0	0	0	0	0	0	0	0	0	0	0.7778	0.8529	0	0	0	0
com.GoldDream.TingTing	2011-11-08	0.1304	0.0435	0.0167	0.0056	0	0	0	0	0	0	0	0	0	0	0	0	0	0	0	0	1	1	0	0	0	0	0	0	1	1	0	0	0	0	0	0	0	0	0	0	0	0	0	0	0	0	0	0	0	0	0	0	0.087	0.087	0.0056	0.0056	1	1	0	0	0	0	0	0	0	0	0	0	0.5	0.9934	0	0	0	0	0	0	0	0	0	0	0.5	0.0066	0	0	0	0
com.golden.eagle	2011-09-05	0	0	0	0	0	0	0	0	0	0	0	0	0	0	0	0	0	0	0	0	0	0	0	0	0	0	0	0	0	0	0	0	0	0	0	0	0	0	0	0	0	0	0	0	0	0	0	0	0	0	0	0	0	0	0	0	0	0	0	0	0	0	0	0	0	0	0	0	0	0	0	0	0	0	0	0	0	0	0	0	0	0	0	0	0	0
com.gone602	2011-10-30	0.1343	0.0597	0.096	0.113	0.2222	0.5	0.2903	0.2466	0	0	0	0	0	0	0	0	0	0	0	0	1	1	1	1	0	0	0	0	1	1	1	1	0	0	0	0	0	0	0	0	0	0	0	0	0	0	0	0	0	0	0	0	0.0597	0.0149	0.0248	0.0201	0.5	0.875	0.25	0.0625	0	0	0	0	0.25	0.0625	0	0	1	1	0	0	0	0	0	0	0	0	0	0	0	0	0	0	0	0
com.gone60	2011-09-23	0.1299	0.0649	0.0811	0.0618	0.2	0.4	0.5663	0.7431	0	0	0	0	0	0	0	0	0	0	0	0	1	1	1	1	0	0	0	0	0.8	0.9368	1	1	0	0	0	0	0	0	0	0	0	0	0	0	0.2	0.0632	0	0	0	0	0	0	0.026	0.013	0.0042	0.0039	1	1	0	0	0	0	0	0	0	0	0	0	1	1	0	0	0	0	0	0	0	0	0	0	0	0	0	0	0	0
com.gp.DropBubble	2011-11-22	0.0567	0.0265	0.0538	0.0026	0.4043	0.5909	0.0135	0.1094	0	0	0	0	0	0	0	0	0	0	0	0	1	1	1	1	0	0	0	0	0.6364	0.6112	0.6154	0.9389	0	0	0	0	0.2727	0.2242	0.3077	0.0333	0	0	0	0	0	0	0	0	0.0909	0.1646	0.0769	0.0278	0.0109	0.0205	0.0001	0.003	0.6667	0.7027	0.2222	0.2838	0.1111	0.0135	0	0	0	0	0	0	0	0	0	0	0.6471	0.97	0	0	0.1176	0.0219	0	0	0.2353	0.008	0	0	0	0
com.han.hxw1	2011-11-08	0.1429	0.0564	0.1761	0.0222	0.5	0.8	0.0556	0.2249	0	0	0	0	0	0	0	0	0	0	0	0	1	1	1	1	0	0	0	0	0.7333	0.4534	0.75	0.8374	0	0	0	0	0.0667	0.064	0.0833	0.0081	0	0	0	0	0	0	0	0	0.2	0.4826	0.1667	0.1545	0.0489	0.0301	0.0041	0.0129	1	1	0	0	0	0	0	0	0	0	0	0	0.625	0.9906	0	0	0	0	0	0	0	0	0	0	0.375	0.0094	0	0	0	0
com.hero_full	2011-09-25	0.1376	0.0917	0.0145	0.0145	0.4	1	0.1089	0.2497	0	0	0	0	0	0	0	0	0	0	0	0	1	1	1	1	0	0	0	0	0.9	0.9284	0.9	0.7156	0	0	0	0	0	0	0	0	0	0	0	0	0	0	0	0	0.1	0.0716	0.1	0.2844	0.055	0.0642	0.0011	0.0016	1	1	0	0	0	0	0	0	0	0	0	0	0	0	0	0	0	0	0	0	0	0	0	0	1	1	0	0	0	0
com.info.eraser.phonebook	2011-12-17	0.1236	0.1124	0.1493	0.1208	0.0909	0.2	0.0048	0.0118	0	0	0	0	0	0	0	0	0	0	0	0	1	1	1	1	0	0	0	0	0.9	0.9882	0.5	0.5	0	0	0	0	0	0	0	0	0	0	0	0	0	0	0	0	0.1	0.0118	0.5	0.5	0.0674	0.1011	0.0235	0.0341	0.3333	0.4545	0.3333	0.0909	0	0	0	0	0.3333	0.4545	0	0	0	0	0	0	0	0	0	0	0.2222	0.3333	0	0	0.7778	0.6667	0	0	0	0
com.info.eraser.smshistory	2011-12-22	0.1236	0.1124	0.1655	0.0859	0.0909	0.2	0.0043	0.0165	0	0	0	0	0	0	0	0	0	0	0	0	1	1	1	1	0	0	0	0	0.9	0.9835	0.5	0.5	0	0	0	0	0	0	0	0	0	0	0	0	0	0	0	0	0.1	0.0165	0.5	0.5	0.0674	0.1011	0.0135	0.0199	0.3333	0.4211	0.3333	0.1579	0	0	0	0	0.3333	0.4211	0	0	0	0	0	0	0	0	0	0	0.2222	0.3214	0	0	0.7778	0.6786	0	0	0	0
com.intsig.camscanner	2011-06-08	0.2308	0.0385	0.3418	0.0264	0	0	0	0	0	0	0	0	0	0	0	0	0	0	0	0	1	1	0	0	0	0	0	0	0	0	0	0	0	0	0	0	1	1	0	0	0	0	0	0	0	0	0	0	0	0	0	0	0.1154	0.0385	0.0266	0.0264	0	0	0.6667	0.9958	0	0	0.3333	0.0042	0	0	0	0	1	1	0	0	0	0	0	0	0	0	0	0	0	0	0	0	0	0
com.itfunz.itfunzsupertools	2011-10-22	0.1055	0.0871	0.1657	0.1135	0.575	0.697	0.1423	0.1545	0	0	0	0	0	0	0	0	0	0	0	0	1	1	1	1	0	0	0	0	0.8182	0.8786	0.7826	0.8179	0	0	0	0	0.0606	0.0036	0.087	0.0169	0.0303	0.0018	0	0	0	0	0	0	0.0909	0.1159	0.1304	0.1653	0.0554	0.0158	0.0113	0.0072	0.5238	0.1255	0.0952	0.1268	0.1905	0.3739	0	0	0.1905	0.3739	0	0	0.8333	0.9446	0	0	0	0	0	0	0.1667	0.0554	0	0	0	0	0	0	0	0
com.jackeey.eWallpapers.DragonBall	2011-08-07	0.1307	0.0795	0.1319	0.0288	0.3478	0.8929	0.057	0.5833	0	0	0	0	0	0	0	0	0.0217	0.0149	0	0	0.9783	0.9851	1	1	0	0	0	0	0.8571	0.8419	0.84	0.9304	0	0	0	0	0.0714	0.0855	0.08	0.022	0.0357	0.0598	0.04	0.0293	0	0	0	0	0.0357	0.0128	0.04	0.0183	0.0312	0.017	0.0029	0.0151	0.5455	0.766	0.1818	0.0638	0.0909	0.0213	0	0	0.1818	0.1489	0	0	0.6667	0.2694	0	0	0	0	0	0	0	0	0	0	0.3333	0.7306	0	0	0	0
com.jackeey.eWallpapers.gundam	2011-11-29	0.1347	0.0802	0.1356	0.0273	0.3404	0.8929	0.0422	0.511	0	0	0	0	0	0	0	0	0.0213	0.0147	0	0	0.9787	0.9853	1	1	0	0	0	0	0.8571	0.8326	0.84	0.944	0	0	0	0	0.0714	0.0925	0.08	0.0302	0.0357	0.0617	0.04	0.0043	0	0	0	0	0.0357	0.0132	0.04	0.0216	0.0287	0.0172	0.0028	0.014	0.5	0.7826	0.2	0.0652	0.1	0.0217	0	0	0.2	0.1304	0	0	0.6667	0.2918	0	0	0	0	0	0	0	0	0	0	0.3333	0.7082	0	0	0	0
com.jackeey.eWallpapers.nba	2011-11-07	0.1239	0.0574	0.1293	0.0192	0.3049	0.8421	0.0429	0.5358	0	0	0	0	0	0	0	0	0.0244	0.0076	0	0	0.9756	0.9924	1	1	0	0	0	0	0.7895	0.6841	0.8125	0.8544	0	0	0	0	0.1316	0.2673	0.0938	0.1098	0.0263	0.0332	0.0312	0.0119	0	0	0	0	0.0526	0.0153	0.0625	0.0239	0.0498	0.0196	0.0055	0.0127	0.7576	0.9292	0.0606	0.0133	0.0606	0.0088	0	0	0.1212	0.0487	0	0	0.6154	0.436	0.2308	0.2016	0	0	0	0	0	0	0	0	0.1538	0.3624	0	0	0	0
com.japanese.hot.girl	2011-05-31	0.1628	0.1047	0.4682	0.0407	0.2143	0.5556	0.015	0.3333	0	0	0	0	0	0	0	0	0	0	0	0	1	1	1	1	0	0	0	0	0.8889	0.9927	0.8	0.989	0	0	0	0	0	0	0	0	0	0	0	0	0	0	0	0	0.1111	0.0073	0.2	0.011	0.0814	0.0465	0.0226	0.0241	0.4286	0.7763	0.2857	0.0197	0	0	0	0	0.2857	0.2039	0	0	1	1	0	0	0	0	0	0	0	0	0	0	0	0	0	0	0	0
com.jinshou.jsinputmethod	2011-08-28	0.1455	0.0818	0.1443	0.5066	0.4375	0.7778	0.0299	0.0075	0	0	0	0	0	0	0	0	0	0	0	0	1	1	1	1	0	0	0	0	0.7778	0.9315	0.8571	0.8846	0	0	0	0	0	0	0	0	0	0	0	0	0	0	0	0	0.2222	0.0685	0.1429	0.1154	0.0727	0.0364	0.0016	0.0354	0.5	0.7273	0.25	0.1364	0	0	0	0	0.25	0.1364	0	0	1	1	0	0	0	0	0	0	0	0	0	0	0	0	0	0	0	0
com.joko.lightgrid	2011-10-25	0	0	0	0	0	0	0	0	0	0	0	0	0	0	0	0	0	0	0	0	0	0	0	0	0	0	0	0	0	0	0	0	0	0	0	0	0	0	0	0	0	0	0	0	0	0	0	0	0	0	0	0	0	0	0	0	0	0	0	0	0	0	0	0	0	0	0	0	0	0	0	0	0	0	0	0	0	0	0	0	0	0	0	0	0	0
com.joyce.wps.taylorswift	2011-11-13	0.2472	0.1798	0.232	0.1595	0.4545	1	0.1735	0.9712	0	0	0	0	0	0	0	0	0	0	0	0	1	1	1	1	0	0	0	0	0.875	0.4991	0.875	0.4879	0	0	0	0	0	0	0	0	0	0	0	0	0	0	0	0	0.125	0.5009	0.125	0.5121	0.0225	0.0337	0.004	0.0831	1	1	0	0	0	0	0	0	0	0	0	0	1	1	0	0	0	0	0	0	0	0	0	0	0	0	0	0	0	0
com.joymasterrocks.MJ13	2011-11-18	0.1216	0.0811	0.0207	0.0131	0.3333	0.5	0.2707	0.4262	0	0	0	0	0	0	0	0	0	0	0	0	1	1	1	1	0	0	0	0	0.8333	0.857	1	1	0	0	0	0	0	0	0	0	0	0	0	0	0.1667	0.143	0	0	0	0	0	0	0.0541	0.0135	0.0038	0.0019	0.75	0.9968	0	0	0.25	0.0032	0	0	0	0	0	0	1	1	0	0	0	0	0	0	0	0	0	0	0	0	0	0	0	0
com.keji.danti161	2011-07-28	0.1076	0.084	0.1476	0.0647	0.4634	0.5312	0.1925	0.3632	0	0	0	0	0	0	0	0	0	0	0	0	1	1	1	1	0	0	0	0	0.9062	0.8684	0.8824	0.9769	0	0	0	0	0	0	0	0	0	0	0	0	0	0	0	0	0.0938	0.1316	0.1176	0.0231	0.0499	0.0184	0.009	0.0063	1	1	0	0	0	0	0	0	0	0	0	0	0.7143	0.957	0	0	0	0	0	0	0.2857	0.043	0	0	0	0	0	0	0	0
com.keji.danti207	2011-09-22	0.1074	0.0795	0.2199	0.0211	0.4444	0.5	0.0265	0.2265	0	0	0	0	0	0	0	0	0	0	0	0	1	1	1	1	0	0	0	0	0.875	0.9459	0.85	0.9324	0.025	0.0214	0	0	0.025	0.0153	0.05	0.0586	0.025	0.002	0.05	0.0045	0	0	0	0	0.05	0.0153	0.05	0.0045	0.0298	0.0497	0.0017	0.0056	1	1	0	0	0	0	0	0	0	0	0	0	0	0	0	0	0	0	0	0	0.48	0.9112	0	0	0.24	0.0232	0.08	0.0463	0.2	0.0193
com.keji.danti311	2011-11-18	0.12	0	0.204	0	0	0	0	0	0	0	0	0	0	0	0	0	0	0	0	0	1	1	0	0	0	0	0	0	0	0	0	0	0	0	0	0	0	0	0	0	0	0	0	0	0	0	0	0	0	0	0	0	0.16	0	0.085	0	0.75	0.9667	0	0	0.25	0.0333	0	0	0	0	0	0	0	0	0	0	0	0	0	0	0	0	0	0	0	0	0	0	0	0
com.keji.danti408	2011-12-31	0.0948	0.0778	0.2126	0.0143	0.4107	0.3913	0.0197	0.254	0	0	0	0	0	0	0	0	0	0	0	0	1	1	1	1	0	0	0	0	0.8696	0.9225	0.8889	0.985	0.0217	0.0032	0	0	0.0217	0.0044	0.0556	0.0125	0.0217	0.0013	0	0	0	0	0	0	0.0652	0.0686	0.0556	0.0025	0.0321	0.0457	0.0006	0.0018	0.8421	0.9206	0.1053	0.0635	0.0526	0.0159	0	0	0	0	0	0	0	0	0	0	0	0	0	0	0.2593	0.0667	0	0	0.4815	0.8667	0.0741	0.041	0.1852	0.0256
com.keji.danti456	2011-12-21	0.1182	0.0691	0.2169	0.0575	0.3077	0.4211	0.1036	0.3542	0	0	0	0	0.0308	0.0005	0	0	0	0	0	0	0.9385	0.9989	1	1	0.0308	0.0005	0	0	0.8684	0.8289	0.875	0.6483	0.0263	0.0035	0	0	0	0	0	0	0	0	0	0	0	0	0	0	0.1053	0.1676	0.125	0.3517	0.0218	0.0436	0.0017	0.0055	1	1	0	0	0	0	0	0	0	0	0	0	0	0	0	0	0	0	0	0	0.5417	0.8474	0	0	0.25	0.1263	0	0	0.2083	0.0263
com.keji.danti561	2011-10-10	0.108	0.0621	0.2398	0.0278	0.4	0.5	0.045	0.2336	0	0	0	0	0	0	0	0	0	0	0	0	0.9875	0.9994	1	1	0.0125	0.0006	0	0	0.8043	0.8224	0.7826	0.869	0.0217	0.0097	0	0	0.0435	0.0284	0.087	0.1118	0.0217	0.0022	0	0	0.0217	0.0037	0.0435	0.0128	0.087	0.1336	0.087	0.0064	0.0243	0.0364	0.0017	0.0087	0.9444	0.9881	0	0	0.0556	0.0119	0	0	0	0	0	0	0.2963	0.6033	0	0	0	0	0	0	0.1852	0.0214	0	0	0.2593	0.3492	0.0741	0.0143	0.1852	0.0119
com.keji.danti567	2011-10-07	0.1081	0.0614	0.2262	0.0235	0.4074	0.5217	0.0476	0.2234	0	0	0	0	0	0	0	0	0	0	0	0	0.9753	0.999	1	1	0.0247	0.001	0	0	0.8043	0.7831	0.75	0.7818	0.0217	0.0095	0	0	0.0435	0.0444	0.0833	0.1889	0.0217	0.0051	0.0417	0.0065	0.0217	0.0036	0.0417	0.013	0.087	0.1543	0.0833	0.0098	0.024	0.0374	0.0015	0.0073	0.9444	0.9889	0	0	0.0556	0.0111	0	0	0	0	0	0	0.2857	0.6014	0	0	0	0	0	0	0.1786	0.021	0	0	0.25	0.3333	0.0714	0.0303	0.2143	0.014
com.keji.danti662	2011-10-24	0.1087	0.0617	0.2031	0.0296	0.4074	0.5217	0.0927	0.2377	0	0	0	0	0	0	0	0	0	0	0	0	0.9753	0.9994	1	1	0.0247	0.0006	0	0	0.8043	0.786	0.75	0.8603	0.0217	0.0063	0	0	0.0435	0.0295	0.0833	0.1175	0.0217	0.0069	0.0417	0.0111	0.0217	0.0021	0.0417	0.0067	0.087	0.1692	0.0833	0.0044	0.0242	0.0376	0.0015	0.0059	0.9444	0.9895	0	0	0.0556	0.0105	0	0	0	0	0	0	0.2857	0.6464	0	0	0	0	0	0	0.1786	0.0158	0	0	0.25	0.2876	0.0714	0.0343	0.2143	0.0158
com.keji.fixedposition	2011-12-08	0.0938	0.0703	0.0419	0.0353	0.0833	0.2222	0.0041	0.029	0	0	0	0	0	0	0	0	0	0	0	0	1	1	1	1	0	0	0	0	0.8889	0.913	1	1	0	0	0	0	0.1111	0.087	0	0	0	0	0	0	0	0	0	0	0	0	0	0	0.0391	0.0938	0.0082	0.0106	1	1	0	0	0	0	0	0	0	0	0	0	0	0	0	0	0	0	0	0	0.0833	0.5	0	0	0.9167	0.5	0	0	0	0
com.keji.listenclear	2011-11-07	0.1333	0.0762	0.2086	0.082	0.7143	0.75	0.1379	0.193	0	0	0	0	0	0	0	0	0	0	0	0	1	1	1	1	0	0	0	0	0.875	0.9298	0.8333	0.8182	0	0	0	0	0	0	0	0	0	0	0	0	0	0	0	0	0.125	0.0702	0.1667	0.1818	0.0571	0.0667	0.0288	0.0245	0.6667	0.7	0.3333	0.3	0	0	0	0	0	0	0	0	0.1429	0.2941	0	0	0	0	0	0	0	0	0	0	0.8571	0.7059	0	0	0	0
com.keji.sendere	2011-08-10	0.187	0.0569	0.1793	0.0557	0.3478	0.7143	0.1255	0.274	0	0	0	0	0	0	0	0	0	0	0	0	1	1	1	1	0	0	0	0	0.8571	0.9521	0.8	0.85	0	0	0	0	0.1429	0.0479	0.2	0.15	0	0	0	0	0	0	0	0	0	0	0	0	0.1138	0.1057	0.0408	0.0404	0.7143	0.8972	0.1429	0.028	0	0	0	0	0.1429	0.0748	0	0	0	0	0	0	0	0	0	0	0.1538	0.0849	0	0	0.8462	0.9151	0	0	0	0
com.keji.unclear	2011-11-18	0.1385	0.0615	0.0843	0.0229	0.1111	0.25	0.0649	0.2391	0	0	0	0	0	0	0	0	0.2222	0.1357	0	0	0.7778	0.8643	1	1	0	0	0	0	0.75	0.75	0	0	0	0	0	0	0.25	0.25	1	1	0	0	0	0	0	0	0	0	0	0	0	0	0.1692	0.0769	0.0351	0.0281	0.6364	0.6596	0.1818	0.1702	0	0	0	0	0.1818	0.1702	0	0	0	0	0	0	0	0	0	0	1	1	0	0	0	0	0	0	0	0
com.km.launcher	2011-10-23	0.1638	0.0304	0.3622	0.0503	0.3451	0.8095	0.0484	0.0131	0	0	0	0	0.0177	0.0004	0	0	0	0	0	0	0.9823	0.9996	1	1	0	0	0	0	0.9048	0.9201	0.9412	0.9792	0	0	0	0	0	0	0	0	0	0	0	0	0	0	0	0	0.0952	0.0799	0.0588	0.0208	0.0145	0.0565	0.0002	0.0137	0.7	0.9151	0.2	0.0755	0	0	0.1	0.0094	0	0	0	0	0.2564	0.725	0	0	0	0	0	0	0	0	0	0	0.6667	0.2745	0.0513	0.0003	0.0256	0.0002
com.lesson.share	2011-12-26	0	0	0	0	0	0	0	0	0	0	0	0	0	0	0	0	0	0	0	0	0	0	0	0	0	0	0	0	0	0	0	0	0	0	0	0	0	0	0	0	0	0	0	0	0	0	0	0	0	0	0	0	0	0	0	0	0	0	0	0	0	0	0	0	0	0	0	0	0	0	0	0	0	0	0	0	0	0	0	0	0	0	0	0	0	0
com.livegame.wallpapershuimohua	2011-09-10	0.1214	0.0671	0.156	0.1083	0.5526	0.7619	0.1629	0.2575	0	0	0	0	0	0	0	0	0	0	0	0	1	1	1	1	0	0	0	0	0.7619	0.5522	0.8125	0.9833	0	0	0	0	0.1905	0.0415	0.1875	0.0167	0	0	0	0	0	0	0	0	0.0476	0.4063	0	0	0.0479	0.0224	0.0245	0.0649	0.8	0.7911	0.1333	0.2025	0.0667	0.0063	0	0	0	0	0	0	0	0	0	0	0	0	0	0	0.2857	0.148	0	0	0.7143	0.852	0	0	0	0
com.lonelycatgames.Xplore	2011-11-03	0	0	0	0	0	0	0	0	0	0	0	0	0	0	0	0	0	0	0	0	0	0	0	0	0	0	0	0	0	0	0	0	0	0	0	0	0	0	0	0	0	0	0	0	0	0	0	0	0	0	0	0	0	0	0	0	0	0	0	0	0	0	0	0	0	0	0	0	0	0	0	0	0	0	0	0	0	0	0	0	0	0	0	0	0	0
com.magicsms.own	2011-09-06	0.3636	0.0909	0.2162	0.2061	1	1	0.0625	0.0164	0	0	0	0	0	0	0	0	0	0	0	0	1	1	1	1	0	0	0	0	0	0	0	0	0	0	0	0	0	0	0	0	0	0	0	0	1	1	1	1	0	0	0	0	0.1818	0.0909	0.0574	0.0541	1	1	0	0	0	0	0	0	0	0	0	0	1	1	0	0	0	0	0	0	0	0	0	0	0	0	0	0	0	0
com.magic.spiral	2011-03-26	0.1067	0.0674	0.052	0.0003	0.4211	0.5	0.0017	0.2318	0	0	0	0	0	0	0	0	0	0	0	0	1	1	1	1	0	0	0	0	0.5833	0.5497	0.5	0.8571	0	0	0	0	0.1667	0.3907	0	0	0.0833	0.0199	0.1667	0.0571	0	0	0	0	0.1667	0.0397	0.3333	0.0857	0.0393	0.0281	0.0001	0.0001	0.4286	0.6304	0.2857	0.087	0	0	0	0	0.2857	0.2826	0	0	0.8	0.9825	0	0	0	0	0	0	0	0	0	0	0.2	0.0175	0	0	0	0
com.magicwach.rdefense	2011-11-23	0	0	0	0	0	0	0	0	0	0	0	0	0	0	0	0	0	0	0	0	0	0	0	0	0	0	0	0	0	0	0	0	0	0	0	0	0	0	0	0	0	0	0	0	0	0	0	0	0	0	0	0	0	0	0	0	0	0	0	0	0	0	0	0	0	0	0	0	0	0	0	0	0	0	0	0	0	0	0	0	0	0	0	0	0	0
com.manager.appinstaller	2011-08-24	0.1351	0.1081	0.1998	0.0763	0.2	0.75	0.095	0.7469	0	0	0	0	0	0	0	0	0	0	0	0	1	1	1	1	0	0	0	0	1	1	1	1	0	0	0	0	0	0	0	0	0	0	0	0	0	0	0	0	0	0	0	0	0.027	0.027	0.0096	0.0096	1	1	0	0	0	0	0	0	0	0	0	0	0	0	0	0	0	0	0	0	0	0	0	0	0.5	0.9959	0.5	0.0041	0	0
com.mediagroup.wcms.view	2011-10-17	0.2766	0.0426	0.5811	0.0139	0.0769	1	0.0116	0.9655	0	0	0	0	0	0	0	0	0	0	0	0	1	1	1	1	0	0	0	0	1	1	1	1	0	0	0	0	0	0	0	0	0	0	0	0	0	0	0	0	0	0	0	0	0.1702	0.0638	0.096	0.0545	0.625	0.9225	0.25	0.075	0.125	0.0025	0	0	0	0	0	0	1	1	0	0	0	0	0	0	0	0	0	0	0	0	0	0	0	0
com.mibollma.zilchR2	2011-10-08	0.2015	0.0597	0.2611	0.0635	0.1481	0.5	0.0335	0.1441	0	0	0	0	0	0	0	0	0	0	0	0	1	1	1	1	0	0	0	0	0.375	0.0776	0.25	0.4615	0	0	0	0	0.375	0.9069	0.5	0.5231	0.125	0.0111	0	0	0.125	0.0044	0.25	0.0154	0	0	0	0	0.0448	0.0149	0.0183	0.0178	0.6667	0.9846	0.1667	0.0077	0.1667	0.0077	0	0	0	0	0	0	1	1	0	0	0	0	0	0	0	0	0	0	0	0	0	0	0	0
com.mj.iCalendar	2011-05-11	0.122	0.0732	0.3313	0.0217	0.4	0.3333	0.0023	0.0172	0	0	0	0	0	0	0	0	0	0	0	0	1	1	1	1	0	0	0	0	0.6667	0.9655	0	0	0	0	0	0	0	0	0	0	0	0	0	0	0.3333	0.0345	1	1	0	0	0	0	0.1951	0.2195	0.0284	0.0288	1	1	0	0	0	0	0	0	0	0	0	0	0.4444	0.9351	0	0	0	0	0	0	0	0	0	0	0	0	0.5556	0.0649	0	0
com.mj.iMatch	2011-05-11	0.16	0.056	0.0223	0.0099	0.25	0.7143	0.4419	0.9973	0	0	0	0	0	0	0	0	0	0	0	0	1	1	1	1	0	0	0	0	0.8571	0.9995	0.8	0.9999	0	0	0	0	0	0	0	0	0	0	0	0	0.1429	0.0005	0.2	0.0001	0	0	0	0	0.048	0.04	0	0.002	1	1	0	0	0	0	0	0	0	0	0	0	0.6	0.0131	0	0	0	0	0	0	0	0	0	0	0.4	0.9869	0	0	0	0
com.mobile.app.writer.zhongguoyang	2011-02-15	0.1409	0.0805	0.2509	0.2448	0.1429	0.25	0.4087	0.0003	0	0	0	0	0.1429	0.0007	0.3333	0.0003	0	0	0	0	0.8571	0.9993	0.6667	0.9997	0	0	0	0	0.9167	0.9997	1	1	0	0	0	0	0	0	0	0	0.0833	0.0003	0	0	0	0	0	0	0	0	0	0	0.0403	0.0134	0.0046	0.0045	0.6667	0.9876	0.1667	0.0062	0.1667	0.0062	0	0	0	0	0	0	0.5	0.9936	0	0	0	0	0	0	0	0	0.5	0.0064	0	0	0	0	0	0
com.mobilegame.sokoban.activtys	2011-11-08	0.0612	0.0544	0.0526	0.0025	0.5556	0.375	0.0089	0.0882	0	0	0	0	0	0	0	0	0	0	0	0	1	1	1	1	0	0	0	0	0.75	0.4493	0.3333	0.3889	0.125	0.0572	0.3333	0.2222	0.125	0.4935	0.3333	0.3889	0	0	0	0	0	0	0	0	0	0	0	0	0.068	0.0408	0.0006	0.0006	1	1	0	0	0	0	0	0	0	0	0	0	0.6667	0.987	0	0	0	0	0	0	0	0	0	0	0.3333	0.013	0	0	0	0
com.moonage.iTraining	2011-01-14	0.1907	0.035	0.2035	0.0131	0.1837	0.6667	0.0278	0.1569	0	0	0	0	0.0408	0.0696	0.2222	0.8788	0.0612	0.0025	0	0	0.898	0.9278	0.7778	0.1212	0	0	0	0	1	1	1	1	0	0	0	0	0	0	0	0	0	0	0	0	0	0	0	0	0	0	0	0	0.1206	0.0973	0.0128	0.0255	0.9355	0.9799	0.0645	0.0201	0	0	0	0	0	0	0	0	0.32	0.9428	0	0	0.68	0.0572	0	0	0	0	0	0	0	0	0	0	0	0
com.move.app2sd	2011-11-08	0.1616	0.0909	0.2254	0.0937	0.375	0.8889	0.2699	0.1458	0	0	0	0	0	0	0	0	0	0	0	0	1	1	1	1	0	0	0	0	0.7778	0.9125	0.75	0.5965	0	0	0	0	0	0	0	0	0	0	0	0	0	0	0	0	0.2222	0.0875	0.25	0.4035	0.0808	0.0657	0.0063	0.0069	0.75	0.9091	0.125	0.0227	0	0	0	0	0.125	0.0682	0	0	0	0	0	0	0	0	0	0	0.2308	0.1049	0	0	0.3077	0.8531	0.4615	0.042	0	0
com.netflix.mediaclient	2011-10-13	0.1081	0.1351	0.1556	0.1397	0.75	1	0.3367	0.6364	0	0	0	0	0	0	0	0	0	0	0	0	1	1	1	1	0	0	0	0	1	1	1	1	0	0	0	0	0	0	0	0	0	0	0	0	0	0	0	0	0	0	0	0	0.0811	0.027	0.027	0.0238	1	1	0	0	0	0	0	0	0	0	0	0	1	1	0	0	0	0	0	0	0	0	0	0	0	0	0	0	0	0
com.nicky.lyyws.xmall	2011-07-30	0.1908	0.0611	0.3784	0.0289	0.6	0.75	0.0521	0.2727	0	0	0	0	0.08	0.1597	0	0	0.2	0.0347	0.3333	0.3333	0.72	0.8056	0.6667	0.6667	0	0	0	0	0.625	0.7273	0.6667	0.6667	0	0	0	0	0.125	0.0909	0	0	0	0	0	0	0	0	0	0	0.25	0.1818	0.3333	0.3333	0.1069	0.0229	0.0289	0.0145	0.1429	0.1364	0.5	0.5909	0.0714	0.0455	0	0	0.2857	0.2273	0	0	1	1	0	0	0	0	0	0	0	0	0	0	0	0	0	0	0	0
com.ninegriddiary_beta	2011-07-07	0.0667	0.0667	0.1018	0.0985	0.5	0.5	0.3115	0.322	0	0	0	0	0	0	0	0	0	0	0	0	1	1	1	1	0	0	0	0	1	1	1	1	0	0	0	0	0	0	0	0	0	0	0	0	0	0	0	0	0	0	0	0	0.1833	0.1667	0.1043	0.1452	0.4545	0.408	0.2727	0.336	0.0909	0.008	0	0	0.1818	0.248	0	0	0.6	0.977	0	0	0	0	0	0	0	0	0	0	0.4	0.023	0	0	0	0
com.nubee.coinpirates	2011-07-09	0.1162	0.0249	0.0109	0.0038	0.1429	0.8333	0.0366	0.2878	0	0	0	0	0	0	0	0	0	0	0	0	1	1	1	1	0	0	0	0	0.8333	0.8511	0.8	0.4871	0	0	0	0	0.1667	0.1489	0.2	0.5129	0	0	0	0	0	0	0	0	0	0	0	0	0.0622	0.0373	0.0008	0.0024	0.6667	0.4311	0.1333	0.1916	0	0	0	0	0.2	0.3772	0	0	0.4444	0.99	0	0	0	0	0	0	0	0	0	0	0.5556	0.01	0	0	0	0
com.olivephone.cu	2011-12-19	0.1042	0.0554	0.1241	0.1511	0.6875	0.6471	0.1106	0.0545	0	0	0	0	0	0	0	0	0	0	0	0	1	1	1	1	0	0	0	0	0.7059	0.4076	0.7273	0.8039	0	0	0	0	0.1176	0.1799	0.1818	0.1895	0.0588	0.0862	0	0	0	0	0	0	0.1176	0.3263	0.0909	0.0065	0.0456	0.013	0.01	0.0586	0.4286	0.5161	0.2857	0.1344	0	0	0	0	0.2857	0.3495	0	0	1	1	0	0	0	0	0	0	0	0	0	0	0	0	0	0	0	0
com.options.list	2011-10-14	0.1429	0.0774	0.2236	0.0858	0.3333	0.6154	0.1273	0.1894	0	0	0	0	0	0	0	0	0	0	0	0	1	1	1	1	0	0	0	0	0.7692	0.6546	0.875	0.9853	0	0	0	0	0.0769	0.1699	0	0	0	0	0	0	0.0769	0.1699	0	0	0.0769	0.0056	0.125	0.0147	0.0476	0.0714	0.0232	0.0232	0.25	0.1649	0.25	0.0309	0.25	0.6392	0	0	0.25	0.1649	0	0	0	0	0	0	0	0	0	0	0.1667	0.1753	0	0	0.8333	0.8247	0	0	0	0
com.outfit7.talkinghippo	2011-11-07	0.33	0.01	0.2204	0.0036	0.0909	1	0.0483	0.9836	0	0	0	0	0	0	0	0	0.0909	0.0492	0	0	0.9091	0.9508	1	1	0	0	0	0	1	1	1	1	0	0	0	0	0	0	0	0	0	0	0	0	0	0	0	0	0	0	0	0	0.04	0.02	0.0073	0.0072	0.5	0.5	0.5	0.5	0	0	0	0	0	0	0	0	1	1	0	0	0	0	0	0	0	0	0	0	0	0	0	0	0	0
com.phone.setup.mobile	2011-10-14	0.2759	0.1552	0.1627	0.0752	0.625	1	0.3829	0.7461	0	0	0	0	0	0	0	0	0.0625	0.0385	0.1	0.1001	0.8125	0.8844	0.8	0.7998	0.0625	0.0385	0	0	1	1	1	1	0	0	0	0	0	0	0	0	0	0	0	0	0	0	0	0	0	0	0	0	0.069	0.069	0.0126	0.0126	1	1	0	0	0	0	0	0	0	0	0	0	0	0	0	0	0	0	0	0	0	0	0	0	0.5	0.9947	0.5	0.0053	0	0
com.pocketchunk.blade	2011-06-27	0.119	0.032	0.0768	0.0656	0.2308	0.6429	0.3341	0.3911	0	0	0	0	0	0	0	0	0.0577	0.0002	0	0	0.9423	0.9998	1	1	0	0	0	0	0.8571	0.7545	0.8889	0.9986	0	0	0	0	0	0	0	0	0.0714	0.0006	0.1111	0.0014	0	0	0	0	0.0714	0.2449	0	0	0.0389	0.0343	0.0001	0.0042	0.7647	0.8095	0.1176	0.0635	0	0	0	0	0.1176	0.127	0	0	0	0	0	0	0	0	0	0	0.5333	0.0262	0	0	0.4667	0.9738	0	0	0	0
com.pocketluxus.recovery	2011-09-02	0.1297	0.0649	0.0296	0.0027	0.375	0.75	0.0615	0.2338	0	0	0	0	0	0	0	0	0	0	0	0	1	1	1	1	0	0	0	0	0.8333	0.4353	0.8889	0.9894	0	0	0	0	0.1667	0.5647	0.1111	0.0106	0	0	0	0	0	0	0	0	0	0	0	0	0.0432	0.027	0.001	0.0012	0.75	0.6968	0.25	0.3032	0	0	0	0	0	0	0	0	1	1	0	0	0	0	0	0	0	0	0	0	0	0	0	0	0	0
com.power.SuperSolo	2011-03-03	0.14	0.08	0.1204	0.1321	0.3333	0.5833	0.2062	0.2028	0	0	0	0	0.0952	0.0664	0	0	0	0	0	0	0.9048	0.9336	1	1	0	0	0	0	0.75	0.8722	0.5714	0.4655	0	0	0	0	0	0	0	0	0.0833	0.0185	0.1429	0.0891	0	0	0	0	0.1667	0.1093	0.2857	0.4454	0.0867	0.0533	0.0333	0.0275	0.8462	0.9247	0.1538	0.0753	0	0	0	0	0	0	0	0	0.625	0.9935	0	0	0	0	0	0	0	0	0	0	0.375	0.0065	0	0	0	0
com.pp.Download	2011-10-07	0.0641	0.0769	0.0766	0.129	0.8	0.6667	0.8559	0.508	0	0	0	0	0	0	0	0	0	0	0	0	1	1	1	1	0	0	0	0	0.6667	0.6845	0.5	0.4	0	0	0	0	0.1667	0.1658	0.25	0.3158	0	0	0	0	0.1667	0.1497	0.25	0.2842	0	0	0	0	0.0769	0.0256	0.0372	0.0345	1	1	0	0	0	0	0	0	0	0	0	0	1	1	0	0	0	0	0	0	0	0	0	0	0	0	0	0	0	0
com.protection.privacy	2011-12-01	0.1397	0.0838	0.118	0.0316	0.52	0.5333	0.4375	0.5639	0	0	0	0	0	0	0	0	0	0	0	0	1	1	1	1	0	0	0	0	0.8	0.7065	0.625	0.4833	0	0	0	0	0	0	0	0	0	0	0	0	0	0	0	0	0.2	0.2935	0.375	0.5167	0.0503	0.0894	0.0027	0.021	0.5556	0.875	0.2222	0.0417	0	0	0	0	0.2222	0.0833	0	0	0	0	0	0	0	0	0	0	0.125	0.0137	0	0	0.875	0.9863	0	0	0	0
com.ps.keepaccount	2011-11-09	0.139	0.0561	0.1768	0.0749	0.5161	0.84	0.1506	0.6312	0	0	0	0	0.0484	0.0117	0.0938	0.0346	0	0	0	0	0.9516	0.9883	0.9062	0.9654	0	0	0	0	0.8	0.8015	0.8095	0.9815	0	0	0	0	0.04	0.0191	0.0476	0.0097	0	0	0	0	0.04	0.0025	0.0476	0.0029	0.12	0.177	0.0952	0.0058	0.0762	0.0538	0.0152	0.0241	0.9118	0.9003	0.0588	0.0967	0.0294	0.003	0	0	0	0	0	0	0.375	0.9656	0	0	0	0	0	0	0	0	0	0	0.1667	0.0076	0.4583	0.0267	0	0
com.ps.kickfly	2011-10-27	0.1621	0.0711	0.017	0.0109	0.3415	0.7778	0.578	0.8991	0	0	0	0	0	0	0	0	0	0	0	0	1	1	1	1	0	0	0	0	0.8333	0.9941	0.7857	0.9971	0	0	0	0	0.1111	0.0049	0.1429	0.0019	0.0556	0.001	0.0714	0.001	0	0	0	0	0	0	0	0	0.0553	0.0395	0.0001	0.0005	0.7857	0.8205	0.1429	0.1667	0.0714	0.0128	0	0	0	0	0	0	0.6	0.1296	0	0	0	0	0	0	0	0	0	0	0.4	0.8704	0	0	0	0
com.requiem.armoredStrike	2011-10-09	0.2465	0.0211	0.1255	0.0066	0.0857	0.6667	0.0314	0.3966	0	0	0	0	0	0	0	0	0.0857	0.0319	0	0	0.9143	0.9681	1	1	0	0	0	0	1	1	1	1	0	0	0	0	0	0	0	0	0	0	0	0	0	0	0	0	0	0	0	0	0.0423	0.0141	0.0067	0.0027	0.6667	0.7978	0.3333	0.2022	0	0	0	0	0	0	0	0	0	0	0	0	0	0	0	0	1	1	0	0	0	0	0	0	0	0
com.requiem.slingshakLite	2011-12-21	0.0385	0.0289	0.0607	0.031	0.2857	0.3333	0.1767	0.0149	0	0	0	0	0	0	0	0	0	0	0	0	1	1	1	1	0	0	0	0	0.9524	0.9978	1	1	0	0	0	0	0	0	0	0	0	0	0	0	0	0	0	0	0.0476	0.0022	0	0	0.0509	0.0275	0.0005	0.0009	1	1	0	0	0	0	0	0	0	0	0	0	0.4	0.7504	0	0	0.15	0.0784	0	0	0.1	0.016	0	0	0.35	0.1551	0	0	0	0
com.rockerapps.snowlivewallpaper	2011-12-17	0	0	0	0	0	0	0	0	0	0	0	0	0	0	0	0	0	0	0	0	0	0	0	0	0	0	0	0	0	0	0	0	0	0	0	0	0	0	0	0	0	0	0	0	0	0	0	0	0	0	0	0	0	0	0	0	0	0	0	0	0	0	0	0	0	0	0	0	0	0	0	0	0	0	0	0	0	0	0	0	0	0	0	0	0	0
com.rxs20a.android	2011-08-15	0	0	0	0	0	0	0	0	0	0	0	0	0	0	0	0	0	0	0	0	0	0	0	0	0	0	0	0	0	0	0	0	0	0	0	0	0	0	0	0	0	0	0	0	0	0	0	0	0	0	0	0	0	0	0	0	0	0	0	0	0	0	0	0	0	0	0	0	0	0	0	0	0	0	0	0	0	0	0	0	0	0	0	0	0	0
com.rxs21a.android	2011-08-15	0	0	0	0	0	0	0	0	0	0	0	0	0	0	0	0	0	0	0	0	0	0	0	0	0	0	0	0	0	0	0	0	0	0	0	0	0	0	0	0	0	0	0	0	0	0	0	0	0	0	0	0	0	0	0	0	0	0	0	0	0	0	0	0	0	0	0	0	0	0	0	0	0	0	0	0	0	0	0	0	0	0	0	0	0	0
com.safesys.myvpn	2011-10-19	0.1034	0.1034	0.1782	0.1071	0.3333	0.6667	0.1994	0.6633	0	0	0	0	0	0	0	0	0	0	0	0	1	1	1	1	0	0	0	0	0.6667	0.6667	1	1	0	0	0	0	0.3333	0.3333	0	0	0	0	0	0	0	0	0	0	0	0	0	0	0.069	0.0345	0.0359	0.0357	1	1	0	0	0	0	0	0	0	0	0	0	0	0	0	0	0	0	0	0	0	0	0	0	1	1	0	0	0	0
com.safesys.remover	2011-12-22	0.1827	0.0584	0.1951	0.0437	0.4722	0.6957	0.0511	0.2034	0	0	0	0	0	0	0	0	0.0556	0.0003	0.1176	0.0019	0.9444	0.9997	0.8824	0.9981	0	0	0	0	0.7391	0.8315	0.6875	0.9817	0	0	0	0	0.1304	0.0059	0.1875	0.0054	0.0435	0.0026	0.0625	0.0124	0	0	0	0	0.087	0.16	0.0625	0.0005	0.0254	0.0203	0.0002	0.0072	0.7	0.8718	0.2	0.1026	0.1	0.0256	0	0	0	0	0	0	0.875	0.99	0	0	0	0	0	0	0	0	0	0	0.125	0.01	0	0	0	0
com.safetest.tank	2011-11-07	0.1551	0.0656	0.0291	0.0108	0.2564	0.7879	0.2934	0.8291	0	0	0	0	0	0	0	0	0.0513	0.0005	0	0	0.9487	0.9995	1	1	0	0	0	0	0.7576	0.8957	0.7692	0.9915	0	0	0	0	0.1212	0.0054	0.1538	0.0045	0.0303	0.03	0.0385	0.0026	0	0	0	0	0.0909	0.0689	0.0385	0.0014	0.0258	0.0258	0.0002	0.0028	0.7692	0.7075	0.1538	0.283	0.0769	0.0094	0	0	0	0	0	0	0.1538	0.0365	0	0	0	0	0	0	0	0	0.0769	0.0006	0.7692	0.9629	0	0	0	0
com.sec.android.touchScreen.server	2011-10-14	0	0	0	0	0	0	0	0	0	0	0	0	0	0	0	0	0	0	0	0	0	0	0	0	0	0	0	0	0	0	0	0	0	0	0	0	0	0	0	0	0	0	0	0	0	0	0	0	0	0	0	0	0	0	0	0	0	0	0	0	0	0	0	0	0	0	0	0	0	0	0	0	0	0	0	0	0	0	0	0	0	0	0	0	0	0
com.sgg.sp	2011-11-22	0	0	0	0	0	0	0	0	0	0	0	0	0	0	0	0	0	0	0	0	0	0	0	0	0	0	0	0	0	0	0	0	0	0	0	0	0	0	0	0	0	0	0	0	0	0	0	0	0	0	0	0	0	0	0	0	0	0	0	0	0	0	0	0	0	0	0	0	0	0	0	0	0	0	0	0	0	0	0	0	0	0	0	0	0	0
com.sileria.alsalah	2011-12-24	0.102	0.0482	0.1036	0.0258	0.5139	0.7059	0.0778	0.3191	0	0	0	0	0.0417	0.0393	0.027	0.0343	0.0139	0.001	0.027	0.0098	0.9444	0.9598	0.9459	0.9559	0	0	0	0	0.9412	0.9243	0.9167	0.9856	0	0	0	0	0.0588	0.0757	0.0833	0.0144	0	0	0	0	0	0	0	0	0	0	0	0	0.0269	0.0283	0.0018	0.0021	1	1	0	0	0	0	0	0	0	0	0	0	0.4	0.8505	0.25	0.0467	0	0	0	0	0.1	0.028	0.1	0.0187	0.15	0.0561	0	0	0	0
com.space.sexypic	2011-07-20	0.1038	0.0849	0.0562	0.1414	0.4545	0.7778	0.0588	0.0286	0	0	0	0	0	0	0	0	0	0	0	0	1	1	1	1	0	0	0	0	0.6667	0.9662	0.5714	0.3636	0	0	0	0	0.3333	0.0338	0.4286	0.6364	0	0	0	0	0	0	0	0	0	0	0	0	0.0849	0.0377	0.0169	0.0151	0.7778	0.9348	0.2222	0.0652	0	0	0	0	0	0	0	0	1	1	0	0	0	0	0	0	0	0	0	0	0	0	0	0	0	0
com.super.mp3ringtone	2011-03-03	0.1304	0.0739	0.1028	0.1074	0.4	0.5294	0.1316	0.0924	0	0	0	0	0	0	0	0	0	0	0	0	1	1	1	1	0	0	0	0	0.7647	0.6092	0.6667	0.6818	0.0588	0.2941	0	0	0	0	0	0	0.0588	0.063	0.1111	0.0909	0	0	0	0	0.1176	0.0336	0.2222	0.2273	0.0739	0.0174	0.0207	0.0117	0.6471	0.8043	0.1176	0.087	0	0	0.1176	0.0435	0.1176	0.0652	0	0	1	1	0	0	0	0	0	0	0	0	0	0	0	0	0	0	0	0
com.swampy.sexpos	2011-01-03	0.1811	0.0264	0.0717	0.0052	0.2083	0.8571	0.0815	0.7143	0	0	0	0	0	0	0	0	0.0625	0.033	0	0	0.9375	0.967	1	1	0	0	0	0	0.5714	0.5686	0.5	0.604	0	0	0	0	0.1429	0.1429	0.1667	0.196	0	0	0	0	0	0	0	0	0.2857	0.2886	0.3333	0.2	0.0415	0.0189	0.0047	0.0046	0.4545	0.4968	0.3636	0.3418	0	0	0	0	0.1818	0.1614	0	0	1	1	0	0	0	0	0	0	0	0	0	0	0	0	0	0	0	0
com.systemsecurity6.gms	2011-10-24	0.2	0.1333	0.0559	0.0372	1	0.5	0.9	0.45	0	0	0	0	0	0	0	0	0	0	0	0	1	1	1	1	0	0	0	0	1	1	1	1	0	0	0	0	0	0	0	0	0	0	0	0	0	0	0	0	0	0	0	0	0.1333	0.0667	0.0205	0.0186	1	1	0	0	0	0	0	0	0	0	0	0	1	1	0	0	0	0	0	0	0	0	0	0	0	0	0	0	0	0
com.talkweb.ycya	2011-08-12	0.23	0.04	0.2882	0.0437	0.087	1	0.0442	0.5829	0	0	0	0	0.087	0.0199	0	0	0	0	0	0	0.913	0.9801	1	1	0	0	0	0	0.75	0.9314	0.75	0.9902	0	0	0	0	0	0	0	0	0.25	0.0686	0.25	0.0098	0	0	0	0	0	0	0	0	0.03	0.01	0.0255	0.025	1	1	0	0	0	0	0	0	0	0	0	0	1	1	0	0	0	0	0	0	0	0	0	0	0	0	0	0	0	0
com.tat.livewallpaper.dandelion	2011-02-14	0	0	0	0	0	0	0	0	0	0	0	0	0	0	0	0	0	0	0	0	0	0	0	0	0	0	0	0	0	0	0	0	0	0	0	0	0	0	0	0	0	0	0	0	0	0	0	0	0	0	0	0	0	0	0	0	0	0	0	0	0	0	0	0	0	0	0	0	0	0	0	0	0	0	0	0	0	0	0	0	0	0	0	0	0	0
com.tencent.qq	2011-05-20	0.1696	0.0536	0.1891	0.0413	0.2105	0.5	0.1365	0.6161	0	0	0	0	0	0	0	0	0	0	0	0	1	1	1	1	0	0	0	0	0.3333	0.8571	0.3333	0.9275	0	0	0	0	0.3333	0.0804	0.3333	0.058	0.1667	0.0446	0	0	0.1667	0.0179	0.3333	0.0145	0	0	0	0	0.0625	0.0179	0.0498	0.0479	0.5714	0.9778	0.2857	0.0148	0.1429	0.0074	0	0	0	0	0	0	1	1	0	0	0	0	0	0	0	0	0	0	0	0	0	0	0	0
com.test	2011-10-17	0.0962	0.0385	0.0538	0.0036	0.4	0.5	0.0664	0.4972	0	0	0	0	0	0	0	0	0	0	0	0	1	1	1	1	0	0	0	0	0	0	0	0	0	0	0	0	0	0	0	0	0	0	0	0	0.5	0.5	0	0	0.5	0.5	1	1	0.0577	0.0192	0.0036	0.0018	1	1	0	0	0	0	0	0	0	0	0	0	0	0	0	0	0	0	0	0	1	1	0	0	0	0	0	0	0	0
com.testing.android.xxxgallery	2011-11-20	0	0	0	0	0	0	0	0	0	0	0	0	0	0	0	0	0	0	0	0	0	0	0	0	0	0	0	0	0	0	0	0	0	0	0	0	0	0	0	0	0	0	0	0	0	0	0	0	0	0	0	0	0	0	0	0	0	0	0	0	0	0	0	0	0	0	0	0	0	0	0	0	0	0	0	0	0	0	0	0	0	0	0	0	0	0
com.testsafe.cell	2011-11-08	0.1649	0.1134	0.2357	0.0923	0.3125	1	0.1027	0.5129	0	0	0	0	0	0	0	0	0	0	0	0	1	1	1	1	0	0	0	0	1	1	1	1	0	0	0	0	0	0	0	0	0	0	0	0	0	0	0	0	0	0	0	0	0.134	0.0722	0.0315	0.0338	0.7692	0.8436	0.1538	0.1517	0.0769	0.0047	0	0	0	0	0	0	0.2857	0.2743	0	0	0	0	0	0	0	0	0	0	0.7143	0.7257	0	0	0	0
com.tx.fate	2011-12-19	0.1462	0.1154	0.1611	0.0828	0.4211	0.5333	0.0508	0.0989	0	0	0	0	0	0	0	0	0	0	0	0	1	1	1	1	0	0	0	0	0.6	0.4505	0.625	0.5556	0	0	0	0	0.0667	0.2088	0.125	0.2222	0.0667	0.033	0	0	0.0667	0.022	0.125	0.1111	0.2	0.2857	0.125	0.1111	0.0385	0.0308	0.0346	0.04	1	1	0	0	0	0	0	0	0	0	0	0	1	1	0	0	0	0	0	0	0	0	0	0	0	0	0	0	0	0
com.typ3studios.flashlight	2011-08-16	0.1406	0.0938	0.1645	0.2828	0.4444	0.3333	0.7201	0.2094	0.2222	0.0143	0	0	0	0	0	0	0	0	0	0	0.7778	0.9857	1	1	0	0	0	0	1	1	1	1	0	0	0	0	0	0	0	0	0	0	0	0	0	0	0	0	0	0	0	0	0.1406	0.0469	0.005	0.0041	0.8889	0.9706	0	0	0	0	0	0	0.1111	0.0294	0	0	0	0	0	0	0	0	0	0	1	1	0	0	0	0	0	0	0	0
com.war	2011-11-07	0.1062	0.0708	0.0148	0.0102	0.3333	1	0.2742	0.8906	0	0	0	0	0	0	0	0	0	0	0	0	1	1	1	1	0	0	0	0	0.875	0.875	0.875	0.9671	0	0	0	0	0	0	0	0	0	0	0	0	0	0	0	0	0.125	0.125	0.125	0.0329	0.0531	0.0442	0.0027	0.0041	1	1	0	0	0	0	0	0	0	0	0	0	0	0	0	0	0	0	0	0	0	0	0	0	1	1	0	0	0	0
com.wbs	2011-11-23	0	0	0	0	0	0	0	0	0	0	0	0	0	0	0	0	0	0	0	0	0	0	0	0	0	0	0	0	0	0	0	0	0	0	0	0	0	0	0	0	0	0	0	0	0	0	0	0	0	0	0	0	0	0	0	0	0	0	0	0	0	0	0	0	0	0	0	0	0	0	0	0	0	0	0	0	0	0	0	0	0	0	0	0	0	0
com.wuzla.game.ScooterHero_Paid	2011-12-19	0.0634	0.0211	0.0013	0.0006	0.3333	1	0.3231	0.74	0	0	0	0	0	0	0	0	0	0	0	0	1	1	1	1	0	0	0	0	1	1	1	1	0	0	0	0	0	0	0	0	0	0	0	0	0	0	0	0	0	0	0	0	0.0352	0.0282	0.0005	0.0004	1	1	0	0	0	0	0	0	0	0	0	0	0	0	0	0	0	0	0	0	0.5	0.6645	0	0	0.5	0.3355	0	0	0	0
com.ysler.wps.d3	2011-09-19	0.2932	0.1203	0.2643	0.1354	0.3077	1	0.3393	0.9648	0	0	0	0	0	0	0	0	0.0769	0.006	0	0	0.9231	0.994	1	1	0	0	0	0	0.875	0.5117	0.875	0.498	0	0	0	0	0	0	0	0	0.0625	0.0039	0.0625	0.002	0	0	0	0	0.0625	0.4844	0.0625	0.5	0.0301	0.0226	0.005	0.0741	0.5	0.8947	0.25	0.0526	0	0	0	0	0.25	0.0526	0	0	1	1	0	0	0	0	0	0	0	0	0	0	0	0	0	0	0	0
com.ysler.wps.d3d	2011-10-14	0.2932	0.1203	0.2592	0.1458	0.3077	1	0.0825	0.9662	0	0	0	0	0	0	0	0	0.0769	0.0063	0	0	0.9231	0.9937	1	1	0	0	0	0	0.875	0.4286	0.875	0.4125	0	0	0	0	0	0	0	0	0.0625	0.0056	0.0625	0.0039	0	0	0	0	0.0625	0.5658	0.0625	0.5837	0.0301	0.0226	0.0041	0.0888	0.5	0.8667	0.25	0.0667	0	0	0	0	0.25	0.0667	0	0	1	1	0	0	0	0	0	0	0	0	0	0	0	0	0	0	0	0
com.ysler.wps.easter	2011-11-14	0.2472	0.1798	0.2302	0.1409	0.4545	1	0.4497	0.9624	0	0	0	0	0	0	0	0	0	0	0	0	1	1	1	1	0	0	0	0	0.875	0.4484	0.875	0.4317	0	0	0	0	0	0	0	0	0	0	0	0	0	0	0	0	0.125	0.5516	0.125	0.5683	0.0225	0.0337	0.0046	0.0817	1	1	0	0	0	0	0	0	0	0	0	0	1	1	0	0	0	0	0	0	0	0	0	0	0	0	0	0	0	0
com.ysler.wps.nature	2011-08-27	0.2472	0.1798	0.2404	0.1735	0.4545	1	0.1712	0.9699	0	0	0	0	0	0	0	0	0	0	0	0	1	1	1	1	0	0	0	0	0.875	0.4689	0.875	0.4563	0	0	0	0	0	0	0	0	0	0	0	0	0	0	0	0	0.125	0.5311	0.125	0.5437	0.0225	0.0337	0.0029	0.0947	1	1	0	0	0	0	0	0	0	0	0	0	1	1	0	0	0	0	0	0	0	0	0	0	0	0	0	0	0	0
com.z4mod.z4root2	2011-04-29	0.1296	0.0833	0.134	0.0768	0.5714	0.7778	0.3694	0.7351	0	0	0	0	0	0	0	0	0	0	0	0	1	1	1	1	0	0	0	0	0.8889	0.6776	0.8571	0.7095	0	0	0	0	0.1111	0.3224	0.1429	0.2905	0	0	0	0	0	0	0	0	0	0	0	0	0.0278	0.0185	0.0162	0.0177	1	1	0	0	0	0	0	0	0	0	0	0	0.5	0.9018	0	0	0	0	0	0	0	0	0	0	0.5	0.0982	0	0	0	0
com.zft	2011-03-25	0.1122	0.0512	0.0258	0.1157	0.3913	0.5714	0.2364	0.039	0	0	0	0	0	0	0	0	0	0	0	0	1	1	1	1	0	0	0	0	0.7143	0.2725	0.75	0.9076	0.0952	0.0026	0.0833	0.0168	0.0476	0.0013	0.0833	0.0084	0	0	0	0	0	0	0	0	0.1429	0.7235	0.0833	0.0672	0.0732	0.0366	0.0102	0.1008	0.7333	0.9515	0.1333	0.0299	0	0	0.0667	0.0075	0.0667	0.0112	0	0	0	0	0	0	0	0	0	0	0.6667	0.8102	0	0	0.2667	0.1894	0	0	0.0667	0.0004
com.zhangling.anTest20	2011-10-04	0.1236	0.0824	0.1391	0.0684	0.4848	0.7727	0.1641	0.2839	0	0	0	0	0	0	0	0	0	0	0	0	1	1	1	1	0	0	0	0	0.8636	0.8149	0.8824	0.722	0	0	0	0	0	0	0	0	0	0	0	0	0	0	0	0	0.1364	0.1851	0.1176	0.278	0.0524	0.0075	0.0087	0.0037	1	1	0	0	0	0	0	0	0	0	0	0	1	1	0	0	0	0	0	0	0	0	0	0	0	0	0	0	0	0
com.zhangling.anTest3	2011-04-04	0.1168	0.1031	0.1329	0.0641	0.4706	0.6	0.2399	0.2942	0	0	0	0	0	0	0	0	0	0	0	0	1	1	1	1	0	0	0	0	0.8667	0.7442	0.8333	0.5332	0	0	0	0	0.0333	0.0176	0.0556	0.0469	0	0	0	0	0	0	0	0	0.1	0.2382	0.1111	0.4198	0.055	0.0241	0.0073	0.0029	1	1	0	0	0	0	0	0	0	0	0	0	0.7143	0.9661	0	0	0	0	0	0	0.2857	0.0339	0	0	0	0	0	0	0	0
com.zhangling.anTest8	2011-11-03	0.1003	0.0752	0.443	0.014	0.4167	0.5926	0.016	0.3076	0	0	0	0	0	0	0	0	0	0	0	0	1	1	1	1	0	0	0	0	0.8889	0.7692	0.875	0.5008	0	0	0	0	0.037	0.1379	0.0625	0.2142	0	0	0	0	0	0	0	0	0.0741	0.0929	0.0625	0.2851	0.0529	0.0195	0.0021	0.001	1	1	0	0	0	0	0	0	0	0	0	0	0.7143	0.9739	0	0	0	0	0	0	0.2857	0.0261	0	0	0	0	0	0	0	0
com.znzn.apps.camerashow	2011-09-23	0.1197	0.0541	0.0896	0.0303	0.0645	0.2857	0.0034	0.0119	0	0	0	0	0.0968	0.0018	0	0	0	0	0	0	0.9032	0.9982	1	1	0	0	0	0	0.6429	0.041	0.25	0.05	0.0714	0.0166	0.25	0.8	0.1429	0.0036	0.5	0.15	0.0714	0.0012	0	0	0	0	0	0	0.0714	0.9376	0	0	0.027	0.0232	0.0009	0.0392	1	1	0	0	0	0	0	0	0	0	0	0	0.5	0.7447	0	0	0	0	0	0	0	0	0	0	0.5	0.2553	0	0	0	0
com.zoner.android.eicar	2011-07-13	0	0.125	0	0.1633	0	0	0	0	0	0	0	0	0	0	0	0	0	0	0	0	0	0	0	0	0	0	0	0	1	1	0	0	0	0	0	0	0	0	0	0	0	0	0	0	0	0	0	0	0	0	0	0	0.25	0.125	0.1735	0.1633	1	1	0	0	0	0	0	0	0	0	0	0	1	1	0	0	0	0	0	0	0	0	0	0	0	0	0	0	0	0
com.ZS.ZSJokeReader	2011-08-31	0.1406	0.0938	0.2394	0.0185	0.4444	0.6667	0.0174	0.2642	0	0	0	0	0	0	0	0	0	0	0	0	1	1	1	1	0	0	0	0	0.7778	0.2487	0.75	0.2843	0	0	0	0	0.1111	0.443	0.1667	0.6765	0.0556	0.0311	0.0833	0.0392	0	0	0	0	0.0556	0.2772	0	0	0.0625	0.099	0.0017	0.0071	1	1	0	0	0	0	0	0	0	0	0	0	0.2632	0.9054	0	0	0	0	0	0	0	0	0	0	0.7368	0.0946	0	0	0	0
cooshare.zeno.tinygame.lovetrap	2011-07-30	0.1818	0.0909	0.2096	0.1712	0.8125	0.625	0.0055	0.7416	0	0	0	0	0	0	0	0	0	0	0	0	1	1	1	1	0	0	0	0	0.75	0.4712	0.6	0.5003	0	0	0	0	0.125	0.1583	0.2	0.0007	0.125	0.3705	0.2	0.499	0	0	0	0	0	0	0	0	0.0568	0.0227	0.0014	0.0012	0.6	0.8125	0.4	0.1875	0	0	0	0	0	0	0	0	1	1	0	0	0	0	0	0	0	0	0	0	0	0	0	0	0	0
cxboy.android.game.fivelnk	2011-12-22	0.115	0.0697	0.0783	0.0071	0.3636	0.8	0.0154	0.0768	0	0	0	0	0.0606	0.0122	0	0	0.0606	0.0002	0	0	0.8788	0.9876	1	1	0	0	0	0	0.8	0.9894	0.8125	0.9383	0	0	0	0	0.15	0.0095	0.1875	0.0617	0.05	0.0012	0	0	0	0	0	0	0	0	0	0	0.0139	0.0139	0	0	1	1	0	0	0	0	0	0	0	0	0	0	0.5	0.8462	0	0	0	0	0	0	0	0	0	0	0.5	0.1538	0	0	0	0
eom.johndev.smitinst	2011-12-28	0.2105	0.0965	0.015	0.0133	0.25	0.4545	0.2634	0.298	0	0	0	0	0	0	0	0	0	0	0	0	1	1	1	1	0	0	0	0	0.8182	0.9255	0.6	0.7632	0	0	0	0	0	0	0	0	0.0909	0.049	0.2	0.1579	0	0	0	0	0.0909	0.0255	0.2	0.0789	0.0526	0.0088	0.0005	0.0003	0.5	0.8333	0.1667	0.0556	0.1667	0.0556	0	0	0.1667	0.0556	0	0	1	1	0	0	0	0	0	0	0	0	0	0	0	0	0	0	0	0
es.cesar.quitesleep	2011-12-06	0.0211	0.0034	0.0264	0.0003	0.1163	0.5714	0.0023	0.2143	0	0	0	0	0	0	0	0	0	0	0	0	1	1	1	1	0	0	0	0	0.5714	0.9388	0.5	0.881	0	0	0	0	0.1429	0.0255	0.25	0.0952	0.1429	0.0255	0	0	0.1429	0.0102	0.25	0.0238	0	0	0	0	0.002	0	0.0001	0	0.5	0.95	0.25	0.025	0.25	0.025	0	0	0	0	0	0	0	0	0	0	0	0	0	0	0	0	0	0	0	0	0	0	0	0
es.quoteitslim	2011-06-17	0.2558	0.0233	0.3084	0.0218	0	0	0	0	0	0	0	0	0	0	0	0	0	0	0	0	1	1	0	0	0	0	0	0	1	1	0	0	0	0	0	0	0	0	0	0	0	0	0	0	0	0	0	0	0	0	0	0	0.0465	0.0233	0.0221	0.0218	1	1	0	0	0	0	0	0	0	0	0	0	1	1	0	0	0	0	0	0	0	0	0	0	0	0	0	0	0	0
es.themove.locateme_pro2	2011-09-14	0.2131	0.082	0.2286	0.0922	0.3077	0.8	0.0328	0.0894	0	0	0	0	0	0	0	0	0	0	0	0	1	1	1	1	0	0	0	0	0.4	0.374	0.5	0.5455	0	0	0	0	0.2	0.561	0	0	0	0	0	0	0	0	0	0	0.4	0.065	0.5	0.4545	0.1311	0.0984	0.027	0.03	1	1	0	0	0	0	0	0	0	0	0	0	0.8333	0.75	0	0	0	0	0	0	0.1667	0.25	0	0	0	0	0	0	0	0
eu.chainfire.gingerbreak	2011-04-30	0.0952	0.0357	0.0954	0.0415	0.75	1	0.1663	0.9067	0	0	0	0	0	0	0	0	0	0	0	0	1	1	1	1	0	0	0	0	0.3333	0.1111	0.3333	0.0294	0	0	0	0	0.3333	0.7778	0.3333	0.8529	0	0	0	0	0	0	0	0	0.3333	0.1111	0.3333	0.1176	0.0476	0.0238	0.0028	0.0024	1	1	0	0	0	0	0	0	0	0	0	0	0	0	0	0	0	0	0	0	1	1	0	0	0	0	0	0	0	0
exam.fengyan.aiqingceshi	2011-10-09	0.1399	0.1608	0.0942	0.2152	0.1	0.6522	0.107	0.6498	0	0	0	0	0.15	0.0065	0.5	0.0101	0	0	0	0	0.85	0.9935	0.5	0.9899	0	0	0	0	0.9565	0.9986	1	1	0	0	0	0	0	0	0	0	0.0435	0.0014	0	0	0	0	0	0	0	0	0	0	0.035	0.007	0.0205	0.0201	0.6	0.99	0.2	0.005	0.2	0.005	0	0	0	0	0	0	1	1	0	0	0	0	0	0	0	0	0	0	0	0	0	0	0	0
fahrbot.apps.rootcallblocker.pro	2011-11-18	0.1606	0.0547	0.1986	0.0014	0.3409	0.6	0.0001	0.0079	0	0	0	0	0	0	0	0	0	0	0	0	1	1	1	1	0	0	0	0	0.8	0.9822	0.8889	0.9375	0	0	0	0	0.1333	0.0168	0	0	0	0	0	0	0	0	0	0	0.0667	0.001	0.1111	0.0625	0.0438	0.0328	0	0	0.5833	0.7308	0.3333	0.2308	0	0	0	0	0.0833	0.0385	0	0	0.2222	0.2222	0	0	0	0	0	0	0.3333	0.2222	0	0	0.4444	0.5556	0	0	0	0
FiveChessSuper.Client.Game	2011-11-18	0.1359	0.0583	0.0021	0.1625	0.1429	0.3333	0.0282	0.0004	0	0	0	0	0	0	0	0	0	0	0	0	1	1	1	1	0	0	0	0	0.6667	0.0038	0.5	0.5	0	0	0	0	0.1667	0.9958	0.5	0.5	0	0	0	0	0	0	0	0	0.1667	0.0004	0	0	0.0194	0.0388	0.0001	0.0002	1	1	0	0	0	0	0	0	0	0	0	0	0	0	0	0	0	0	0	0	0.5	0.6667	0	0	0.5	0.3333	0	0	0	0
HamsterSuper.Client.Deamon	2011-11-17	0.1455	0.0455	0.0044	0.1638	0.0625	0.2	0.0067	0.0002	0	0	0	0	0	0	0	0	0	0	0	0	1	1	1	1	0	0	0	0	0.8	0.0147	1	1	0	0	0	0	0.2	0.9853	0	0	0	0	0	0	0	0	0	0	0	0	0	0	0.0182	0.0455	0.0001	0.0004	1	1	0	0	0	0	0	0	0	0	0	0	0	0	0	0	0	0	0	0	0.4	0.7857	0	0	0.6	0.2143	0	0	0	0
HamsterSuper.Client.Game	2011-10-23	0.1455	0.0455	0.0041	0.1641	0.0625	0.2	0.0074	0.0002	0	0	0	0	0	0	0	0	0	0	0	0	1	1	1	1	0	0	0	0	0.8	0.0133	1	1	0	0	0	0	0.2	0.9867	0	0	0	0	0	0	0	0	0	0	0	0	0	0	0.0182	0.0455	0.0001	0.0003	1	1	0	0	0	0	0	0	0	0	0	0	0.4	0.7	0	0	0	0	0	0	0	0	0	0	0.6	0.3	0	0	0	0
hider.AppInstall.screencapture	2011-10-31	0.252	0.0472	0.2163	0.0555	0.5	0.6667	0.1379	0.1361	0	0	0	0	0	0	0	0	0.1562	0.0654	0.3125	0.3165	0.8438	0.9346	0.6875	0.6835	0	0	0	0	0.8333	0.1837	0.75	0.75	0	0	0	0	0.1667	0.8163	0.25	0.25	0	0	0	0	0	0	0	0	0	0	0	0	0.063	0.0315	0.0087	0.0079	0.75	0.7391	0	0	0	0	0	0	0.25	0.2609	0	0	1	1	0	0	0	0	0	0	0	0	0	0	0	0	0	0	0	0
irdc.EX04_10	2011-10-19	0.1391	0.0596	0.1335	0.0442	0.4286	0.6667	0.1103	0.3333	0	0	0	0	0	0	0	0	0	0	0	0	0.9524	0.9853	1	1	0.0476	0.0147	0	0	0.7778	0.8222	0.8333	0.9333	0	0	0	0	0.1111	0.1111	0	0	0	0	0	0	0	0	0	0	0.1111	0.0667	0.1667	0.0667	0.053	0.0199	0.0294	0.0236	0.625	0.7667	0.25	0.2	0.125	0.0333	0	0	0	0	0	0	1	1	0	0	0	0	0	0	0	0	0	0	0	0	0	0	0	0
jp.co.kaku.spi.fs1006.Paid	2011-10-11	0.1542	0.0198	0.0373	0.0027	0.0769	0.4	0.0523	0.4679	0	0	0	0	0	0	0	0	0.0769	0.0159	0	0	0.9231	0.9841	1	1	0	0	0	0	1	1	1	1	0	0	0	0	0	0	0	0	0	0	0	0	0	0	0	0	0	0	0	0	0.0356	0.0158	0.0036	0.0035	0.5556	0.5986	0.2222	0.2041	0	0	0	0	0.2222	0.1973	0	0	1	1	0	0	0	0	0	0	0	0	0	0	0	0	0	0	0	0
jp.hudson.android.militarymadnes	2011-12-19	0.0819	0.0216	0.0255	0.0009	0.5263	0.8	0.068	0.7548	0	0	0	0	0	0	0	0	0	0	0	0	1	1	1	1	0	0	0	0	1	1	1	1	0	0	0	0	0	0	0	0	0	0	0	0	0	0	0	0	0	0	0	0	0.0517	0.0517	0.0007	0.0017	1	1	0	0	0	0	0	0	0	0	0	0	0.5	0.4132	0	0	0	0	0	0	0	0	0	0	0.5	0.5868	0	0	0	0
kr.aboy.compass	2011-12-22	0.1697	0.0325	0.0576	0.0259	0.3191	0.8889	0.0084	0.0095	0	0	0	0	0.0213	0.0015	0	0	0	0	0	0	0.9787	0.9985	1	1	0	0	0	0	0.8889	0.9941	0.875	0.863	0	0	0	0	0.1111	0.0059	0.125	0.137	0	0	0	0	0	0	0	0	0	0	0	0	0.0433	0.0253	0.0003	0.0003	1	1	0	0	0	0	0	0	0	0	0	0	0	0	0	0	0.1429	0.0132	0	0	0.8571	0.9868	0	0	0	0	0	0	0	0
lfr.ustc.ftp	2011-04-19	0.1058	0.0385	0.0294	0.0126	0.1136	0.3125	0.0301	0.0916	0	0	0	0	0.0682	0.0012	0.2	0.0065	0	0	0	0	0.9318	0.9988	0.8	0.9935	0	0	0	0	0.75	0.1863	0.6	0.0148	0	0	0	0	0.125	0.0911	0.4	0.9852	0.0625	0.0226	0	0	0	0	0	0	0.0625	0.7	0	0	0.024	0.012	0.0005	0.0127	0.8	0.9759	0.1	0.012	0.1	0.012	0	0	0	0	0	0	0.8	0.7323	0	0	0	0	0	0	0	0	0	0	0.2	0.2677	0	0	0	0
myheels.photo.iconosys.eng	2011-11-13	0.1875	0.15	0.2066	0.1484	0.7333	1	0.5061	0.7841	0	0	0	0	0	0	0	0	0	0	0	0	1	1	1	1	0	0	0	0	0.8333	0.8636	0.8333	0.8406	0	0	0	0	0.0833	0.0682	0.0833	0.0797	0	0	0	0	0.0833	0.0682	0.0833	0.0797	0	0	0	0	0.075	0.025	0.0447	0.0312	1	1	0	0	0	0	0	0	0	0	0	0	1	1	0	0	0	0	0	0	0	0	0	0	0	0	0	0	0	0
net.mujee.www	2011-07-30	0.1875	0.075	0.3293	0.2113	0.8	1	0.3287	0.9758	0	0	0	0	0	0	0	0	0	0	0	0	1	1	1	1	0	0	0	0	0.6667	0.5072	0.6667	0.5044	0	0	0	0	0.1667	0.0132	0.1667	0.0043	0.1667	0.4796	0.1667	0.4913	0	0	0	0	0	0	0	0	0.05	0.0125	0.0018	0.0017	1	1	0	0	0	0	0	0	0	0	0	0	1	1	0	0	0	0	0	0	0	0	0	0	0	0	0	0	0	0
net.ponury.faceniff	2011-06-06	0.1358	0.1049	0.0003	0.0001	0.4091	0.5882	0.0556	0.159	0	0	0	0	0	0	0	0	0	0	0	0	1	1	1	1	0	0	0	0	0.8235	0.759	0.8	0.871	0.0588	0.0513	0	0	0.0588	0.1744	0.1	0.0645	0	0	0	0	0	0	0	0	0.0588	0.0154	0.1	0.0645	0.0741	0.0309	0	0	0.6667	0.7368	0.1667	0.1579	0	0	0	0	0.1667	0.1053	0	0	1	1	0	0	0	0	0	0	0	0	0	0	0	0	0	0	0	0
net.yebaihe.xpzs	2011-12-22	0.1127	0.0348	0.0326	0.0048	0.3818	0.5882	0.053	0.1997	0	0	0	0	0	0	0	0	0.0182	0.0005	0.0476	0.0044	0.9818	0.9995	0.9524	0.9956	0	0	0	0	0.6471	0.6006	0.5	0.528	0	0	0	0	0.1765	0.3019	0.2	0.112	0.0588	0.0527	0.1	0.256	0	0	0	0	0.1176	0.0447	0.2	0.104	0.0143	0.0082	0.0004	0.0114	1	1	0	0	0	0	0	0	0	0	0	0	0	0	0	0	0	0	0	0	0.75	0.028	0	0	0.25	0.972	0	0	0	0
number.test2	2011-10-23	0.1388	0.0367	0.0589	0.074	0.2941	0.5556	0.1519	0.1077	0	0	0	0	0.0882	0.0111	0.1	0.0122	0	0	0	0	0.9118	0.9889	0.9	0.9878	0	0	0	0	0.6667	0.5221	0.8	0.9863	0	0	0	0	0	0	0	0	0.1111	0.0059	0	0	0	0	0	0	0.2222	0.472	0.2	0.0137	0.0694	0.0245	0.0082	0.0556	0.8235	0.96	0.0588	0.0133	0.0588	0.0133	0	0	0.0588	0.0133	0	0	0.6667	0.7	0	0	0	0	0	0	0.3333	0.3	0	0	0	0	0	0	0	0
one.click.recovery	2011-06-03	0	0.1176	0	0.0163	0	0	0	0	0	0	0	0	0	0	0	0	0	0	0	0	0	0	0	0	0	0	0	0	1	1	0	0	0	0	0	0	0	0	0	0	0	0	0	0	0	0	0	0	0	0	0	0	0.1176	0.0588	0.0086	0.0082	1	1	0	0	0	0	0	0	0	0	0	0	1	1	0	0	0	0	0	0	0	0	0	0	0	0	0	0	0	0
org.android.system	2011-11-22	0	0	0	0	0	0	0	0	0	0	0	0	0	0	0	0	0	0	0	0	0	0	0	0	0	0	0	0	0	0	0	0	0	0	0	0	0	0	0	0	0	0	0	0	0	0	0	0	0	0	0	0	0	0	0	0	0	0	0	0	0	0	0	0	0	0	0	0	0	0	0	0	0	0	0	0	0	0	0	0	0	0	0	0	0	0
org.coolcode.ringtones	2011-06-28	0.1429	0.0403	0.0583	0.0087	0.2949	0.6364	0.1495	0.8391	0	0	0	0	0.0385	0.0006	0.0435	0.0006	0	0	0	0	0.9615	0.9994	0.9565	0.9994	0	0	0	0	0.8636	0.3081	0.7857	0.2134	0	0	0	0	0.0909	0.6537	0.1429	0.7776	0.0455	0.0382	0.0714	0.009	0	0	0	0	0	0	0	0	0.0183	0.0311	0.0002	0.0029	0.6	0.8605	0.3	0.1163	0.1	0.0233	0	0	0	0	0	0	0.4118	0.0659	0	0	0	0	0	0	0.1176	0.4087	0	0	0.3529	0.4614	0	0	0.1176	0.064
org.expressme.love.ui	2011-06-24	0.2395	0.0539	0.2321	0.0479	0.525	0.8889	0.0982	0.2063	0	0	0	0	0	0	0	0	0.125	0.0426	0.2381	0.25	0.875	0.9574	0.7619	0.75	0	0	0	0	0.8889	0.3968	0.875	0.8846	0	0	0	0	0.1111	0.6032	0.125	0.1154	0	0	0	0	0	0	0	0	0	0	0	0	0.0299	0.012	0.0076	0.0065	0.6	0.75	0	0	0	0	0	0	0.4	0.25	0	0	1	1	0	0	0	0	0	0	0	0	0	0	0	0	0	0	0	0
org.me.androidapplication1	2011-08-29	0.125	0.125	0.1126	0.1143	0.5	0.25	0.0299	0.0074	0	0	0	0	0	0	0	0	0	0	0	0	1	1	1	1	0	0	0	0	0.5	0.0294	0	0	0	0	0	0	0.25	0.9412	0	0	0	0	0	0	0.25	0.0294	1	1	0	0	0	0	0.0625	0.0312	0.0546	0.0538	1	1	0	0	0	0	0	0	0	0	0	0	1	1	0	0	0	0	0	0	0	0	0	0	0	0	0	0	0	0
org.mhgames.jewels	2011-10-09	0	0	0	0	0	0	0	0	0	0	0	0	0	0	0	0	0	0	0	0	0	0	0	0	0	0	0	0	0	0	0	0	0	0	0	0	0	0	0	0	0	0	0	0	0	0	0	0	0	0	0	0	0.1176	0.0588	0.0718	0.0713	0	0	1	1	0	0	0	0	0	0	0	0	0	0	0	0	0	0	0	0	1	1	0	0	0	0	0	0	0	0
org.nwhy.WhackAMole	2011-10-08	0.1544	0.0596	0.2079	0.0185	0.2045	0.7059	0.0677	0.491	0	0	0	0	0.0682	0.0011	0.1111	0.0026	0	0	0	0	0.9318	0.9989	0.8889	0.9974	0	0	0	0	0.7647	0.9182	0.6667	0.8984	0	0	0	0	0.1176	0.0459	0.1667	0.0569	0.0588	0.0279	0.0833	0.0325	0	0	0	0	0.0588	0.008	0.0833	0.0122	0.0316	0.0246	0.0018	0.0566	0.7778	0.96	0.1111	0.02	0.1111	0.02	0	0	0	0	0	0	0.5714	0.0444	0	0	0	0	0	0	0	0	0	0	0.4286	0.9556	0	0	0	0
org.underdev.penetratepro	2011-03-31	0.1197	0.0775	0.1177	0.0448	0.3529	0.8182	0.1667	0.802	0	0	0	0	0	0	0	0	0	0	0	0	1	1	1	1	0	0	0	0	0.8182	0.6856	0.8889	0.6173	0	0	0	0	0.0909	0.3094	0.1111	0.3827	0.0909	0.005	0	0	0	0	0	0	0	0	0	0	0.0282	0.0141	0.0019	0.0017	1	1	0	0	0	0	0	0	0	0	0	0	0	0	0	0	0	0	0	0	0.5	0.2	0	0	0	0	0.5	0.8	0	0
org.zhou.cash.yy	2011-08-29	0.1167	0.0419	0.0569	0.027	0.1321	0.4737	0.2039	0.4948	0	0	0	0	0	0	0	0	0.0943	0.007	0	0	0.9057	0.993	1	1	0	0	0	0	0.8421	0.9138	0.8889	0.9771	0	0	0	0	0.1053	0.0549	0	0	0	0	0	0	0	0	0	0	0.0526	0.0314	0.1111	0.0229	0.022	0.0242	0.0021	0.0066	0.7	0.625	0.2	0.3636	0.1	0.0114	0	0	0	0	0	0	0.4545	0.3369	0	0	0	0	0	0	0.0909	0.0213	0	0	0.4545	0.6418	0	0	0	0
phone.Security	2011-11-13	0	0	0	0	0	0	0	0	0	0	0	0	0	0	0	0	0	0	0	0	0	0	0	0	0	0	0	0	0	0	0	0	0	0	0	0	0	0	0	0	0	0	0	0	0	0	0	0	0	0	0	0	0	0	0	0	0	0	0	0	0	0	0	0	0	0	0	0	0	0	0	0	0	0	0	0	0	0	0	0	0	0	0	0	0	0
pjbang.yigou	2011-10-21	0.2	0.0333	0.1707	0.0399	0.2333	0.4	0.071	0.256	0	0	0	0	0.0667	0.0112	0	0	0	0	0	0	0.9333	0.9888	1	1	0	0	0	0	0.8	0.968	0.5	0.9375	0	0	0	0	0	0	0	0	0.2	0.032	0.5	0.0625	0	0	0	0	0	0	0	0	0.04	0.02	0.0156	0.0147	0.3333	0.9184	0.3333	0.0408	0.1667	0.0204	0	0	0.1667	0.0204	0	0	0.3333	0.9565	0	0	0	0	0	0	0	0	0	0	0	0	0	0	0.6667	0.0435
pushme.android	2011-10-25	0.0811	0.0541	0.005	0.0025	0.6667	1	0.4955	0.9892	0	0	0	0	0	0	0	0	0	0	0	0	1	1	1	1	0	0	0	0	0.5	0.1079	0.5	0.1018	0	0	0	0	0	0	0	0	0	0	0	0	0.5	0.8921	0.5	0.8982	0	0	0	0	0.0541	0.027	0.0003	0.0003	1	1	0	0	0	0	0	0	0	0	0	0	1	1	0	0	0	0	0	0	0	0	0	0	0	0	0	0	0	0
roh6U.jea2Ohm	2011-12-20	0.1228	0.0877	0.0576	0.2074	0.7143	0.6	0.1585	0.0335	0	0	0	0	0	0	0	0	0	0	0	0	1	1	1	1	0	0	0	0	0.6	0.017	0.6667	0.3152	0	0	0	0	0	0	0	0	0	0	0	0	0.2	0.0231	0.3333	0.6848	0.2	0.9598	0	0	0.0351	0.0351	0.0013	0.0013	1	1	0	0	0	0	0	0	0	0	0	0	0.5	0.9677	0	0	0	0	0	0	0	0	0	0	0.5	0.0323	0	0	0	0
RZStudio.game.shakebreak	2011-03-31	0.1831	0.0704	0.1419	0.0118	0.3846	0.8	0.0578	0.6613	0	0	0	0	0	0	0	0	0	0	0	0	1	1	1	1	0	0	0	0	0.8	0.9032	0.75	0.9512	0	0	0	0	0	0	0	0	0	0	0	0	0.2	0.0968	0.25	0.0488	0	0	0	0	0.0845	0.1268	0.0084	0.2121	1	1	0	0	0	0	0	0	0	0	0	0	0	0	0	0	0.4444	0.0036	0	0	0	0	0	0	0.5556	0.9964	0	0	0	0
sunkay.QQBook	2011-12-22	0.1437	0.0778	0.147	0.3016	0.6667	0.8462	0.2113	0.1579	0	0	0	0	0	0	0	0	0.0417	0.0094	0.0625	0.0222	0.9583	0.9906	0.9375	0.9778	0	0	0	0	0.7692	0.1831	0.9091	0.9855	0	0	0	0	0.1538	0.0252	0.0909	0.0145	0	0	0	0	0	0	0	0	0.0769	0.7918	0	0	0.0539	0.0299	0.049	0.2843	0.6667	0.5352	0.2222	0.4507	0.1111	0.0141	0	0	0	0	0	0	1	1	0	0	0	0	0	0	0	0	0	0	0	0	0	0	0	0
tencent.qqgame.lord	2011-06-05	0.108	0.0398	0.0801	0.0374	0.1579	0.2857	0.0537	0.0749	0	0	0	0	0	0	0	0	0	0	0	0	1	1	1	1	0	0	0	0	0.7143	0.4564	0.5	0.0465	0	0	0	0	0.1429	0.0732	0.5	0.9535	0	0	0	0	0	0	0	0	0.1429	0.4704	0	0	0.0795	0.1477	0.0184	0.1047	1	1	0	0	0	0	0	0	0	0	0	0	0	0	0	0	0	0	0	0	0.1154	0.3342	0	0	0.5385	0.0087	0.0769	0.0012	0.2692	0.6559
text.androidadbl	2011-11-10	0.1549	0.0842	0.2384	0.0801	0.4348	0.72	0.1345	0.5382	0	0	0	0	0	0	0	0	0.0217	0.0119	0	0	0.9783	0.9881	1	1	0	0	0	0	0.88	0.9162	0.8333	0.9135	0	0	0	0	0.04	0.0354	0.0556	0.0623	0	0	0	0	0	0	0	0	0.08	0.0484	0.1111	0.0242	0.037	0.064	0.0101	0.0139	1	1	0	0	0	0	0	0	0	0	0	0	0.3684	0.871	0	0	0	0	0	0	0	0	0	0	0.5789	0.1183	0.0526	0.0108	0	0
thirdnet.mfzone	2011-11-01	0.1455	0.0364	0.0348	0.0095	0.25	0.5	0.1806	0.3303	0	0	0	0	0	0	0	0	0	0	0	0	1	1	1	1	0	0	0	0	1	1	1	1	0	0	0	0	0	0	0	0	0	0	0	0	0	0	0	0	0	0	0	0	0.0545	0.0182	0.0064	0.0032	1	1	0	0	0	0	0	0	0	0	0	0	0	0	0	0	0	0	0	0	1	1	0	0	0	0	0	0	0	0
uk.co.extorian.EICARAntiVirusTest	2011-09-09	0.0833	0.1667	0.0771	0.1542	1	1	0.9737	0.9737	0	0	0	0	0	0	0	0	0	0	0	0	1	1	1	1	0	0	0	0	0.5	0.5	0.5	0.5	0	0	0	0	0.5	0.5	0.5	0.5	0	0	0	0	0	0	0	0	0	0	0	0	0.1667	0.0833	0.0791	0.0771	1	1	0	0	0	0	0	0	0	0	0	0	1	1	0	0	0	0	0	0	0	0	0	0	0	0	0	0	0	0
uk.co.neilandtheresa.Vignette	2011-10-23	0.1509	0.0629	0.1073	0.0251	0.5833	0.7	0.1022	0.2188	0	0	0	0	0	0	0	0	0	0	0	0	0.9583	0.9854	0.9286	0.9286	0.0417	0.0146	0.0714	0.0714	0.9	0.9375	0.8571	0.8571	0	0	0	0	0.1	0.0625	0.1429	0.1429	0	0	0	0	0	0	0	0	0	0	0	0	0.0377	0.0377	0.007	0.007	1	1	0	0	0	0	0	0	0	0	0	0	0.5	0.6667	0.5	0.3333	0	0	0	0	0	0	0	0	0	0	0	0	0	0
wap.syst	2011-12-28	0.0805	0.046	0.1744	0.0047	0.5714	0.375	0.0014	0.028	0	0	0	0	0	0	0	0	0	0	0	0	1	1	1	1	0	0	0	0	1	1	1	1	0	0	0	0	0	0	0	0	0	0	0	0	0	0	0	0	0	0	0	0	0.0115	0.0172	0.0001	0.0001	1	1	0	0	0	0	0	0	0	0	0	0	0.3333	0.9286	0	0	0	0	0	0	0	0	0	0	0.6667	0.0714	0	0	0	0
wbs.LocalService	2011-02-23	0	0	0	0	0	0	0	0	0	0	0	0	0	0	0	0	0	0	0	0	0	0	0	0	0	0	0	0	0	0	0	0	0	0	0	0	0	0	0	0	0	0	0	0	0	0	0	0	0	0	0	0	0	0	0	0	0	0	0	0	0	0	0	0	0	0	0	0	0	0	0	0	0	0	0	0	0	0	0	0	0	0	0	0	0	0
wbs.netsentry	2011-10-23	0.2868	0.0388	0.2154	0.0137	0.027	0.6	0.0125	0.5885	0	0	0	0	0	0	0	0	0.0811	0.0382	0	0	0.9189	0.9618	1	1	0	0	0	0	1	1	1	1	0	0	0	0	0	0	0	0	0	0	0	0	0	0	0	0	0	0	0	0	0.0543	0.0233	0.0084	0.0082	0.5714	0.6625	0.2857	0.3312	0	0	0.1429	0.0063	0	0	0	0	1	1	0	0	0	0	0	0	0	0	0	0	0	0	0	0	0	0
wizard.mobile	2011-12-27	0.0707	0.0909	0.0046	0.0349	0.7143	0.3333	0.36	0.0262	0	0	0	0	0	0	0	0	0	0	0	0	1	1	1	1	0	0	0	0	0.8889	0.9791	0.6667	0.4	0	0	0	0	0	0	0	0	0	0	0	0	0.1111	0.0209	0.3333	0.6	0	0	0	0	0.0606	0.0202	0.0311	0.0303	1	1	0	0	0	0	0	0	0	0	0	0	1	1	0	0	0	0	0	0	0	0	0	0	0	0	0	0	0	0
