000E9FA76E2BA3D99BDD50533B884B1C693A1AABEF0C7BD7591ADD3ACE629D2A.apk	2010-05-28	0.5663	0	0	0	0	0	0.3418	0	0.0918	0.2105	0	0.7895	0.1803	0	0.8197	0.1258	0	0.8742	0.1258	0	0.8742	0.6667	0.3333	0	0	0.7667	0.2333	0	0
0073C6E36659172E833DAA195E4312C2AB155C5D6588E9DCE33FEF5A1C6C22A6.apk	2010-08-09	0	0	0	0	0	0	0.8609	0	0.1391	0.2857	0	0.7143	0.2795	0	0.7205	0.139	0	0.861	0.139	0	0.861	0.5	0.1667	0.3333	0	0.5862	0.2069	0.2069	0
00E120DC30F012AEC6A7BA0670914D4833EC46826214E77504CEFFAE784B17F7.apk	2010-08-26	0	0	0	0	0	0	0.8284	0	0.1716	0.4694	0	0.5306	0.3786	0	0.6214	0.1913	0	0.8087	0.1913	0	0.8087	1	0	0	0	1	0	0	0
0111876A6C6FB3B671308EC54819EF515D226AA340FC1A4F942A34153693D25B.apk	2010-09-21	0	0	0	0	0	0	0.8748	0	0.1252	0.2609	0	0.7391	0.2609	0	0.7391	0.1341	0	0.8659	0.1341	0	0.8659	1	0	0	0	1	0	0	0
01402B3EEFCDC7B4236F9E51A586DEF98512DB08399B204D223C748A942D0D4B.apk	2010-11-05	0	0	0	0	0	0	0.7629	0	0.2371	0.4524	0	0.5476	0.5704	0	0.4296	0.265	0	0.735	0.2655	0	0.7345	1	0	0	0	1	0	0	0
01A4B487E46269D7A2C75BEFA4312EF1AE839F7361CA0C83F18B881C4E012052.apk	2010-04-16	0	0	0	0	0	0	0.7059	0	0.2941	0.4483	0	0.5517	0.4792	0	0.5208	0.3192	0	0.6808	0.3192	0	0.6808	0.5	0	0.5	0	0.6456	0	0.3544	0
0201543FB0CC5A855E6E81B0AC67B188A39D6F039623F5193DB554A6AF7B28D3.apk	2010-04-07	0	0	0	0.4625	0.5299	0.0003	0.0052	0.0015	0.0006	0.0479	0.497	0.4551	0.0774	0.5519	0.3707	0.0012	0.5315	0.4673	0.0012	0.5315	0.4673	1	0	0	0	1	0	0	0
02FE85F690A616F3565ECDD9887C38BFA4B2FE92DE97BC8B973279351EA06D7A.apk	2010-09-11	0	0	0	0	0	0	0.9881	0	0.0119	0.4286	0	0.5714	0.3889	0	0.6111	0.0784	0	0.9216	0.0784	0	0.9216	0.5	0	0	0.5	0.9028	0	0	0.0972
030DFA48897E494E28012C680FFE904DA9FC37DD780F63E2D7213706D1CA6650.apk	2010-06-06	0.6392	0	0	0.0258	0	0	0.3221	0	0.0129	0.05	0.05	0.9	0.044	0.022	0.9341	0.0133	0.0003	0.9865	0.0133	0.0003	0.9865	0.5	0	0	0.5	0.7147	0	0	0.2853
03206A1456CBE05BDBFA7CCC383ABED81DD1FEC658608EE67D1D9BF2030D75C5.apk	2010-09-19	0	0	0	0.0365	0.0044	0	0.7068	0.0284	0.2239	0.4787	0.0532	0.4681	0.4956	0.0398	0.4646	0.2624	0.0338	0.7038	0.2624	0.0338	0.7038	0.5	0.1	0	0.4	0.9027	0.0341	0	0.0633
0393EC2FD967205ECE558216A58CE22DA6535234892802ED017DBB712E3D6797.apk	2010-11-22	0	0	0	0	0	0	0.663	0	0.337	0.2	0	0.8	0.3416	0	0.6584	0.337	0	0.663	0.337	0	0.663	1	0	0	0	1	0	0	0
03EBBF7C35AA1707C3F2AABF88CF59FDB43C66D5C87246DE41F6A5315717035F.apk	2010-09-06	0	0	0	0	0	0	0.8384	0	0.1616	0.4493	0	0.5507	0.4088	0	0.5912	0.1796	0	0.8204	0.1796	0	0.8204	1	0	0	0	1	0	0	0
045E730EFBFDE893515B2178F012A8545951137E59170E68BCCE83877F3079F3.apk	2010-07-14	0	0	0	0	0	0	0.9392	0	0.0608	0.25	0	0.75	0.2264	0	0.7736	0.076	0	0.924	0.076	0	0.924	1	0	0	0	1	0	0	0
05A23B9EF8439F079C3BF359B0C1E0017A73F7B00A00B8148CA09D201519DE3D.apk	2010-05-08	0	0	0	0	0	0	0.6557	0.0049	0.3394	0.3043	0.0435	0.6522	0.4074	0.0185	0.5741	0.3416	0.0053	0.6531	0.3416	0.0053	0.6531	1	0	0	0	1	0	0	0
05D13AEE71A950BAECF8A233DBF6EE418A6BF7F8D72A8886F2256FD7921E776B.apk	2010-11-01	0	0	0	0.0505	0.0981	0.0056	0.6538	0.0168	0.1752	0.3208	0.1132	0.566	0.3241	0.1111	0.5648	0.186	0.1148	0.6992	0.186	0.1148	0.6992	0.6667	0.3333	0	0	0.849	0.151	0	0
0617375901DC57EF7A0B800E550B02A1A9F81254DDF8A9BED54450483CE66D65.apk	2010-10-06	0	0	0	0.9172	0.0828	0	0	0	0	0	0.2812	0.7188	0	0.3607	0.6393	0	0.1127	0.8873	0	0.1127	0.8873	0	0	0	1	0	0	0	1
068849607F9E3A84D5DA76EEA4DD0B5BAA31A4F24FB74653D07827FA5CC95E1E.apk	2010-10-04	0	0	0	0	0	0	0.8477	0	0.1523	0.4286	0	0.5714	0.4062	0	0.5938	0.1529	0	0.8471	0.1529	0	0.8471	1	0	0	0	1	0	0	0
071C9954002455A4075CCD58FBDCDE6F6AABA7DA71D34DE29B07C4EC3373DBB0.apk	2010-08-20	0	0	0	0	0	0	0.9344	0.0199	0.0457	0.3056	0.0139	0.6806	0.3585	0.0189	0.6226	0.0701	0.0198	0.9101	0.0701	0.0198	0.9101	0.8	0.2	0	0	0.9867	0.0133	0	0
0803309E36A2FD9E8613EE8F638FAD3FC5895B7F9A63AE9430D7BD1C78A74735.apk	2010-07-13	0	0	0	0.0258	0.0044	0.0069	0.4956	0.1518	0.3155	0.3636	0.0649	0.5714	0.4184	0.1046	0.477	0.335	0.1494	0.5156	0.335	0.1494	0.5156	0.7143	0.2857	0	0	0.9684	0.0316	0	0
090D6230E9AD31222473D25BEFDBC210E82BF9CA3ACD716389DA5ABB8D5EA4BE.apk	2010-12-26	0	0	0	0.8398	0.1602	0	0	0	0	0	0.5311	0.4689	0	0.5167	0.4833	0	0.1879	0.8121	0	0.1879	0.8121	0.7692	0	0.0769	0.1538	0.9433	0	0.0067	0.05
09232719341FABD8CEE9B6EA7C27F963E532FE752BE4363B53CB94CF2FF7E361.apk	2010-08-19	0	0	0	0.399	0.599	0	0.001	0.001	0	0.0433	0.626	0.3307	0.0587	0.6519	0.2894	0.0001	0.6009	0.399	0.0001	0.6015	0.3984	1	0	0	0	1	0	0	0
