000E9FA76E2BA3D99BDD50533B884B1C693A1AABEF0C7BD7591ADD3ACE629D2A.apk	2010-05-28	0	0	0	0	0	0	0
0073C6E36659172E833DAA195E4312C2AB155C5D6588E9DCE33FEF5A1C6C22A6.apk	2010-08-09	0.1429	0	0.8571	0	0	0	0
00E120DC30F012AEC6A7BA0670914D4833EC46826214E77504CEFFAE784B17F7.apk	2010-08-26	0	0	0.5556	0.4444	0.4444	0.4444	0
0111876A6C6FB3B671308EC54819EF515D226AA340FC1A4F942A34153693D25B.apk	2010-09-21	0	0	0	0	0	0	0
01402B3EEFCDC7B4236F9E51A586DEF98512DB08399B204D223C748A942D0D4B.apk	2010-11-05	1	0	0	0	0	0.4	0
01A4B487E46269D7A2C75BEFA4312EF1AE839F7361CA0C83F18B881C4E012052.apk	2010-04-16	0	0	0	0	0	0	0
0201543FB0CC5A855E6E81B0AC67B188A39D6F039623F5193DB554A6AF7B28D3.apk	2010-04-07	0	0	0	0	0	0	0
030DFA48897E494E28012C680FFE904DA9FC37DD780F63E2D7213706D1CA6650.apk	2010-06-06	0	0	0	0	0	0	0
03206A1456CBE05BDBFA7CCC383ABED81DD1FEC658608EE67D1D9BF2030D75C5.apk	2010-09-19	0.0714	0.119	0.4762	0.3333	0	0.1905	0
0393EC2FD967205ECE558216A58CE22DA6535234892802ED017DBB712E3D6797.apk	2010-11-22	0	0	0	0	0	0	0
03EBBF7C35AA1707C3F2AABF88CF59FDB43C66D5C87246DE41F6A5315717035F.apk	2010-09-06	0	0	0	0	0	0	0
045E730EFBFDE893515B2178F012A8545951137E59170E68BCCE83877F3079F3.apk	2010-07-14	0	0	0	1	0.25	0	0
05A23B9EF8439F079C3BF359B0C1E0017A73F7B00A00B8148CA09D201519DE3D.apk	2010-05-08	0	0	0	0	0	0	0
05D13AEE71A950BAECF8A233DBF6EE418A6BF7F8D72A8886F2256FD7921E776B.apk	2010-11-01	0.4706	0	0.5294	0	0	0	0
0617375901DC57EF7A0B800E550B02A1A9F81254DDF8A9BED54450483CE66D65.apk	2010-10-06	0	0	0	0	0	0	0
068849607F9E3A84D5DA76EEA4DD0B5BAA31A4F24FB74653D07827FA5CC95E1E.apk	2010-10-04	0	0	0	0	0	0	0
071C9954002455A4075CCD58FBDCDE6F6AABA7DA71D34DE29B07C4EC3373DBB0.apk	2010-08-20	0	0	0.9444	0.0556	0	0.0556	0
0803309E36A2FD9E8613EE8F638FAD3FC5895B7F9A63AE9430D7BD1C78A74735.apk	2010-07-13	0.2941	0	0.5294	0.1765	0.1765	0	0
090D6230E9AD31222473D25BEFDBC210E82BF9CA3ACD716389DA5ABB8D5EA4BE.apk	2010-12-26	0.8214	0.1429	0	0.0357	0.3214	0.0357	0.2857
09232719341FABD8CEE9B6EA7C27F963E532FE752BE4363B53CB94CF2FF7E361.apk	2010-08-19	0	0	1	0	0	0	0
