0034EED5F766C2DDD67F9CDC673435DC4C9B1BD18800DEF4E772CDD31B453186.apk	0	0	0	0	0	0	0.7956	0	0.2044	0.4839	0	0.5161	0.5294	0	0.4706	0.2057	0	0.7943	0.2057	0	0.7943	0.7143	0.2857	0	0	0.9444	0.0556	0	0
00654E46C4256A6626C6A7EAB9EE03482C4E73E47DBD962E581FFB9E5D5548E3.apk	0	0	0	0	0	0	0.6667	0	0.3333	0.4615	0	0.5385	0.5882	0	0.4118	0.3346	0	0.6654	0.3346	0	0.6654	0.8	0.2	0	0	0.9991	0.0009	0	0
00DD8FB0E7A6DD60759C29D9851807527FF54D7E639C08719E0F8620D3FC47F2.apk	0	0	0	0	0	0	0.8091	0.0804	0.1105	0.3333	0.0625	0.6042	0.3412	0.0471	0.6118	0.1183	0.0793	0.8024	0.1183	0.0793	0.8024	1	0	0	0	1	0	0	0
0196E6B67D0EFA40752D085247B20633CCEF536BD9F14F1CF800C66D475D59B2.apk	0	0	0	0.7326	0.1506	0.0004	0.0932	0.0093	0.0138	0.0964	0.2843	0.6193	0.1023	0.4326	0.465	0.0167	0.1673	0.816	0.0167	0.1674	0.816	0.3636	0.3636	0.2727	0	0.7687	0.2139	0.0173	0
024271CA9A19C85F297E82962F178B2C614BFFBF3B56CAB90C1BB55065D5D899.apk	0	0	0	0.5074	0.4485	0	0.0339	0.0059	0.0043	0.0957	0.3739	0.5304	0.0599	0.497	0.4431	0.0046	0.4546	0.5408	0.0046	0.4546	0.5408	0.375	0.625	0	0	0.5121	0.4879	0	0
03B1486DE6B48F063DCC455F2529257B9B4ED4C910ECC36D750545E4E08EBE8A.apk	0.0167	0	0	0	0	0	0.9471	0	0.0362	0.1667	0	0.8333	0.1688	0	0.8312	0.0367	0	0.9633	0.0367	0	0.9633	1	0	0	0	1	0	0	0
052F90B8829BDC0BF6B55DCF116DD69ECFBF4B180D052026AA67B296B6997BD0.apk	0	0	0	0.972	0.028	0	0	0	0	0	0.3	0.7	0	0.2927	0.7073	0	0.0318	0.9682	0	0.0318	0.9682	0.3333	0.2222	0.4444	0	0.5023	0.3215	0.1762	0
053BCD4648BE4E25E283A67BA1FA75414248C52139FFF81E238636222900AD55.apk	0	0	0	0	0	0	0.8764	0.0001	0.1235	0.1957	0.0435	0.7609	0.3308	0.0226	0.6466	0.1235	0.0001	0.8763	0.1235	0.0001	0.8763	1	0	0	0	1	0	0	0
05BEDECCA9BB59130A9ED049C7A7543B28BDF37A42C00F713C20EE11BE6AB6A5.apk	0.5858	0	0.0089	0.1204	0.0428	0.0006	0.1811	0.008	0.0523	0.1939	0.0837	0.7224	0.1593	0.0893	0.7514	0.0624	0.0511	0.8865	0.0624	0.0511	0.8864	0.4375	0.0625	0.1875	0.3125	0.9255	0.0043	0.0062	0.064
0624775D59B6F7F435B3AF1EFFE47E17DEA09770EBE06D77D180A46779919DA0.apk	0.0837	0.0002	0	0.5905	0.2835	0	0.0079	0.0326	0.0017	0.019	0.3797	0.6013	0.0116	0.4605	0.5279	0.0018	0.3168	0.6814	0.0018	0.3168	0.6814	0.25	0.25	0.375	0.125	0.75	0.0106	0.0185	0.2209
06B98527846034BC88A46EF131A4D4DD75705F050CFDAC5B01F9A1F651F91FCD.apk	0	0	0	0.9314	0.0686	0	0	0	0	0	0.25	0.75	0	0.25	0.75	0	0.0826	0.9174	0	0.0826	0.9174	1	0	0	0	1	0	0	0
06F9C10A15D01774445249BCF2245467C25A4E73C65614C724F7D8AF43731271.apk	0.1102	0	0	0.5179	0.3718	0	0	0	0	0	0.4805	0.5195	0	0.5709	0.4291	0	0.3731	0.6269	0	0.3731	0.6269	0.2	0.35	0.45	0	0.623	0.3373	0.0397	0
0705F033786F24BEC7233B87E20A98B20724E41BBD2B6E8120E5D5BAE987D3E1.apk	0	0	0	0	0	0	0.75	0	0.25	0.4444	0	0.5556	0.5455	0	0.4545	0.2519	0	0.7481	0.2519	0	0.7481	0.75	0.25	0	0	0.9984	0.0016	0	0
08D0DD81AFC70E3054815B07E48C3BC913C45ED194B7F51D25EDBCBCDEECCCF6.apk	0	0	0	0.0349	0.0062	0	0.9496	0	0.0093	0.1129	0.1129	0.7742	0.1682	0.1495	0.6822	0.0094	0.0063	0.9842	0.0094	0.0063	0.9842	0.6	0	0.4	0	0.9237	0	0.0763	0
0B16EBDE3EF93C2EE7DC17E41A35EBDB2A72FC6AC2B4BF6CA69B7AEE63FFA6EC.apk	0.05	0	0	0.537	0.3837	0.0028	0.014	0.0111	0.0015	0.0254	0.401	0.5736	0.029	0.4655	0.5055	0.0044	0.3952	0.6004	0.0044	0.3952	0.6004	0.2857	0.5	0.2143	0	0.6475	0.3077	0.0448	0
0B32851F9215D246C7D898C76D457E916D50094B84753DB3CFB66A6D1D3E2C3D.apk	0	0	0	0.0096	0.0005	0	0.6923	0.0003	0.2973	0.3649	0.0676	0.5676	0.3795	0.0491	0.5714	0.2974	0.0008	0.7018	0.2974	0.0008	0.7018	1	0	0	0	1	0	0	0
0BA9D79F662D9CF48F7BFC38BAD16746F627E9F3EC3DD9F30601A5F9864D90F2.apk	0	0	0	0.5701	0.4299	0	0	0	0	0	0.5241	0.4759	0	0.6386	0.3614	0	0.4303	0.5697	0	0.4303	0.5697	1	0	0	0	1	0	0	0
0C180665121FA076C739AD6E5A01441605DEA8AC87A82C7D050F5F3DFDBA70F7.apk	0	0	0	0.3448	0.1277	0	0.5275	0	0	0.0227	0.4318	0.5455	0.0179	0.6071	0.375	0.0024	0.1917	0.806	0.0024	0.1917	0.806	0.1667	0.25	0.5833	0	0.8818	0.0432	0.075	0
0C53F64A7D3459FB5C616196B570AB0043B079FDF7E397986B4E158E85F97D31.apk	0	0	0	0.2818	0.7182	0	0	0	0	0	0.4935	0.5065	0	0.5503	0.4497	0	0.718	0.282	0	0.718	0.282	0.5	0	0.5	0	0.9901	0	0.0099	0
0CDDF2C62AE2CA260BE31B89568E009F5C14315D08878C1145B0BBCC1F1C5184.apk	0	0	0	0.5041	0.4935	0	0.0018	0.0002	0.0004	0.3052	0.2008	0.494	0.2711	0.2591	0.4698	0.0006	0.4935	0.5059	0.0006	0.4935	0.5059	0.5429	0.0571	0.3429	0.0571	0.8255	0.1427	0.0261	0.0058
0D1195F7DAB7836FAE92BFDFFE208F68B10C707B2B70646D9C9F8A2E699AC6DD.apk	0.0636	0	0	0.6496	0.2868	0	0	0	0	0	0.4781	0.5219	0	0.5588	0.4412	0	0.2934	0.7066	0	0.2936	0.7064	0.2222	0.4444	0.3333	0	0.9263	0.0605	0.0132	0
0D45D059018A0D4A578691E7B9960338A31B1B99239F26CBB4EBC0781D8D86AB.apk	0	0	0	0.5714	0.0357	0	0.2143	0.0714	0.1071	0.15	0.3	0.55	0.1515	0.2424	0.6061	0.1074	0.108	0.7845	0.1074	0.108	0.7845	0.6	0	0	0.4	0.7493	0	0	0.2507
0F596F83B00B75C0569653CAD3FE22C36CE1284776E9EA54667FE0FD2C8DC338.apk	0.1377	0	0	0.6598	0.1336	0	0.0452	0.0113	0.0124	0.069	0.2184	0.7126	0.0448	0.2915	0.6637	0.0129	0.1469	0.8402	0.0129	0.1469	0.8402	1	0	0	0	1	0	0	0
0F648A1E70840E66AA5E3BBBB017B6AD069DFC8207596827AB8E7DD243E93DE0.apk	0.4332	0.0083	0	0.3103	0.1857	0	0.0202	0.0258	0.0166	0.0724	0.3914	0.5362	0.053	0.4591	0.4879	0.0167	0.2204	0.763	0.0167	0.2206	0.7627	0.7143	0.2857	0	0	0.8577	0.1423	0	0
0FFF232A1D339E626DD95CD2BF9E3EEDA12AA130539095586160C558DA0FDC8B.apk	0.0763	0	0	0.7892	0.1346	0	0	0	0	0	0.5502	0.4498	0	0.6084	0.3916	0	0.1397	0.8603	0	0.1397	0.8603	0.1923	0.3846	0.4231	0	0.8236	0.1244	0.052	0
1037A3C92A2CA812A779FDFB0C75E74174931A425297FAC932BD7FF169388690.apk	0	0	0	0.5955	0.024	0	0.1194	0.1958	0.0653	0.1806	0.1944	0.625	0.2939	0.2364	0.4696	0.0654	0.2198	0.7148	0.0654	0.2198	0.7148	0.6	0	0.4	0	0.9818	0	0.0182	0
10FDA7CD8C0B48ACE3CA4981927F50887722ED294AE27F8E9E078E18256C4BBF.apk	0.009	0.0838	0	0.5086	0.3986	0	0	0.0001	0	0.0026	0.4847	0.5128	0.004	0.4843	0.5117	0	0.4825	0.5175	0	0.4825	0.5175	0.5833	0.25	0.1667	0	0.9077	0.0822	0.0101	0
126AF6D55E5EDB8662A3FBBBC83DB781756C31A1A7FEC630D361F974F7CDF278.apk	0.1443	0	0	0.5605	0.2786	0.0022	0.0047	0.0069	0.0028	0.0211	0.5106	0.4683	0.0217	0.5263	0.452	0.0053	0.2904	0.7042	0.0053	0.2905	0.7042	0.6	0.1333	0.2667	0	0.8306	0.0566	0.1128	0
133C33CB5551AAAE1D80C0F6508B61BEC100CB945C1FB0562D5C191D8919907E.apk	0.5727	0	0	0.3322	0.089	0	0.0054	0.0003	0.0004	0.0231	0.1231	0.8538	0.011	0.1918	0.7973	0.0004	0.0895	0.9101	0.0004	0.0903	0.9093	0.6667	0	0.3333	0	0.9456	0	0.0544	0
14D749A815441C1AFD963541F2DC719A76AB7C18CB1AFBE1054233F0FFD07E4F.apk	0	0	0	0.7737	0.168	0	0.0074	0.0461	0.0047	0.0448	0.3881	0.5672	0.0402	0.4322	0.5276	0.005	0.2158	0.7792	0.005	0.2165	0.7785	0.4444	0	0.5556	0	0.6522	0	0.3478	0
153A8478D4675F60C7C4128D61B30164EBBFCBF551EE3BD3D589BFE6A95654AB.apk	0	0	0	0	0	0	0.7956	0	0.2044	0.4839	0	0.5161	0.5372	0	0.4628	0.2056	0	0.7944	0.2056	0	0.7944	0.7143	0.2857	0	0	0.9444	0.0556	0	0
15FBE9A6F3E764AE48B5A48B70BA9DEC9758DF181ADD97D9642CA28FC1E6EA51.apk	0.0929	0	0.0072	0.0038	0.0007	0	0.792	0.0081	0.0954	0.2751	0.0582	0.6667	0.1955	0.0451	0.7594	0.1028	0.0088	0.8884	0.1028	0.0088	0.8884	0.7143	0	0.2857	0	0.9646	0	0.0354	0
1671E4BB7F5AE4CEE113A7B356AB7F67D6A63681C76D8307C4EA9CAD565CA5F4.apk	0	0	0	0.0009	0.0004	0	0.6106	0	0.3881	0.1707	0.0732	0.7561	0.2917	0.0312	0.6771	0.388	0.0005	0.6115	0.388	0.0005	0.6115	0.5714	0	0.4286	0	0.9254	0	0.0746	0
16878CCF6714386D452BB1207AD2DA8969C349462ED3D849579C12CF8BB19480.apk	0	0	0	0.5931	0.1002	0.0003	0.2982	0.0026	0.0055	0.1277	0.2199	0.6525	0.1374	0.3131	0.5495	0.0113	0.1114	0.8773	0.0113	0.1114	0.8773	0.3333	0.2222	0.4444	0	0.6	0.0756	0.3244	0
16AE4BEB643DDDD1F3E5D01B3D2C0A473D51E54AFA8448459E728377E6DEC9F6.apk	0	0	0	0.3	0.1	0	0.5	0.1	0	0.1429	0.2857	0.5714	0.1538	0.2308	0.6154	0.0031	0.2006	0.7963	0.0031	0.2006	0.7963	1	0	0	0	1	0	0	0
1768A067BE1E12A8E1AC835F1E50AF1027684C3B7041CB7BA83F4FAC43C7EB6F.apk	0.1331	0	0	0.6541	0.2128	0	0	0	0	0	0.4315	0.5685	0	0.5354	0.4646	0	0.2176	0.7824	0	0.2176	0.7824	0.1667	0.3333	0.5	0	0.7045	0.2207	0.0748	0
1854D3C6C3C99E3718DD78E9FDF67E49F5B73C8A0A07A8A52E3251B20A84B82D.apk	0	0	0	0.5764	0.2358	0	0.1701	0.0009	0.0167	0.1348	0.1844	0.6809	0.1402	0.3131	0.5467	0.0198	0.2386	0.7417	0.0198	0.2388	0.7414	0.5882	0.1176	0.2941	0	0.8769	0.071	0.0521	0
18C304822E7D5262EE3911C146F4B4B136A587A0044FB6C56EA80C7973C9740E.apk	0.0917	0.0014	0	0.3015	0.6046	0.0006	0	0.0002	0.0001	0.0078	0.3125	0.6797	0.0054	0.5378	0.4568	0.0007	0.6059	0.3934	0.0007	0.6063	0.393	0.8333	0	0.1667	0	0.9908	0	0.0092	0
19855B00AA9C3F8842477E05C55CA6957220E4E6808B8D69E40427D2233B9952.apk	0	0	0	1	0	0	0	0	0	0	0.5	0.5	0	0.5	0.5	0	0.0024	0.9976	0	0.0024	0.9976	1	0	0	0	1	0	0	0
19D875BAEFD95EB4A66461C8EE7FCCA3EF689888A231A753A476BC35AB66935B.apk	0.0095	0.0157	0	0.8306	0.1442	0	0	0	0	0	0.5387	0.4613	0	0.6333	0.3667	0	0.1603	0.8397	0	0.1603	0.8397	0.4444	0.5556	0	0	0.8818	0.1182	0	0
1A3E24C3E4AF7A98CDF65683002C77BC247EE3893FFCA71C1839394A7F9942CC.apk	0.0002	0	0	0.6836	0.2956	0.0001	0.0071	0.013	0.0004	0.1038	0.224	0.6721	0.0812	0.3974	0.5214	0.0005	0.3087	0.6908	0.0005	0.3087	0.6908	0.375	0.375	0.25	0	0.9949	0.0043	0.0008	0
1AA81E1569FF93EB1CE7D7280737BA10408F5CAED3046F5F99D28CEB3B8F01BE.apk	0.0065	0.0001	0	0.6755	0.3178	0	0.0001	0	0	0.0171	0.4457	0.5371	0.0143	0.5824	0.4034	0	0.3181	0.6819	0	0.3181	0.6819	0.6	0	0.4	0	0.9538	0	0.0462	0
1B16144BCC6DAD823F42226FC9AAE9BCA2C17BB604A5DFE18A5B624F02715D6E.apk	0	0	0	0.924	0.076	0	0	0	0	0	0.3571	0.6429	0	0.3529	0.6471	0	0.0763	0.9237	0	0.0763	0.9237	0	0	0	0	0	0	0	0
1B65D9424AE834E0A1E3FD124CF3350776DC7F5697729836740564CD11D01D0A.apk	0	0	0	0	0	0	0.5143	0	0.4857	0.6	0	0.4	0.6176	0	0.3824	0.4865	0	0.5135	0.4865	0	0.5135	1	0	0	0	1	0	0	0
1BAA85C1B05010985C4E5A91319CD7743F92F1E2090CB9DDF8FDDE29AB3528CB.apk	0	0	0	0	0	0	0.75	0	0.25	0.4444	0	0.5556	0.5455	0	0.4545	0.2518	0	0.7482	0.2518	0	0.7482	0.75	0.25	0	0	0.9985	0.0015	0	0
1C8D1CF4887DD1C30850F5015F8FE8A5C97F2F73874FE5EDC96FE7C8CE311617.apk	0.0001	0	0	0.659	0.3408	0	0	0	0	0	0.536	0.464	0	0.6254	0.3746	0	0.341	0.659	0	0.3411	0.6589	0.1818	0.5455	0.2727	0	0.9993	0.0006	0.0001	0
1D0FB838DC46ED1B988EA05826899D97DD54044D85C45CA1B1B5CB7A68D1F6A1.apk	0.0021	0.0001	0	0.9933	0.0046	0	0	0	0	0.0042	0.339	0.6568	0.0011	0.4224	0.5765	0	0.0049	0.9951	0	0.0049	0.9951	0.6667	0.3333	0	0	0.9914	0.0086	0	0
1D7870A2695DB2B9EC1A294FBDEF7BFFF504E53349BF98DBD02D6DACE97DBCF2.apk	0	0	0	0.6482	0.1779	0.0027	0.1378	0.0115	0.0219	0.0565	0.3729	0.5706	0.0423	0.5	0.4577	0.0249	0.1948	0.7803	0.0249	0.1948	0.7803	0.5	0.2143	0.2857	0	0.933	0.0523	0.0148	0
1EA51906D17606FB5376BC6A106A665BFA3DBC22614845230D48FE0E6A0B5C92.apk	0	0	0	0.1429	0.1429	0	0.2857	0.4286	0	0.25	0.5	0.25	0.3	0.4	0.3	0.0024	0.57	0.4275	0.0024	0.57	0.4275	1	0	0	0	1	0	0	0
1FDB6FC8DB0E20CAE11D23DE2DECB9F9CBB6CBDFA30ED94072023C735B0683DF.apk	0.0054	0	0	0.6286	0.3555	0	0.0091	0.0002	0.0012	0.0916	0.1145	0.7939	0.0674	0.2129	0.7197	0.0017	0.3547	0.6436	0.0017	0.3547	0.6436	0.7273	0	0.2727	0	0.9764	0	0.0236	0
202B8E1084495B9D3EDA0F8C7F8A5CDA18D21D36C75F0BB655EB661C6E309F2A.apk	0.5816	0.0386	0	0.3057	0.0741	0	0	0	0	0	0.4303	0.5697	0	0.4468	0.5532	0	0.1146	0.8854	0	0.1146	0.8854	0.4706	0.3529	0.1765	0	0.7071	0.1104	0.1826	0
20465E44AC7EFB72C07492B57E906E4E5E4834BE808B6A570047F9B8A509AF76.apk	0	0	0	0.8116	0.1884	0	0	0	0	0	0.3889	0.6111	0	0.3874	0.6126	0	0.1898	0.8102	0	0.1908	0.8092	0	0	1	0	0	0	1	0
212FBAB13C0A6061F6221E299846000839B7803FBDBE5AB93D95C5E701CC0002.apk	0	0	0	0.3443	0.0558	0.0013	0.528	0.0264	0.0443	0.3139	0.1704	0.5157	0.2869	0.2124	0.5007	0.0561	0.0879	0.8561	0.0561	0.0879	0.8561	0.6	0.1333	0.2667	0	0.8929	0.0205	0.0866	0
21347D7E7F0CED7107C85AD24F0671E9C2B896357830A1C322D1FC35BE6ECF5F.apk	0.4262	0.0081	0	0.2992	0.0797	0	0.1662	0	0.0206	0.1416	0.2035	0.6549	0.1258	0.1987	0.6755	0.0219	0.0891	0.889	0.0219	0.0891	0.889	0.5714	0	0.4286	0	0.9494	0	0.0506	0
217446A642116486227A42F1CA07D2B576C433052EAD48682FABAE264CBAED74.apk	0	0	0	0	0	0	0	0	0	0	0	0	0	0	0	0	0	0	0	0	0	0	0	0	0	0	0	0	0
22448CFBAEDCE41ECE15647A96F842AD586DD68F13DBE57143A525525DB8608A.apk	0.9038	0.0065	0	0.0579	0.0204	0	0.009	0.0002	0.0021	0.0493	0.202	0.7488	0.0299	0.2112	0.759	0.0021	0.0274	0.9705	0.0022	0.0275	0.9704	0.6	0.4	0	0	0.7142	0.2858	0	0
2262DDD243405500CF89C28D3673E778EB32DACE9C0B547C67712F54DFCC3A47.apk	0.9505	0.004	0	0.0305	0.0113	0	0.0028	0.0003	0.0006	0.0106	0.1449	0.8445	0.0052	0.1397	0.8551	0.0006	0.0158	0.9836	0.0006	0.0158	0.9836	0.5714	0.2857	0.1429	0	0.7562	0.2031	0.0407	0
226707881A1021D9874463D201FC14BABFFEDE5C21158F0022E4A1824F483941.apk	0	0	0	0.82	0.18	0	0	0	0	0	0.4	0.6	0	0.4122	0.5878	0	0.1815	0.8185	0	0.1823	0.8177	0.1667	0	0.8333	0	0.0138	0	0.9862	0
228A251995C433B3D6618AB7EB483089F5DA51A343EDDA7D0B56A9558D1A5075.apk	0	0	0	0	0	0	0.7946	0	0.2054	0.4839	0	0.5161	0.5455	0	0.4545	0.2067	0	0.7933	0.2067	0	0.7933	0.7143	0.2857	0	0	0.9437	0.0563	0	0
230B63BFAF22007BF194A4B257CE7CE8600DF64F8226CF2F6FE18188E19E4DAD.apk	0	0	0	0	0	0	1	0	0	0.2	0	0.8	0.3333	0	0.6667	0.1818	0	0.8182	0.1818	0	0.8182	0.3333	0	0.6667	0	0.3333	0	0.6667	0
235D3AB461DBE6E5074694A744CC8BE8B2562DA22E19AA2BD2414B6411D821E8.apk	0	0	0	0.2641	0.2173	0	0.3671	0.0032	0.1483	0.1569	0.3824	0.4608	0.1068	0.5016	0.3916	0.1459	0.2369	0.6172	0.1459	0.2369	0.6172	0.5455	0.4545	0	0	0.948	0.052	0	0
2428A2EE238519BE4A67275B5375269ADC6CC8C3BA56CC946D3519D8EF71883C.apk	0	0	0	0.8888	0.1112	0	0	0	0	0	0.3333	0.6667	0	0.3504	0.6496	0	0.1249	0.8751	0	0.1258	0.8742	1	0	0	0	1	0	0	0
246C6715BB2A11CBDD1B1F0C085D35804B98B23BAE61A569693C47D112E6628C.apk	0	0	0	0.8601	0.1289	0	0.0102	0	0.0008	0.0132	0.4503	0.5364	0.0074	0.5148	0.4778	0.0008	0.1298	0.8694	0.0008	0.1298	0.8694	0	0	0	0	0	0	0	0
247A8F34F9F0C880421D82B9EBC08F734473B00AE1E11C8D6CCF417CA43E8BF2.apk	0	0	0	0.637	0.363	0	0	0	0	0	0.4861	0.5139	0	0.5628	0.4372	0	0.3703	0.6297	0	0.3703	0.6297	1	0	0	0	1	0	0	0
25F43F2DC5A04701A10031D06BE21AC4B3CC5C94ECCF46015B83B23967C447B2.apk	0	0	0	0.5	0.5	0	0	0	0	0	0.5	0.5	0	0.6667	0.3333	0	0.5003	0.4997	0	0.5003	0.4997	0	0	0	0	0	0	0	0
2667F5D76567F60C7205470DA34E0B8465224688A7CC496F058088A0395851B8.apk	0	0	0	0.9298	0.0699	0	0	0.0003	0	0.0213	0.2766	0.7021	0.0103	0.3608	0.6289	0	0.0705	0.9295	0	0.0705	0.9295	0.7143	0	0.2857	0	0.9581	0	0.0419	0
27CF1AA25BE55673FE90BDCF8C243575503085F30F9DB8380D23B8495A9DD557.apk	0.9333	0.0057	0	0.0437	0.0157	0	0.001	0.0002	0.0003	0.0152	0.2081	0.7766	0.0083	0.2252	0.7665	0.0004	0.0218	0.9778	0.0004	0.0219	0.9777	0.6	0.4	0	0	0.5985	0.4015	0	0
2887C4A5003AA9D99B6F3D72D0667A4E730C40F4DA97CF28A9877ADE92290003.apk	0	0	0	0.5625	0.0625	0	0.3125	0	0.0625	0.1429	0.2143	0.6429	0.1429	0.1429	0.7143	0.0629	0.0629	0.8742	0.0629	0.0629	0.8742	1	0	0	0	1	0	0	0
28E1456D8D3B8A11C930A1C6C48101FD2840234ABFEBDD2C7A6458542B36E5B2.apk	0	0	0	0.3128	0.2262	0	0.0811	0.296	0.0839	0.1029	0.4686	0.4286	0.0875	0.554	0.3585	0.0839	0.5224	0.3937	0.0839	0.5224	0.3937	0.2941	0.4118	0.2941	0	0.9682	0.0255	0.0063	0
29B68829735B6D77F80D9E7697BC96FC36FF6D6CAC8DF0CABC8C7144BEB5F8A8.apk	0	0	0	0.0162	0.0081	0	0.748	0	0.2277	0.0769	0.1154	0.8077	0.3297	0.033	0.6374	0.23	0.0086	0.7614	0.23	0.0086	0.7614	0.4	0	0.6	0	0.9599	0	0.0401	0
29C3496CEDAB8A148C362EA5A33EA4AF66D570683124E31004DEFE1226F1A880.apk	0	0	0	0.6779	0.0343	0	0.2617	0	0.0261	0.0508	0.2034	0.7458	0.0355	0.2426	0.7219	0.0263	0.0389	0.9347	0.0263	0.0389	0.9347	0.3333	0.3333	0.3333	0	0.9027	0.024	0.0732	0
2B2DC209B58FE7F27459AEC1C0E9F872997EA0ADFD4843FFE8E858F18CA79500.apk	0	0	0	0.8102	0.1714	0	0.009	0.007	0.0023	0.0469	0.3594	0.5938	0.0393	0.3764	0.5843	0.0026	0.1797	0.8178	0.0026	0.1803	0.8171	0.4444	0	0.5556	0	0.657	0	0.343	0
2C8D5B1A5DD658336218836A22D5601B65F87890A744F3C2650FE557FF6274CF.apk	0	0	0	0.6254	0.105	0.0004	0.2609	0.0028	0.0056	0.1277	0.2199	0.6525	0.1374	0.3131	0.5495	0.0118	0.1168	0.8714	0.0118	0.1169	0.8714	0.3333	0.2222	0.4444	0	0.5714	0.081	0.3476	0
2CB04DAF34F12B60637A65FD9B18E460F846BCE741FEE0B5F3427CCB245F5E9A.apk	0	0	0	0	0	0	0	0	0	0	0	0	0	0	0	0	0	0	0	0	0	0	0	0	0	0	0	0	0
2CBD02AE5E536F180FBE05C63672D95922E0F8AAACE5847456DF0154E8760C64.apk	0	0	0	0.8689	0.1162	0	0.0079	0.0041	0.0029	0.0595	0.2738	0.6667	0.0265	0.4071	0.5664	0.003	0.1207	0.8763	0.003	0.1207	0.8763	0.5	0	0.5	0	0.8961	0	0.1039	0
2CC92519544E869098DD293E5741B3DE7A4738071E766826129AD7E92142C4B2.apk	0	0	0	0.6835	0.0337	0	0.2572	0	0.0257	0.05	0.2	0.75	0.0355	0.2426	0.7219	0.0259	0.0384	0.9357	0.0259	0.0384	0.9357	0.3333	0.3333	0.3333	0	0.904	0.0249	0.0712	0
2D9E429BCDEDA803E9A9469B2C1C153D17296DAFF424E50847CE9D0E4571E083.apk	0.0603	0	0	0.5641	0.3756	0	0	0	0	0	0.5365	0.4635	0	0.593	0.407	0	0.3787	0.6213	0	0.3789	0.6211	0.3529	0.4118	0.2353	0	0.6371	0.3143	0.0486	0
2E89084A05B86195A8E86A2CD53C270477760C26102CA96B1C59C31902273DF4.apk	0.021	0	0	0.3921	0.2243	0	0.3416	0.0012	0.0198	0.1705	0.3488	0.4806	0.1809	0.3904	0.4287	0.0268	0.2326	0.7407	0.0268	0.2328	0.7404	0.4483	0.3448	0.2069	0	0.8756	0.1025	0.0219	0
2EE4B2B04D2E16368FBB0CA7BF4831C89BF922581140372B0F1B1E152D155E40.apk	0.9151	0.0045	0	0.0453	0.0164	0	0.0161	0.0002	0.0025	0.0336	0.1376	0.8289	0.0209	0.1254	0.8537	0.0026	0.0212	0.9762	0.0026	0.0213	0.9761	0.5714	0.2857	0.1429	0	0.7361	0.2406	0.0233	0
2F2EBEB8021DDF1117E5EE13E59D0455668D9456E62C0B3BA0E130F29B4A4BE0.apk	0	0	0	0.9615	0.0385	0	0	0	0	0	0.1667	0.8333	0	0.2727	0.7273	0	0.0391	0.9609	0	0.0391	0.9609	0	0	0	0	0	0	0	0
2F7D9FC92EF188DF5DA6356A284AABD18AA0C81F78CE7C03B937E510EA96A2D1.apk	0	0	0	0.0119	0	0	0.7755	0	0.2126	0.0714	0.1429	0.7857	0.3265	0.0408	0.6327	0.2135	0.0004	0.7861	0.2474	0.0005	0.7521	0.5	0	0.5	0	0.9859	0	0.0141	0
300AF0268B41DB83AF88C01B42D6598CDD1822A886E708AA937E4462A837AE20.apk	0.9374	0.0044	0	0.0391	0.0123	0	0.006	0.0002	0.0005	0.0035	0.1444	0.8521	0.0073	0.132	0.8608	0.0005	0.0172	0.9823	0.0005	0.0173	0.9823	0.625	0.25	0.125	0	0.7985	0.1867	0.0148	0
30558A02C9C421584121C993BA4B8666D9F28A9AD6B4ED477F88A539403D0512.apk	0	0	0	0.0485	0.0019	0	0.7303	0.0466	0.1728	0.1628	0.093	0.7442	0.3628	0.0619	0.5752	0.1735	0.0485	0.778	0.1735	0.0485	0.778	0.6667	0	0.3333	0	0.98	0	0.02	0
308F47DA528254875D45E06C70CDE2C0DF834FCA8EF4AAE7E82C62E70D0D8EDF.apk	0.9201	0	0	0.0011	0	0	0.0691	0	0.0098	0.0616	0.0137	0.9247	0.0411	0.0051	0.9537	0.0106	0.0001	0.9893	0.0106	0.0001	0.9893	0.375	0.25	0.375	0	0.8881	0.0604	0.0515	0
30B3842FBEFFF055E74F6599DAC76D1B24A6360EF13AFCB75A841D8C3A9AF7D9.apk	0	0	0	0.7804	0.1226	0	0.0929	0	0.0041	0.0667	0.2667	0.6667	0.0976	0.2846	0.6179	0.0042	0.1227	0.873	0.0042	0.1227	0.873	0.7143	0	0.2857	0	0.9841	0	0.0159	0
31DE6CACC56D46A4886C0599CC86D6B56938BAD2085975B8620F87437C89B0B0.apk	0	0	0	0.0095	0.0004	0	0.6951	0.0001	0.2949	0.3699	0.0411	0.589	0.3822	0.0356	0.5822	0.295	0.0005	0.7045	0.295	0.0005	0.7045	1	0	0	0	1	0	0	0
32220DEA740F99872B77CDB9644B976ACB03A93BE20B57E8DEDCD46BE960DEBC.apk	0	0	0	0.3869	0.1797	0	0.2908	0.0928	0.0498	0.2849	0.371	0.3441	0.1911	0.4786	0.3304	0.0498	0.2726	0.6775	0.0498	0.2726	0.6775	0.6	0	0	0.4	0.9971	0	0	0.0029
33388C4EAFD4DC676F2CD5773507832BC1B9E465C7854630AF35660DD3ADDE0D.apk	0	0	0	0.9456	0.0194	0	0.0181	0.0138	0.0031	0.1707	0.1463	0.6829	0.2326	0.1395	0.6279	0.0031	0.0332	0.9636	0.0031	0.0332	0.9636	1	0	0	0	1	0	0	0
333FBEBA4BD33E3E88E052E473139CA4BDBD734152BB002029B9D7D641FCF1FE.apk	0	0	0	0.0003	0.0001	0	0.9795	0	0.0201	0.2653	0.0612	0.6735	0.2574	0.0297	0.7129	0.0202	0.0001	0.9797	0.0202	0.0001	0.9797	0.5	0	0.5	0	0.9639	0	0.0361	0
34E6AC5EA065F17674CA563350528D97C79F48DA86ECBBD8F9605F3101831C1F.apk	0.0582	0	0	0.0489	0.0075	0.0001	0.773	0.0004	0.1119	0.3365	0.044	0.6195	0.2883	0.0785	0.6331	0.1124	0.008	0.8796	0.1124	0.008	0.8796	0.6957	0.087	0.2174	0	0.9521	0.0015	0.0464	0
34EF8D40F437ADFC7D735AD87AE64F1A0EA3511D007EE744C97C9A9951656527.apk	0	0	0	0.6577	0.2563	0	0.0573	0.0287	0	0.0169	0.4746	0.5085	0.0122	0.6098	0.378	0.0003	0.2939	0.7057	0.0003	0.2939	0.7057	0.2308	0.2308	0.5385	0	0.9603	0.0157	0.024	0
3511605D5F2BEC0F3BAFCDE90F5EBBF74664D405070D089C60033FA58F332E12.apk	0.9463	0	0	0.029	0.0181	0	0.0066	0	0	0.0075	0.0602	0.9323	0.0056	0.039	0.9554	0	0.0182	0.9818	0	0.0182	0.9818	0.5	0	0.5	0	0.8319	0	0.1681	0
357A86BA51B93BB84889B8EE84ED45EA6A7CE46FACAFB58B547598ABEC1D05FA.apk	0.0797	0	0	0.7054	0.1531	0	0.0368	0.0128	0.0122	0.0581	0.2209	0.7209	0.0373	0.3278	0.6349	0.0124	0.1673	0.8203	0.0124	0.1673	0.8203	1	0	0	0	1	0	0	0
35ADF5BDB88C1A304FA1AA0116031F345E189210ABD708DE503CBA65533A1071.apk	0.12	0	0	0.5444	0.2759	0.0004	0.0306	0.0224	0.0063	0.0103	0.4414	0.5483	0.0191	0.4658	0.515	0.0067	0.2986	0.6947	0.0067	0.2986	0.6947	0.5556	0	0.4444	0	0.5537	0	0.4463	0
35B23FAAA19579B8FF18D89F32E87447B556EB0B827C780B957D2FF790C2B132.apk	0.0012	0	0	0.163	0.1042	0	0.7312	0.0004	0.0001	0.03	0.445	0.525	0.0204	0.5547	0.4249	0.0001	0.1056	0.8942	0.0001	0.1056	0.8942	0.2857	0.5	0.2143	0	0.4993	0.4284	0.0723	0
35F9B6DE5C2E4F86244E6C18E28C854C9F278DB5A8E3BCBF1C4D75612991838F.apk	0	0	0	0	0	0	0.8333	0	0.1667	0.4667	0	0.5333	0.3059	0	0.6941	0.1672	0	0.8328	0.1672	0	0.8328	1	0	0	0	1	0	0	0
3635734D81C7051373733DA8B01789FE43047EA0573F042A29F94F78412CE189.apk	0.0729	0	0	0.715	0.1532	0	0.0341	0.0126	0.0123	0.0581	0.2209	0.7209	0.0426	0.3191	0.6383	0.0125	0.1671	0.8204	0.0125	0.1671	0.8204	1	0	0	0	1	0	0	0
3719A4DD128223B75608276929AB493459A32D8B9E010BB5788DF03B581A6176.apk	0	0	0	0.5591	0.2211	0.0001	0.191	0	0.0287	0.1266	0.2278	0.6456	0.1256	0.278	0.5964	0.0298	0.2217	0.7486	0.0298	0.2217	0.7486	0.625	0.125	0.25	0	0.5543	0.4432	0.0025	0
375A96C7A2A03AA18CD62C2D800BEAB18E62AEE657CDFBF967AD8251A0AF39C2.apk	0.0154	0	0	0.4483	0.1053	0.0001	0.3691	0.0036	0.0582	0.0364	0.4211	0.5425	0.0418	0.5157	0.4426	0.0582	0.1108	0.831	0.0582	0.1109	0.8309	0.3125	0.25	0.4375	0	0.9797	0.0141	0.0062	0
376A85996E417A0A268E8349FEBB1081748F89421C2A667B7C205F7CD2B9720D.apk	0.8504	0	0	0	0	0	0.1206	0	0.029	0.0966	0	0.9034	0.0775	0	0.9225	0.0291	0	0.9709	0.0291	0	0.9709	0.6	0	0.4	0	0.9114	0	0.0886	0
37AC42D928067D5E756DE7FE32733E0E7808C7593C8BEE00355AE30F932971DF.apk	0	0	0	0	0	0	0	0	0	0	0	0	0	0	0	0	0	0	0	0	0	0	0	0	0	0	0	0	0
37F1634ED06496F29F2C2F4EB3515EE803CC66432A49A2E10747E3F15495E41D.apk	0	0	0	0.8333	0	0	0	0.1667	0	0.2	0.2	0.6	0.125	0.25	0.625	0.0008	0.1672	0.832	0.0008	0.1672	0.832	1	0	0	0	1	0	0	0
38E631B3E19EC6ABE12B6D654FC7127CF6A293F2929019B33C73363EB6D21258.apk	0.0001	0	0	0.8505	0.1494	0	0	0	0	0	0.5729	0.4271	0	0.6532	0.3468	0	0.1497	0.8503	0	0.1497	0.8503	0.2222	0.4444	0.3333	0	0.9834	0.0126	0.004	0
3AA3E1813BFE7725BE8A3808D0502DB8358EA1C93B53EB5323CE9332961E1A13.apk	0.0143	0	0	0.5374	0.4014	0	0.036	0.0063	0.0046	0.0753	0.3836	0.5411	0.044	0.5077	0.4484	0.0049	0.4084	0.5868	0.0049	0.4084	0.5868	0.2308	0.5385	0.2308	0	0.5012	0.49	0.0088	0
3B640AC9A6B2F0ACEE9C8466CC3CA3BF3E390BBD2EA59345A68FCFB599BCB4BD.apk	0	0	0	0.657	0.3419	0	0.0004	0.0007	0.0001	0.0064	0.4968	0.4968	0.0151	0.5695	0.4154	0.0001	0.3427	0.6572	0.0001	0.3427	0.6572	0.2857	0.7143	0	0	0.7783	0.2217	0	0
3C2C2E26E78C19E539F458E66A684F5BCDDA0DB326C1DC5ECA9370C4D5D25FEC.apk	0	0	0	0.483	0.0788	0	0.3748	0.0298	0.0336	0.0669	0.4603	0.4728	0.0402	0.5331	0.4267	0.0337	0.1119	0.8545	0.0337	0.1119	0.8545	0.4	0.3	0.3	0	0.96	0.0333	0.0066	0
3CD0721B59DF1A619955D8D4AB09C4F16AF615D57E3BDC970303D3AADADDDF50.apk	0.0153	0	0	0.7855	0.1992	0	0	0	0	0	0.5273	0.4727	0	0.5157	0.4843	0	0.2009	0.7991	0	0.2011	0.7989	0.5	0	0.5	0	0.8465	0	0.1535	0
3D8861EAE6E166FCDEE76E8ED0C832C104082F0E2F311FD5FC17DE0A6DBB46E3.apk	0	0	0	0.6905	0.119	0	0.1667	0.0238	0	0.0526	0.2632	0.6842	0.0606	0.2424	0.697	0.0003	0.1433	0.8564	0.0003	0.1433	0.8564	1	0	0	0	1	0	0	0
3E9853E54B33C40035F237E198F673C856C90E5FDCA0FA3DBBD0EEC18BDD3276.apk	0.7951	0.0055	0	0.0229	0.0094	0	0.1405	0.0001	0.0266	0.0446	0.1369	0.8185	0.0374	0.1285	0.8341	0.0266	0.0151	0.9583	0.0267	0.0152	0.9582	0.5714	0.2857	0.1429	0	0.8072	0.1752	0.0176	0
3FB94D9D06C41A00D3D9A0BDE9F8D0911093E533BA7F75CBD4AFEDBF4F0EE9C6.apk	0	0	0	0.8928	0.1072	0	0	0	0	0	0.3036	0.6964	0	0.3366	0.6634	0	0.1179	0.8821	0	0.1189	0.8811	1	0	0	0	1	0	0	0
40894BC37CE2E6C1659A9979F16CBC7C7B0705F3CE61942D2090F624D8A89733.apk	0	0	0	0.3578	0.1104	0.0044	0.2133	0.2128	0.1013	0.1796	0.3398	0.4806	0.2441	0.3752	0.3808	0.1059	0.3233	0.5708	0.1059	0.3233	0.5708	0.7778	0	0	0.2222	0.9715	0	0	0.0285
42CEFB3F442376078ABB741E85F6CDFD72CA3AE0FBAEC6B73CDB2D46775192C0.apk	0.1115	0	0	0.4769	0.4116	0	0	0	0	0	0.479	0.521	0	0.5599	0.4401	0	0.4124	0.5876	0	0.4124	0.5876	0.2857	0.3571	0.3571	0	0.7	0.2832	0.0168	0
439C3051C1C136832375A99F874584A6DA6669A65D8070E72BED09C83F22F118.apk	0	0	0	0.5876	0.4117	0	0	0.0008	0	0.0159	0.4921	0.4921	0.0075	0.5373	0.4552	0	0.4125	0.5875	0	0.4125	0.5875	0.5	0	0.5	0	0.8389	0	0.1611	0
43E82D4E959EC28417C7BC21BF02666D18D086A9E28D94E6146FF4F0C45EE7E8.apk	0.9358	0.0061	0	0.041	0.0158	0	0.0009	0.0002	0.0003	0.0152	0.2121	0.7727	0.0082	0.2295	0.7623	0.0003	0.0223	0.9774	0.0003	0.0223	0.9773	0.6	0.4	0	0	0.5899	0.4101	0	0
444F07F3D67BD372DE110CC5761EFCA3E59EC66D71B85EC481965D4F0C63F084.apk	0.0289	0	0	0.6864	0.2847	0	0	0	0	0	0.459	0.541	0	0.5614	0.4386	0	0.2874	0.7126	0	0.2915	0.7085	0.1667	0.5833	0.25	0	0.7624	0.2276	0.0101	0
453C05975E8D67CC7D23418CEBEADC08FE59883EA5EA7AF00C086A9569EFB82E.apk	0.0018	0	0	0.6902	0.307	0	0.0004	0.0005	0	0.0048	0.4976	0.4976	0.0119	0.5616	0.4265	0.0001	0.3077	0.6923	0.0001	0.3077	0.6923	0.2143	0.5	0.2857	0	0.657	0.3118	0.0312	0
458209DF5B6106BBC361532315117D370AF554DC20F6814ADFBB2D58BAAB2153.apk	0.0271	0.0001	0	0.6673	0.234	0.001	0.0571	0.0119	0.0015	0.0511	0.4313	0.5176	0.0726	0.4462	0.4812	0.0027	0.2464	0.7509	0.0027	0.2464	0.7509	1	0	0	0	1	0	0	0
45BBD0844FE531E85658F7FE17C20552A1848F8A9885AAE4D761811CA8819CB9.apk	0	0	0	0.9545	0.0455	0	0	0	0	0	0.1667	0.8333	0	0.25	0.75	0	0.046	0.954	0	0.046	0.954	0	0	0	0	0	0	0	0
45FD229E903F74B21A535358645BF456BCBE1D0408DEA9DC19BED4AFB9E77E24.apk	0	0	0	0.6559	0.3226	0	0.0215	0	0	0.0357	0.3571	0.6071	0.0385	0.4808	0.4808	0.0001	0.3231	0.6767	0.0001	0.3231	0.6767	0	0	0	0	0	0	0	0
464B628CE3C0260A2BEAB8682A06C80370EDCF228EC0F5DEB0DF1387F90D9A16.apk	0	0	0	0.0086	0.0043	0	0.5448	0.0001	0.4422	0.3666	0.2186	0.4148	0.397	0.247	0.3561	0.4421	0.0049	0.5531	0.4421	0.0049	0.5531	0.5	0.3333	0.1667	0	0.7765	0.1956	0.0279	0
48F3A0F9BDEFFE8BC781155FE3177F42033E56DECAAC0AD427A8DAB55F843B29.apk	0	0	0	0	0	0	0	0	0	0	0	0	0	0	0	0	0	0	0	0	0	0	0	0	0	0	0	0	0
48FE6EB3C6756F114137BB9A5933924D9377592DECACAA175F27B28CEF0088D5.apk	0	0	0	0.0006	0.0003	0	0.6212	0	0.3779	0.2459	0.0492	0.7049	0.2886	0.0201	0.6913	0.3778	0.0003	0.6219	0.3778	0.0003	0.6219	0.625	0	0.375	0	0.955	0	0.045	0
4956C24F6B88A8DB6BAB11F94DCC5C748C4619632AB5BA1BC30DE1AD4E0C5CCE.apk	0.0158	0	0	0	0	0	0.9496	0	0.0346	0.2245	0	0.7755	0.2041	0	0.7959	0.0355	0	0.9645	0.0355	0	0.9645	1	0	0	0	1	0	0	0
4A6B343D0AFD92E58232B190EBFF07559E2A0DA4F5EF2DEF30C0A0060D504D36.apk	0	0	0	0	0	0	0.75	0	0.25	0.4444	0	0.5556	0.5455	0	0.4545	0.2524	0	0.7476	0.2524	0	0.7476	0.75	0.25	0	0	0.9981	0.0019	0	0
4A8EA106C56A593B13220787DE2D58656041BAE53C38911D3B730378F4AB13AD.apk	0	0	0	0.752	0.248	0	0	0	0	0	0.6265	0.3735	0	0.628	0.372	0	0.2497	0.7503	0	0.2497	0.7503	0.4681	0.0426	0.4468	0.0426	0.7242	0.2231	0.0365	0.0161
4B4AAC75C4CB3FE6C02473479B581118C3711D1A4F1D4E691F30C95337BF1C88.apk	0	0	0	0.6941	0.3058	0	0	0	0	0	0.5211	0.4789	0	0.6145	0.3855	0	0.306	0.694	0	0.306	0.694	0.2222	0.5556	0.2222	0	0.9993	0.0006	0.0001	0
4BA99D0292A2DFAB93EEE59A44AF22579E8B9A5C61AF9F2A8191227A551B28C7.apk	0	0	0	0.6364	0.3636	0	0	0	0	0	0.4828	0.5172	0	0.5532	0.4468	0	0.3644	0.6356	0	0.3644	0.6356	1	0	0	0	1	0	0	0
4C6F8B5CD0FAC6BAA6D4F950D78E67BB0B2109943735D2E2031770B413425A6F.apk	0.1258	0.0102	0	0.8124	0.0516	0	0	0	0	0.0035	0.344	0.6525	0.0017	0.4409	0.5574	0	0.0622	0.9378	0	0.0622	0.9378	0.45	0.4	0.15	0	0.9716	0.0259	0.0025	0
4C805386EEC7DD62E9E48D63921E1160F9FC3EA0F6605E948926337BB51082F7.apk	0	0	0	0	0	0	0.2841	0	0.7159	0.3409	0.0227	0.6364	0.4303	0.0082	0.5615	0.7158	0	0.2841	0.7159	0	0.2841	0.8	0	0.2	0	0.9862	0	0.0138	0
4CE6A88333A5209A94D433E2DF0E6FA13C9577787B15A9D662686AE7174C5EEC.apk	0	0	0	0.841	0.0071	0	0.1258	0.0028	0.0232	0.3382	0.0735	0.5882	0.2663	0.0947	0.6391	0.0247	0.0105	0.9648	0.0247	0.0105	0.9648	0.8	0	0.2	0	0.9928	0	0.0072	0
4D539E0D251982F766AA8E1B33D86B17BC3D0406C8551F24EE51DD00401188CD.apk	0	0	0	0.8082	0.1706	0	0.0089	0.0103	0.0021	0.0469	0.3594	0.5938	0.0391	0.3799	0.581	0.0024	0.1826	0.815	0.0024	0.1833	0.8143	0.4444	0	0.5556	0	0.6929	0	0.3071	0
4D9BECCD90C498FB94A0F2946159BAAB1CB84B967C11DA087E2E1343FFA8DD62.apk	0	0	0	0	0	0	0.935	0	0.065	0.2787	0	0.7213	0.3434	0	0.6566	0.0657	0	0.9343	0.0657	0	0.9343	0.8	0	0.2	0	0.9898	0	0.0102	0
4DA404D13E913FC3E57B28D635D8FE3C2BA3983B86E8A217476C08616FCB8A8A.apk	0.8044	0.0006	0	0.1738	0.0204	0	0.0007	0	0	0.0351	0.2544	0.7105	0.0301	0.287	0.6829	0.0001	0.0213	0.9786	0.0001	0.0213	0.9786	1	0	0	0	1	0	0	0
4F7E624D8694BD280E5BF0E196AD690A7E312856B16E97B4809FD5C041AF97F3.apk	0.4945	0.003	0	0.187	0.0685	0	0.2448	0.0003	0.0018	0.0395	0.25	0.7105	0.0359	0.2987	0.6654	0.0018	0.0723	0.9259	0.0018	0.0724	0.9258	0.4444	0.4444	0.1111	0	0.7119	0.2663	0.0218	0
505C9C2D78C49801212C9F43675B0656168BBFAC1F64977F0B77519D3B707603.apk	0	0	0	0	0	0	0.6667	0	0.3333	0.4615	0	0.5385	0.5882	0	0.4118	0.335	0	0.665	0.335	0	0.665	0.8	0.2	0	0	0.9989	0.0011	0	0
50E5C05B49345D5326E42B1C00B5202EE3370126E683B9BCD41A01E29A8B6C6C.apk	0	0	0	0.8236	0.1296	0.0002	0.0314	0	0.0152	0.1053	0.2632	0.6316	0.2274	0.2924	0.4801	0.0158	0.1299	0.8543	0.0158	0.1299	0.8543	0.5	0.25	0.25	0	0.4239	0.5367	0.0394	0
50F19BA9AE0EC6B3D4242CEE91CC85FBC0582ECA280B6ADF541994A23A37CC5A.apk	0	0	0	0.8346	0.1506	0	0	0.0148	0	0.037	0.2963	0.6667	0.0196	0.3137	0.6667	0.0001	0.1661	0.8338	0.0001	0.1661	0.8338	0.5	0	0.5	0	0.8462	0	0.1538	0
5177A6523404D6D5C265F0443D39DCECE32675BE4D495ED0DD9FD367FC4AFB4B.apk	0	0	0	0.7179	0.1795	0	0	0.0769	0.0256	0.1053	0.3684	0.5263	0.0938	0.3125	0.5938	0.026	0.2567	0.7173	0.026	0.2567	0.7173	0.75	0.25	0	0	0.5016	0.4984	0	0
527ED621FD6329D9229D6156159EF60CB1C579DE17D50265693733B2EC08AEEC.apk	0	0	0	0.8137	0.1711	0	0.0093	0.0035	0.0023	0.0526	0.3158	0.6316	0.0385	0.3141	0.6474	0.0026	0.1758	0.8215	0.0026	0.1765	0.8209	0.6667	0	0.3333	0	0.6053	0	0.3947	0
54D64125349C2388610F628CB7C6FF8D12B3B4B9362BA6251B9AC70AD302495F.apk	0	0	0	0.0028	0	0	0.8557	0	0.1414	0.2821	0.0769	0.641	0.2657	0.087	0.6473	0.1414	0.0001	0.8585	0.1414	0.0001	0.8585	0.6	0.4	0	0	0.8514	0.1486	0	0
54FB07412BDC51CF8A9CA6A56314E0B19E6C597E2AE0091CCAF99DC53B5226CF.apk	0	0	0	0.0087	0.0015	0	0.2865	0	0.7033	0.2593	0.0864	0.6543	0.5818	0.0663	0.352	0.7033	0.0015	0.2952	0.7033	0.0015	0.2952	0.6	0	0.4	0	0.9583	0	0.0417	0
557CA540D5A5B388B3EE6FC931489689EE8C830158ECB1EBF27E80AB35C93485.apk	0.0037	0.0001	0	0.9891	0.0072	0	0	0	0	0.0047	0.3318	0.6635	0.0014	0.3857	0.613	0	0.0074	0.9926	0	0.0074	0.9926	0.6667	0.3333	0	0	0.9442	0.0558	0	0
5645100CAB79E66F729FD37E6E3599FD8F7433C6EA30CF4C357872960F70F585.apk	0	0	0	0	0	0	0.75	0	0.25	0.4444	0	0.5556	0.5455	0	0.4545	0.2519	0	0.7481	0.2519	0	0.7481	0.75	0.25	0	0	0.9985	0.0015	0	0
567E307C2481DEA88CD9FBEF3761A5E16B003A683F8CCD84ABF1FBF3C0943051.apk	0	0	0	0.661	0.339	0	0	0	0	0	0.56	0.44	0	0.5697	0.4303	0	0.3399	0.6601	0	0.3399	0.6601	0.4884	0.0465	0.4186	0.0465	0.8336	0.1428	0.0204	0.0033
583FFA25915EEB6C6B33F0F2DE16D6B246B696D7AA0767452DF8007835BC90EA.apk	0	0	0	0.6527	0.3187	0	0.0218	0.0068	0	0.02	0.36	0.62	0.024	0.52	0.456	0	0.3258	0.6741	0	0.3258	0.6741	1	0	0	0	1	0	0	0
58D84E12AC511A9657BDA48188082B186F7ADAA0FB6C687768B038494113C8C9.apk	0.011	0.0163	0	0.7162	0.2565	0	0	0	0	0.0094	0.4575	0.533	0.0031	0.5846	0.4123	0	0.273	0.727	0	0.273	0.727	1	0	0	0	1	0	0	0
5974FD778E72400999DB5CDED80FE89C060DF2DA5DB1B81C8670F4F0B8146C14.apk	0.8774	0.0039	0	0.0795	0.0344	0	0.0027	0.0014	0.0007	0.0421	0.2277	0.7302	0.0219	0.2313	0.7468	0.0007	0.04	0.9593	0.0007	0.04	0.9592	0.75	0.1667	0.0833	0	0.7076	0.2688	0.0236	0
5A439541D5711CA56051E9624F813D39037D0291D397A05CEE832CCC3CDD7CFE.apk	0.8005	0.0057	0	0.0231	0.0099	0	0.1361	0.0001	0.0246	0.0446	0.1369	0.8185	0.0374	0.1285	0.8341	0.0246	0.0159	0.9595	0.0247	0.0159	0.9594	0.5714	0.2857	0.1429	0	0.7892	0.1925	0.0183	0
5A84DB8B8CB37351A47BBD109A307BB67FE338E69676B35EA37BD1E9CEFF9242.apk	0	0	0	0	0	0	0.9751	0	0.0249	0.1944	0	0.8056	0.1528	0	0.8472	0.0283	0	0.9717	0.0283	0	0.9717	1	0	0	0	1	0	0	0
5C4CBEC594600CF18940B4DB35BF1FA817EC72CAC4B83299DC48DF91ACFFE4FE.apk	0	0	0	0.8554	0.1446	0	0	0	0	0	0.2439	0.7561	0	0.339	0.661	0	0.1459	0.8541	0	0.1459	0.8541	1	0	0	0	1	0	0	0
5CCEBE7C05C56B0ECB13D512DFF69BA90E9A022EDD5A5BCE3AEA0FE570E63FCC.apk	0.9335	0.0057	0	0.0432	0.0162	0	0.001	0.0002	0.0003	0.0152	0.2081	0.7766	0.0083	0.2252	0.7665	0.0003	0.0222	0.9774	0.0003	0.0223	0.9773	0.6	0.4	0	0	0.5924	0.4076	0	0
5D4900077C2116C6E53B6B9D7B3056B63369584C7268F3BA2A3F2CD45F5E247D.apk	0	0	0	0	0	0	0.9751	0	0.0249	0.2162	0	0.7838	0.1757	0	0.8243	0.027	0	0.973	0.027	0	0.973	1	0	0	0	1	0	0	0
5FCEC6C5D0CCDF9812422255DEB8FA270A6BA07FCAEBC7BF9E7C6BEEAAAA91F6.apk	0.5504	0.0471	0	0.3081	0.0942	0	0	0.0002	0	0.0041	0.2075	0.7884	0.0017	0.2293	0.769	0	0.1416	0.8584	0	0.1419	0.8581	0.625	0.25	0.125	0	0.5668	0.3825	0.0507	0
5FEE05BAEEEF8A2B33540D7691D2A0E5699FE6B1C3C3122E6DF7139FD468504C.apk	0.0797	0	0	0.5454	0.3749	0	0	0	0	0	0.418	0.582	0	0.4681	0.5319	0	0.3755	0.6245	0	0.3755	0.6245	0.5833	0.4167	0	0	0.9243	0.0757	0	0
60F652B01246BEA19CF9859FB5CCEA647EB33174FCC84ACCE64717ECC3123924.apk	0	0	0	0	0	0	0.8455	0	0.1545	0.4262	0	0.5738	0.4145	0	0.5855	0.1545	0	0.8455	0.1545	0	0.8455	1	0	0	0	1	0	0	0
629307C19FC70B875075C145E6FBA2C69DDC6354B2CD374CD8A01628C137714E.apk	0	0	0	0	0	0	0	0	0	0	0	0	0	0	0	0	0	0	0	0	0	0	0	0	0	0	0	0	0
62BC00CED55685AAC2E07FB241B3320B9191332B6073495531F3E28C3AC8D2D0.apk	0	0	0	0.8465	0.1447	0	0.0041	0.0046	0	0.013	0.2857	0.7013	0.0101	0.4121	0.5779	0	0.1498	0.8502	0	0.1498	0.8502	0.5	0.25	0.25	0	0.8332	0.0011	0.1658	0
64C7353F7E6B4834FE92036A02EC357DA2EA2E260D60C5A0CCED80E52EC5FF51.apk	0	0	0	0.1488	0.1092	0.003	0.4505	0.1625	0.126	0.2529	0.1609	0.5862	0.355	0.1925	0.4525	0.1291	0.2717	0.5992	0.1291	0.2717	0.5992	1	0	0	0	1	0	0	0
6542E5B1605E1A70BFD109854CAF4616A18A937BE3E8D5BCFF79381963962CA0.apk	0	0	0	0.3824	0.0041	0	0.502	0.0004	0.111	0.2778	0.0556	0.6667	0.3568	0.0704	0.5729	0.1121	0.0048	0.8831	0.1121	0.0048	0.8831	1	0	0	0	1	0	0	0
6570D83D1AF3276458201F317956B45340A58DC0439D7F8E90D649E80287D610.apk	0	0	0	0.5714	0.2857	0	0.1429	0	0	0.0833	0.3333	0.5833	0.1176	0.4118	0.4706	0.0007	0.2865	0.7128	0.0007	0.2865	0.7128	0	0	0	0	0	0	0	0
6687F7F601237C1DE9557ED59954B63DBC6BCA343029C3F625F96298EB766760.apk	0	0	0	0.6559	0.3226	0	0.0215	0	0	0.0357	0.3571	0.6071	0.0385	0.4808	0.4808	0.0001	0.3231	0.6768	0.0001	0.3231	0.6768	0	0	0	0	0	0	0	0
67331DD8980F265059BAAC16BA9BD2C043E0C54194BE1A657BAA43F52621976A.apk	0	0.0013	0	0.8321	0.1641	0	0.0026	0	0	0.0182	0.4364	0.5455	0.0109	0.413	0.5761	0	0.1661	0.8338	0	0.1664	0.8336	0.5	0	0.5	0	0.5985	0	0.4015	0
682859CC84390C3E253E7CCAF2E7D45A692F018C4BD5A05FEB25A0EFD0606DB3.apk	0	0	0	0	0	0	0.5952	0	0.4048	0.5385	0	0.4615	0.5294	0	0.4706	0.4053	0	0.5947	0.4053	0	0.5947	0.8	0.2	0	0	0.9995	0.0005	0	0
6A291BC3FCD6ACAF88DA3AC5B2B17637A6D23067DBAAB1C45286BD37F10B0F21.apk	0	0	0	0.8473	0.1334	0	0.0172	0	0.0021	0.0652	0.2826	0.6522	0.0427	0.2991	0.6581	0.0022	0.1336	0.8643	0.0022	0.1336	0.8643	0.7143	0	0.2857	0	0.9626	0	0.0374	0
6A6967223FBC5A44837333A655F7C1D698CEA2B1553CE129CB205CA39B4F379C.apk	0.4354	0	0	0.0982	0.0215	0	0.3122	0.045	0.0877	0.1528	0.125	0.7222	0.2562	0.0739	0.67	0.0884	0.0665	0.8451	0.0887	0.0668	0.8446	1	0	0	0	1	0	0	0
6BA4E267C191669650D415E7538E25BB9B9B6374E7C395DB0E33FEC7363541D3.apk	0.006	0	0	0.3242	0.1961	0	0.4145	0.0355	0.0237	0.0925	0.3642	0.5434	0.0572	0.4773	0.4655	0.0238	0.2325	0.7437	0.0238	0.2325	0.7437	0.2941	0.4118	0.2941	0	0.6421	0.2755	0.0824	0
6C45E87BB8A946B43BD7A8352100B56582547B9C2E457CB8669D8F35F7E13A9E.apk	0	0	0	0.625	0.375	0	0	0	0	0	0.3636	0.6364	0	0.5	0.5	0	0.3761	0.6239	0	0.3761	0.6239	1	0	0	0	1	0	0	0
6D9520435F86CDEDD400B03F70CE7E0078578EAC089FE21D842F4ECAA111BD55.apk	0	0	0	0	0	0	0.8283	0	0.1717	0.4394	0	0.5606	0.464	0	0.536	0.174	0	0.826	0.1747	0	0.8253	0.6667	0.3333	0	0	0.9486	0.0514	0	0
6DECEA863593EF9DF825C2A661EF3A36888654EB59FC81EE07E9733249AFC2A9.apk	0	0	0	0	0	0	0.6667	0	0.3333	0.4615	0	0.5385	0.5882	0	0.4118	0.3348	0	0.6652	0.3348	0	0.6652	0.8	0.2	0	0	0.999	0.001	0	0
6E54E6D1F2803E4E31FDD58B730C5907D5F36F3FFB9FBF62F8550580B63E10C0.apk	0	0	0	0.0725	0.0203	0	0.6386	0	0.2686	0.1176	0.3382	0.5441	0.078	0.4113	0.5108	0.2641	0.0294	0.7064	0.2642	0.0294	0.7063	0.2727	0.1818	0.5455	0	0.811	0.0079	0.1811	0
6F1D49ADA84C94876F44141D4FEDC0BB1EF91BE5CF77EDC4A69EE66BC2AF2731.apk	0.0378	0	0	0.4783	0.2054	0	0.2752	0.0023	0.0011	0.0291	0.4012	0.5698	0.0216	0.5581	0.4203	0.0015	0.2156	0.7829	0.0015	0.2164	0.7821	0.1875	0.5	0.3125	0	0.8127	0.1608	0.0265	0
6F56531F5B9EF240EAFD22CAF86A1B2036A4D88E64B46A8D5419EA245AF1663F.apk	0.9104	0.0091	0	0.0557	0.021	0	0.003	0.0002	0.0007	0.0203	0.2183	0.7614	0.0106	0.2283	0.7611	0.0007	0.0304	0.9689	0.0007	0.0305	0.9688	0.6	0.4	0	0	0.6207	0.3793	0	0
6F68FB687F0A4EFACA7248EFC8957048A45FE82424DC6F93DA1ABCFD606C9C52.apk	0.0443	0.0047	0	0.9344	0.0164	0	0.0001	0	0	0.0075	0.427	0.5655	0.0069	0.3333	0.6597	0.0001	0.0213	0.9786	0.0001	0.0213	0.9786	0.5	0	0.5	0	0.9624	0	0.0376	0
7027205245FCE45FFD6FAB0B46AC1AE0EF5BA80C4BA7087CD9F97199B60574E9.apk	0	0	0	0	0	0	1	0	0	0.5	0	0.5	0.4	0	0.6	0.0426	0	0.9574	0.0426	0	0.9574	1	0	0	0	1	0	0	0
71597E159EA42DFBD8296802E65D591DBBE72DEC2389F58437F9A5499B9321FD.apk	0.0682	0.1297	0	0.6757	0.1263	0	0	0	0	0.0071	0.2929	0.7	0.0017	0.4459	0.5524	0	0.256	0.744	0	0.256	0.744	0.6667	0.1111	0.2222	0	0.4925	0.4993	0.0082	0
71819DF42C0DF40E629EA1D4FA4DE7A84B0F0155E86E6DA1FB1194658C9C699A.apk	0	0	0	1	0	0	0	0	0	0	0.5	0.5	0	0.5	0.5	0	0.0323	0.9677	0	0.0323	0.9677	0	0	1	0	0	0	1	0
71C9B9A18F5778DEEEC4EFC233E018CFB9F03750BB1A1ABFD09100B9D0CF31FF.apk	0.7624	0.0054	0	0.0214	0.0091	0	0.176	0.0001	0.0256	0.0446	0.1369	0.8185	0.0374	0.1285	0.8341	0.0256	0.0148	0.9596	0.0257	0.0148	0.9595	0.5714	0.2857	0.1429	0	0.7976	0.1845	0.0179	0
71EC7B12B08D35145CD13DE373ACEA7C718A4AF7C22B7FF4B42B3A6D92DADB84.apk	0	0	0	0	0	0	0	0	0	0	0	0	0	0	0	0	0	0	0	0	0	0	0	0	0	0	0	0	0
72ACAFA7307BAD1C2264DB85795533C7DB315FD542DE9A92D7F064A09017C739.apk	0	0	0	1	0	0	0	0	0	0	0.5	0.5	0	0.5	0.5	0	0.0057	0.9943	0	0.0057	0.9943	0	0	0	0	0	0	0	0
73234CF5E96536C3D5F8BE455FF447434973C3B07782BC3C3D16565DD12BF740.apk	0.016	0.044	0	0.5379	0.402	0	0	0.0001	0	0.0026	0.4842	0.5132	0.0041	0.4921	0.5038	0	0.4461	0.5538	0	0.4461	0.5538	0.75	0.125	0.125	0	0.9917	0.0045	0.0038	0
735076628808FF49D3B298FF3F9F1ACA27C1EE8D82CCAD3E9267AF3FC4D47DB0.apk	0	0	0	0.032	0.0152	0	0.794	0	0.1588	0.1856	0.299	0.5155	0.0948	0.444	0.4612	0.1586	0.0163	0.825	0.1586	0.0163	0.825	0.2	0.2	0.6	0	0.9923	0.0026	0.0051	0
7443492A8FB95A1202C3D852EA7C36324D5C0DBDEF5A0A630EE96E6E9DDB2BB2.apk	0.1657	0.0221	0	0.4143	0.1823	0	0.1936	0.0166	0.0055	0.0182	0.3091	0.6727	0.0339	0.2881	0.678	0.0056	0.2212	0.7731	0.0056	0.2212	0.7731	0.6667	0	0.3333	0	0.8891	0	0.1109	0
7497A620030731C52487D5A8141CD379C284BEC80163971C949B9E97470BA1F9.apk	0	0	0	0.5093	0.4866	0	0.003	0.0004	0.0008	0.2458	0.25	0.5042	0.2194	0.3001	0.4805	0.001	0.4868	0.5123	0.001	0.4868	0.5123	0.4545	0.0606	0.4242	0.0606	0.7753	0.1793	0.0333	0.0121
74D38C62B0C7F1D04FF7C27753FCE3061914A6BC9A38044F3A4C8A3391831696.apk	0.0691	0	0	0.7248	0.1495	0	0.0333	0.0119	0.0114	0.0581	0.2209	0.7209	0.0413	0.3223	0.6364	0.0116	0.1626	0.8257	0.0116	0.1626	0.8257	1	0	0	0	1	0	0	0
77CF45FA50103C9A1D27E17263F6A355FFB1537D9CA4C3BD4DC440C708A6D2A6.apk	0	0	0	0.8831	0.0849	0	0.0293	0.0022	0.0005	0.0311	0.4152	0.5536	0.0265	0.5275	0.446	0.0006	0.0887	0.9107	0.0006	0.0887	0.9107	0.2105	0.3684	0.4211	0	0.6553	0.2929	0.0518	0
780AAE123672A5D48606DF307569F42BD4D02931C4A157168BE77370DED0D4B5.apk	0.0007	0	0	0.457	0.2614	0	0.0211	0.1668	0.0931	0.1272	0.2717	0.6012	0.1485	0.3102	0.5413	0.0931	0.4281	0.4788	0.0931	0.4281	0.4788	0.4286	0.2857	0.2857	0	0.9712	0.0214	0.0074	0
79095B46134B220C19F37A402AE6580A03FE1434883FBD3622A9F596D7A75EF0.apk	0.0275	0	0	0.5228	0.1378	0	0.2755	0.0319	0.0045	0.1074	0.2752	0.6174	0.096	0.4145	0.4895	0.0057	0.173	0.8213	0.0057	0.173	0.8213	1	0	0	0	1	0	0	0
79D6205A4FB641BDB6C517ACC3237F27610B6A09FC39EEEDF66925E9EE5CF28A.apk	0	0	0	0.1429	0.1429	0	0.2857	0.4286	0	0.25	0.5	0.25	0.3	0.4	0.3	0.0021	0.5702	0.4277	0.0021	0.5702	0.4277	1	0	0	0	1	0	0	0
7A341534CCADB1A0327F004E62C5B9A251EE07E7232F8796ECDD6BDE03F9957B.apk	0	0	0	1	0	0	0	0	0	0	0.5	0.5	0	0.5	0.5	0	0.0312	0.9688	0	0.0312	0.9688	0	0	1	0	0	0	1	0
7BC82AD76FB1A9617C0D5FBDE88D46254FB09032DBBECB00D596D8A72B34837B.apk	0.0002	0	0	0.6199	0.3799	0	0	0	0	0.0059	0.3964	0.5976	0.0026	0.5987	0.3987	0	0.38	0.62	0	0.3807	0.6193	0.375	0.4375	0.1875	0	0.9975	0.0022	0.0003	0
7CD48AA3639CCDA74C26B55D1F2E242D0BFE1CBB17AF0C0CD82BA8DCA948BBCD.apk	0.2221	0	0	0.0036	0.0006	0	0.1453	0	0.6284	0.2867	0.1333	0.58	0.632	0.0572	0.3108	0.6284	0.0006	0.3709	0.6284	0.0006	0.3709	0.6667	0.1111	0.2222	0	0.94	0.0542	0.0058	0
7DA5D5D6A877A8154DCDD35F70DAB7856376B7D7A5136B6ED1512A1CFE3A79AE.apk	0	0	0	0	0	0	1	0	0	0.25	0	0.75	0.3	0	0.7	0.02	0	0.98	0.02	0	0.98	1	0	0	0	1	0	0	0
7E9FF16453736FCA502106EA9C37EA4C7775638193060B9AB386E8024FA6AAD7.apk	0	0	0	0	0	0	0.6667	0	0.3333	0.4615	0	0.5385	0.5882	0	0.4118	0.335	0	0.665	0.335	0	0.665	0.8	0.2	0	0	0.9989	0.0011	0	0
80274638D8251B5A4EDEFCF3FA89CBB08BBF9172A1395584A09788D2A357EEB3.apk	0	0	0	0.8292	0.111	0	0.0561	0.0019	0.0017	0.0425	0.3821	0.5755	0.0206	0.5342	0.4452	0.0018	0.1149	0.8833	0.0018	0.115	0.8833	0.2	0.4	0.4	0	0.846	0.1066	0.0473	0
8036EE2D566D278FC6AC8CE16CA13B9A34F6B0DF3F45299B77CA7714579347DC.apk	0	0	0	0	0	0	0.794	0	0.206	0.4839	0	0.5161	0.5378	0	0.4622	0.2077	0	0.7923	0.2077	0	0.7923	0.7143	0.2857	0	0	0.9409	0.0591	0	0
8043739EBCF3DBCC52924170149C353B8386D92BA19B5B0A84A46D2E991BD402.apk	0	0	0	1	0	0	0	0	0	0	0.5	0.5	0	0.5	0.5	0	0.0048	0.9952	0	0.0048	0.9952	0	0	0	0	0	0	0	0
815531B157278ACF6F72152573364707A1AA8EFD8AE15EB3DFFDBCDBC4D1E41C.apk	0.0032	0	0	0.993	0.0033	0	0.0002	0.0002	0	0.0195	0.4805	0.5	0.0204	0.613	0.3667	0.0001	0.0037	0.9962	0.0001	0.0037	0.9962	0.1875	0.5	0.3125	0	0.5574	0.4177	0.0249	0
820B3EF95A38AA11AFE019AF2A7FE2B8E308CF7818AFE1599BA9EC4F761E385A.apk	0	0	0	0	0	0	0.8764	0	0.1236	0.1579	0	0.8421	0.2955	0	0.7045	0.125	0	0.875	0.125	0	0.875	1	0	0	0	1	0	0	0
82C0AB3A5D54D4104F29122E684AF155683083EA9652FFF4A2A5F94731600D17.apk	0.081	0.0002	0	0.4421	0.084	0	0.2821	0.0522	0.0585	0.216	0.321	0.463	0.2585	0.2926	0.4489	0.0588	0.1366	0.8045	0.0588	0.1366	0.8045	0.75	0	0.25	0	0.8961	0	0.1039	0
82D733D5F5839D79AB8A5CB3C21B519BED33B46248A492F80BCD112FDAB86B5F.apk	0	0	0	0.8115	0.0073	0	0.152	0.0031	0.026	0.3529	0.0735	0.5735	0.2791	0.0988	0.6221	0.0285	0.0112	0.9603	0.0285	0.0112	0.9603	0.8571	0	0.1429	0	0.9943	0	0.0057	0
833D1382A745531FFF0D66941964DFCDCC063AF383984130805AA4443469D11A.apk	0.2672	0.0486	0	0.5577	0.1026	0	0.0149	0.0054	0.0035	0.0494	0.3436	0.607	0.0251	0.4518	0.5231	0.0036	0.1572	0.8393	0.0036	0.1573	0.8391	0.3077	0.2308	0.4615	0	0.7774	0.1171	0.1055	0
8824428F395A67108A1C94D831D83B9B3128C397C8A62CE764BD1786F50D3FD2.apk	0	0	0	0.7521	0.1251	0	0.1119	0.0055	0.0055	0.0222	0.2	0.7778	0.0417	0.2583	0.7	0.0058	0.1319	0.8622	0.0058	0.1319	0.8622	0.4	0	0.6	0	0.929	0	0.071	0
8836677BBE71B557E64163DC0316B91AECEDF622AFB8AA1B7D50720AACED8BD9.apk	0.4608	0	0	0.3245	0.1126	0	0.065	0.0172	0.0199	0.0667	0.2111	0.7222	0.0408	0.302	0.6571	0.0202	0.1322	0.8476	0.0202	0.1322	0.8476	1	0	0	0	1	0	0	0
88EF2DC85FF7A6E0BE060F70EB1B729F4332E920F5DDA5AAB5AED2DBE7BFF5E7.apk	0	0	0	0.7386	0.107	0	0.135	0.006	0.0135	0.2264	0.1226	0.6509	0.2557	0.2159	0.5284	0.0152	0.1137	0.8711	0.0152	0.1137	0.8711	0.9091	0.0909	0	0	0.9997	0.0003	0	0
8AFE5483F2D929209ED080885D55D5A19014D458F30CE1F204DBF907D211E6E7.apk	0	0	0	0.4886	0.2742	0	0.2027	0.0005	0.034	0.1749	0.3453	0.4798	0.194	0.3955	0.4106	0.0387	0.2782	0.6831	0.0387	0.2783	0.683	0.5217	0.2174	0.2609	0	0.9155	0.0626	0.022	0
8C6357F27626AE0A801F513012CFDAF9A089969D25D512E7101A0D1D525310AD.apk	0	0	0	0	0	0	0.5143	0	0.4857	0.6	0	0.4	0.6176	0	0.3824	0.4865	0	0.5135	0.4865	0	0.5135	1	0	0	0	1	0	0	0
8D00BC0F8A804870A0EFBA98AFCF2A98A49555B288313780766D8622A79CF180.apk	0.4144	0.015	0	0.3959	0.1248	0	0.0349	0	0.015	0.0615	0.3385	0.6	0.0427	0.2564	0.7009	0.0151	0.1402	0.8447	0.0151	0.1402	0.8447	0.5	0	0.5	0	0.5836	0	0.4164	0
8D4E024A8C98E264DB624201CB587EEC1E857E65814C2D5DB1CEC348E0EF1D5A.apk	0	0	0	0.4404	0.5577	0	0.0017	0.0001	0.0001	0.0747	0.5125	0.4128	0.0273	0.6107	0.362	0.0001	0.5578	0.4421	0.0001	0.5578	0.4421	0.5	0.2857	0.2143	0	0.7164	0.2479	0.0357	0
8E35E363C5E29F395C83CEED4933C65378E248B9689420480E350EEB6441F27C.apk	0	0	0	0.4974	0.5026	0	0	0	0	0	0.5515	0.4485	0	0.6031	0.3969	0	0.505	0.495	0	0.505	0.495	0.4615	0.3846	0.1538	0	0.4723	0.4871	0.0406	0
8F96A9C4AB3A93479D1E842721887023E27A19BEACD39BB14E3127655C281894.apk	0	0	0	0.3663	0.0241	0	0.5491	0.0079	0.0526	0.2613	0.1441	0.5946	0.2936	0.2493	0.4571	0.0532	0.0308	0.916	0.0532	0.0308	0.916	0.7143	0	0.2857	0	0.9393	0	0.0607	0
90022C6A576A5967C59CD92EE2E47D2396F89C15E03AA40FF4E2401DBCCC1AC3.apk	0	0	0	0.9772	0.0228	0	0	0	0	0	0.3056	0.6944	0	0.3636	0.6364	0	0.0241	0.9759	0	0.0241	0.9759	0.4286	0	0.5714	0	0.6911	0	0.3089	0
905A3CDECBB9BD3ACC50718E7A112F872E66659B05A13185DF6CA4AE53622340.apk	0	0	0	0.9494	0.0506	0	0	0	0	0	0.4341	0.5659	0	0.4448	0.5552	0	0.0536	0.9464	0	0.0536	0.9464	0.4	0.4	0.2	0	0.9934	0.0051	0.0015	0
90F389AAE64AB31573A8F24F6E7E2EFB63C09EB3F033286C0299A1FAF6B6CF41.apk	0	0	0	0.8429	0.0073	0	0.1231	0.0028	0.0239	0.3478	0.0725	0.5797	0.2775	0.0983	0.6243	0.0253	0.0106	0.9642	0.0253	0.0106	0.9642	0.8571	0	0.1429	0	0.993	0	0.007	0
92546567B0295C90353FBCEEBBC456751F0F29CFBCD5C0FE6A4333017505F861.apk	0	0	0	0.5071	0.1384	0	0.3159	0.0052	0.0334	0.16	0.28	0.56	0.1372	0.4024	0.4604	0.0356	0.1492	0.8152	0.0356	0.1492	0.8152	0.5625	0.3125	0.125	0	0.7538	0.2298	0.0164	0
92B20CE266F2322D7B902DD728494C2F6B370653CD8944FFF97829730AFFFBD0.apk	0	0	0	0.6559	0.3226	0	0.0215	0	0	0.0357	0.3571	0.6071	0.0385	0.4808	0.4808	0.0001	0.323	0.6769	0.0001	0.323	0.6769	0	0	0	0	0	0	0	0
9478A239A170F7D162CF43F3AB70E972C0B545FA9CB2E0AB923F4ED6BB8FE7C0.apk	0	0	0	0.8345	0.1507	0	0	0.0148	0	0.037	0.2963	0.6667	0.0196	0.3137	0.6667	0.0001	0.1661	0.8338	0.0001	0.1661	0.8338	0.5	0	0.5	0	0.8584	0	0.1416	0
962E47EF46AD1F071C89A3745BCD0DC2974566D239B282D50117A54D1975788F.apk	0	0	0	0.6025	0.1007	0.0004	0.2879	0.0028	0.0058	0.1277	0.2199	0.6525	0.1377	0.3138	0.5486	0.0119	0.1126	0.8755	0.0119	0.1126	0.8755	0.3333	0.2222	0.4444	0	0.5964	0.0762	0.3274	0
9634CECEDF8A474FA0F1527DEED10CCC9157A7170F31D852916040CE72780512.apk	0.7058	0.0421	0	0.2423	0.0071	0	0.0022	0.0002	0.0003	0.0256	0.1026	0.8718	0.0186	0.0822	0.8992	0.0008	0.0503	0.949	0.0008	0.0503	0.949	0.5	0	0.5	0	0.9928	0	0.0072	0
971E1C6A93C9546B9A124AC3CE02BB1763FB32BDD7736F061383A36D68365935.apk	0.0002	0	0	0.5821	0.4176	0	0	0	0	0.005	0.4271	0.5678	0.0024	0.611	0.3866	0	0.4178	0.5822	0	0.4187	0.5813	0.3333	0.3889	0.2778	0	0.9977	0.002	0.0003	0
97327CB0B40DB59394F6EFD18C79C055623FB0D35906EEC1F2E1B85A19F3F624.apk	0.0111	0	0	0.2801	0.1655	0	0.518	0.0036	0.0217	0.1422	0.299	0.5588	0.1352	0.3859	0.4789	0.0237	0.173	0.8033	0.0237	0.1732	0.8031	0.2222	0.3889	0.3889	0	0.8678	0.1021	0.0301	0
9782DFF1671262DFF6E17E83B89B8497C35BCE6BB782961CB18E759AFE32163D.apk	0	0	0	0	0	0	0.9766	0	0.0234	0.2162	0	0.7838	0.1757	0	0.8243	0.0267	0	0.9733	0.0267	0	0.9733	1	0	0	0	1	0	0	0
979D7386E6B89BF7413459999C2E1E2BC01AB61236E5EF610FE80F70E161275F.apk	0.0757	0	0	0.303	0.0084	0.0009	0.5056	0.0251	0.0813	0.3077	0.0897	0.6026	0.3357	0.0767	0.5875	0.1233	0.0405	0.8362	0.1234	0.0405	0.8361	0.8182	0	0.1818	0	0.9497	0	0.0503	0
97B2CE893CE26F4A76BC8B3D110109D7B2B4945BEEFF05EA6073CD9B235E57B4.apk	0.1604	0	0	0.5867	0.1496	0	0.0642	0.0155	0.0237	0.0794	0.381	0.5397	0.0709	0.378	0.5512	0.0239	0.1663	0.8098	0.0239	0.1663	0.8098	1	0	0	0	1	0	0	0
9854FE5A7D3F9D5373A20EA32474C136984ACBED00F2F25B76F516EB0A6AE246.apk	0.0004	0	0	0.4789	0.237	0	0.0196	0.1708	0.0933	0.1364	0.2841	0.5795	0.1739	0.2947	0.5314	0.0934	0.4078	0.4989	0.0934	0.4078	0.4989	0.375	0.375	0.25	0	0.9619	0.0316	0.0065	0
98C72A6059770BAEA789B602CC90F6ED06B58453792AFD276AC327A8FEA364D9.apk	0	0	0	0.6251	0.1041	0.0004	0.2618	0.0029	0.0057	0.125	0.2279	0.6471	0.1276	0.3243	0.5481	0.0115	0.1166	0.8719	0.0115	0.1167	0.8718	0.3333	0.2222	0.4444	0	0.5631	0.0825	0.3544	0
98FA36B2E4BF3C52250A52D0598496BF724217371E2559AB737B8C9D30C9CEEE.apk	0	0	0	0.8299	0.1701	0	0	0	0	0	0.3253	0.6747	0	0.4696	0.5304	0	0.1706	0.8294	0	0.1706	0.8294	0.3	0.4	0.3	0	0.9875	0.0086	0.0039	0
9A25BFAA382F2D8F374E58FB0240B268548A8157F1677BFA71516C765A6E04D1.apk	0.0084	0	0	0.6293	0.3522	0	0.0088	0.0004	0.001	0.0889	0.1111	0.8	0.0695	0.2059	0.7246	0.0013	0.3518	0.6469	0.0013	0.3518	0.6469	0.7273	0	0.2727	0	0.9791	0	0.0209	0
9C53A04D64524DA52DAD8E1510AA07F3E42A86D56F99C8A3F1239D3842BDB2AB.apk	0.0007	0	0	0.8425	0.156	0	0	0.0007	0	0.0072	0.3623	0.6304	0.002	0.5214	0.4766	0	0.1595	0.8405	0	0.1595	0.8405	0.2632	0.3684	0.3684	0	0.6278	0.3525	0.0197	0
9C8791F7DFB086E93982B1E18F26D68C09B8784B9C7F9E831C53CC5A1ED72FD0.apk	0	0	0	0.3508	0.3649	0	0.1907	0.0207	0.0729	0.1622	0.3514	0.4865	0.1111	0.4028	0.4861	0.0732	0.3857	0.5411	0.0732	0.3857	0.5411	0.5	0	0.5	0	0.9297	0	0.0703	0
9C9A3681D5A9B47E28D3798AE85A5D9C50659A014F1F4E606626FE5FA8DDC666.apk	0	0	0	0.8608	0.1225	0	0.0091	0.0043	0.0034	0.0543	0.3152	0.6304	0.0253	0.4346	0.5401	0.0034	0.1272	0.8693	0.0034	0.1272	0.8693	0.3333	0	0.6667	0	0.8861	0	0.1139	0
9D93F95F43DDACBE1A6158BF256D2451383A6BEA764DA3CE1723C8E9DAD9923B.apk	0	0	0	0	0	0	0	0	0	0	0	0	0	0	0	0	0	0	0	0	0	0	0	0	0	0	0	0	0
9F3C2E28055822BB93684E35BFC85F387D4A8DD81CF33911346458A4D5E2219F.apk	0.1107	0	0	0.5141	0.3752	0	0	0	0	0	0.4257	0.5743	0	0.5295	0.4705	0	0.3761	0.6239	0	0.3761	0.6239	0.2857	0.5	0.2143	0	0.5672	0.4235	0.0093	0
9F6DB20E6F032583B8664492030A0B4CAC7F98F9DF547604B0D50F03A122B8CF.apk	0	0	0	0.0031	0.0005	0	0.3221	0	0.6742	0.1071	0.0833	0.8095	0.5491	0.062	0.3889	0.6742	0.0005	0.3253	0.6742	0.0005	0.3253	0.75	0	0.25	0	1	0	0	0
A00567E658198BAE2F4EE2F6501D580EC4A304915BAECA5BB8A9A4306D39AD09.apk	0.0099	0	0	0.7251	0.2649	0	0	0	0	0	0.4624	0.5376	0	0.5485	0.4515	0	0.2707	0.7293	0	0.271	0.729	0.3333	0.3333	0.3333	0	0.9527	0.0385	0.0088	0
A28F95C9BD31D58469DF145278FDB07048C1598811C64E3ACF37E05F56EEDE3C.apk	0	0	0	0.35	0.1667	0	0.4	0	0.0833	0.25	0.2083	0.5417	0.1522	0.2391	0.6087	0.0836	0.167	0.7494	0.0836	0.167	0.7494	0.5	0	0.5	0	0.8458	0	0.1542	0
A33A2F33E998F1A985627094865EE243CA2B7AA8274FC03D10D1A08D4FDE73EC.apk	0.1081	0	0	0.7429	0.149	0	0	0	0	0	0.2857	0.7143	0	0.4519	0.5481	0	0.1496	0.8504	0	0.1496	0.8504	0.1111	0.5556	0.3333	0	0.3949	0.6009	0.0043	0
A398124CDDE7709BB4CA747862239AF446248FCC4FD0462082C31322559A34B9.apk	0	0	0	0.7193	0.2807	0	0	0	0	0	0.4713	0.5287	0	0.5483	0.4517	0	0.2808	0.7192	0	0.2808	0.7192	0.2857	0.7143	0	0	0.3387	0.6613	0	0
A5B47FBDE5380AD4B5588A466CAE5B2C5C9DE0D2E4F0360FD7CEBF6C55616193.apk	0	0	0	0.3697	0.3784	0	0.1989	0.0208	0.0323	0.1143	0.3714	0.5143	0.0857	0.4143	0.5	0.0328	0.3993	0.5679	0.0328	0.3993	0.5679	0.5	0	0.5	0	0.9212	0	0.0788	0
A5C42C17913F5BBC70F24CB87C9E7930D48CD7A34E14492EBA0353A583228E32.apk	0.0001	0	0	0.5787	0.4212	0	0	0	0	0.0055	0.4475	0.547	0.0031	0.5421	0.4548	0	0.4214	0.5786	0	0.4214	0.5786	0.5714	0.3571	0.0714	0	0.9504	0.0439	0.0057	0
A61AB1D0D47B9D0A3C00C0B5D4B6AA1CB6D0E5C8C70D2E0058E8B10EADE75EA6.apk	0.0933	0	0	0.5528	0.2923	0	0.0096	0.0466	0.0054	0.0529	0.4229	0.5242	0.0326	0.5023	0.4651	0.0056	0.3399	0.6545	0.0056	0.3399	0.6545	0.1818	0.2727	0.4545	0.0909	0.6893	0.1326	0.0432	0.1349
A6CD9AC1894ED7DAA4A2538A546C2EA321AF4CCED120398FEBC44DC6596BF845.apk	0.9161	0.0235	0	0.0413	0.0169	0	0.0018	0.0002	0.0002	0.0205	0.3333	0.6462	0.0197	0.3265	0.6538	0.0002	0.0412	0.9586	0.0002	0.0413	0.9585	0.7273	0.1818	0.0909	0	0.6494	0.3192	0.0314	0
A742D94457A6B1D4CFB3C43D2AF03B9F0C8DEB1BCC7E4DDD2432053E660939C1.apk	0	0	0	0	0	0	0.6667	0	0.3333	0.4615	0	0.5385	0.5882	0	0.4118	0.3347	0	0.6653	0.3347	0	0.6653	0.8	0.2	0	0	0.9991	0.0009	0	0
A7837F507DA3A504F80E61FA3CE09E9B088BB1E02F0F0C12255D92E6E23B7ED5.apk	0	0	0	0.8088	0.136	0	0.0415	0.0043	0.0093	0.0366	0.2317	0.7317	0.0489	0.3511	0.6	0.0094	0.1409	0.8497	0.0094	0.1409	0.8497	0.3333	0.3333	0.3333	0	0.8876	0.0009	0.1115	0
A8693F898C36FE6CACA7E556AD9CCB7ECB61D9A8140F41585BB64AE27054503F.apk	0	0	0	0.4927	0.043	0.0079	0.3927	0.0132	0.0503	0.24	0.08	0.68	0.2094	0.1204	0.6702	0.0599	0.0569	0.8833	0.0599	0.0569	0.8833	0.6	0	0	0.4	0.8723	0	0	0.1277
A913839AB49492D52F0890A8B4E78130DE56D3EDF90907CA791798517D81296C.apk	0.1592	0	0	0.472	0.342	0	0.0226	0.001	0.0033	0.5323	0.2015	0.2662	0.305	0.3726	0.3224	0.0071	0.3434	0.6495	0.0071	0.3434	0.6495	0.8049	0.1463	0.0488	0	0.4522	0.4894	0.0584	0
AA31EECD004766FFF39A93741116D7943F6AA32311F7104DAD6B770EFD258E77.apk	0.0006	0	0	0.0137	0.0021	0	0.1254	0.0001	0.8582	0.0332	0.3697	0.5972	0.0393	0.4869	0.4738	0.858	0.0023	0.1397	0.858	0.0023	0.1397	0.2	0.3333	0.4667	0	0.752	0.1818	0.0662	0
AB2BB9FDF8DAEF3008DFBC71F4D6778EE0C51137B5167DC2D663DBFB1C4D5228.apk	0	0	0	0.8204	0.1749	0	0	0	0.0047	0.0541	0.2703	0.6757	0.0182	0.3091	0.6727	0.0048	0.1757	0.8195	0.0048	0.1766	0.8186	0.3333	0	0.6667	0	0.0063	0	0.9938	0
AB7A0EA545F4E5C0226A190EC38EABD7B7FBCA639AA11D65A657B2D441CB8AA1.apk	0	0	0	0.7746	0.16	0	0.0622	0.0023	0.0009	0.0355	0.4497	0.5148	0.0238	0.4968	0.4795	0.001	0.1627	0.8363	0.001	0.1628	0.8362	0.5	0	0.5	0	0.8296	0	0.1704	0
ABC859BB93C7EE92FF80D6936CA7E764BCED36444D51C29ABB9C57244F6506E2.apk	0.9218	0	0	0.0782	0	0	0	0	0	0	0.25	0.75	0	0.2	0.8	0	0.0028	0.9972	0	0.0028	0.9972	0.5	0	0.5	0	0.9176	0	0.0824	0
ABD84CC0C3EFBDA6207424B6D1C4A80D6A5CE27CAC6D10E384C3E8C37B3C0882.apk	0.2568	0	0	0.1968	0.0689	0	0.4462	0	0.0313	0.0621	0.3354	0.6025	0.0303	0.4828	0.4869	0.0313	0.0697	0.899	0.0313	0.0697	0.899	0.5556	0.2222	0.2222	0	0.9931	0.0059	0.001	0
AC662AE0A503AA61A1C6D71E8941F7B66AA8A44961DD41D15DF4EAC3F1E6A0B2.apk	0	0	0	0.8638	0.1362	0	0	0	0	0	0.3	0.7	0	0.3333	0.6667	0	0.1363	0.8637	0	0.1363	0.8637	0.6	0	0.4	0	0.9493	0	0.0507	0
ACC823D625386041AA6DAC57DBADB21FBE5A2F0A0E8A593C4E465788954FCF4F.apk	0.0147	0	0	0.5363	0.4015	0	0.0363	0.0063	0.0049	0.0753	0.3836	0.5411	0.044	0.5077	0.4484	0.0052	0.4085	0.5864	0.0052	0.4085	0.5864	0.2308	0.5385	0.2308	0	0.5083	0.4826	0.0091	0
AD00324AD190BBD0326DC0B1568B003CCC273BA81090B2E7B8DBB2096FBA90D9.apk	0	0	0	0.7059	0.2351	0	0	0.0589	0	0.0909	0.1818	0.7273	0.0556	0.3889	0.5556	0.0003	0.2945	0.7052	0.0003	0.2945	0.7052	1	0	0	0	1	0	0	0
ADC78FFBDE69C0F7D3E99675BCECB421945363052B84088B5C5F31745A202F4C.apk	0	0	0	0	0	0	0	0	0	0	0	0	0	0	0	0	0	0	0	0	0	0	0	0	0	0	0	0	0
ADE260EC4346DA2211C7D41061F3950BBA13FCD66F9F6DDB10B96A214783089C.apk	0	0	0	0	0	0	1	0	0	0.5	0	0.5	0.5	0	0.5	0.007	0	0.993	0.007	0	0.993	1	0	0	0	1	0	0	0
AED362E807BF5C178314C90C22EDD857EA4CA25B297539A81A2EB7B96A82829B.apk	0	0	0	0.4012	0.598	0	0.0004	0.0003	0	0.0187	0.525	0.4562	0.0196	0.6765	0.3039	0	0.5984	0.4016	0	0.5984	0.4016	0.5	0.25	0.25	0	0.4742	0.4824	0.0434	0
AFC2E6A0656173695EAEA588DB488BA7FAA645955849F68DB1C59B534EDFAE3B.apk	0	0	0	0.0215	0.0092	0	0.9321	0.0002	0.037	0.0541	0.3784	0.5676	0.0764	0.415	0.5086	0.0371	0.0107	0.9523	0.0371	0.0107	0.9522	0.9231	0	0.0769	0	0.9989	0	0.0011	0
B0088736DBA8FDE8F274B5A3C1E3CCA7D79F7470581F3C7303B962BC5EBE4874.apk	0	0	0	0	0	0	0	0	0	0	0	0	0	0	0	0	0	0	0	0	0	0	0	0	0	0	0	0	0
B0786FD58F2296E570E48F56F5A9D7AE1E66F44B834148C1FEA5F55B3ED2C7B1.apk	0	0	0	0	0	0	0.75	0	0.25	0.4444	0	0.5556	0.5455	0	0.4545	0.2521	0	0.7479	0.2521	0	0.7479	0.75	0.25	0	0	0.9983	0.0017	0	0
B0E25305B66D8BE4CE24BF368CF7E54897B8135DDED64A17E88DE6818118F345.apk	0	0	0	0.0023	0	0	0.9842	0.0023	0.0113	0.1429	0.0714	0.7857	0.2083	0.0417	0.75	0.0114	0.0023	0.9864	0.0114	0.0023	0.9864	0	0	0	0	0	0	0	0
B116B5C1DB67EC219D2B9B05CE264DF9B18D77A27B4D05335E577BBC1441CD42.apk	0.0012	0	0	0.3892	0.2762	0	0.0668	0.2124	0.0542	0.0709	0.4843	0.4449	0.0634	0.567	0.3696	0.0543	0.4894	0.4564	0.0543	0.4894	0.4563	0.25	0.375	0.375	0	0.9389	0.0384	0.0228	0
B229BC974FA5AC0B61665216657B0764E392344A1C856537F18073950BD3A2E5.apk	0.9309	0.0061	0	0.0449	0.0166	0	0.001	0.0002	0.0003	0.0152	0.2081	0.7766	0.0083	0.2252	0.7665	0.0004	0.0231	0.9765	0.0004	0.0232	0.9764	0.6	0.4	0	0	0.5963	0.4037	0	0
B3F4412E97D3A2330EC2B6615A4815B7F98472603125492F195F1805C0251490.apk	0	0	0	0.0172	0	0	0.819	0	0.1638	0.3529	0.0196	0.6275	0.2651	0.012	0.7229	0.1639	0	0.8361	0.1639	0	0.8361	1	0	0	0	1	0	0	0
B3F5E679A34A49E4B6C504D02411B18225C3DAECA8AF0F5CFA3B46CA9C9F40EF.apk	0	0	0	0.1434	0.103	0	0.5391	0.0011	0.2133	0.15	0.38	0.47	0.1134	0.4742	0.4124	0.2082	0.1231	0.6687	0.2082	0.1231	0.6687	0.7	0.3	0	0	0.9861	0.0139	0	0
B4A23F114DA491784F1A598340EBBFC9811FD2C26DF3B4AE674EA7E220946320.apk	0	0	0	0.9799	0.0201	0	0	0	0	0	0.3235	0.6765	0	0.3375	0.6625	0	0.0202	0.9798	0	0.0202	0.9798	0.75	0.25	0	0	0.9991	0.0009	0	0
B6FA5B65FEDF1EAA864CABFDC2D0287A739E56261739D8B68C1F1164D7CD3EC1.apk	0	0	0	0.4915	0.0431	0.008	0.3937	0.0133	0.0504	0.24	0.08	0.68	0.2094	0.1204	0.6702	0.0601	0.0571	0.8829	0.0601	0.0571	0.8829	0.6	0	0	0.4	0.8721	0	0	0.1279
B7A2ABC2DAD2F3426993A02B7241C60E29EEB595EEA59C7BDEA0CA2F8155F95E.apk	0.5322	0	0	0.2397	0.0388	0	0.181	0.0036	0.0047	0.0743	0.145	0.7807	0.0463	0.1695	0.7842	0.0061	0.0464	0.9475	0.0061	0.0464	0.9475	0.7143	0.1429	0.1429	0	0.9946	0.0049	0.0005	0
B8232112F743A64F70B4B905E037A51042F50C4888735045B18C10663923DC91.apk	0.9319	0.0056	0	0.0446	0.0164	0	0.001	0.0002	0.0003	0.0152	0.2081	0.7766	0.0083	0.2252	0.7665	0.0003	0.0224	0.9773	0.0003	0.0225	0.9772	0.6	0.4	0	0	0.5927	0.4073	0	0
BA38C586AD5831FD60E58DF726F2530A46DF760D866358C662CADD7B6B968BDD.apk	0.0007	0	0	0.0056	0.0025	0	0.8605	0.0001	0.1305	0.1517	0.2978	0.5506	0.1877	0.3106	0.5017	0.1306	0.0028	0.8667	0.1306	0.0028	0.8667	0.4167	0.25	0.3333	0	0.9947	0.0038	0.0015	0
BABB18A0C22142308E7C47688502F197E5BA8AB0B1B4FAEFE62ED8D5CBA48297.apk	0.4833	0.0135	0	0.325	0.0897	0	0.0861	0	0.0025	0.0667	0.219	0.7143	0.0562	0.2247	0.7191	0.0032	0.1049	0.8918	0.0032	0.1049	0.8918	0.7273	0	0.2727	0	0.9032	0	0.0968	0
BBF519CBCE129743189AA83BF46482D573AAA2F78B25A689A7DCC3924A79AA44.apk	0.0288	0	0	0.8386	0.1326	0	0	0	0	0	0.4475	0.5525	0	0.5719	0.4281	0	0.1347	0.8653	0	0.1354	0.8646	0.2857	0.2857	0.4286	0	0.9039	0.0814	0.0147	0
BC60769A42770856FD40D2A93EB6CCDAD5D99F04092B12BA79E83FC26104B58D.apk	0	0	0	0.5881	0.0953	0.0004	0.3036	0.0034	0.0092	0.1259	0.2308	0.6434	0.1354	0.3131	0.5515	0.0157	0.1091	0.8753	0.0157	0.1091	0.8753	0.3333	0.2222	0.4444	0	0.5721	0.0766	0.3514	0
BC8D48D761EAD235767A72F8E0A10E504D72B8355FE28DD318BB6C74475427DB.apk	0	0	0	0.0035	0.0002	0.0007	0.216	0.0025	0.7771	0.2105	0.1447	0.6447	0.3666	0.1254	0.508	0.7777	0.0027	0.2196	0.7777	0.0027	0.2196	0.7778	0	0.2222	0	0.9823	0	0.0177	0
BE11D11EA1B273C4BFF62AF43E014641982119522BBBC71FC7EFC33A68CC0BB5.apk	0	0	0	0.1487	0.0078	0.0755	0.3781	0.0013	0.3885	0.2386	0.2273	0.5341	0.3739	0.1957	0.4304	0.4639	0.0094	0.5267	0.4639	0.0094	0.5267	1	0	0	0	1	0	0	0
BE63857681F4E63006267D6C97DF71E93347E2B3C3D8F015681C3CBFB23FE641.apk	0	0	0	0.9411	0.0189	0	0.0321	0.004	0.0039	0.1045	0.209	0.6866	0.1	0.26	0.64	0.0041	0.0233	0.9725	0.0041	0.0233	0.9725	1	0	0	0	1	0	0	0
BE6924FB88485B58A0D87363111787D2DB0AF98DF8FDA7636F62808F012FACCB.apk	0	0	0	0	0	0	0.5143	0	0.4857	0.6	0	0.4	0.6176	0	0.3824	0.4865	0	0.5135	0.4865	0	0.5135	1	0	0	0	1	0	0	0
BF2986343CD31694E24FE224995633D7CA7F67397793160A6FDAB582F3860379.apk	0	0	0	0	0	0	0.797	0	0.203	0.4839	0	0.5161	0.5378	0	0.4622	0.205	0	0.795	0.205	0	0.795	0.7143	0.2857	0	0	0.9407	0.0593	0	0
C0B389A378D102FA6D1F2AF11A645E5D0ADFFD0AA7083F372A04C49E86DB8E75.apk	0	0	0	0.658	0.342	0	0	0	0	0	0.52	0.48	0	0.5685	0.4315	0	0.3429	0.6571	0	0.3429	0.6571	0.6429	0.3571	0	0	0.8606	0.1394	0	0
C107C7C855080AAB021449DCF28C30744EE50F170109E709088F1DDC1431F6D1.apk	0.2453	0	0.001	0.3359	0.263	0	0.1232	0.0169	0.0148	0.0862	0.3319	0.5819	0.1086	0.3154	0.5759	0.0171	0.2804	0.7025	0.0171	0.2804	0.7025	0.2857	0.3214	0.3214	0.0714	0.8654	0.103	0.0119	0.0197
C167BA8EA76968D9AA2936322117EED6E3EC66A695E3A5D95597E6C142668965.apk	0	0	0	0	0	0	0.7065	0	0.2935	0.75	0	0.25	0.6	0	0.4	0.2964	0	0.7036	0.2964	0	0.7036	1	0	0	0	1	0	0	0
C2119A653B0376DF55CB092502B823F471E0E270F3E9E3E5E6FE45A452A12F0B.apk	0	0	0	0	0	0	0.9951	0	0.0049	0.0625	0	0.9375	0.0652	0	0.9348	0.005	0	0.995	0.005	0	0.995	1	0	0	0	1	0	0	0
C299CB062C1F2B623745BEA12DC7A0256EA49FB30C7779441A5C39B207B9E75B.apk	0	0	0	0.7347	0.1429	0	0.0816	0.0204	0.0204	0.0645	0.2258	0.7097	0.0698	0.2558	0.6744	0.0206	0.1637	0.8156	0.0206	0.1637	0.8156	1	0	0	0	1	0	0	0
C2C24A933AA423DB6312BC967292C7426B4A4511358A5DF0C158E295C1562D82.apk	0	0	0	0.5625	0.0625	0	0.3125	0	0.0625	0.1429	0.2143	0.6429	0.1429	0.1429	0.7143	0.0629	0.0629	0.8742	0.0629	0.0629	0.8742	1	0	0	0	1	0	0	0
C3064F562906FA41C549CD087EFEB647F395D46539445B4AB6003652B1B9755E.apk	0	0	0	0.1429	0.1429	0	0.2857	0.4286	0	0.25	0.5	0.25	0.3	0.4	0.3	0.0026	0.57	0.4275	0.0026	0.57	0.4275	1	0	0	0	1	0	0	0
C3D7AAD95B3449E9B0B604A4EEC05021BB95809E48A77D572B04C47290322605.apk	0	0	0	0.8434	0.1566	0	0	0	0	0	0.4667	0.5333	0	0.5802	0.4198	0	0.1911	0.8089	0	0.1911	0.8089	0.2353	0.2941	0.4706	0	0.8695	0.0504	0.0801	0
C4C8E29DF44D183DA143AADDA3E7D73FAF278C2EB240EB940776AC877D394D71.apk	0	0	0	0.2646	0.0448	0.0021	0.6238	0.0242	0.0405	0.3229	0.1659	0.5112	0.2839	0.2161	0.5	0.0489	0.0728	0.8783	0.0489	0.0728	0.8783	0.625	0.125	0.25	0	0.9096	0.0173	0.0731	0
C552BD3B24F142BBBC553A72B701A72C1E35E259E172D5B05AC59471733ECD42.apk	0.6632	0.0069	0	0.2902	0.0392	0.0003	0	0.0002	0	0.0074	0.1519	0.8407	0.0027	0.1399	0.8574	0.0004	0.0466	0.9531	0.0004	0.0466	0.9531	0.3846	0	0.3846	0.2308	0.9316	0	0.0385	0.0299
C75B808B36991329ED59E4FD470626D509B780D0AA6E1B8CF80DED627B6D5BBB.apk	0	0	0	0.7276	0.2724	0	0	0	0	0	0.3776	0.6224	0	0.5167	0.4833	0	0.2724	0.7276	0	0.2724	0.7276	1	0	0	0	1	0	0	0
C7FF08D930AECE86F84F11927157F4CC97A74536F9573BC615DE4840D647BA2A.apk	0	0	0	0	0	0	0	0	0	0	0	0	0	0	0	0	0	0	0	0	0	0	0	0	0	0	0	0	0
C90F5BFB78334E40323F767597137269D610FA16DEB917959DE2974147D46A61.apk	0.0007	0	0	0.8426	0.1559	0	0	0.0007	0	0.0076	0.3282	0.6641	0.0021	0.5053	0.4926	0	0.1587	0.8413	0	0.1587	0.8413	0.3333	0.4667	0.2	0	0.6478	0.3462	0.006	0
CA79F63699A0C9DAC806116A6D13BC688CCA6524F9912615DC45E1ECBAF5D37C.apk	0	0	0	0.8686	0.1164	0	0.0079	0.0042	0.0029	0.0595	0.2738	0.6667	0.0265	0.4071	0.5664	0.003	0.121	0.876	0.003	0.121	0.876	0.5	0	0.5	0	0.8954	0	0.1046	0
CA83250696B68084BC003375B3E4F8371C81122B227352FAD424A3EC4B771CF5.apk	0.2884	0.0108	0	0.2861	0.0901	0	0.2596	0	0.0649	0.1494	0.2529	0.5977	0.1166	0.184	0.6994	0.0651	0.1012	0.8337	0.0651	0.1012	0.8337	0.5	0	0.5	0	0.8861	0	0.1139	0
CBAF8DCA9DB53C85E56AADAD5130F2045B8054CDE53BA18428A148C996DDCC86.apk	0	0	0	0.7887	0.2113	0	0	0	0	0	0.3243	0.6757	0	0.608	0.392	0	0.2735	0.7265	0	0.2735	0.7265	0	0.5	0.5	0	0	0.439	0.561	0
CBDBFC8BD9F3C8435B7EBAFA3C87DBF6B1F9674D223223F817CDF873885B48AE.apk	0	0	0	0	0	0	0	0	0	0	0	0	0	0	0	0	0	0	0	0	0	0	0	0	0	0	0	0	0
CBF35007E2F7FC5454059F68D9A7B28CAD5C5AF84E5EC5BBC0CA171F3E62A60B.apk	0	0	0	0.4924	0.0432	0.008	0.393	0.0133	0.0501	0.24	0.08	0.68	0.2094	0.1204	0.6702	0.0599	0.0572	0.8829	0.0599	0.0572	0.8829	0.6	0	0	0.4	0.8719	0	0	0.1281
CC52FD2E17931B3D141EEA4E1696E2A7C509D72218A6B88AFEECD7A0EAFB12D3.apk	0.0013	0	0	0.2738	0.167	0	0.545	0.0002	0.0128	0.1314	0.427	0.4416	0.1522	0.4668	0.381	0.0157	0.1734	0.8109	0.0157	0.1734	0.8109	0.4062	0.2812	0.3125	0	0.8794	0.0695	0.0511	0
CCF651BE928FA80C135D857E1E1A492FDE83D5F94219942C69AE0345CA121389.apk	0.1068	0	0	0.4768	0.4164	0	0	0	0	0	0.496	0.504	0	0.58	0.42	0	0.4173	0.5827	0	0.4173	0.5827	0.25	0.4375	0.3125	0	0.6624	0.3219	0.0157	0
CD046E7D416FA4D8B8624B6ADB5A9F87C0ED5FB52DAADEA030D18E700E395AC5.apk	0	0	0	0.6404	0.3371	0	0.0225	0	0	0.037	0.3333	0.6296	0.0392	0.4706	0.4902	0.0001	0.3376	0.6623	0.0001	0.3376	0.6623	0	0	0	0	0	0	0	0
CDADECC4B0CB4D39109D866D66F281B79A74EF3DBB77CCA8F444597FD4989EC6.apk	0	0	0	0.5625	0.0625	0	0.3125	0	0.0625	0.1429	0.2143	0.6429	0.1429	0.1429	0.7143	0.0629	0.0629	0.8742	0.0629	0.0629	0.8742	1	0	0	0	1	0	0	0
CF658923217C45E09965B2DCAD827F95988F49160E957F9E2C0505208660793B.apk	0	0	0	0.6773	0.2982	0.0001	0.0076	0.0164	0.0004	0.0619	0.3186	0.6195	0.0587	0.504	0.4372	0.0006	0.3147	0.6848	0.0006	0.3147	0.6848	1	0	0	0	1	0	0	0
CFBB6DC98146C3874D84BEF6527A3927BFF8D335BB408F734BFDC197939C0CE6.apk	0	0	0	0.0028	0	0	0.816	0	0.1812	0.2821	0.0769	0.641	0.2611	0.0887	0.6502	0.1812	0.0001	0.8188	0.1812	0.0001	0.8188	0.6	0.4	0	0	0.8514	0.1486	0	0
D0A1C6A3DF6E79C0EFA319A8D81217F836BC829D88A1323D842AA770B5040930.apk	0	0	0	0	0	0	0	0	0	0	0	0	0	0	0	0	0	0	0	0	0	0	0	0	0	0	0	0	0
D1146706E6292054146BCA796229EFAD09E3906F701E4F679B1CA8A104AECBBE.apk	0	0	0	0	0	0	0.7848	0	0.2152	0.1	0	0.9	0.3556	0	0.6444	0.2163	0	0.7837	0.2512	0	0.7488	1	0	0	0	1	0	0	0
D190412D702A139ABE6C8C8423C83B57052750584695D58F0E3BC2805ECCA3A7.apk	0.5354	0.0566	0	0.2027	0.2053	0	0	0	0	0	0.3776	0.6224	0	0.2903	0.7097	0	0.2619	0.7381	0	0.2624	0.7376	0.7778	0	0.2222	0	0.9978	0	0.0022	0
D20C5D9C8E24BEED445A71CA56EF3EFB8174B614A32013BEEF266ED8CA02453E.apk	0	0	0	0.0068	0.0005	0	0.7991	0.0002	0.1933	0.2889	0.0963	0.6148	0.346	0.0737	0.5804	0.1934	0.0008	0.8059	0.1934	0.0008	0.8059	1	0	0	0	1	0	0	0
D266BF70131B231F812C2664B7C6922D754DC40BBF26A9233FCAD2F7BC96FA13.apk	0.5907	0.04	0	0.2934	0.0759	0	0	0	0	0	0.4352	0.5648	0	0.4545	0.5455	0	0.1177	0.8823	0	0.1177	0.8823	0.4706	0.3529	0.1765	0	0.7103	0.1091	0.1807	0
D2D9E0F4A4BABA5CF75B89E66E6A791F532E303B59FCDBAD26A9697A34EC6949.apk	0	0	0	0.9311	0.0689	0	0	0	0	0	0.4364	0.5636	0	0.4919	0.5081	0	0.0696	0.9304	0	0.0696	0.9304	1	0	0	0	1	0	0	0
D2F2FBF935B5F903C54EB81FD76A8FCF79D7E67D0F0BB0843E89D44C4E764A44.apk	0	0	0	0.8552	0.129	0	0.0117	0.0042	0	0.0115	0.2644	0.7241	0.0088	0.3744	0.6167	0	0.1335	0.8664	0	0.1335	0.8664	0.3333	0.3333	0.3333	0	0.8617	0.0008	0.1375	0
D32E6D4701CB01309C8CBDFF17798A690B255F2B9C6E56AD2A5DE4ED9D63E815.apk	0	0	0	0	0	0	0	0	0	0	0	0	0	0	0	0	0	0	0	0	0	0	0	0	0	0	0	0	0
D32E9CB15ECA152D267B37AD438CDDCD25ED03E02A73E6D024ACC7FC0ED71C23.apk	0	0	0	0.5531	0.4469	0	0	0	0	0	0.5403	0.4597	0	0.565	0.435	0	0.4473	0.5527	0	0.4473	0.5527	0.4419	0.0465	0.4651	0.0465	0.9343	0.0379	0.0251	0.0028
D508B8CFAEBE72F8E32C43B7C06FDD33874119C9F59A9E18A96FA17E5E37DCC0.apk	0	0	0	0	0	0	0.6667	0	0.3333	0.4615	0	0.5385	0.5882	0	0.4118	0.335	0	0.665	0.335	0	0.665	0.8	0.2	0	0	0.9989	0.0011	0	0
D5327FE16788830BE5C9F3C7A0C75ACA476EE8058D8CEF57E1228703E50F2A11.apk	0	0	0	0.4942	0.0429	0.0079	0.3916	0.0132	0.0502	0.24	0.08	0.68	0.2094	0.1204	0.6702	0.0598	0.0568	0.8835	0.0598	0.0568	0.8835	0.6	0	0	0.4	0.8721	0	0	0.1279
D6CD10AF47D17A63BFE01473E761A78CAA599840608391CFB94044DC8EDA369E.apk	0.9665	0	0	0	0	0	0.0335	0	0	0.0167	0	0.9833	0.0168	0	0.9832	0	0	1	0	0	1	0.75	0	0.25	0	0.8337	0	0.1663	0
D731CAE085F7AB5B9DE51401209093F07E6BDB1589FBDD4D3C1554BEC98D2C6A.apk	0	0	0	0.5592	0.4408	0	0	0	0	0	0.4688	0.5312	0	0.5329	0.4671	0	0.4409	0.5591	0	0.4409	0.5591	1	0	0	0	1	0	0	0
D744ADE26162DFB911A1690F8796E6C2FBE0C15C267A6BAFC18367C98009439F.apk	0.9275	0	0	0.0725	0	0	0	0	0	0	0.25	0.75	0	0.2	0.8	0	0.0024	0.9976	0	0.0024	0.9976	0.5	0	0.5	0	0.9238	0	0.0762	0
D75B5FE8224BED3D892FE6C8DCA70EED21D9B8ED090B5CCD0BACA535EF4636A7.apk	0	0	0	0.7973	0.0953	0.0003	0.0981	0.0061	0.0029	0.0662	0.2353	0.6985	0.0443	0.443	0.5127	0.0038	0.107	0.8892	0.0038	0.107	0.8892	0.5556	0.1111	0.3333	0	0.9879	0.0007	0.0114	0
D84211325F48A2F6F5480648BAFDCFD0EC6BFDBBEC679003D4FB004D79D0D647.apk	0	0	0	0.1989	0.0915	0	0.6219	0.0754	0.0124	0.2115	0.0962	0.6923	0.2541	0.1326	0.6133	0.0167	0.1662	0.817	0.0167	0.1662	0.817	0.7143	0	0	0.2857	0.9952	0	0	0.0048
D91F7DC33F84537981556E9CB058591BCB99684C9454B1CB55CB17D05435EA35.apk	0	0	0	0	0	0	0	0	0	0	0	0	0	0	0	0	0	0	0	0	0	0	0	0	0	0	0	0	0
D93E21A956EBC64A77FBE0996E05B5E048381C104BB803C7FD9EEEF3D3C4F471.apk	0	0	0	0.4481	0.4427	0	0.1092	0	0	0.0175	0.4912	0.4912	0.0122	0.622	0.3659	0.0006	0.4521	0.5473	0.0006	0.4521	0.5473	0.1429	0.2143	0.6429	0	0.8185	0.0585	0.1231	0
DA6EC0E77E6991E5B7D3D14BD82EDE94079449FBC3E937D22A4551534320AE83.apk	0.0009	0	0	0.1675	0.1239	0	0.7072	0.0004	0.0001	0.0309	0.4485	0.5206	0.0216	0.5493	0.4291	0.0001	0.1252	0.8747	0.0001	0.1252	0.8747	0.2857	0.5	0.2143	0	0.5755	0.378	0.0465	0
DAA8FCEBE7D383B62E1665BFC904B87B3E1E8FEBDB01E483AED89D1C9F008538.apk	0.3839	0.0003	0	0.0364	0.0226	0	0.4106	0.0126	0.1335	0.2538	0.0682	0.678	0.313	0.047	0.64	0.1348	0.0356	0.8296	0.1349	0.0356	0.8295	0.7368	0	0.2632	0	0.9785	0	0.0215	0
DB1B77D37EF90F6F83817B148FD9756295CDC4FFFE29FF03BFD2F6D95DCF4B25.apk	0	0	0	0.0142	0.0023	0.0001	0.8204	0.0001	0.163	0.253	0.0964	0.6506	0.2832	0.1189	0.5979	0.1633	0.0026	0.8341	0.1633	0.0026	0.8341	0.6667	0	0.3333	0	0.9633	0	0.0367	0
DBF0A661ACB77A316840D2067853116ACD306B36F501AADBD6609364C3559D20.apk	0	0	0	0.7895	0.0526	0	0.1053	0.0526	0	0.1	0.4	0.5	0.1176	0.3529	0.5294	0.0008	0.1069	0.8923	0.0008	0.1069	0.8923	1	0	0	0	1	0	0	0
DBFEFE9985270BDD668D276976DFEA84C8B17E46DB7D560D6348DA7DDD461C1F.apk	0.0091	0.005	0	0.9033	0.0826	0	0	0	0	0	0.3483	0.6517	0	0.3667	0.6333	0	0.0879	0.9121	0	0.0879	0.9121	1	0	0	0	1	0	0	0
DC5F883EC29BD3E18556197DFEFE590DEC1EF83194AC5741B787619595C42DD5.apk	0	0	0	0.68	0.2801	0.0017	0.0305	0.0053	0.0023	0.1277	0.1915	0.6809	0.0883	0.3778	0.5339	0.0051	0.2866	0.7083	0.0051	0.2871	0.7078	0.7778	0	0.2222	0	0.995	0	0.005	0
DCCAA6429826871F6B8672B9F2CE5709156DC13E9D8AED97D1ECE630722AFC9B.apk	0	0	0	0.001	0.0002	0	0.8596	0	0.1392	0.2982	0.0702	0.6316	0.4523	0.0668	0.4809	0.1394	0.0002	0.8604	0.1394	0.0002	0.8604	0.7778	0	0.2222	0	0.9991	0	0.0009	0
DCF962F04E43FDF9348F15964AF7AD357FE104172F8A2448B15DB227A88B8812.apk	0	0	0	0.7998	0.1261	0	0.0674	0	0.0068	0.0968	0.2258	0.6774	0.1146	0.2882	0.5972	0.0069	0.1262	0.8669	0.0069	0.1262	0.8669	0.5	0.25	0.25	0	0.4225	0.5375	0.04	0
DE22A47241358BBB851A1D084DE6D844DE18EF7CC99387A7B461A5E6993E1ADF.apk	0.564	0	0	0.3013	0.1347	0	0	0	0	0	0.3091	0.6909	0	0.2689	0.7311	0	0.1364	0.8636	0	0.1364	0.8636	0.7143	0	0.2857	0	0.9839	0	0.0161	0
DE4A31FEFA5AF7EB488A2B4934AF664C3D034717A9375ECB848ED14E13DE342C.apk	0	0	0	0.7864	0.1607	0.0001	0.0432	0.0035	0.0061	0.056	0.4353	0.5086	0.0357	0.6053	0.359	0.0064	0.1674	0.8262	0.0064	0.1674	0.8262	0.15	0.45	0.4	0	0.5547	0.4129	0.0323	0
DEA1867ECBE7D3C458A480301D0746CD55F60CC14946B9BC3496A94328A68EED.apk	0	0	0	0.0026	0.0002	0.0004	0.2692	0.0022	0.7256	0.2192	0.1233	0.6575	0.3709	0.1126	0.5166	0.7258	0.0023	0.2718	0.7258	0.0023	0.2718	1	0	0	0	1	0	0	0
DEC24414333F6C8AE82ED9D4200D1A4EAE186917AD3A7245FADF5D7A3332A522.apk	0	0	0	0	0	0	0.5143	0	0.4857	0.6	0	0.4	0.6176	0	0.3824	0.4865	0	0.5135	0.4865	0	0.5135	1	0	0	0	1	0	0	0
DEDB60D56AE9E68C017663AC0F7A75810EA67332BBBEB7FC96E57D204CB73543.apk	0.0706	0	0	0.7237	0.1485	0	0.0343	0.0119	0.0111	0.0581	0.2209	0.7209	0.0417	0.325	0.6333	0.0114	0.1618	0.8268	0.0114	0.1618	0.8268	1	0	0	0	1	0	0	0
DF2F58533C9E44EB661DE963C919C83E1A732EEC6CBF8D5E286C612AD9A7527A.apk	0	0	0	0	0	0	0.6667	0	0.3333	0.4615	0	0.5385	0.5882	0	0.4118	0.3345	0	0.6655	0.3345	0	0.6655	0.8	0.2	0	0	0.9992	0.0008	0	0
DF574725BD477DF0D20326EC90484EE5BF16428C44B3B4D5A3669022E9A7B033.apk	0.0104	0	0	0.2906	0.0534	0	0.4911	0.0002	0.1543	0.0844	0.2857	0.6299	0.1164	0.3531	0.5306	0.154	0.0552	0.7908	0.1541	0.0552	0.7907	0.3333	0.25	0.4167	0	0.9797	0.0146	0.0057	0
DFD4798EF6B28B0BBAF61EC748FB60579BC4CB660DD878F5ADC97BC83D92CA81.apk	0.0075	0.0136	0	0.828	0.1509	0	0	0	0	0	0.5327	0.4673	0	0.6288	0.3712	0	0.165	0.835	0	0.165	0.835	0.2857	0.5	0.2143	0	0.8054	0.1725	0.0221	0
E003B042C53FD49AA535CF0D9F6B98DB101D9A3F69158CB4114992136D55ED69.apk	0.0034	0.0001	0	0.9924	0.0042	0	0	0	0	0.0044	0.3319	0.6637	0.0012	0.3907	0.6081	0	0.0044	0.9956	0	0.0044	0.9956	0.6667	0.3333	0	0	0.9741	0.0259	0	0
E081A755BD59B07E6E9182A1405E980C39F3650171C5C4F156BC62097114E79D.apk	0.0056	0	0	0.3966	0.0852	0	0.4552	0.0097	0.0477	0.1338	0.1972	0.669	0.082	0.337	0.5809	0.0489	0.1031	0.848	0.0489	0.1031	0.848	0.2	0.4	0.4	0	0.9144	0.0513	0.0342	0
E08C4F2E42BECB326F53843381B1F5E02D5BB50EDF2129F383F37A101540EDE1.apk	0	0	0	0	0	0	0	0	0	0	0	0	0	0	0	0	0	0	0	0	0	0	0	0	0	0	0	0	0
E0C2A3C7D2927E5564B2F091C80FE0D521F5B3A23FF6E9EA5D733F3D069AB25E.apk	0	0	0	0	0	0	0.6667	0	0.3333	0.4615	0	0.5385	0.5882	0	0.4118	0.3345	0	0.6655	0.3345	0	0.6655	0.8	0.2	0	0	0.9992	0.0008	0	0
E0E17DB2B003AA11459A05BADE33B3D99B2C3359D7929C8811A5A9E3662CAB0C.apk	0	0	0	0.865	0.135	0	0	0	0	0	0.3265	0.6735	0	0.3642	0.6358	0	0.1353	0.8647	0	0.1353	0.8647	0.6667	0	0.3333	0	0.984	0	0.016	0
E0EB67E1F79732023CC3F11938FFA73146291CC355F3AB8A378740CF0BD170FD.apk	0	0	0	0.6876	0.1309	0.0002	0.1704	0.0077	0.0032	0.0324	0.4432	0.5243	0.0477	0.5	0.4523	0.004	0.1433	0.8527	0.004	0.1434	0.8526	0.4	0.2	0.4	0	0.9146	0.0676	0.0179	0
E1827B74247D2DC0AB72E4E77D040A40078D7E71527D144BE110A6FBFC242C3D.apk	0	0	0	0	0	0	0.5143	0	0.4857	0.6	0	0.4	0.6176	0	0.3824	0.4864	0	0.5136	0.4864	0	0.5136	1	0	0	0	1	0	0	0
E189657F2726DEFF9762BE5CC8F586A00BC9EB1C8C6D59AD73750F1996D62476.apk	0.7637	0	0	0.1596	0.0767	0	0	0	0	0	0.2188	0.7812	0	0.2131	0.7869	0	0.0804	0.9196	0	0.0804	0.9196	0.5333	0.3333	0.1333	0	0.8253	0.1625	0.0122	0
E2E93A199CC58E221B6714BFB12485426C683D03A277FA4D9581F1C0F1D5B14C.apk	0	0	0	0.4775	0.1345	0	0.3462	0.0053	0.0365	0.1515	0.2828	0.5657	0.1296	0.4074	0.463	0.0381	0.1443	0.8176	0.0381	0.1443	0.8176	0.5333	0.3333	0.1333	0	0.7588	0.2287	0.0125	0
E301ECDF6FD96AAEBC05C58F176E03C4DF597990EE544524BB8C4BEB70C843D1.apk	0	0	0	0	0	0	0	0	0	0	0	0	0	0	0	0	0	0	0	0	0	0	0	0	0	0	0	0	0
E37F15439B7680AE2305B6385451815860C2081F70387F97B443FCF03B68CB9E.apk	0	0	0	0.814	0.1715	0	0.0088	0.0035	0.0023	0.0469	0.3594	0.5938	0.0341	0.375	0.5909	0.0026	0.1767	0.8207	0.0026	0.1774	0.8201	0.4444	0	0.5556	0	0.5815	0	0.4185	0
E42468BDA9CE428AD78F61343203E3CBA69BC028286A397207DDF59A4E7BB169.apk	0	0	0	0	0	0	0.5106	0	0.4893	0.4392	0.0203	0.5405	0.5453	0.0053	0.4494	0.4893	0	0.5106	0.4893	0	0.5106	0.6667	0	0.3333	0	0.9692	0	0.0308	0
E4EA6B1C48E28209AA22F9837CA1E5496F304ACBDEDD847F06E978B3D0FC0728.apk	0	0	0	0	0	0	0.5066	0	0.4933	0.4819	0.0259	0.4922	0.4991	0.0232	0.4777	0.4933	0	0.5066	0.4933	0	0.5066	0.4839	0.0645	0.3871	0.0645	0.7285	0.2381	0.0281	0.0053
E5B593A5E38E08BFB0A7FC7AE5F07D2C6DCB9C2A1420B9DC4B44B04743F2FFD3.apk	0	0	0	0	0	0	0	0	0	0	0	0	0	0	0	0	0	0	0	0	0	0	0	0	0	0	0	0	0
E71824BF98BE735E2F6275F3AA2E25DEB5FDA2C9CD9F5876353979487AA3C550.apk	0.0757	0.0022	0	0.3442	0.0797	0	0.4108	0.0075	0.08	0.0388	0.2913	0.6699	0.0304	0.2652	0.7043	0.0799	0.09	0.8301	0.0799	0.09	0.8301	0.5	0	0.5	0	0.9828	0	0.0172	0
E81A00FF3A25C87C0EC0B8FF5263D8829D4E13E1284B7E63F8C135D0103A1D8B.apk	0	0	0	0.0805	0.0451	0	0.7779	0.0225	0.074	0.3455	0.1455	0.5091	0.2308	0.1923	0.5769	0.0898	0.0801	0.8301	0.0898	0.0801	0.8301	0.6667	0	0.3333	0	0.9898	0	0.0102	0
E88AD338B2135BB156B2759FB1F716EAB4D82C1057226B8F85313ABF45AD4559.apk	0.0011	0	0	0.3716	0.1302	0.0039	0.2244	0.167	0.1018	0.2128	0.1745	0.6128	0.1837	0.2323	0.584	0.1058	0.2971	0.5971	0.1058	0.2973	0.5969	0.75	0	0.25	0	0.9932	0	0.0068	0
EA560D7BF8C89CF99E921AFE3EE512D91CBAF33F0A38BB86736371D8DF8DCB89.apk	0	0	0	0.417	0.2838	0.0129	0.1967	0.0896	0	0.0121	0.4919	0.496	0.0173	0.5574	0.4253	0.0129	0.3736	0.6135	0.0129	0.3736	0.6135	0.1538	0.2308	0.4615	0.1538	0.8261	0.0412	0.1297	0.003
EA73EC085EFF4BBAD3A12A8F13398989854863383FCE6BE0F67944A1D52A3291.apk	0	0	0	0.8989	0.1011	0	0	0	0	0	0.2407	0.7593	0	0.3158	0.6842	0	0.1014	0.8986	0	0.1014	0.8986	0.6	0	0.4	0	0.8727	0	0.1273	0
EAC3115A750EAFEFCADA9DFA7711DEEA5A7EF1E0D8870876E3197E7B113CBBA9.apk	0	0	0	0.6338	0.0064	0	0.288	0.0016	0.0702	0.2955	0.0682	0.6364	0.2222	0.1111	0.6667	0.0704	0.0081	0.9215	0.0704	0.0081	0.9215	1	0	0	0	1	0	0	0
EB011BBBDF93158550122C5ADAAE5D433245B67426BF8257317C74BBAA081BA1.apk	0.7142	0.1484	0	0.0841	0.0491	0	0.0027	0.0004	0.0011	0.032	0.331	0.637	0.0127	0.4306	0.5567	0.0011	0.1982	0.8007	0.0011	0.1988	0.8001	0.4286	0.4286	0.1429	0	0.5879	0.3986	0.0135	0
EB76E7FD0861EABAD84AFA9C0D7BDAEF9301CF3FE9B27E0A683D114A95B897B0.apk	0	0	0	0.9493	0.0507	0	0	0	0	0	0.2821	0.7179	0	0.3611	0.6389	0	0.0521	0.9479	0	0.0521	0.9479	0.6	0	0.4	0	0.9563	0	0.0437	0
EBBC78D52DA9DF6CB37C231F64C3F592D9874446EF9421914B9EA52AFBAA3B46.apk	0	0	0	0.7524	0.2476	0	0	0	0	0	0.4408	0.5592	0	0.5353	0.4647	0	0.2492	0.7508	0	0.2492	0.7508	0.6	0	0.4	0	0.9122	0	0.0878	0
EC901AF0DEC1BB1A596E52478AFF531D5D0DE69AE2A6A3F549A6E3BEEFBB1D65.apk	0	0	0	0.6909	0.2563	0	0.0339	0.011	0.0079	0.1429	0.3857	0.4714	0.2125	0.4719	0.3156	0.0084	0.2679	0.7237	0.0084	0.2679	0.7237	0.8333	0	0.1667	0	0.9498	0	0.0502	0
EC9542C93C2C2C8691C9B12E62DD0955C4A1E5B9F08897D4733D83672A9D17F3.apk	0	0	0	0.0092	0.0004	0	0.6914	0.0001	0.2988	0.3699	0.0411	0.589	0.3812	0.0359	0.583	0.2989	0.0005	0.7006	0.2989	0.0005	0.7006	1	0	0	0	1	0	0	0
ED1324A046E0E03AAD9C40E993FF7378F71B0E7945B33F540EF3EE94260BC602.apk	0	0	0	0.5365	0.0936	0	0.3493	0	0.0206	0.1273	0.1273	0.7455	0.1023	0.1818	0.7159	0.0237	0.097	0.8793	0.0237	0.097	0.8793	0.6	0	0.4	0	0.9639	0	0.0361	0
EE08C9B15277CA75196F3362539883D6281F26491FA8C4CF43759C87342BA83B.apk	0	0	0	0.9826	0.0174	0	0	0	0	0	0.3333	0.6667	0	0.2727	0.7273	0	0.0174	0.9826	0	0.0174	0.9826	1	0	0	0	1	0	0	0
EE3663EFE3140ABE04DDA941D1C619B76172F0F125976AD39D8E10E0AB016D7D.apk	0	0	0	0	0	0	0	0	0	0	0	0	0	0	0	0	0	0	0	0	0	0	0	0	0	0	0	0	0
EEE23C46182F5A6B362857A22B7EC04C002408C64543B567A0DA396C84207F1B.apk	0	0	0	0.736	0.1393	0.0001	0.1232	0.0007	0.0007	0.0425	0.316	0.6415	0.0234	0.4584	0.5182	0.0009	0.142	0.8571	0.0009	0.142	0.857	0.25	0.25	0.5	0	0.9522	0.0066	0.0413	0
EF29D592C107EA1A49FBD8A55FDB76FBD415878E65B00110DFEEF081783DCD3E.apk	0	0	0	0.8743	0.1257	0	0	0	0	0	0.2632	0.7368	0	0.2179	0.7821	0	0.1269	0.8731	0	0.1269	0.8731	0.6667	0.3333	0	0	0.8323	0.1677	0	0
F04F23B47BF27D02FAC2C70B874659300DD6C0EF71DBF4BA7EF12B8009D13A61.apk	0	0	0	0	0	0	0.7727	0	0.2273	0.3333	0	0.6667	0.375	0	0.625	0.2301	0	0.7699	0.2301	0	0.7699	1	0	0	0	1	0	0	0
F1DCCB96C6A9F08F4988DC0769CF24A9071AC867AE37FDBF2EEFC13BC13AFC0C.apk	0	0	0	0.8128	0.1872	0	0	0	0	0	0.3824	0.6176	0	0.3558	0.6442	0	0.1883	0.8117	0	0.1892	0.8108	0	0	0	0	0	0	0	0
F2D3572C522DF7AC775C7179EA5EF4114A912144B5F7F56DC567C00044B2FBDB.apk	0.0026	0.0001	0	0.3613	0.1826	0	0.3019	0.0974	0.0541	0.1098	0.4787	0.4116	0.0872	0.5501	0.3627	0.0542	0.2803	0.6656	0.0542	0.2803	0.6655	0.1875	0.4375	0.25	0.125	0.9359	0.0539	0.0085	0.0017
F3570A5D2718D3AEC9354F7A0F34ED50E2AB9698549E865CA0A46E9B554EEF53.apk	0.0011	0	0	0.5085	0.4904	0	0	0	0	0	0.5462	0.4538	0	0.5422	0.4578	0	0.4904	0.5096	0	0.4904	0.5096	0.4615	0.2308	0.3077	0	0.3949	0.5921	0.013	0
F42188CA7B54450338D7EDDDD8A65C9B5483ADE561505EA5C8184ACD6ED76FE0.apk	0	0	0	0.8404	0.1596	0	0	0	0	0	0.3137	0.6863	0	0.3077	0.6923	0	0.16	0.84	0	0.16	0.84	0.6667	0.3333	0	0	0.857	0.143	0	0
F4DBF9B948323CA35B5AB27A276AA87B010D3212E4D3C9C4337994C583446D8D.apk	0.0244	0.013	0	0.8588	0.1038	0	0	0	0	0	0.4471	0.5529	0	0.4695	0.5305	0	0.117	0.883	0	0.1175	0.8825	0.75	0	0.25	0	0.9493	0	0.0507	0
F51F1EAA223A6B8D7FD589458D11FAA0DA4A7A0BF55BC98F1D962FB47E343DB9.apk	0	0	0	0	0	0	1	0	0	0.5	0	0.5	0.5	0	0.5	0.0057	0	0.9943	0.0057	0	0.9943	1	0	0	0	1	0	0	0
F5503B8B2CCC2A71F72FBA9D944C86D8C4403FE78488F25447BF391EC3CD8029.apk	0.0004	0	0	0.3879	0.0819	0.1027	0.2839	0.0482	0.095	0.2146	0.3906	0.3948	0.1779	0.4469	0.3752	0.1977	0.1303	0.672	0.1977	0.1303	0.672	0.4286	0	0.2857	0.2857	0.9966	0	0.0011	0.0024
F5534B01424B8FFEB7DBBB14B73234DB09DC9B9B507F79EFED819605E524E003.apk	0	0	0	0.625	0.375	0	0	0	0	0	0.3636	0.6364	0	0.5	0.5	0	0.3759	0.6241	0	0.3759	0.6241	1	0	0	0	1	0	0	0
F56F8A9A1D247A6F7B7161B1BD2E5E56680BA4682DC0ADA973AADF74B6FB6DAC.apk	0	0	0	0	0	0	1	0	0	0.5	0	0.5	0.5	0	0.5	0.0053	0	0.9947	0.0053	0	0.9947	1	0	0	0	1	0	0	0
F5DC6FB97283634839BA664253686E412ACD76B73DEA6A378ADBAF52998B17B9.apk	0	0	0	0.9815	0.0185	0	0	0	0	0	0.25	0.75	0	0.3333	0.6667	0	0.0186	0.9814	0	0.0186	0.9814	1	0	0	0	1	0	0	0
F5F5483DC09904B5809E0399437E56A0CFB8133FF02D67A962C3C5C92AA14B7D.apk	0	0	0	0	0	0	0.75	0	0.25	0.4444	0	0.5556	0.5455	0	0.4545	0.2521	0	0.7479	0.2521	0	0.7479	0.75	0.25	0	0	0.9983	0.0017	0	0
F6E722FF402342FF533B5E660B08BFA5881D6285DFCD100522B2B03EABC803D0.apk	0.4644	0.0022	0	0.4236	0.1098	0	0	0	0	0.0042	0.4603	0.5356	0.0009	0.593	0.406	0	0.1131	0.8869	0	0.1131	0.8869	0.2	0.5	0.3	0	0.787	0.1844	0.0286	0
F7A8973880BC6905CBFB4C2B02F98FFC97A98101CB9BB8EFF1E0E4E3CFE9F4EA.apk	0	0	0	0.5333	0.0667	0	0.3667	0.0167	0.0167	0.087	0.2174	0.6957	0.0811	0.1622	0.7568	0.0169	0.0836	0.8994	0.0169	0.0836	0.8994	1	0	0	0	1	0	0	0
F84A466F4A521A19AFFF19B9DD751D271EC941560AC12945C3FEE344B1D6B59D.apk	0.0123	0	0	0.5622	0.3431	0.0004	0.0643	0.0091	0.0087	0.0829	0.4144	0.5028	0.0604	0.4608	0.4789	0.0092	0.3526	0.6382	0.0092	0.3526	0.6382	0.25	0.4167	0.3333	0	0.8388	0.1156	0.0456	0
F973BF86D15555142599E6E9B9F1B4A16666BF1E1A4D910D8BDE23531A5D5B03.apk	0	0	0	0.4688	0.375	0	0.1562	0	0	0.125	0.375	0.5	0.1333	0.4	0.4667	0.001	0.3752	0.6238	0.001	0.3752	0.6238	1	0	0	0	1	0	0	0
F9B16C2FD3F97C1B69341E1E8554265CAF8F3745374CF68DDC47B09F483FF15B.apk	0.9272	0.0057	0	0.0422	0.0163	0	0.0061	0.0003	0.0022	0.1136	0.1864	0.7	0.0775	0.2042	0.7183	0.0023	0.0225	0.9752	0.0023	0.0226	0.9751	0.4545	0.3636	0.1818	0	0.7314	0.2665	0.002	0
FADF2AC4CD3C0895D388B6F8366337D711A2E39C72B72E75911198A08B7270DC.apk	0.0026	0	0	0.0622	0.042	0	0.7704	0.0005	0.1223	0.0347	0.375	0.5903	0.0631	0.4664	0.4705	0.1221	0.0439	0.8341	0.1221	0.0439	0.8341	0.1667	0.5833	0.25	0	0.8558	0.1247	0.0195	0
FB414800DF1ED7285C7BD4D7274A745D064AE2A4F40DB512A61E3AB9625504C8.apk	0	0	0	0.8484	0.0864	0	0.0507	0.0072	0.0074	0.0806	0.3468	0.5726	0.0643	0.3826	0.5531	0.0076	0.0948	0.8977	0.0076	0.0948	0.8977	0.5	0.1	0.4	0	0.9271	0.0006	0.0723	0
FB4F3F46EDFEDCEC53350933E5484BCD21C86EC226E818AE03B4A6F27531CBB3.apk	0	0	0	0	0	0	0.7684	0	0.2316	0.4865	0	0.5135	0.5147	0	0.4853	0.2357	0	0.7643	0.2357	0	0.7643	1	0	0	0	1	0	0	0
FD876D6055AC5CA7DE469E74EA6FF421898C11EBC30951C52E953743311BF0FD.apk	0	0	0	0	0	0	1	0	0	0.5	0	0.5	0.5	0	0.5	0.0052	0	0.9948	0.0052	0	0.9948	0	0	0	0	0	0	0	0
FE6A73AA404A6A951226E9399BA9FB5AC62F1AECDBC1E285E4A0E9F3B8C6BE70.apk	0	0.0018	0	0.369	0.2712	0	0.3255	0.0325	0	0.0128	0.3846	0.6026	0.0095	0.5545	0.436	0.0004	0.3156	0.684	0.0004	0.3156	0.684	0.0769	0.3077	0.6154	0	0.0282	0.4789	0.493	0
FE9F248FB5F66D7E7AFA0122552FD6384198C5E6858A7074E341C568C78D4023.apk	0	0	0	0.7368	0.2632	0	0	0	0	0	0.4557	0.5443	0	0.5389	0.4611	0	0.2646	0.7354	0	0.2646	0.7354	0.6	0	0.4	0	0.8761	0	0.1239	0
FFA2E928FD1AC8CE41243E8DF9DCF06D679E7319CA90ED0250E485031D7E19C3.apk	0.3832	0.0069	0	0.4916	0.0777	0	0.0276	0	0.013	0.0541	0.1959	0.75	0.0526	0.1579	0.7895	0.0135	0.0853	0.9012	0.0135	0.0853	0.9012	0.6667	0	0.3333	0	0.9048	0	0.0952	0
