coop.nisc.android.smarthub	0.8773	0.0318	0	0.0773	0.0091	0	0	0.0045	0	0.0312	0.1875	0.7812	0.0196	0.1765	0.8039	0.0037	0.0701	0.9262	0.0037	0.0701	0.9262	0	0	0	1	0	0	0	1
com.djigzo.android.application	0	0	0	0.8152	0.1848	0	0	0	0	0	0.381	0.619	0	0.4681	0.5319	0	0.185	0.815	0	0.185	0.815	0	0	0	0	0	0	0	0
com.jb.gokeyboard.theme.twkeyboardforhtconem8	0.9551	0.0016	0	0	0	0	0.0242	0	0.0191	0.0598	0.0109	0.9293	0.0472	0.0062	0.9466	0.0191	0.0016	0.9792	0.0191	0.0016	0.9792	0.7778	0	0.2222	0	0.997	0	0.003	0
com.erkanyilmaz.namazvakitleri	0	0	0	0.0012	0.0037	0	0.8995	0	0.0956	0.1591	0.4261	0.4148	0.2556	0.4283	0.3161	0.0957	0.004	0.9003	0.0957	0.004	0.9003	0.7778	0.2222	0	0	0.7962	0.2038	0	0
com.jb.gokeyboard.theme.twkeyboardforsonyxperiaz	0.9559	0.0016	0	0	0	0	0.0238	0	0.0188	0.0598	0.0109	0.9293	0.0472	0.0062	0.9466	0.0188	0.0016	0.9796	0.0188	0.0016	0.9796	0.7778	0	0.2222	0	0.9966	0	0.0034	0
pl.trojmiasto.mobile	0.0561	0.0018	0.0001	0.3143	0.6033	0	0.0182	0.0001	0.0061	0.1138	0.209	0.6772	0.098	0.2455	0.6565	0.0085	0.596	0.3954	0.0085	0.5961	0.3954	0.5	0	0.3	0.2	0.7983	0	0.0268	0.1749
com.monsta.imagenscomfrasesdecarinho	0	0	0	0.7818	0.2	0	0.0182	0	0	0.0417	0.25	0.7083	0.0217	0.3261	0.6522	0	0.2001	0.7999	0	0.2038	0.7962	0	0	0	0	0	0	0	0
ch.switchdrive.androidclient	0.4768	0	0	0.0109	0.0033	0	0.4012	0.0006	0.1073	0.1748	0.0231	0.8021	0.1723	0.0189	0.8088	0.1075	0.0039	0.8885	0.1076	0.0039	0.8885	0.4706	0.2941	0.1176	0.1176	0.8615	0.0505	0.0183	0.0697
ru.eeteam.sendcontactsfree	0.9846	0	0	0.0139	0.0015	0	0	0	0	0	0.0126	0.9874	0	0.007	0.993	0	0.0015	0.9985	0	0.0016	0.9984	0.5	0	0.5	0	0.9494	0	0.0506	0
com.druva.inSync_android	0.2536	0.0111	0	0.3329	0.4023	0	0	0	0	0	0.5243	0.4757	0	0.5428	0.4572	0	0.4143	0.5857	0	0.4145	0.5855	0.5882	0	0.4118	0	0.9981	0	0.0019	0
com.aob	0.994	0	0	0	0	0	0.0053	0	0.0007	0.1424	0.0222	0.8354	0.1201	0.0123	0.8677	0.0008	0	0.9992	0.0008	0	0.9992	0.5	0	0.5	0	0.9998	0	0.0002	0
hu.webvalto.bkkfutar	0.7993	0	0	0	0	0	0.172	0	0.0288	0.0855	0	0.9145	0.0882	0	0.9118	0.0288	0	0.9712	0.0288	0	0.9712	0	0	0	1	0	0	0	1
com.apkcreator.fwdfree	0	0	0	0.5636	0.4	0	0.0364	0	0	0.0385	0.3462	0.6154	0.04	0.52	0.44	0	0.4001	0.5999	0	0.4001	0.5999	0	0	0	0	0	0	0	0
com.seazon.fo	0	0	0	0.309	0.0024	0.0023	0.5633	0.0021	0.1208	0.3418	0.019	0.6392	0.4026	0.0427	0.5547	0.1233	0.0046	0.8721	0.1233	0.0046	0.8721	1	0	0	0	1	0	0	0
es.wul4.android.santander	0	0	0	0.7953	0.2047	0	0	0	0	0	0.4	0.6	0	0.4754	0.5246	0	0.2072	0.7928	0	0.2072	0.7928	0	0	0	0	0	0	0	0
com.e6bapps.ganalytics	0.9652	0.0006	0	0.0228	0	0	0.0076	0.0038	0	0.0182	0.0545	0.9273	0.0156	0.0469	0.9375	0	0.0044	0.9956	0	0.0044	0.9956	0	0	1	0	0	0	1	0
ru.org.familytree	0	0	0	0	0	0	0	0	0	0	0	0	0	0	0	0	0	0	0	0	0	0	0	0	0	0	0	0	0
com.vk.reader	0	0	0	0	0	0	0	0	0	0	0	0	0	0	0	0	0	0	0	0	0	0	0	0	0	0	0	0	0
net.andromo.dev280448.app265087	0.4488	0	0	0.1551	0.0388	0	0.2591	0.0205	0.0777	0.1791	0.0746	0.7463	0.1738	0.0969	0.7293	0.0778	0.0593	0.8629	0.0778	0.0593	0.8629	0.6	0	0	0.4	0.8593	0	0	0.1407
com.texterity.android.DisasterRecoveryJournal	0.0028	0	0	0.481	0.0824	0	0.3594	0.0025	0.0719	0.1399	0.2867	0.5734	0.1551	0.3699	0.4749	0.0719	0.0852	0.8429	0.0732	0.0866	0.8402	0.6	0	0.4	0	0.9844	0	0.0156	0
com.hardcoreapps.loboshaker	0.4652	0	0	0.3121	0.2227	0	0	0	0	0	0.375	0.625	0	0.3651	0.6349	0	0.2228	0.7772	0	0.2228	0.7772	1	0	0	0	1	0	0	0
com.texterity.android.VermontLife	0.0025	0	0	0.4913	0.0799	0	0.3526	0.0025	0.0711	0.1399	0.2867	0.5734	0.1531	0.3708	0.4761	0.0712	0.0827	0.8461	0.0724	0.0841	0.8435	0.6	0	0.4	0	0.9858	0	0.0142	0
cz.kupi	0.1503	0	0	0.3619	0.2742	0.0097	0.1666	0.0191	0.0181	0.0753	0.3548	0.5699	0.0579	0.5328	0.4093	0.0279	0.2938	0.6783	0.0279	0.2938	0.6783	0.5	0	0.25	0.25	0.2841	0	0.4069	0.3089
com.texterity.android.Oncology	0.0023	0	0	0.4899	0.0807	0	0.3532	0.0025	0.0712	0.1408	0.2817	0.5775	0.1561	0.3659	0.478	0.0713	0.0835	0.8451	0.0726	0.085	0.8425	0.6	0	0.4	0	0.9873	0	0.0127	0
com.rescuetime.android	0.2121	0	0	0.7589	0.0289	0	0	0	0	0	0.1898	0.8102	0	0.3269	0.6731	0	0.0293	0.9707	0	0.0293	0.9707	0.4167	0.25	0.3333	0	0.9249	0.0658	0.0094	0
com.in.skydrive.advancefree	0.3534	0	0	0.2687	0.2558	0	0.0754	0.0261	0.0207	0.0374	0.3271	0.6355	0.0502	0.3692	0.5806	0.0207	0.282	0.6973	0.0207	0.282	0.6973	0.5	0	0.5	0	0.9439	0	0.0561	0
com.srigunting.kumpulandoa	0.9492	0.0039	0	0.0364	0.0091	0	0.0014	0	0	0.0045	0.027	0.9685	0.0025	0.0369	0.9605	0	0.0133	0.9867	0	0.0133	0.9867	0.5	0	0.5	0	0.8273	0	0.1727	0
com.mobilitat.mls	0	0	0	0	0	0	0	0	0	0	0	0	0	0	0	0	0	0	0	0	0	0	0	0	0	0	0	0	0
br.com.mobizze	0	0	0	0.6047	0.3953	0	0	0	0	0	0.5732	0.4268	0	0.5971	0.4029	0	0.3955	0.6045	0	0.3955	0.6045	0	0	0	0	0	0	0	0
goko.gcs	0.5412	0	0	0.044	0.0557	0	0.2954	0.0068	0.057	0.0982	0.1518	0.75	0.1083	0.1264	0.7653	0.057	0.0625	0.8805	0.057	0.0625	0.8805	1	0	0	0	1	0	0	0
com.callbotapp.callbot	0.0011	0	0	0.3818	0.4333	0.0014	0.1417	0.0103	0.0306	0.0682	0.5929	0.3388	0.0757	0.6283	0.296	0.0323	0.4447	0.5231	0.0323	0.4447	0.5231	0.5	0	0.5	0	0.9957	0	0.0043	0
ru.evgajukov.mobile.circassian.activity	0.0291	0	0	0.5864	0.3731	0.0003	0.0066	0.0024	0.002	0.1463	0.1626	0.6911	0.1117	0.3665	0.5218	0.003	0.3755	0.6216	0.003	0.3757	0.6214	1	0	0	0	1	0	0	0
sg.mof.sgbudget	0.0071	0	0	0.1899	0.4066	0.0006	0.3537	0.0025	0.0395	0.1932	0.4915	0.3153	0.1633	0.5503	0.2864	0.0413	0.4104	0.5483	0.0413	0.4104	0.5483	1	0	0	0	1	0	0	0
com.texterity.android.HumanResourceExecutive	0.0034	0	0	0.5054	0.0812	0	0.3394	0.0024	0.0682	0.1399	0.2867	0.5734	0.1535	0.3693	0.4772	0.0683	0.0839	0.8478	0.0694	0.0853	0.8453	0.6	0	0.4	0	0.9807	0	0.0193	0
de.leatherwallpaper	0.8396	0	0	0.1052	0.0552	0	0	0	0	0	0.2659	0.7341	0	0.2027	0.7973	0	0.0553	0.9447	0	0.0554	0.9446	1	0	0	0	1	0	0	0
ch.mydrive.webdav	0.8615	0	0	0.0203	0.0019	0	0.0839	0.0029	0.0296	0.1641	0.0347	0.8012	0.1523	0.0232	0.8245	0.0299	0.0048	0.9653	0.03	0.0048	0.9652	0.8571	0	0.1429	0	0.9976	0	0.0024	0
be.vantslot.voetbal.kalender	0.9631	0	0	0.0166	0.0074	0	0.0069	0.0055	0.0005	0.011	0.0404	0.9485	0.0065	0.0232	0.9703	0.0005	0.0129	0.9866	0.0005	0.013	0.9865	0.75	0	0.25	0	0.9904	0	0.0096	0
fi.android.takealot	0.0914	0	0	0.5322	0.3379	0	0.014	0.0244	0	0.0105	0.5368	0.4526	0.0184	0.5521	0.4294	0	0.3625	0.6375	0	0.3625	0.6375	0	0	0	1	0	0	0	1
com.picovico.android	0.9909	0	0	0	0	0	0.0091	0	0	0.0222	0	0.9778	0.0177	0	0.9823	0	0	1	0	0	1	0	0	1	0	0	0	1	0
com.texterity.android.SprayFoam	0.0025	0	0	0.511	0.0789	0	0.3373	0.0024	0.0679	0.1399	0.2867	0.5734	0.152	0.3705	0.4774	0.068	0.0816	0.8504	0.0691	0.083	0.8479	0.6	0	0.4	0	0.9856	0	0.0144	0
net.samham.electricity	0.7851	0	0	0.0462	0.036	0	0.1023	0	0.0305	0.0767	0.1397	0.7836	0.0673	0.185	0.7478	0.0305	0.0362	0.9333	0.0307	0.0364	0.933	0.5	0	0.25	0.25	0.9799	0	0.0058	0.0143
com.greywallsoftware.veoci	0.9873	0.0008	0	0.0119	0	0	0	0	0	0.0073	0.0365	0.9562	0.0037	0.0131	0.9831	0	0.0008	0.9992	0	0.0008	0.9992	0.4286	0	0.5714	0	0.9962	0	0.0038	0
com.neurondevelopments.levelsaid	0.9818	0	0	0	0	0	0.0143	0	0.0039	0.047	0	0.953	0.0335	0	0.9665	0.0084	0	0.9916	0.0084	0	0.9916	0.6	0	0.4	0	0.8857	0	0.1143	0
com.confidly.confidly	0	0	0	0	0	0	0.9948	0	0.0052	0.2727	0	0.7273	0.32	0	0.68	0.0242	0	0.9758	0.0242	0	0.9758	1	0	0	0	1	0	0	0
com.nvdevelopment.ref.constcolombia.free	0	0	0	0.0093	0.0025	0	0.9171	0.0001	0.071	0.1558	0.1558	0.6883	0.2174	0.1304	0.6522	0.0735	0.0049	0.9216	0.0735	0.0049	0.9216	1	0	0	0	1	0	0	0
com.redyApps.redyGymLog	0.4457	0.0001	0	0.2645	0.2897	0	0	0	0	0	0.2119	0.7881	0	0.2784	0.7216	0	0.2897	0.7103	0	0.2897	0.7103	0.5	0	0.3	0.2	0.8185	0	0.1334	0.048
eu.bioport.reporterio	0	0	0	0.6538	0.3462	0	0	0	0	0	0.3077	0.6923	0	0.5217	0.4783	0	0.3463	0.6537	0	0.3463	0.6537	0	0	0	0	0	0	0	0
com.musicmind	0.4715	0.0019	0	0.3506	0.1761	0	0	0	0	0	0.2602	0.7398	0	0.2302	0.7698	0	0.1781	0.8219	0	0.1781	0.8219	0.3333	0.0606	0.4242	0.1818	0.7479	0.0003	0.1181	0.1337
com.sports.cricket.schedule	0	0	0	0.0006	0.0006	0	0.9924	0.0038	0.0025	0.2414	0.069	0.6897	0.22	0.06	0.72	0.0092	0.0061	0.9847	0.0092	0.0061	0.9847	1	0	0	0	1	0	0	0
com.google.zxing.client.android	0.9187	0	0	0	0	0	0.072	0	0.0093	0.25	0	0.75	0.2763	0	0.7237	0.0094	0	0.9906	0.0094	0	0.9906	0.8182	0	0.1818	0	0.961	0	0.039	0
pl.plksa.RozkladJazdy	0.9997	0.0002	0	0	0	0	0.0001	0	0	0.0073	0.0365	0.9562	0.0038	0.0134	0.9828	0	0.0002	0.9998	0	0.0002	0.9998	0.5	0	0.5	0	0.9943	0	0.0057	0
de.esymetric.rungps_lite	0	0	0	0.6507	0.086	0	0.1687	0.0704	0.0242	0.1071	0.5357	0.3571	0.1013	0.462	0.4367	0.0245	0.1576	0.8179	0.0245	0.1576	0.8179	0.3333	0	0.3333	0.3333	0.7262	0	0.1809	0.0929
de.damageinc.thusp	0	0	0	0.6208	0.2656	0	0.0995	0	0.0141	0.119	0.2619	0.619	0.1	0.3143	0.5857	0.0142	0.2656	0.7203	0.0142	0.2656	0.7203	1	0	0	0	1	0	0	0
com.locationlabs.finder.sprint	0	0	0	0	0	0	0	0	0	0	0	0	0	0	0	0	0	0	0	0	0	0	0	0	0	0	0	0	0
com.sedevelop.dict.enfren.free	0	0	0	0.0016	0.0008	0	0.9054	0	0.0922	0.1101	0.3211	0.5688	0.1614	0.2756	0.563	0.0924	0.0014	0.9062	0.0924	0.0014	0.9062	1	0	0	0	1	0	0	0
com.on_labs.android.aplus	0.8637	0	0	0.0499	0.0093	0	0.0494	0.0048	0.0229	0.0769	0.0513	0.8718	0.0735	0.0515	0.875	0.0229	0.0141	0.963	0.0229	0.0141	0.963	0.6667	0	0.3333	0	0.9757	0	0.0243	0
com.doplgangr.mcu	0.6282	0	0.0018	0.2041	0.1559	0.0008	0.0046	0.0028	0.0019	0.0491	0.3266	0.6244	0.0326	0.3231	0.6443	0.0046	0.1598	0.8356	0.0046	0.1598	0.8356	0.6667	0	0.1333	0.2	0.9696	0	0.0122	0.0183
com.repotechnology.champion	0.9904	0	0	0.0085	0.0009	0	0.0002	0	0	0.0071	0.0426	0.9504	0.0031	0.0281	0.9688	0	0.001	0.999	0	0.001	0.999	0.5	0	0.5	0	0.945	0	0.055	0
com.allied.comfortsync.root	0	0	0	0	0	0	0	0	0	0	0	0	0	0	0	0	0	0	0	0	0	0	0	0	0	0	0	0	0
jitdesign.icsimport	0.843	0	0	0.1354	0.0113	0.0001	0.0088	0.0005	0.001	0.0734	0.0688	0.8578	0.0667	0.08	0.8533	0.0012	0.0119	0.987	0.0012	0.0119	0.987	0.7778	0	0.2222	0	0.9988	0	0.0012	0
com.couchsurfing.mobile.android	0.9149	0.0014	0	0.0542	0.0295	0	0	0	0	0	0.2818	0.7182	0	0.2169	0.7831	0	0.0311	0.9689	0	0.0311	0.9689	0	0.125	0.375	0.5	0	0.0269	0.1335	0.8396
com.jb.gokeyboard.theme.fungreenpower	0	0	0	0.4444	0.4074	0	0.1112	0.0247	0.0124	0.0312	0.4375	0.5312	0.0448	0.5522	0.403	0.0124	0.4322	0.5555	0.0124	0.4322	0.5555	0	0	0	0	0	0	0	0
com.milan.novine	0.8781	0.0035	0	0.0924	0.026	0	0	0	0	0	0.1671	0.8329	0	0.1677	0.8323	0	0.0361	0.9639	0	0.0361	0.9639	0.6667	0	0.2	0.1333	0.9696	0	0.0183	0.0122
ro.mying	0.9456	0.0003	0.0025	0	0.0001	0	0.0437	0	0.0078	0.1798	0.0081	0.8121	0.1697	0.0051	0.8251	0.0119	0.0004	0.9878	0.0119	0.0004	0.9877	0.6061	0	0.3939	0	0.9847	0	0.0153	0
com.telerik.GoogleLinks	0.9973	0.0017	0	0.0001	0	0	0.0008	0	0	0.0077	0.0462	0.9462	0.0042	0.017	0.9788	0	0.0018	0.9982	0	0.0018	0.9982	0.4286	0	0.5714	0	0.9596	0	0.0404	0
com.tobykurien.webapps	0.9012	0.0015	0	0.0395	0.0102	0.0002	0.0333	0.003	0.0111	0.0573	0.1847	0.758	0.053	0.1355	0.8115	0.0123	0.0177	0.9701	0.0123	0.0177	0.97	1	0	0	0	1	0	0	0
com.kitapps.android.builder.bpm_dj_electronic_music_production_event	0	0	0	0	0	0	0	0	0	0	0	0	0	0	0	0	0	0	0	0	0	0	0	0	0	0	0	0	0
com.idl.apptitudeBook	0.9723	0	0	0	0	0	0.0254	0	0.0023	0.0194	0	0.9806	0.0113	0	0.9887	0.0023	0	0.9977	0.0023	0	0.9977	0.5	0	0.5	0	0.6256	0	0.3744	0
com.dahi.translate	0.9623	0.0005	0	0	0	0	0.0223	0	0.0149	0.039	0.013	0.9481	0.0281	0.0056	0.9663	0.0149	0.0005	0.9846	0.0149	0.0005	0.9846	0.7778	0	0.2222	0	0.9643	0	0.0357	0
com.in.skydrive.advancefree	0.3459	0	0	0.2718	0.2582	0	0.0765	0.0265	0.021	0.0374	0.3271	0.6355	0.0502	0.3692	0.5806	0.021	0.2848	0.6942	0.021	0.2848	0.6942	0.5	0	0.5	0	0.9455	0	0.0545	0
rfh.sa.yoviajo	0.6112	0.0018	0.0003	0.2314	0.1139	0	0.0277	0.0047	0.009	0.0423	0.0387	0.919	0.0329	0.0669	0.9002	0.0094	0.1203	0.8704	0.0094	0.1203	0.8703	0.7143	0	0	0.2857	0.9394	0	0	0.0606
application.pandurang.vitthala	0.0883	0.0003	0	0.3441	0.5672	0	0	0	0	0	0.2622	0.7378	0	0.2479	0.7521	0	0.5667	0.4333	0	0.5668	0.4332	0.625	0	0.375	0	0.9894	0	0.0106	0
com.rootuninstaller.taskbarw8	0.6386	0.0022	0	0.2235	0.0669	0	0.0524	0.0032	0.0132	0.0782	0.2255	0.6964	0.0882	0.2453	0.6665	0.0138	0.0736	0.9126	0.0138	0.0739	0.9123	0.5238	0.2381	0.2381	0	0.9902	0.0069	0.0029	0
ca.GabrielCastro.LTC	0.0078	0	0	0.283	0.7092	0	0	0	0	0	0.4206	0.5794	0	0.5063	0.4937	0	0.7055	0.2945	0	0.7056	0.2944	1	0	0	0	1	0	0	0
com.ejr.mctstracker	0.7747	0	0	0.1164	0.0713	0	0.032	0	0.0057	0.0992	0.0051	0.8957	0.1319	0.0135	0.8546	0.0077	0.0704	0.9219	0.0077	0.0704	0.9219	0.5	0	0.5	0	0.9957	0	0.0043	0
vn.com.vng.phim123	0.2085	0	0	0.1082	0.027	0	0.5151	0.0181	0.1232	0.26	0.06	0.68	0.271	0.0748	0.6542	0.1233	0.0451	0.8316	0.1233	0.0451	0.8316	0	0	0.5	0.5	0	0	0.0124	0.9876
com.jb.gokeyboard.theme.tmebluefancy	0.9561	0.0016	0	0	0	0	0.0238	0	0.0184	0.0598	0.0109	0.9293	0.0472	0.0062	0.9466	0.0184	0.0016	0.9799	0.0185	0.0017	0.9799	0.7778	0	0.2222	0	0.9964	0	0.0036	0
br.com.maisapp	0.1541	0.0013	0	0.579	0.2293	0	0.0246	0.0026	0.0091	0.0541	0.3243	0.6216	0.0363	0.3966	0.567	0.0177	0.285	0.6973	0.0177	0.285	0.6973	0.5	0.1667	0.3333	0	0.4762	0.1429	0.381	0
com.jb.gokeyboard.theme.BestThemes.pinkzebra	0	0	0	0.4444	0.4074	0	0.1112	0.0247	0.0124	0.0312	0.4375	0.5312	0.0448	0.5522	0.403	0.0124	0.4322	0.5554	0.0124	0.4322	0.5554	0	0	0	0	0	0	0	0
com.edition.player.show	0.6706	0	0	0.2717	0.0577	0	0	0	0	0	0.245	0.755	0	0.2534	0.7466	0	0.0588	0.9412	0	0.0588	0.9412	1	0	0	0	1	0	0	0
org.freeandroidtools.root_checker	0.9943	0	0.0003	0	0	0	0.0054	0	0	0.0113	0	0.9887	0.0083	0	0.9917	0.0017	0	0.9983	0.0017	0	0.9983	1	0	0	0	1	0	0	0
ms.salt.en2ch2	0	0	0	0	0	0	0.8529	0.0254	0.1217	0.3919	0.027	0.5811	0.3819	0.0139	0.6042	0.1218	0.0254	0.8529	0.1218	0.0254	0.8529	1	0	0	0	1	0	0	0
com.nvdevelopment.dict.derumt.free	0	0	0	0.0001	0	0	0.8783	0	0.1216	0.1558	0.1299	0.7143	0.2071	0.1616	0.6313	0.1216	0.0001	0.8783	0.1216	0.0001	0.8783	1	0	0	0	1	0	0	0
com.vaishnavism.vishnusahasranaamam.english	0	0	0	0	0	0	0.8909	0	0.1091	0.1765	0	0.8235	0.2353	0	0.7647	0.1092	0	0.8908	0.1092	0	0.8908	1	0	0	0	1	0	0	0
jp.iggy.android.jblocknow	0	0	0	0.3363	0.0267	0.0067	0.4291	0.0543	0.147	0.2037	0.0741	0.7222	0.3082	0.0959	0.5959	0.1544	0.081	0.7646	0.1544	0.081	0.7646	0.5	0	0.5	0	0.9131	0	0.0869	0
com.mobisoft.morhipo	0.9137	0.0013	0	0.0438	0.0333	0	0.007	0.0009	0	0.0056	0.2682	0.7263	0.0046	0.2092	0.7862	0	0.0357	0.9643	0	0.0357	0.9643	0	0.1667	0.5	0.3333	0	0.0223	0.1306	0.8471
com.texterity.android.ComplianceToday	0.0033	0	0	0.487	0.0832	0	0.3529	0.0025	0.0711	0.1399	0.2867	0.5734	0.1535	0.3717	0.4748	0.0712	0.0859	0.8429	0.0725	0.0874	0.8401	0.6	0	0.4	0	0.9812	0	0.0188	0
com.andromo.dev35006.app203046	0	0	0	0	0	0	0.6	0	0.4	0.2857	0	0.7143	0.4	0	0.6	0.4	0	0.6	0.4	0	0.6	0	0	0	0	0	0	0	0
com.lanoosphere.tessa.taxi_metz	0.0011	0	0	0.8476	0.1357	0	0.011	0.0002	0.0043	0.0335	0.4246	0.5419	0.0275	0.4725	0.5	0.0045	0.1376	0.8579	0.0045	0.1376	0.8579	0.5	0	0.5	0	0.9061	0	0.0939	0
eu.spm.calcissimo	0.8948	0	0	0.0182	0.0173	0	0.066	0.0004	0.0033	0.0373	0.2829	0.6798	0.0333	0.2666	0.7001	0.0034	0.0184	0.9782	0.0034	0.0184	0.9782	0.8	0	0.2	0	0.9993	0	0.0007	0
com.texterity.android.DirtWheels	0.0025	0	0	0.492	0.0807	0	0.3517	0.0024	0.0707	0.1418	0.2766	0.5816	0.1572	0.3587	0.484	0.0708	0.0834	0.8458	0.072	0.0849	0.8431	0.6	0	0.4	0	0.9858	0	0.0142	0
com.sbgapps.scoreit	0.8882	0.0009	0.001	0.04	0.0313	0	0.0211	0.0037	0.0138	0.0971	0.062	0.8409	0.0723	0.0705	0.8572	0.0172	0.0373	0.9455	0.0172	0.0373	0.9455	1	0	0	0	1	0	0	0
com.texterity.android.CaliforniaFreemason	0.0023	0	0	0.4901	0.0795	0	0.3546	0.0025	0.0711	0.1399	0.2867	0.5734	0.1551	0.3699	0.4749	0.0712	0.0822	0.8466	0.0724	0.0836	0.8439	0.6	0	0.4	0	0.9874	0	0.0126	0
fr.easytouseapps.calcloan	0.9507	0	0	0	0	0	0.0379	0	0.0113	0.0746	0	0.9254	0.0507	0	0.9493	0.0114	0	0.9886	0.0114	0	0.9886	0.7143	0	0.2857	0	0.9702	0	0.0298	0
com.texterity.android.SeniorLivingExecutive	0	0	0	0.3767	0.28	0	0.2888	0.0044	0.05	0.1105	0.5	0.3895	0.1066	0.5427	0.3507	0.05	0.2847	0.6653	0.05	0.2847	0.6653	0.6667	0	0.3333	0	0.9908	0	0.0092	0
com.katz.rexall	0.9944	0.0001	0	0.0055	0	0	0	0	0	0.0085	0.0256	0.9658	0.0039	0.0118	0.9843	0	0.0001	0.9999	0	0.0001	0.9999	0.4286	0	0.5714	0	0.9897	0	0.0103	0
com.clo.clo	0.0023	0	0	0.5093	0.081	0	0.3367	0.0024	0.0683	0.1389	0.2917	0.5694	0.1517	0.3744	0.4739	0.0684	0.0836	0.848	0.0696	0.0851	0.8453	0.6	0	0.4	0	0.9859	0	0.0141	0
cz.lidovky.mobil	0	0	0	0	0	0	0.9976	0	0.0024	0.25	0	0.75	0.2571	0	0.7429	0.0051	0	0.9949	0.0051	0	0.9949	1	0	0	0	1	0	0	0
com.texterity.android.PelotonApp	0.0031	0	0	0.4978	0.0807	0	0.3462	0.0025	0.0697	0.1399	0.2867	0.5734	0.1531	0.3708	0.4761	0.0698	0.0835	0.8467	0.071	0.0849	0.8442	0.6	0	0.4	0	0.9825	0	0.0175	0
com.nilhcem.hostseditor	0	0	0	0.6666	0.2276	0.0068	0.0216	0.0421	0.0353	0.1087	0.4348	0.4565	0.1163	0.4419	0.4419	0.0422	0.2699	0.688	0.0422	0.2699	0.688	0	0	0	0	0	0	0	0
com.texterity.android.ODT	0.0026	0	0	0.5013	0.0815	0	0.3424	0.0025	0.0697	0.1389	0.2917	0.5694	0.1527	0.3723	0.4749	0.0698	0.0842	0.846	0.071	0.0856	0.8433	0.6	0	0.4	0	0.9837	0	0.0163	0
com.automotiontv.boardwalkhonda	0.6701	0	0	0.2628	0.0671	0	0	0	0	0	0.2424	0.7576	0	0.3042	0.6958	0	0.0673	0.9327	0	0.0673	0.9327	0.4	0	0.6	0	0.9828	0	0.0172	0
ru.org.familytree	0	0	0	0	0	0	0	0	0	0	0	0	0	0	0	0	0	0	0	0	0	0	0	0	0	0	0	0	0
com.gerbes.mobile	0.008	0	0	0.5517	0.4398	0	0	0.0005	0	0.004	0.6426	0.3534	0.0016	0.6519	0.3465	0.0004	0.4889	0.5107	0.0004	0.4889	0.5107	0	0	0	1	0	0	0	1
uk.co.fareexchange.everyfare.app	0.0023	0	0	0.9744	0.0233	0	0	0	0	0	0.303	0.697	0	0.2951	0.7049	0	0.0233	0.9767	0	0.0233	0.9767	1	0	0	0	1	0	0	0
net.bodas.launcher	0.8984	0.0076	0	0.0553	0.0342	0	0.0042	0.0004	0	0.0115	0.2644	0.7241	0.0083	0.1956	0.7961	0	0.0423	0.9576	0	0.0423	0.9576	0	0.1667	0.5	0.3333	0	0.0186	0.2591	0.7223
com.swift	0.3867	0.0133	0	0.44	0.1333	0	0.0267	0	0	0.0333	0.1333	0.8333	0.0364	0.2182	0.7455	0	0.1467	0.8533	0	0.1467	0.8533	1	0	0	0	1	0	0	0
coop.nisc.android.smarthub	0.8982	0.0316	0	0.0596	0.007	0	0	0.0035	0	0.0263	0.1579	0.8158	0.0167	0.15	0.8333	0.0029	0.0609	0.9362	0.0029	0.0609	0.9362	0	0	0	1	0	0	0	1
com.djigzo.android.application	0	0	0	0.8151	0.1849	0	0	0	0	0	0.381	0.619	0	0.4681	0.5319	0	0.185	0.815	0	0.185	0.815	0	0	0	0	0	0	0	0
com.jb.gokeyboard.theme.twkeyboardforhtconem8	0.9561	0.0017	0	0	0	0	0.0235	0	0.0187	0.0598	0.0109	0.9293	0.0472	0.0062	0.9466	0.0187	0.0017	0.9796	0.0188	0.0017	0.9796	0.7778	0	0.2222	0	0.9964	0	0.0036	0
com.erkanyilmaz.namazvakitleri	0	0	0	0	0	0	0.9118	0	0.0882	0.2716	0	0.7284	0.4475	0	0.5525	0.0883	0	0.9117	0.0883	0	0.9117	0.6667	0.3333	0	0	0.8926	0.1074	0	0
com.jb.gokeyboard.theme.twkeyboardforsonyxperiaz	0.9633	0.0026	0	0	0	0	0.0179	0	0.0162	0.0598	0.0109	0.9293	0.0472	0.0062	0.9466	0.0162	0.0026	0.9812	0.0163	0.0026	0.9811	0.7778	0	0.2222	0	0.9886	0	0.0114	0
pl.trojmiasto.mobile	0.1208	0.0188	0	0.3043	0.5459	0	0.0079	0.0001	0.0022	0.0844	0.1959	0.7197	0.0844	0.2328	0.6828	0.003	0.5616	0.4354	0.003	0.5617	0.4354	0.6667	0	0.2	0.1333	0.9263	0	0.0098	0.0639
com.monsta.imagenscomfrasesdecarinho	0	0	0	0.7818	0.2	0	0.0182	0	0	0.0417	0.25	0.7083	0.0217	0.3261	0.6522	0	0.2001	0.7999	0	0.2038	0.7962	0	0	0	0	0	0	0	0
ch.switchdrive.androidclient	0.4713	0	0	0.0099	0.003	0	0.4043	0.0006	0.1109	0.1823	0.0234	0.7943	0.1806	0.0192	0.8002	0.1111	0.0036	0.8853	0.1111	0.0036	0.8853	0.4706	0.2941	0.1176	0.1176	0.8969	0.0369	0.0098	0.0564
ru.eeteam.sendcontactsfree	0.9848	0	0	0.0136	0.0015	0	0	0	0	0	0.0126	0.9874	0	0.007	0.993	0	0.0015	0.9985	0	0.0015	0.9985	0.5	0	0.5	0	0.9598	0	0.0402	0
com.druva.inSync_android	0.2847	0.0123	0	0.3037	0.3993	0	0	0	0	0	0.5352	0.4648	0	0.5314	0.4686	0	0.4124	0.5876	0	0.4126	0.5874	0.5882	0	0.4118	0	0.9985	0	0.0015	0
com.aob	0.912	0	0	0.0051	0.0016	0	0.0588	0.0004	0.0221	0.0754	0.0352	0.8894	0.0854	0.0211	0.8936	0.0271	0.0036	0.9693	0.0272	0.0036	0.9693	0.5	0	0.5	0	0.9799	0	0.0201	0
hu.webvalto.bkkfutar	0.7971	0	0	0	0	0	0.1729	0	0.0301	0.0855	0	0.9145	0.0882	0	0.9118	0.0301	0	0.9699	0.0301	0	0.9699	0	0	0	1	0	0	0	1
com.apkcreator.fwdfree	0	0	0	0.5636	0.4	0	0.0364	0	0	0.0385	0.3462	0.6154	0.04	0.52	0.44	0	0.4001	0.5999	0	0.4001	0.5999	0	0	0	0	0	0	0	0
com.seazon.fo	0	0	0	0.3513	0.0024	0.0023	0.5278	0.0022	0.114	0.3312	0.0195	0.6494	0.3985	0.041	0.5605	0.1164	0.0046	0.879	0.1164	0.0046	0.879	1	0	0	0	1	0	0	0
es.wul4.android.santander	0	0	0	0.78	0.22	0	0	0	0	0	0.5263	0.4737	0	0.5482	0.4518	0	0.22	0.78	0	0.22	0.78	0	0	0	0	0	0	0	0
com.e6bapps.ganalytics	0.9657	0.0005	0	0.0225	0	0	0.0075	0.0038	0	0.0182	0.0545	0.9273	0.0156	0.0469	0.9375	0	0.0043	0.9957	0	0.0043	0.9957	0	0	1	0	0	0	1	0
ru.org.familytree	0	0	0	0	0	0	0	0	0	0	0	0	0	0	0	0	0	0	0	0	0	0	0	0	0	0	0	0	0
com.vk.reader	0.0854	0	0	0.5696	0.345	0	0	0	0	0	0.5122	0.4878	0	0.5396	0.4604	0	0.3451	0.6549	0	0.3451	0.6549	0	0	0	0	0	0	0	0
net.andromo.dev280448.app265087	0.448	0	0	0.1597	0.04	0	0.2534	0.0209	0.0781	0.1791	0.0746	0.7463	0.1738	0.0969	0.7293	0.0782	0.0609	0.861	0.0782	0.0609	0.8609	0.6	0	0	0.4	0.8601	0	0	0.1399
com.texterity.android.DisasterRecoveryJournal	0.0029	0	0	0.4924	0.0837	0	0.3484	0.0026	0.07	0.1449	0.2754	0.5797	0.162	0.3544	0.4835	0.0703	0.0869	0.8428	0.0714	0.0884	0.8402	0.6	0	0.4	0	0.983	0	0.017	0
com.hardcoreapps.loboshaker	0.4654	0	0	0.3119	0.2227	0	0	0	0	0	0.375	0.625	0	0.3651	0.6349	0	0.2228	0.7772	0	0.2228	0.7772	1	0	0	0	1	0	0	0
com.texterity.android.VermontLife	0.0031	0	0	0.5018	0.082	0	0.3421	0.0024	0.0687	0.1458	0.2847	0.5694	0.1571	0.369	0.4738	0.0688	0.0848	0.8464	0.07	0.0862	0.8438	0.6	0	0.4	0	0.9813	0	0.0187	0
cz.kupi	0.1535	0	0	0.3626	0.266	0.0096	0.1702	0.0195	0.0185	0.0854	0.2927	0.622	0.0694	0.4676	0.463	0.0282	0.2858	0.686	0.0282	0.2858	0.686	0.5	0	0.25	0.25	0.2842	0	0.4068	0.309
com.texterity.android.Oncology	0.0031	0	0	0.4807	0.0837	0	0.3583	0.0025	0.0718	0.1399	0.2867	0.5734	0.1551	0.3699	0.4749	0.0719	0.0864	0.8417	0.0731	0.0879	0.839	0.6	0	0.4	0	0.9835	0	0.0165	0
com.rescuetime.android	0.2157	0	0	0.7562	0.0281	0	0	0	0	0	0.1926	0.8074	0	0.3204	0.6796	0	0.0285	0.9715	0	0.0285	0.9715	0.4167	0.25	0.3333	0	0.9248	0.0659	0.0093	0
com.in.skydrive.advancefree	0.3497	0	0	0.2664	0.2592	0	0.077	0.0266	0.0212	0.0374	0.3271	0.6355	0.0502	0.3692	0.5806	0.0212	0.2858	0.693	0.0212	0.2858	0.693	0.5	0	0.5	0	0.9326	0	0.0674	0
com.srigunting.kumpulandoa	0.9517	0.0039	0	0.0345	0.0085	0	0.0014	0	0	0.0041	0.0248	0.9711	0.0024	0.0344	0.9633	0	0.0126	0.9874	0	0.0126	0.9874	0.4286	0	0.5714	0	0.8245	0	0.1755	0
com.mobilitat.mls	0	0	0	0	0	0	0	0	0	0	0	0	0	0	0	0	0	0	0	0	0	0	0	0	0	0	0	0	0
br.com.mobizze	0	0	0	0.6052	0.3948	0	0	0	0	0	0.5732	0.4268	0	0.5971	0.4029	0	0.3949	0.6051	0	0.3949	0.6051	0	0	0	0	0	0	0	0
goko.gcs	0.3648	0	0	0.0885	0.1113	0	0.3436	0.0137	0.0781	0.1325	0.2048	0.6627	0.1508	0.1955	0.6536	0.0781	0.125	0.7969	0.0781	0.125	0.7969	1	0	0	0	1	0	0	0
com.callbotapp.callbot	0.0006	0	0	0.3672	0.4616	0.001	0.1311	0.0099	0.0286	0.0686	0.5957	0.3357	0.076	0.628	0.2959	0.0298	0.4723	0.4979	0.0298	0.4723	0.4979	0.5	0	0.5	0	0.9968	0	0.0032	0
ru.evgajukov.mobile.circassian.activity	0.0343	0	0	0.5821	0.3693	0.0003	0.0096	0.0023	0.0022	0.1719	0.1562	0.6719	0.1267	0.3525	0.5207	0.0029	0.3715	0.6255	0.0029	0.3717	0.6253	1	0	0	0	1	0	0	0
sg.mof.sgbudget	0.0079	0	0	0.1885	0.4029	0.0006	0.3567	0.0025	0.0409	0.2036	0.4714	0.325	0.1845	0.5165	0.299	0.0429	0.4066	0.5506	0.0429	0.4066	0.5506	1	0	0	0	1	0	0	0
com.texterity.android.HumanResourceExecutive	0.0027	0	0	0.5221	0.0785	0	0.329	0.0023	0.0654	0.1449	0.2754	0.5797	0.1522	0.357	0.4908	0.0654	0.081	0.8535	0.0665	0.0823	0.8512	0.6	0	0.4	0	0.9831	0	0.0169	0
de.leatherwallpaper	0.8372	0	0	0.1067	0.0561	0	0	0	0	0	0.2659	0.7341	0	0.2027	0.7973	0	0.0562	0.9438	0	0.0562	0.9438	1	0	0	0	1	0	0	0
ch.mydrive.webdav	0.7199	0	0	0.0093	0.0016	0	0.1937	0.0016	0.0739	0.1733	0.0355	0.7912	0.1542	0.0242	0.8216	0.0743	0.0033	0.9224	0.0749	0.0033	0.9218	0.8571	0	0.1429	0	0.9993	0	0.0007	0
be.vantslot.voetbal.kalender	0.9609	0	0	0.0172	0.0076	0	0.008	0.0057	0.0006	0.011	0.0404	0.9485	0.0065	0.0232	0.9703	0.0006	0.0134	0.986	0.0006	0.0135	0.9859	0.75	0	0.25	0	0.9889	0	0.0111	0
fi.android.takealot	0.0931	0	0	0.5311	0.3368	0	0.0143	0.0247	0	0.0105	0.5368	0.4526	0.0184	0.5521	0.4294	0	0.3616	0.6384	0	0.3616	0.6384	0	0	0	1	0	0	0	1
com.picovico.android	0.991	0	0	0	0	0	0.009	0	0	0.0222	0	0.9778	0.0177	0	0.9823	0	0	1	0	0	1	0	0	1	0	0	0	1	0
com.texterity.android.SprayFoam	0.0021	0	0	0.5013	0.0794	0	0.3454	0.0024	0.0695	0.1449	0.2754	0.5797	0.1485	0.3607	0.4907	0.0696	0.082	0.8484	0.0707	0.0834	0.8459	0.6	0	0.4	0	0.9881	0	0.0119	0
net.samham.electricity	0.7803	0	0	0.0467	0.0353	0	0.1065	0	0.0313	0.0743	0.1645	0.7613	0.0645	0.1893	0.7463	0.0314	0.0355	0.9331	0.0315	0.0357	0.9328	0.5	0	0.25	0.25	0.9795	0	0.0061	0.0143
com.greywallsoftware.veoci	0.9991	0.0008	0	0.0001	0	0	0	0	0	0.007	0.042	0.951	0.0035	0.014	0.9825	0	0.0009	0.9991	0	0.0009	0.9991	0.4286	0	0.5714	0	0.9958	0	0.0042	0
com.neurondevelopments.levelsaid	0.9665	0	0	0	0	0	0.0252	0	0.0083	0.0891	0	0.9109	0.1067	0	0.8933	0.0085	0	0.9915	0.0085	0	0.9915	0.7	0	0.3	0	0.9762	0	0.0238	0
com.confidly.confidly	0	0	0	0	0	0	0.9995	0	0.0005	0.25	0	0.75	0.3	0	0.7	0.0012	0	0.9988	0.0012	0	0.9988	1	0	0	0	1	0	0	0
com.nvdevelopment.ref.constcolombia.free	0.3962	0.0005	0	0.289	0.2053	0	0.1002	0	0.0087	0.0554	0.2156	0.729	0.057	0.2335	0.7095	0.0088	0.2059	0.7853	0.0089	0.2061	0.7851	0.6667	0	0.3333	0	0.9791	0	0.0209	0
com.redyApps.redyGymLog	0.4512	0.0001	0	0.262	0.2867	0	0	0	0	0	0.2133	0.7867	0	0.2727	0.7273	0	0.2868	0.7132	0	0.2868	0.7132	0.5	0	0.3	0.2	0.8202	0	0.133	0.0468
eu.bioport.reporterio	0	0	0	0.6538	0.3462	0	0	0	0	0	0.3077	0.6923	0	0.5217	0.4783	0	0.3463	0.6537	0	0.3463	0.6537	0	0	0	0	0	0	0	0
com.musicmind	0.4725	0.0018	0	0.3477	0.178	0	0	0	0	0	0.2677	0.7323	0	0.2384	0.7616	0	0.18	0.82	0	0.18	0.82	0.3438	0.0625	0.4062	0.1875	0.7523	0.0003	0.1169	0.1305
com.sports.cricket.schedule	0	0	0	0.0003	0.0003	0	0.9848	0.0079	0.0067	0.2353	0.0588	0.7059	0.2258	0.0484	0.7258	0.0105	0.0088	0.9807	0.0105	0.0088	0.9807	1	0	0	0	1	0	0	0
com.google.zxing.client.android	0.9373	0	0	0	0	0	0.0556	0	0.0071	0.189	0	0.811	0.2371	0	0.7629	0.0082	0	0.9918	0.0082	0	0.9918	0.6	0	0.4	0	0.9378	0	0.0622	0
pl.plksa.RozkladJazdy	0.9992	0.0005	0	0	0	0	0.0003	0	0	0.0074	0.0368	0.9559	0.0039	0.0137	0.9824	0	0.0005	0.9995	0	0.0005	0.9995	0.5	0	0.5	0	0.9858	0	0.0142	0
de.esymetric.rungps_lite	0	0	0	0.6555	0.0842	0	0.1686	0.0686	0.0232	0.1071	0.5357	0.3571	0.1013	0.462	0.4367	0.0234	0.1535	0.8231	0.0234	0.1535	0.8231	0.3333	0	0.3333	0.3333	0.7222	0	0.1848	0.0931
de.damageinc.thusp	0	0	0	0.6152	0.2633	0	0.1067	0	0.0148	0.119	0.2619	0.619	0.1	0.3143	0.5857	0.0148	0.2634	0.7218	0.0148	0.2634	0.7218	1	0	0	0	1	0	0	0
com.locationlabs.finder.sprint	0	0	0	0	0	0	0	0	0	0	0	0	0	0	0	0	0	0	0	0	0	0	0	0	0	0	0	0	0
com.sedevelop.dict.enfren.free	0	0	0	0.0043	0.0012	0	0.8879	0	0.1066	0.1034	0.2845	0.6121	0.1424	0.2915	0.5661	0.1066	0.0018	0.8916	0.1066	0.0018	0.8916	1	0	0	0	1	0	0	0
com.on_labs.android.aplus	0.8618	0	0	0.0518	0.0098	0	0.049	0.005	0.0227	0.0769	0.0513	0.8718	0.0735	0.0515	0.875	0.0227	0.0147	0.9626	0.0227	0.0147	0.9626	0.6667	0	0.3333	0	0.9764	0	0.0236	0
com.doplgangr.mcu	0.9444	0	0.0214	0.027	0.0057	0	0.0011	0.0001	0.0002	0.0406	0.1188	0.8406	0.0205	0.0819	0.8976	0.0216	0.0078	0.9706	0.0216	0.0078	0.9706	0.5625	0.125	0.125	0.1875	0.9549	0.0135	0.0135	0.0181
com.repotechnology.champion	0.9908	0	0	0.0082	0.0009	0	0.0002	0	0	0.0071	0.0426	0.9504	0.0032	0.0289	0.9678	0	0.0009	0.9991	0	0.0009	0.9991	0.5	0	0.5	0	0.9487	0	0.0513	0
com.allied.comfortsync.root	0	0	0	0	0	0	0	0	0	0	0	0	0	0	0	0	0	0	0	0	0	0	0	0	0	0	0	0	0
jitdesign.icsimport	0.8941	0	0	0.0917	0.0082	0.0003	0.005	0.0003	0.0004	0.0734	0.0688	0.8578	0.066	0.0831	0.8509	0.0007	0.0086	0.9907	0.0007	0.0086	0.9907	0.7778	0	0.2222	0	0.9986	0	0.0014	0
com.couchsurfing.mobile.android	0.9121	0.0014	0	0.0553	0.0312	0	0	0	0	0	0.2818	0.7182	0	0.2164	0.7836	0	0.0328	0.9672	0	0.0328	0.9672	0	0.125	0.375	0.5	0	0.0246	0.1363	0.8391
com.jb.gokeyboard.theme.fungreenpower	0	0	0	0.4444	0.4073	0	0.1112	0.0247	0.0123	0.0312	0.4375	0.5312	0.0448	0.5522	0.403	0.0124	0.4321	0.5555	0.0124	0.4321	0.5555	0	0	0	0	0	0	0	0
com.milan.novine	0.8801	0.0055	0	0.0679	0.0465	0	0	0	0	0	0.1629	0.8371	0	0.1829	0.8171	0	0.0565	0.9435	0	0.0565	0.9435	0.8182	0	0	0.1818	0.9753	0	0	0.0247
ro.mying	0.9635	0.0001	0	0	0	0	0.03	0	0.0064	0.1318	0.0024	0.8659	0.1277	0.0006	0.8717	0.0066	0.0001	0.9933	0.0066	0.0001	0.9933	0.7857	0	0.2143	0	0.9958	0	0.0042	0
com.telerik.GoogleLinks	0.9973	0.0019	0	0.0001	0	0	0.0007	0	0	0.0078	0.0465	0.9457	0.0043	0.0172	0.9784	0	0.002	0.998	0	0.002	0.998	0.4286	0	0.5714	0	0.9607	0	0.0393	0
com.tobykurien.webapps	0.7629	0.0022	0	0.1055	0.0459	0.0001	0.0548	0.0039	0.0248	0.0473	0.2275	0.7252	0.0488	0.1882	0.763	0.0274	0.0663	0.9063	0.0274	0.0665	0.9061	0.8571	0	0.1429	0	0.9981	0	0.0019	0
com.kitapps.android.builder.bpm_dj_electronic_music_production_event	0	0	0	0	0	0	0	0	0	0	0	0	0	0	0	0	0	0	0	0	0	0	0	0	0	0	0	0	0
com.idl.apptitudeBook	0.9726	0	0	0	0	0	0.0251	0	0.0023	0.0194	0	0.9806	0.0113	0	0.9887	0.0023	0	0.9977	0.0023	0	0.9977	0.5	0	0.5	0	0.6245	0	0.3755	0
com.dahi.translate	0.9622	0.0005	0	0	0	0	0.0224	0	0.0149	0.039	0.013	0.9481	0.0281	0.0056	0.9663	0.0149	0.0005	0.9846	0.0149	0.0005	0.9846	0.7778	0	0.2222	0	0.9551	0	0.0449	0
com.in.skydrive.advancefree	0.3641	0	0	0.2641	0.2513	0	0.0744	0.0256	0.0205	0.0374	0.3271	0.6355	0.0502	0.3692	0.5806	0.0205	0.277	0.7025	0.0205	0.277	0.7025	0.5	0	0.5	0	0.9493	0	0.0507	0
rfh.sa.yoviajo	0.6084	0.0018	0.0003	0.2339	0.1143	0	0.0277	0.0045	0.0091	0.0423	0.0387	0.919	0.0339	0.0667	0.8994	0.0094	0.1205	0.8701	0.0094	0.1205	0.8701	0.7143	0	0	0.2857	0.9385	0	0	0.0615
application.pandurang.vitthala	0.0998	0.0006	0	0.3213	0.5783	0	0	0	0	0	0.2716	0.7284	0	0.2911	0.7089	0	0.5611	0.4389	0	0.5615	0.4385	1	0	0	0	1	0	0	0
com.rootuninstaller.taskbarw8	0.5853	0.002	0	0.2645	0.0829	0	0.0484	0.0039	0.013	0.0705	0.1902	0.7393	0.0869	0.2108	0.7023	0.0136	0.0898	0.8965	0.0137	0.0902	0.896	0.4762	0.2381	0.2857	0	0.9792	0.0142	0.0066	0
ca.GabrielCastro.LTC	0.0059	0	0	0.2781	0.7161	0	0	0	0	0	0.4167	0.5833	0	0.5169	0.4831	0	0.7133	0.2867	0	0.7133	0.2867	1	0	0	0	1	0	0	0
com.ejr.mctstracker	0.9646	0	0	0	0	0	0.031	0	0.0044	0.125	0	0.875	0.1708	0	0.8292	0.0051	0	0.9949	0.0051	0	0.9949	1	0	0	0	1	0	0	0
vn.com.vng.phim123	0.2098	0	0	0.1091	0.0273	0	0.5107	0.0182	0.1249	0.2778	0.0556	0.6667	0.2832	0.0708	0.646	0.1251	0.0455	0.8294	0.1251	0.0455	0.8294	0	0	0.5	0.5	0	0	0.0098	0.9902
com.jb.gokeyboard.theme.tmebluefancy	0.9564	0.0016	0	0	0	0	0.0234	0	0.0186	0.0598	0.0109	0.9293	0.0472	0.0062	0.9466	0.0186	0.0016	0.9798	0.0186	0.0016	0.9798	0.7778	0	0.2222	0	0.9962	0	0.0038	0
br.com.maisapp	0.487	0.0012	0.0012	0.272	0.195	0	0.0186	0.0174	0.0075	0.0662	0.2132	0.7206	0.0341	0.2926	0.6733	0.0164	0.2377	0.7459	0.0164	0.2377	0.7459	0.7143	0	0.2857	0	0.8644	0	0.1356	0
com.jb.gokeyboard.theme.BestThemes.pinkzebra	0	0	0	0.4444	0.4074	0	0.1112	0.0247	0.0124	0.0312	0.4375	0.5312	0.0448	0.5522	0.403	0.0124	0.4322	0.5555	0.0124	0.4322	0.5555	0	0	0	0	0	0	0	0
com.edition.player.show	0.6308	0	0	0.3047	0.0646	0	0	0	0	0	0.245	0.755	0	0.2534	0.7466	0	0.0658	0.9342	0	0.0658	0.9342	1	0	0	0	1	0	0	0
org.freeandroidtools.root_checker	0.9966	0	0.0002	0	0	0	0.0033	0	0	0.0075	0	0.9925	0.0061	0	0.9939	0.0006	0	0.9994	0.0006	0	0.9994	1	0	0	0	1	0	0	0
ms.salt.en2ch2	0	0	0	0	0	0	0.8526	0.0255	0.1219	0.3919	0.027	0.5811	0.3819	0.0139	0.6042	0.122	0.0255	0.8525	0.122	0.0255	0.8525	1	0	0	0	1	0	0	0
com.nvdevelopment.dict.derumt.free	0	0	0	0.0001	0.0001	0	0.8785	0	0.1213	0.1081	0.2883	0.6036	0.1511	0.2482	0.6007	0.1213	0.0001	0.8786	0.1213	0.0001	0.8786	1	0	0	0	1	0	0	0
com.vaishnavism.vishnusahasranaamam.english	0	0	0	0	0	0	0.9431	0	0.0569	0.1765	0	0.8235	0.2353	0	0.7647	0.0569	0	0.9431	0.0569	0	0.9431	1	0	0	0	1	0	0	0
jp.iggy.android.jblocknow	0	0	0	0.3534	0.0284	0.0071	0.411	0.0563	0.1438	0.2037	0.0741	0.7222	0.3082	0.0959	0.5959	0.1516	0.0848	0.7637	0.1516	0.0848	0.7637	0.5	0	0.5	0	0.9204	0	0.0796	0
com.mobisoft.morhipo	0.9219	0.0012	0	0.04	0.0298	0	0.0062	0.0008	0	0.0056	0.2682	0.7263	0.0046	0.2092	0.7862	0	0.032	0.968	0	0.032	0.968	0	0.1667	0.5	0.3333	0	0.0122	0.1201	0.8677
com.jb.gokeyboard.theme.tmepinkkeyboardpersonalization	0.9579	0.0015	0	0	0	0	0.0228	0	0.0178	0.0598	0.0109	0.9293	0.0472	0.0062	0.9466	0.0179	0.0015	0.9807	0.0179	0.0015	0.9806	0.7778	0	0.2222	0	0.9969	0	0.0031	0
com.texterity.android.ComplianceToday	0.0028	0	0	0.4986	0.0815	0	0.3456	0.0023	0.0691	0.1611	0.2752	0.5638	0.1701	0.3563	0.4736	0.0692	0.0841	0.8467	0.0704	0.0855	0.8441	0.5	0.1667	0.3333	0	0.9826	0.0005	0.0169	0
com.andromo.dev35006.app203046	0	0	0	0	0	0	0.6	0	0.4	0.2857	0	0.7143	0.4	0	0.6	0.4	0	0.6	0.4	0	0.6	0	0	0	0	0	0	0	0
com.lanoosphere.tessa.taxi_metz	0.0011	0	0	0.851	0.1321	0	0.0112	0.0002	0.0043	0.0333	0.4222	0.5444	0.0271	0.472	0.501	0.0044	0.1338	0.8618	0.0044	0.1338	0.8618	0.5	0	0.5	0	0.9447	0	0.0553	0
eu.spm.calcissimo	0.7384	0	0	0.0433	0.0382	0	0.1737	0.0011	0.0053	0.0344	0.2731	0.6925	0.0294	0.2551	0.7155	0.0055	0.0407	0.9539	0.0055	0.0407	0.9539	0.8	0	0.2	0	0.9978	0	0.0022	0
com.texterity.android.DirtWheels	0.003	0	0	0.4928	0.082	0	0.3497	0.0024	0.0701	0.1399	0.2867	0.5734	0.1531	0.3708	0.4761	0.0702	0.0847	0.8451	0.0714	0.0861	0.8425	0.6	0	0.4	0	0.9833	0	0.0167	0
com.sbgapps.scoreit	0.9546	0.0002	0.0014	0.0118	0.0063	0	0.0145	0.0025	0.0087	0.0404	0.0515	0.9081	0.0327	0.0288	0.9385	0.0124	0.0109	0.9767	0.0124	0.0109	0.9767	1	0	0	0	1	0	0	0
com.texterity.android.CaliforniaFreemason	0.0029	0	0	0.4818	0.0831	0	0.3578	0.0026	0.072	0.137	0.3014	0.5616	0.1491	0.3784	0.4725	0.072	0.0859	0.842	0.0733	0.0874	0.8393	0.6	0	0.4	0	0.9841	0	0.0159	0
fr.easytouseapps.calcloan	0.9513	0	0	0	0	0	0.0375	0	0.0112	0.0746	0	0.9254	0.0507	0	0.9493	0.0112	0	0.9888	0.0112	0	0.9888	0.7143	0	0.2857	0	0.9667	0	0.0333	0
com.texterity.android.SeniorLivingExecutive	0	0	0	0.3826	0.2777	0	0.2859	0.0044	0.0494	0.1105	0.5	0.3895	0.1068	0.5364	0.3568	0.0495	0.2823	0.6683	0.0495	0.2823	0.6683	0.6667	0	0.3333	0	0.9875	0	0.0125	0
com.katz.rexall	0.9995	0.0001	0	0.0004	0	0	0	0	0	0.0083	0.025	0.9667	0.0039	0.0117	0.9844	0	0.0001	0.9999	0	0.0001	0.9999	0.4286	0	0.5714	0	0.9933	0	0.0067	0
com.clo.clo	0.0022	0	0	0.5113	0.0799	0	0.3359	0.0024	0.0683	0.1389	0.2917	0.5694	0.1517	0.3744	0.4739	0.0683	0.0825	0.8491	0.0695	0.084	0.8465	0.6	0	0.4	0	0.9874	0	0.0126	0
cz.lidovky.mobil	0	0	0	0	0	0	0.9993	0	0.0007	0.2727	0	0.7273	0.2593	0	0.7407	0.0031	0	0.9969	0.0031	0	0.9969	1	0	0	0	1	0	0	0
com.texterity.android.PelotonApp	0.0027	0	0	0.5086	0.0802	0	0.3384	0.0024	0.0677	0.1418	0.2766	0.5816	0.158	0.3605	0.4815	0.0677	0.0829	0.8494	0.0688	0.0842	0.8469	0.6	0	0.4	0	0.9834	0	0.0166	0
com.nilhcem.hostseditor	0	0	0	0.6669	0.2277	0.0067	0.0216	0.0419	0.0352	0.1087	0.4348	0.4565	0.1163	0.4419	0.4419	0.0419	0.2697	0.6884	0.0419	0.2697	0.6884	0	0	0	0	0	0	0	0
com.texterity.android.ODT	0.0021	0	0	0.4954	0.0791	0	0.3502	0.0025	0.0707	0.1399	0.2867	0.5734	0.1535	0.3693	0.4772	0.0708	0.0818	0.8473	0.072	0.0832	0.8447	0.6	0	0.4	0	0.988	0	0.012	0
com.automotiontv.boardwalkhonda	0.6725	0	0	0.2626	0.0648	0	0	0	0	0	0.2406	0.7594	0	0.3023	0.6977	0	0.0651	0.9349	0	0.0651	0.9349	0.4	0	0.6	0	0.9876	0	0.0124	0
ru.org.familytree	0	0	0	0	0	0	0	0	0	0	0	0	0	0	0	0	0	0	0	0	0	0	0	0	0	0	0	0	0
com.gerbes.mobile	0.0093	0	0	0.5143	0.4759	0	0	0.0004	0	0.0042	0.6333	0.3625	0.0017	0.654	0.3444	0.0003	0.5124	0.4872	0.0003	0.5124	0.4872	0	0	0	1	0	0	0	1
uk.co.fareexchange.everyfare.app	0.0023	0	0	0.9741	0.0235	0	0	0	0	0	0.303	0.697	0	0.2951	0.7049	0	0.0236	0.9764	0	0.0236	0.9764	1	0	0	0	1	0	0	0
net.bodas.launcher	0.9017	0.0069	0	0.0532	0.0335	0	0.0043	0.0004	0	0.0115	0.2644	0.7241	0.0083	0.1956	0.7961	0	0.0409	0.959	0	0.0409	0.959	0	0.1667	0.5	0.3333	0	0.0236	0.2539	0.7226
com.swift	0.3867	0.0133	0	0.44	0.1333	0	0.0267	0	0	0.0333	0.1333	0.8333	0.0364	0.2182	0.7455	0	0.1467	0.8533	0	0.1467	0.8533	1	0	0	0	1	0	0	0
coop.nisc.android.smarthub	0.8918	0.018	0	0.0825	0.0052	0	0	0.0026	0	0.0256	0.1538	0.8205	0.013	0.1169	0.8701	0.0022	0.0409	0.957	0.0022	0.0409	0.957	0	0	0	1	0	0	0	1
com.djigzo.android.application	0	0	0	0.8151	0.1849	0	0	0	0	0	0.381	0.619	0	0.4681	0.5319	0	0.185	0.815	0	0.185	0.815	0	0	0	0	0	0	0	0
com.jb.gokeyboard.theme.twkeyboardforhtconem8	0.9568	0.0015	0	0	0	0	0.0235	0	0.0183	0.0598	0.0109	0.9293	0.0472	0.0062	0.9466	0.0183	0.0015	0.9802	0.0183	0.0015	0.9802	0.7778	0	0.2222	0	0.9967	0	0.0033	0
com.erkanyilmaz.namazvakitleri	0	0	0	0	0	0	0.9192	0	0.0808	0.2895	0	0.7105	0.4575	0	0.5425	0.0808	0	0.9192	0.0808	0	0.9192	0.6667	0.3333	0	0	0.9221	0.0779	0	0
com.jb.gokeyboard.theme.twkeyboardforsonyxperiaz	0.9558	0.0016	0	0	0	0	0.024	0	0.0186	0.0598	0.0109	0.9293	0.0472	0.0062	0.9466	0.0186	0.0016	0.9798	0.0186	0.0016	0.9797	0.7778	0	0.2222	0	0.9968	0	0.0032	0
pl.trojmiasto.mobile	0.1498	0.0326	0	0.306	0.4998	0	0.0097	0.0001	0.0019	0.045	0.2672	0.6878	0.0312	0.3237	0.6451	0.0023	0.53	0.4677	0.0023	0.53	0.4677	0.5	0	0.3	0.2	0.9674	0	0.006	0.0266
com.monsta.imagenscomfrasesdecarinho	0	0	0	0.7818	0.2	0	0.0182	0	0	0.0417	0.25	0.7083	0.0217	0.3261	0.6522	0	0.2001	0.7999	0	0.2038	0.7962	0	0	0	0	0	0	0	0
ch.switchdrive.androidclient	0.494	0	0	0.0117	0.0036	0	0.384	0.0006	0.1061	0.1748	0.0231	0.8021	0.1733	0.0195	0.8072	0.1064	0.0042	0.8894	0.1064	0.0042	0.8894	0.4706	0.2941	0.1176	0.1176	0.907	0.0305	0.0055	0.057
ru.eeteam.sendcontactsfree	0.985	0	0	0.0135	0.0015	0	0	0	0	0	0.0126	0.9874	0	0.007	0.993	0	0.0015	0.9985	0	0.0015	0.9985	0.5	0	0.5	0	0.9392	0	0.0608	0
com.druva.inSync_android	0.2634	0.0131	0	0.3081	0.4154	0	0	0	0	0	0.5181	0.4819	0	0.5315	0.4685	0	0.4289	0.5711	0	0.4291	0.5709	0.5882	0	0.4118	0	0.9985	0	0.0015	0
com.aob	0.9918	0	0	0.0002	0.0001	0	0.0067	0	0.0013	0.1075	0.0251	0.8674	0.0895	0.0138	0.8967	0.0017	0.0001	0.9982	0.0017	0.0001	0.9982	0.5	0	0.5	0	0.9992	0	0.0008	0
hu.webvalto.bkkfutar	0.7989	0	0	0	0	0	0.1722	0	0.0289	0.0855	0	0.9145	0.0882	0	0.9118	0.029	0	0.971	0.029	0	0.971	0	0	0	1	0	0	0	1
com.apkcreator.fwdfree	0	0	0	0.5636	0.4	0	0.0364	0	0	0.0385	0.3462	0.6154	0.04	0.52	0.44	0	0.4001	0.5998	0	0.4001	0.5998	0	0	0	0	0	0	0	0
com.seazon.fo	0	0	0	0.3259	0.0025	0.0025	0.5487	0.0021	0.1183	0.3618	0.0197	0.6184	0.4186	0.0322	0.5492	0.1209	0.0046	0.8744	0.1209	0.0046	0.8744	1	0	0	0	1	0	0	0
es.wul4.android.santander	0	0	0	0.7851	0.2149	0	0	0	0	0	0.5135	0.4865	0	0.5417	0.4583	0	0.2152	0.7848	0	0.2152	0.7848	0	0	0	0	0	0	0	0
com.e6bapps.ganalytics	0.9649	0.0007	0	0.023	0	0	0.0077	0.0038	0	0.0182	0.0545	0.9273	0.0156	0.0469	0.9375	0	0.0045	0.9955	0	0.0045	0.9955	0	0	1	0	0	0	1	0
ru.org.familytree	0	0	0	0	0	0	0	0	0	0	0	0	0	0	0	0	0	0	0	0	0	0	0	0	0	0	0	0	0
com.vk.reader	0.0852	0	0	0.5695	0.3453	0	0	0	0	0	0.5122	0.4878	0	0.5396	0.4604	0	0.3454	0.6546	0	0.3454	0.6546	0	0	0	0	0	0	0	0
net.andromo.dev280448.app265087	0.4472	0	0	0.1614	0.0404	0	0.2527	0.0207	0.0775	0.1791	0.0746	0.7463	0.1738	0.0969	0.7293	0.0776	0.0611	0.8613	0.0776	0.0612	0.8612	0.6	0	0	0.4	0.8609	0	0	0.1391
com.texterity.android.DisasterRecoveryJournal	0.0024	0	0	0.4789	0.0816	0	0.3614	0.0025	0.0732	0.1449	0.2754	0.5797	0.1521	0.3634	0.4845	0.0732	0.0843	0.8424	0.0746	0.0858	0.8396	0.6	0	0.4	0	0.9869	0	0.0131	0
com.hardcoreapps.loboshaker	0.4645	0	0	0.3124	0.223	0	0	0	0	0	0.375	0.625	0	0.3651	0.6349	0	0.2231	0.7769	0	0.2231	0.7769	1	0	0	0	1	0	0	0
com.texterity.android.VermontLife	0.0028	0	0	0.4972	0.081	0	0.3466	0.0025	0.0699	0.1449	0.2754	0.5797	0.1485	0.3607	0.4907	0.07	0.0837	0.8463	0.0712	0.0851	0.8437	0.6	0	0.4	0	0.9825	0	0.0175	0
cz.kupi	0.1545	0	0	0.3604	0.2657	0.0096	0.1715	0.0197	0.0186	0.0854	0.2927	0.622	0.0694	0.4676	0.463	0.0283	0.2857	0.6861	0.0283	0.2857	0.6861	0.5	0	0.25	0.25	0.2843	0	0.4062	0.3095
com.texterity.android.Oncology	0.0023	0	0	0.5098	0.0785	0	0.3395	0.0024	0.0675	0.1399	0.2867	0.5734	0.1514	0.3702	0.4784	0.0677	0.0814	0.8509	0.0688	0.0827	0.8485	0.6	0	0.4	0	0.9855	0	0.0145	0
com.rescuetime.android	0.2216	0	0	0.7488	0.0295	0	0	0	0	0	0.194	0.806	0	0.3203	0.6797	0	0.0299	0.9701	0	0.0299	0.9701	0.4167	0.25	0.3333	0	0.9214	0.0695	0.0091	0
com.in.skydrive.advancefree	0.3617	0	0	0.2651	0.2522	0	0.0747	0.0258	0.0206	0.0374	0.3271	0.6355	0.0502	0.3692	0.5806	0.0206	0.278	0.7014	0.0206	0.278	0.7014	0.5	0	0.5	0	0.9473	0	0.0527	0
com.srigunting.kumpulandoa	0.9508	0.004	0	0.0351	0.0088	0	0.0014	0	0	0.0043	0.0261	0.9696	0.0025	0.0358	0.9617	0	0.0129	0.9871	0	0.0129	0.9871	0.4286	0	0.5714	0	0.8205	0	0.1795	0
com.mobilitat.mls	0	0	0	0	0	0	0	0	0	0	0	0	0	0	0	0	0	0	0	0	0	0	0	0	0	0	0	0	0
br.com.mobizze	0	0	0	0.6049	0.3951	0	0	0	0	0	0.5732	0.4268	0	0.5971	0.4029	0	0.3953	0.6047	0	0.3953	0.6047	0	0	0	0	0	0	0	0
goko.gcs	0.3639	0	0	0.0895	0.113	0	0.3421	0.0138	0.0778	0.1325	0.2048	0.6627	0.1508	0.1955	0.6536	0.0778	0.1269	0.7953	0.0778	0.1269	0.7953	1	0	0	0	1	0	0	0
com.callbotapp.callbot	0.0002	0	0	0.3771	0.4331	0.0012	0.1457	0.0112	0.0315	0.0655	0.5982	0.3363	0.0757	0.6438	0.2805	0.0328	0.4449	0.5223	0.0328	0.4449	0.5223	0.5	0	0.5	0	0.9979	0	0.0021	0
ru.evgajukov.mobile.circassian.activity	0.0345	0	0	0.51	0.3108	0.0003	0.1312	0.0046	0.0086	0.1368	0.1538	0.7094	0.0902	0.3634	0.5464	0.0116	0.317	0.6714	0.0116	0.3171	0.6713	1	0	0	0	1	0	0	0
sg.mof.sgbudget	0.0073	0	0	0.1995	0.4133	0.0006	0.3378	0.0027	0.0388	0.1857	0.5016	0.3127	0.1603	0.5594	0.2803	0.0405	0.4173	0.5421	0.0405	0.4173	0.5421	1	0	0	0	1	0	0	0
com.texterity.android.HumanResourceExecutive	0.0036	0	0	0.7719	0.0455	0	0.145	0.0016	0.0325	0.1389	0.2917	0.5694	0.1517	0.3744	0.4739	0.0325	0.0472	0.9202	0.0328	0.0475	0.9197	0.6	0	0.4	0	0.957	0	0.043	0
de.leatherwallpaper	0.8471	0	0	0.1009	0.052	0	0	0	0	0	0.2659	0.7341	0	0.2027	0.7973	0	0.0522	0.9478	0	0.0522	0.9478	1	0	0	0	1	0	0	0
ch.mydrive.webdav	0.8481	0	0	0.0259	0.0036	0	0.0875	0.0018	0.0331	0.1756	0.0339	0.7904	0.1649	0.0233	0.8118	0.0336	0.0055	0.9609	0.0337	0.0055	0.9608	0.8333	0	0.1667	0	0.9971	0	0.0029	0
be.vantslot.voetbal.kalender	0.961	0	0	0.0174	0.0077	0	0.0077	0.0057	0.0005	0.011	0.0404	0.9485	0.0065	0.0232	0.9703	0.0006	0.0134	0.9861	0.0006	0.0134	0.986	0.75	0	0.25	0	0.9901	0	0.0099	0
fi.android.takealot	0.0931	0	0	0.5312	0.3366	0	0.0143	0.0247	0	0.0105	0.5368	0.4526	0.0184	0.5521	0.4294	0	0.3614	0.6386	0	0.3614	0.6386	0	0	0	1	0	0	0	1
com.picovico.android	0.9909	0	0	0	0	0	0.0091	0	0	0.0222	0	0.9778	0.0177	0	0.9823	0	0	1	0	0	1	0	0	1	0	0	0	1	0
com.texterity.android.SprayFoam	0.0031	0	0	0.5168	0.0797	0	0.3316	0.0023	0.0664	0.1389	0.2986	0.5625	0.1383	0.3926	0.4691	0.0664	0.0823	0.8512	0.0675	0.0837	0.8488	0.6	0	0.4	0	0.9811	0	0.0189	0
net.samham.electricity	0.1894	0	0	0.6454	0.0856	0.0004	0.0609	0.0009	0.0175	0.0542	0.2108	0.7349	0.0533	0.2132	0.7335	0.023	0.1046	0.8724	0.023	0.1046	0.8724	0.6667	0	0	0.3333	0.9677	0	0	0.0323
com.greywallsoftware.veoci	0.9768	0.0008	0	0.0224	0	0	0	0	0	0.0073	0.0438	0.9489	0.0037	0.0165	0.9798	0	0.0008	0.9992	0	0.0008	0.9992	0.5	0	0.5	0	0.9975	0	0.0025	0
com.neurondevelopments.levelsaid	0.9244	0	0	0.0091	0.0205	0	0.0368	0.0003	0.0088	0.0876	0.2949	0.6175	0.1139	0.2545	0.6316	0.0092	0.0216	0.9692	0.0092	0.0216	0.9692	0.8	0	0.2	0	0.9745	0	0.0255	0
com.confidly.confidly	0	0	0	0	0	0	0.9998	0	0.0002	0.25	0	0.75	0.3	0	0.7	0.0006	0	0.9994	0.0006	0	0.9994	1	0	0	0	1	0	0	0
com.nvdevelopment.ref.constcolombia.free	0.3841	0.0004	0	0.2905	0.2028	0	0.1129	0	0.0093	0.0593	0.2147	0.726	0.0619	0.2302	0.7079	0.0094	0.2033	0.7873	0.0094	0.2035	0.7871	0.6667	0	0.3333	0	0.9795	0	0.0205	0
com.redyApps.redyGymLog	0.4399	0.0001	0	0.2669	0.2931	0	0	0	0	0	0.2119	0.7881	0	0.2784	0.7216	0	0.2931	0.7069	0	0.2931	0.7069	0.5	0	0.3	0.2	0.8213	0	0.1308	0.0479
eu.bioport.reporterio	0	0	0	0.6538	0.3462	0	0	0	0	0	0.3077	0.6923	0	0.5217	0.4783	0	0.3463	0.6537	0	0.3463	0.6537	0	0	0	0	0	0	0	0
com.musicmind	0.4803	0.0018	0	0.343	0.1749	0	0	0	0	0	0.2941	0.7059	0	0.304	0.696	0	0.1769	0.8231	0	0.1769	0.8231	0.3793	0	0.4138	0.2069	0.757	0	0.1152	0.1278
com.sports.cricket.schedule	0	0	0	0.0018	0.0018	0	0.9786	0.0107	0.0071	0.2414	0.069	0.6897	0.22	0.06	0.72	0.0245	0.0163	0.9592	0.0245	0.0163	0.9592	1	0	0	0	1	0	0	0
com.google.zxing.client.android	0.9355	0	0	0	0	0	0.0567	0	0.0077	0.2255	0	0.7745	0.259	0	0.741	0.0126	0	0.9874	0.0126	0	0.9874	0.5	0	0.5	0	0.8906	0	0.1094	0
pl.plksa.RozkladJazdy	0.9993	0.0004	0	0	0	0	0.0003	0	0	0.0074	0.0368	0.9559	0.0039	0.0135	0.9826	0	0.0004	0.9996	0	0.0004	0.9996	0.5	0	0.5	0	0.9867	0	0.0133	0
de.esymetric.rungps_lite	0	0	0	0.6545	0.0859	0	0.1668	0.0691	0.0237	0.1071	0.5357	0.3571	0.1013	0.462	0.4367	0.0239	0.1557	0.8204	0.0239	0.1557	0.8204	0.3333	0	0.3333	0.3333	0.7229	0	0.1838	0.0933
de.damageinc.thusp	0	0	0	0.6239	0.2662	0	0.096	0	0.0139	0.119	0.2619	0.619	0.1	0.3143	0.5857	0.0141	0.2663	0.7196	0.0141	0.2663	0.7196	1	0	0	0	1	0	0	0
com.locationlabs.finder.sprint	0	0	0	0	0	0	0	0	0	0	0	0	0	0	0	0	0	0	0	0	0	0	0	0	0	0	0	0	0
com.sedevelop.dict.enfren.free	0	0	0	0.0037	0.0017	0	0.9031	0	0.0915	0.1053	0.3246	0.5702	0.1413	0.2937	0.5651	0.0916	0.0024	0.906	0.0916	0.0024	0.906	1	0	0	0	1	0	0	0
com.on_labs.android.aplus	0.8601	0	0	0.0529	0.0101	0	0.0491	0.0051	0.0227	0.0769	0.0513	0.8718	0.0735	0.0515	0.875	0.0227	0.0152	0.9621	0.0227	0.0152	0.9621	0.6667	0	0.3333	0	0.9767	0	0.0233	0
com.doplgangr.mcu	0.8954	0.0002	0.0125	0.043	0.036	0	0.0112	0	0.0017	0.047	0.094	0.8591	0.0304	0.0463	0.9233	0.0155	0.037	0.9475	0.0155	0.037	0.9475	0.5625	0.125	0.125	0.1875	0.9286	0.0126	0.0252	0.0336
com.repotechnology.champion	0.9899	0	0	0.009	0.001	0	0.0002	0	0	0.0072	0.0435	0.9493	0.0033	0.028	0.9687	0	0.0011	0.9989	0	0.0011	0.9989	0.5	0	0.5	0	0.9487	0	0.0513	0
com.allied.comfortsync.root	0	0	0	0	0	0	0	0	0	0	0	0	0	0	0	0	0	0	0	0	0	0	0	0	0	0	0	0	0
jitdesign.icsimport	0.8996	0	0	0.0874	0.0073	0.0001	0.005	0.0002	0.0004	0.0769	0.0721	0.851	0.0635	0.0801	0.8564	0.0006	0.0076	0.9918	0.0006	0.0076	0.9918	0.7778	0	0.2222	0	0.9987	0	0.0013	0
com.couchsurfing.mobile.android	0.9047	0.0014	0	0.06	0.0339	0	0	0	0	0	0.2818	0.7182	0	0.2164	0.7836	0	0.0355	0.9645	0	0.0355	0.9645	0	0.125	0.375	0.5	0	0.0225	0.1269	0.8506
com.jb.gokeyboard.theme.fungreenpower	0	0	0	0.4445	0.4074	0	0.1111	0.0247	0.0123	0.0312	0.4375	0.5312	0.0448	0.5522	0.403	0.0124	0.4322	0.5555	0.0124	0.4322	0.5555	0	0	0	0	0	0	0	0
com.milan.novine	0.9699	0.0059	0	0.0167	0.0075	0	0	0	0	0	0.0535	0.9465	0	0.046	0.954	0	0.0191	0.9809	0	0.0191	0.9809	0.7778	0	0	0.2222	0.9423	0	0	0.0577
ro.mying	0.948	0.0001	0	0	0	0	0.0436	0	0.0083	0.1383	0.0025	0.8593	0.1378	0.0006	0.8616	0.0086	0.0001	0.9914	0.0086	0.0001	0.9914	0.7241	0	0.2759	0	0.9983	0	0.0017	0
com.telerik.GoogleLinks	0.9976	0.0016	0	0.0001	0	0	0.0007	0	0	0.0076	0.0458	0.9466	0.0042	0.0169	0.9789	0	0.0016	0.9984	0	0.0016	0.9984	0.4286	0	0.5714	0	0.9624	0	0.0376	0
com.tobykurien.webapps	0.8038	0.0031	0	0.0983	0.0164	0.0003	0.054	0.0059	0.0181	0.0565	0.2678	0.6758	0.0509	0.2278	0.7212	0.0186	0.0267	0.9547	0.0186	0.0267	0.9546	0.7778	0	0.2222	0	0.9993	0	0.0007	0
com.kitapps.android.builder.bpm_dj_electronic_music_production_event	0	0	0	0	0	0	0	0	0	0	0	0	0	0	0	0	0	0	0	0	0	0	0	0	0	0	0	0	0
com.idl.apptitudeBook	0.9724	0	0	0	0	0	0.0253	0	0.0023	0.0194	0	0.9806	0.0113	0	0.9887	0.0023	0	0.9977	0.0023	0	0.9977	0.5	0	0.5	0	0.6266	0	0.3734	0
com.dahi.translate	0.9635	0.0006	0	0	0	0	0.0216	0	0.0144	0.039	0.013	0.9481	0.0281	0.0056	0.9663	0.0144	0.0006	0.985	0.0144	0.0006	0.985	0.7778	0	0.2222	0	0.9537	0	0.0463	0
com.in.skydrive.advancefree	0.361	0	0	0.257	0.2566	0	0.0775	0.0265	0.0214	0.0377	0.3302	0.6321	0.0502	0.3692	0.5806	0.0214	0.2832	0.6954	0.0214	0.2832	0.6954	0.5	0	0.5	0	0.947	0	0.053	0
rfh.sa.yoviajo	0.6098	0.0018	0.0003	0.2333	0.1139	0	0.0276	0.0044	0.0088	0.0423	0.0387	0.919	0.0329	0.0669	0.9002	0.0092	0.12	0.8708	0.0092	0.1201	0.8707	0.7143	0	0	0.2857	0.9378	0	0	0.0622
application.pandurang.vitthala	0.9482	0.0032	0	0.0313	0.0173	0	0	0	0	0	0.1911	0.8089	0	0.1636	0.8364	0	0.0218	0.9782	0	0.0218	0.9782	0.7143	0	0.2857	0	0.998	0	0.002	0
com.rootuninstaller.taskbarw8	0.5858	0.0019	0	0.2655	0.0841	0	0.046	0.0037	0.013	0.0665	0.1961	0.7374	0.0803	0.2151	0.7046	0.0135	0.0907	0.8957	0.0136	0.0912	0.8953	0.5	0.2273	0.2727	0	0.9779	0.0161	0.006	0
ca.GabrielCastro.LTC	0.007	0	0	0.276	0.7169	0	0	0	0	0	0.3931	0.6069	0	0.4822	0.5178	0	0.7154	0.2846	0	0.7155	0.2845	1	0	0	0	1	0	0	0
com.ejr.mctstracker	0.9654	0	0	0	0	0	0.0284	0	0.0063	0.0976	0	0.9024	0.1142	0	0.8858	0.0066	0	0.9934	0.0066	0	0.9934	0.5714	0	0.4286	0	0.9956	0	0.0044	0
vn.com.vng.phim123	0.2103	0	0	0.1091	0.0273	0	0.5106	0.0182	0.1246	0.2778	0.0556	0.6667	0.2832	0.0708	0.646	0.1247	0.0455	0.8298	0.1247	0.0455	0.8298	0	0	0.5	0.5	0	0	0.0057	0.9943
com.jb.gokeyboard.theme.tmebluefancy	0.9566	0.0017	0	0	0	0	0.0233	0	0.0184	0.0598	0.0109	0.9293	0.0472	0.0062	0.9466	0.0184	0.0017	0.9798	0.0185	0.0018	0.9798	0.7778	0	0.2222	0	0.9955	0	0.0045	0
br.com.maisapp	0.2257	0.0015	0	0.4897	0.2625	0	0.0118	0.0029	0.0059	0.0284	0.2766	0.695	0.019	0.3967	0.5842	0.0105	0.3126	0.6769	0.0105	0.3126	0.6769	0.6	0	0.4	0	0.84	0	0.16	0
com.jb.gokeyboard.theme.BestThemes.pinkzebra	0	0	0	0.4444	0.4074	0	0.1111	0.0247	0.0123	0.0312	0.4375	0.5312	0.0448	0.5522	0.403	0.0124	0.4322	0.5555	0.0124	0.4322	0.5555	0	0	0	0	0	0	0	0
com.edition.player.show	0.8169	0	0	0.1521	0.031	0	0	0	0	0	0.245	0.755	0	0.2521	0.7479	0	0.0316	0.9684	0	0.0316	0.9684	1	0	0	0	1	0	0	0
org.freeandroidtools.root_checker	0.9851	0	0	0	0	0	0.0149	0	0	0.0115	0	0.9885	0.0139	0	0.9861	0.0052	0	0.9948	0.0052	0	0.9948	1	0	0	0	1	0	0	0
ms.salt.en2ch2	0	0	0	0	0	0	0.8525	0.0255	0.1221	0.3919	0.027	0.5811	0.3819	0.0139	0.6042	0.1221	0.0255	0.8524	0.1221	0.0255	0.8524	1	0	0	0	1	0	0	0
com.nvdevelopment.dict.derumt.free	0	0	0	0.0002	0.0001	0	0.8795	0	0.1203	0.1053	0.3246	0.5702	0.1419	0.2768	0.5813	0.1203	0.0001	0.8796	0.1203	0.0001	0.8796	1	0	0	0	1	0	0	0
com.vaishnavism.vishnusahasranaamam.english	0	0	0	0	0	0	0.9292	0	0.0708	0.1765	0	0.8235	0.2353	0	0.7647	0.071	0	0.929	0.071	0	0.929	1	0	0	0	1	0	0	0
jp.iggy.android.jblocknow	0	0	0	0.3464	0.0276	0.0069	0.4196	0.0557	0.1438	0.2037	0.0741	0.7222	0.3082	0.0959	0.5959	0.1514	0.0833	0.7653	0.1514	0.0833	0.7653	0.5	0	0.5	0	0.916	0	0.084	0
com.mobisoft.morhipo	0.9285	0.0011	0	0.0367	0.0268	0	0.0062	0.0007	0	0.0056	0.2682	0.7263	0.0046	0.2092	0.7862	0	0.0288	0.9712	0	0.0288	0.9712	0	0.1667	0.5	0.3333	0	0.0164	0.1225	0.8611
com.jb.gokeyboard.theme.tmepinkkeyboardpersonalization	0.9562	0.0015	0	0	0	0	0.0235	0	0.0187	0.0598	0.0109	0.9293	0.0472	0.0062	0.9466	0.0188	0.0016	0.9797	0.0188	0.0016	0.9797	0.7778	0	0.2222	0	0.9965	0	0.0035	0
com.texterity.android.ComplianceToday	0.0032	0	0	0.4844	0.0822	0	0.3565	0.0025	0.0712	0.1399	0.2867	0.5734	0.1531	0.3708	0.4761	0.0713	0.085	0.8436	0.0726	0.0865	0.841	0.6	0	0.4	0	0.983	0	0.017	0
com.andromo.dev35006.app203046	0	0	0	0	0	0	0.6	0	0.4	0.2857	0	0.7143	0.4	0	0.6	0.4	0	0.6	0.4	0	0.6	0	0	0	0	0	0	0	0
com.lanoosphere.tessa.taxi_metz	0.0013	0	0	0.8505	0.1316	0	0.0119	0.0002	0.0045	0.0333	0.4222	0.5444	0.0278	0.4623	0.5099	0.0046	0.1333	0.8622	0.0046	0.1333	0.8622	0.5	0	0.5	0	0.9194	0	0.0806	0
eu.spm.calcissimo	0.632	0	0	0.0675	0.0613	0	0.2314	0.0015	0.0064	0.0323	0.2828	0.6848	0.0279	0.2745	0.6976	0.0065	0.0636	0.9299	0.0065	0.0636	0.9299	0.8	0	0.2	0	0.9986	0	0.0014	0
com.texterity.android.DirtWheels	0.0031	0	0	0.5104	0.0815	0	0.3355	0.0023	0.0671	0.1399	0.2867	0.5734	0.1535	0.3693	0.4772	0.0672	0.0843	0.8485	0.0683	0.0856	0.8461	0.6	0	0.4	0	0.9811	0	0.0189	0
com.sbgapps.scoreit	0.8696	0.0018	0.0014	0.046	0.0351	0	0.0228	0.0038	0.0196	0.0579	0.0579	0.8842	0.0407	0.0397	0.9196	0.0241	0.0405	0.9354	0.0242	0.0405	0.9353	1	0	0	0	1	0	0	0
com.texterity.android.CaliforniaFreemason	0.003	0	0	0.5044	0.0802	0	0.3421	0.0023	0.068	0.1379	0.2759	0.5862	0.1483	0.3612	0.4904	0.0682	0.0831	0.8487	0.0693	0.0844	0.8463	0.6	0	0.4	0	0.9838	0	0.0162	0
fr.easytouseapps.calcloan	0.9521	0	0	0	0	0	0.0368	0	0.011	0.0746	0	0.9254	0.0507	0	0.9493	0.011	0	0.989	0.011	0	0.989	0.7143	0	0.2857	0	0.9623	0	0.0377	0
com.texterity.android.SeniorLivingExecutive	0	0	0	0.3752	0.2771	0	0.2926	0.0044	0.0506	0.1105	0.4807	0.4088	0.1007	0.5347	0.3647	0.0507	0.2818	0.6675	0.0507	0.2818	0.6675	0.6667	0	0.3333	0	0.99	0	0.01	0
com.katz.rexall	0.9994	0.0001	0	0.0005	0	0	0	0	0	0.0084	0.0252	0.9664	0.0039	0.0135	0.9827	0	0.0001	0.9999	0	0.0001	0.9999	0.4286	0	0.5714	0	0.9912	0	0.0088	0
com.clo.clo	0.002	0	0	0.4831	0.0817	0	0.3585	0.0025	0.0722	0.1389	0.2917	0.5694	0.1517	0.3744	0.4739	0.0722	0.0845	0.8433	0.0735	0.086	0.8405	0.6	0	0.4	0	0.9889	0	0.0111	0
cz.lidovky.mobil	0	0	0	0	0	0	0.9992	0	0.0008	0.2727	0	0.7273	0.2593	0	0.7407	0.0036	0	0.9964	0.0036	0	0.9964	1	0	0	0	1	0	0	0
com.texterity.android.PelotonApp	0.0099	0	0	0.5918	0.0743	0	0.269	0.0019	0.0531	0.1597	0.2353	0.605	0.1459	0.331	0.5231	0.0584	0.0907	0.8509	0.0591	0.0917	0.8492	0.6	0	0.4	0	0.9178	0	0.0822	0
com.nilhcem.hostseditor	0	0	0	0.6666	0.2275	0.0069	0.0214	0.0422	0.0353	0.1087	0.4348	0.4565	0.1163	0.4419	0.4419	0.0423	0.2698	0.6879	0.0423	0.2698	0.6879	0	0	0	0	0	0	0	0
com.texterity.android.ODT	0.0031	0	0	0.5273	0.0833	0	0.3204	0.0021	0.0638	0.1367	0.295	0.5683	0.1425	0.3808	0.4767	0.064	0.0862	0.8498	0.065	0.0876	0.8474	0.6	0	0.4	0	0.9797	0	0.0203	0
com.automotiontv.boardwalkhonda	0.6282	0	0	0.2903	0.0815	0	0	0	0	0	0.2439	0.7561	0	0.2711	0.7289	0	0.0892	0.9108	0	0.0892	0.9108	0.5	0	0.5	0	0.9721	0	0.0279	0
ru.org.familytree	0	0	0	0	0	0	0	0	0	0	0	0	0	0	0	0	0	0	0	0	0	0	0	0	0	0	0	0	0
com.gerbes.mobile	0.004	0	0	0.5679	0.4274	0.0003	0	0.0003	0	0.0033	0.6852	0.3115	0.0025	0.6717	0.3258	0.0008	0.4796	0.5196	0.0008	0.4796	0.5196	0.1667	0	0.3333	0.5	0.0164	0	0.0656	0.918
uk.co.fareexchange.everyfare.app	0.0023	0	0	0.9748	0.0228	0	0	0	0	0	0.303	0.697	0	0.2951	0.7049	0	0.0229	0.9771	0	0.0229	0.9771	1	0	0	0	1	0	0	0
net.bodas.launcher	0.9081	0.0072	0	0.0499	0.0304	0	0.0041	0.0003	0	0.0115	0.2644	0.7241	0.0083	0.1956	0.7961	0	0.0381	0.9619	0	0.0381	0.9619	0	0.1667	0.5	0.3333	0	0.0243	0.2514	0.7243
com.swift	0.3866	0.0133	0	0.44	0.1334	0	0.0267	0	0	0.0333	0.1333	0.8333	0.0364	0.2182	0.7455	0	0.1467	0.8532	0	0.1467	0.8532	1	0	0	0	1	0	0	0
de.androidsolutions.bistum.wbg	0.0028	0	0	0.9179	0.0764	0.0001	0.0021	0.0004	0.0004	0.0431	0.3966	0.5603	0.025	0.4321	0.5429	0.0008	0.0806	0.9186	0.0008	0.0806	0.9186	1	0	0	0	1	0	0	0
com.giscloud.mdc	0.9993	0.0005	0	0.0001	0	0	0	0	0	0.0035	0.0284	0.9681	0.0018	0.0194	0.9787	0	0.0005	0.9995	0	0.0005	0.9995	0.4444	0	0.5556	0	0.9949	0	0.0051	0
com.dooblou.WiFiFileExplorer	0.757	0	0	0.0406	0.0422	0	0.144	0	0.0162	0.0155	0.0206	0.9639	0.0159	0.0278	0.9563	0.0162	0.0422	0.9416	0.0163	0.0423	0.9415	0.6	0	0.4	0	0.9862	0	0.0138	0
de.sandnersoft.Arbeitskalender_Lite	0.0011	0	0	0.3626	0.6363	0	0	0	0	0	0.4345	0.5655	0	0.5551	0.4449	0	0.6358	0.3642	0	0.6359	0.3641	1	0	0	0	1	0	0	0
de.appinside.devcenter.yltw63	0.0451	0	0	0.3544	0.5888	0.0002	0.0059	0.0023	0.0033	0.0769	0.263	0.66	0.0597	0.2963	0.644	0.0057	0.5793	0.4149	0.0057	0.5793	0.4149	0.7143	0	0	0.2857	0.9655	0	0	0.0345
de.actionbound	0.9761	0.0122	0	0.0106	0.0011	0	0	0	0	0.0035	0.0383	0.9582	0.0019	0.0271	0.971	0	0.0134	0.9866	0	0.0134	0.9866	0.4545	0	0.5455	0	0.844	0	0.156	0
org.plannings	1	0	0	0	0	0	0	0	0	0.0083	0	0.9917	0.0037	0	0.9963	0	0	1	0	0	1	0.5	0	0.5	0	0.9971	0	0.0029	0
com.tyczj.weddingalbum	0.9794	0	0	0	0	0	0.0202	0	0.0003	0.0256	0	0.9744	0.0226	0	0.9774	0.0004	0	0.9996	0.0004	0	0.9996	0	0.1429	0.4286	0.4286	0	0.0103	0.1329	0.8569
de.androidsolutions.bistum.wbg	0.0014	0	0	0.9451	0.0516	0.0001	0.0013	0.0002	0.0002	0.045	0.3964	0.5586	0.0228	0.4411	0.5361	0.0009	0.062	0.9371	0.0009	0.0621	0.937	1	0	0	0	1	0	0	0
com.ictap.casm	0.963	0.001	0	0.0179	0	0	0.0144	0.0036	0.0001	0.0179	0.0357	0.9464	0.0133	0.0133	0.9735	0.0002	0.0047	0.9952	0.0002	0.0047	0.9952	0.4444	0	0.5556	0	0.9935	0	0.0065	0
com.socrative.teacher	0	0	0	0	0	0	0.993	0	0.007	0.1333	0	0.8667	0.1935	0	0.8065	0.0095	0	0.9905	0.0095	0	0.9905	1	0	0	0	1	0	0	0
com.triveous.recorder	0.04	0.0002	0	0.3421	0.5925	0	0.0149	0.0019	0.0084	0.0661	0.4545	0.4793	0.0625	0.5391	0.3984	0.0142	0.5886	0.3972	0.0142	0.5886	0.3972	0.6	0	0	0.4	0.4211	0	0	0.5789
uk.co.elogbooks	0	0	0	0.1519	0.0225	0	0.733	0.0295	0.0632	0.1034	0.1724	0.7241	0.1586	0.1655	0.6759	0.0635	0.0523	0.8842	0.0635	0.0523	0.8842	0.6	0.4	0	0	0.9984	0.0016	0	0
com.triveous.recorder	0.0007	0	0	0.2919	0.7053	0.0001	0.0013	0.0003	0.0004	0.0576	0.4897	0.4527	0.037	0.6228	0.3402	0.0012	0.704	0.2948	0.0012	0.704	0.2948	0.7778	0	0	0.2222	0.625	0	0	0.375
de.androidsolutions.bistum.wbg	0	0	0	0.9307	0.0642	0	0.0051	0	0	0.0323	0.3548	0.6129	0.027	0.4459	0.527	0.003	0.1066	0.8904	0.003	0.1066	0.8904	0	0	0	0	0	0	0	0
com.giscloud.mdc	0.9945	0.0024	0	0.0025	0.0005	0	0.0001	0	0	0.0038	0.0263	0.9699	0.0021	0.0165	0.9814	0.0001	0.0034	0.9965	0.0001	0.0034	0.9965	0.4444	0	0.5556	0	0.9478	0	0.0522	0
com.dooblou.WiFiFileExplorer	0.7518	0	0	0.0414	0.0431	0	0.1471	0	0.0166	0.0155	0.0206	0.9639	0.0159	0.0278	0.9563	0.0166	0.0431	0.9403	0.0166	0.0432	0.9402	0.6	0	0.4	0	0.9901	0	0.0099	0
de.sandnersoft.Arbeitskalender_Lite	0	0	0	0.445	0.555	0	0	0	0	0	0.4	0.6	0	0.5746	0.4254	0	0.5552	0.4448	0	0.5554	0.4446	1	0	0	0	1	0	0	0
de.appinside.devcenter.yltw63	0.0679	0	0	0.3774	0.5254	0.0004	0.0172	0.0041	0.0076	0.0907	0.3241	0.5852	0.0751	0.3623	0.5626	0.01	0.5245	0.4655	0.01	0.5245	0.4655	0.5	0	0.3	0.2	0.9402	0	0.0279	0.0319
de.actionbound	0.9762	0.0156	0	0.0076	0.0006	0	0	0	0	0.0052	0.0573	0.9375	0.0027	0.0353	0.962	0	0.0163	0.9837	0	0.0163	0.9837	0.4444	0	0.5556	0	0.8907	0	0.1093	0
org.plannings	1	0	0	0	0	0	0	0	0	0.0083	0	0.9917	0.0037	0	0.9963	0	0	1	0	0	1	0.5	0	0.5	0	0.9947	0	0.0053	0
com.tyczj.weddingalbum	0.981	0	0	0	0	0	0.0187	0	0.0003	0.025	0	0.975	0.0206	0	0.9794	0.0003	0	0.9997	0.0003	0	0.9997	0	0.1429	0.4286	0.4286	0	0.0092	0.1389	0.8519
de.androidsolutions.bistum.wbg	0.0021	0	0	0.9236	0.0723	0	0.0016	0.0002	0.0002	0.0342	0.3932	0.5726	0.0175	0.4386	0.5439	0.0003	0.0751	0.9245	0.0003	0.0752	0.9245	1	0	0	0	1	0	0	0
com.ictap.casm	0.9809	0.0011	0	0.0088	0	0	0.0072	0.0017	0.0001	0.0183	0.0427	0.939	0.0121	0.0151	0.9728	0.0002	0.0029	0.9969	0.0002	0.0029	0.9969	0.4444	0	0.5556	0	0.9836	0	0.0164	0
com.socrative.teacher	0	0	0	0	0	0	0.9911	0	0.0089	0.1176	0	0.8824	0.1765	0	0.8235	0.0101	0	0.9899	0.0101	0	0.9899	1	0	0	0	1	0	0	0
com.triveous.recorder	0.0017	0	0	0.2803	0.7152	0	0.0017	0.0002	0.0009	0.0339	0.5869	0.3792	0.0356	0.6422	0.3222	0.0013	0.7146	0.2841	0.0013	0.7146	0.2841	0.25	0	0.5	0.25	0.375	0	0.2083	0.4167
uk.co.elogbooks	0	0	0	0.1154	0.0179	0	0.7786	0.0274	0.0607	0.1091	0.1818	0.7091	0.1667	0.1667	0.6667	0.061	0.0457	0.8933	0.061	0.0457	0.8933	0.6	0.4	0	0	0.9982	0.0018	0	0
com.triveous.recorder	0.0024	0	0	0.2806	0.7125	0	0.003	0.0002	0.0012	0.0608	0.5344	0.4048	0.0529	0.5961	0.351	0.0023	0.7104	0.2873	0.0023	0.7104	0.2873	0.6667	0	0	0.3333	0.6744	0	0	0.3256
de.androidsolutions.bistum.wbg	0.0015	0	0	0.9368	0.0591	0	0.0021	0.0002	0.0002	0.0435	0.2717	0.6848	0.0249	0.3831	0.592	0.0008	0.0663	0.9329	0.0008	0.0663	0.9329	1	0	0	0	1	0	0	0
com.giscloud.mdc	0.9914	0.0036	0	0.004	0.0008	0	0.0002	0	0	0.0038	0.0302	0.966	0.0021	0.018	0.9799	0.0002	0.0056	0.9942	0.0002	0.0056	0.9942	0.4444	0	0.5556	0	0.9417	0	0.0583	0
com.dooblou.WiFiFileExplorer	0.7571	0	0	0.0406	0.0422	0	0.144	0	0.0162	0.0155	0.0206	0.9639	0.0159	0.0278	0.9563	0.0162	0.0422	0.9416	0.0162	0.0423	0.9415	0.6	0	0.4	0	0.9887	0	0.0113	0
de.sandnersoft.Arbeitskalender_Lite	0	0	0	0.567	0.433	0	0	0	0	0	0.3929	0.6071	0	0.5641	0.4359	0	0.4373	0.5627	0	0.4376	0.5624	1	0	0	0	1	0	0	0
de.appinside.devcenter.yltw63	0.0834	0	0	0.3652	0.5233	0.0008	0.0156	0.0035	0.0082	0.0845	0.3627	0.5528	0.0645	0.4194	0.5161	0.0146	0.516	0.4694	0.0146	0.516	0.4694	0.6	0	0	0.4	0.6667	0	0	0.3333
de.actionbound	0.979	0.0091	0	0.0106	0.0013	0	0	0	0	0.0037	0.0412	0.9551	0.002	0.0291	0.9688	0	0.0104	0.9896	0	0.0104	0.9896	0.5	0	0.5	0	0.8267	0	0.1733	0
org.plannings	1	0	0	0	0	0	0	0	0	0.0081	0	0.9919	0.0037	0	0.9963	0	0	1	0	0	1	0.5	0	0.5	0	0.9964	0	0.0036	0
com.tyczj.weddingalbum	0.9804	0	0	0	0	0	0.0193	0	0.0003	0.0256	0	0.9744	0.0222	0	0.9778	0.0004	0	0.9996	0.0004	0	0.9996	0	0.1429	0.4286	0.4286	0	0.0147	0.1625	0.8228
de.androidsolutions.bistum.wbg	0.0032	0	0	0.9349	0.059	0.0001	0.0019	0.0004	0.0005	0.0515	0.2887	0.6598	0.031	0.3805	0.5885	0.0009	0.0627	0.9364	0.0009	0.0627	0.9364	1	0	0	0	1	0	0	0
com.ictap.casm	0.9773	0.0013	0	0.0102	0	0	0.009	0.002	0.0002	0.0183	0.0427	0.939	0.0121	0.0151	0.9729	0.0002	0.0034	0.9964	0.0002	0.0034	0.9964	0.4444	0	0.5556	0	0.9754	0	0.0246	0
com.socrative.teacher	0	0	0	0	0	0	0.9932	0	0.0068	0.1176	0	0.8824	0.1765	0	0.8235	0.0082	0	0.9918	0.0082	0	0.9918	1	0	0	0	1	0	0	0
com.triveous.recorder	0	0	0	0.3195	0.6433	0	0.0186	0.0031	0.0155	0.0769	0.4936	0.4295	0.0895	0.5794	0.3311	0.0232	0.6395	0.3373	0.0232	0.6395	0.3373	0	0	0	1	0	0	0	1
uk.co.elogbooks	0	0	0	0.1415	0.0171	0	0.7508	0.0287	0.0619	0.1034	0.1724	0.7241	0.1586	0.1655	0.6759	0.0622	0.0461	0.8917	0.0622	0.0461	0.8917	0.6	0.4	0	0	0.9985	0.0015	0	0
com.triveous.recorder	0.0021	0	0	0.2834	0.7117	0	0.0014	0.0002	0.0011	0.043	0.5418	0.4152	0.0407	0.5917	0.3676	0.0015	0.7106	0.2878	0.0015	0.7106	0.2878	0.6364	0	0.1818	0.1818	0.7444	0	0.0444	0.2111
