00FC25FED433D4B86B24661B482F9BFA91AF9A411CDA7D918E66F7FC273B46C2.apk	2017-10-19	0	0	0	1	0	0	0	0	0	0	0.3333	0.6667	0	0.1429	0.8571	0	0.0017	0.9983	0	0.0017	0.9983	1	0	0	0	1	0	0	0
0087C2B16B9AEC629CB6A8ACD53ADA1D0E8FCE79B2A6B7F4BCCAD1A70D98912F.apk	2017-02-08	0	0	0	0.6321	0.3679	0	0	0	0	0	0.5	0.5	0	0.6407	0.3593	0	0.3696	0.6304	0	0.3696	0.6304	0	0	0	0	0	0	0	0
0015183EAD290C2CE274A364AA77073F0051C13AB62C7D81B78A0EB74FDE4A5D.apk	2017-01-13	0.1718	0	0.0023	0.0471	0.0305	0.0037	0.5651	0.0122	0.1673	0.4293	0.1073	0.4634	0.377	0.1103	0.5127	0.1765	0.0438	0.7797	0.1765	0.0438	0.7797	0.8333	0	0.1667	0	0.9982	0	0.0018	0
00A7927279F5EDBF06DFB3455AF780803DFF77F28280F20FB94BB913AC98F4C4.apk	2017-01-13	0	0	0	0.6667	0.3333	0	0	0	0	0	0.5	0.5	0	0.5	0.5	0	0.36	0.64	0	0.36	0.64	0	0	0	0	0	0	0	0
012673178677233DD24328CD7E87F99D3B438B3C4D6F57C5378C9F5E372013BB.apk	2017-01-13	0.9897	0.0024	0	0.0062	0.0006	0	0.0011	0	0	0.0058	0.0292	0.9649	0.0033	0.0148	0.9819	0.0001	0.0034	0.9965	0.0001	0.0034	0.9965	0.4286	0	0.5714	0	0.9571	0	0.0429	0
00021D4D91813494EC42D6B965DE579BD1A9AB4FA9D85D81F4778242AE10CEE6.apk	2017-01-12	0.024	0.0088	0	0.4576	0.5076	0	0.0009	0.0011	0	0.0039	0.6367	0.3594	0.0045	0.6732	0.3223	0	0.518	0.4819	0	0.5183	0.4817	0.6	0.1	0.1	0.2	0.7317	0.1009	0.0674	0.1
0002234D9C6B3586AC83E4AA5473AF34B8F57D468247EA05C0888B1712760314.apk	2017-01-12	0.9973	0	0	0	0	0	0.0027	0	0	0.0164	0	0.9836	0.0062	0	0.9938	0	0	1	0	0	1	0.3333	0	0	0.6667	0.3306	0	0	0.6694
00051827D787105873B6F2579DB12BCCDB7CCA3646D021CEA3DF364EF7C2DD3F.apk	2017-02-12	0.8027	0	0	0	0	0	0.0849	0.0049	0.1075	0.2108	0.0196	0.7696	0.1743	0.0076	0.8181	0.1079	0.0049	0.8873	0.1079	0.0049	0.8873	1	0	0	0	1	0	0	0
000C3374DEAD417DD930DBEC4A3A4A0679410011B0EB348266543A3ACE6AA81E.apk	2017-01-10	0.7211	0	0	0.0321	0.002	0	0.2287	0.006	0.01	0.04	0.0057	0.9543	0.0272	0.0146	0.9582	0.0101	0.0081	0.9818	0.0101	0.0081	0.9818	0.4	0.2	0.4	0	0.9352	0.0003	0.0645	0
000E92F9DB5D080179E6DED57030591AE44D3A7D45A99D9B09EA38EABA869098.apk	2017-01-14	0.9715	0	0.0002	0	0	0	0.0236	0	0.0046	0.0596	0	0.9404	0.0365	0	0.9635	0.005	0	0.995	0.005	0	0.995	0.9167	0	0.0833	0	0.9975	0	0.0025	0
000F80E5B86A1A5B9F19C7A8CCEE7274B48C8FDA2040EB8C410859A004C135A4.apk	2017-01-13	1	0	0	0	0	0	0	0	0	0	0	1	0	0	1	0	0	1	0	0	1	0	0	0	1	0	0	0	1
0010421FB01DFF918506FAB65438027B520C42D9433D35E7753F487197AE5452.apk	2017-01-12	0.9972	0	0	0	0	0	0.0026	0	0.0002	0.0248	0	0.9752	0.0192	0	0.9808	0.0008	0	0.9992	0.0008	0	0.9992	0.5	0	0.5	0	0.9771	0	0.0229	0
0012188FBE5A854078CCAAE38FB48E6BE2DE29512D4CFB4D122E42305AA3F21E.apk	2017-01-31	0.4811	0	0	0.3348	0.1841	0	0	0	0	0	0.2222	0.7778	0	0.2525	0.7475	0	0.1845	0.8155	0	0.1845	0.8155	1	0	0	0	1	0	0	0
001302A061B221B946E46DCD035502178A78BB66FF6E0C17629D32E11C767A06.apk	2017-01-12	0.9945	0	0	0.0055	0	0	0	0	0	0	0.0161	0.9839	0	0.0123	0.9877	0	0.0001	0.9999	0	0.0001	0.9999	0	0	0	1	0	0	0	1
00142CB9BB62CD82E09281B879D15F7AB7AFA3A4C2DC5A604C0E816A37BE049F.apk	2017-01-12	0.5652	0	0.0231	0	0	0	0.3077	0	0.104	0.115	0	0.885	0.1413	0	0.8587	0.1274	0	0.8726	0.1274	0	0.8726	1	0	0	0	1	0	0	0
0017468DE7124852E2DF01E3EB1C364F70084E706B92CFE9A584A8605AE07579.apk	2017-01-12	0.872	0.048	0	0.048	0.032	0	0	0	0	0	0.25	0.75	0	0.1573	0.8427	0	0.0805	0.9195	0	0.0805	0.9195	0.25	0	0	0.75	0.2483	0	0	0.7517
00185E120BCB2953E0058EFA91816A9E150EC5BBBAE4F8E00CFE0C9037AFF923.apk	2017-01-14	0.9934	0.0033	0	0	0.0032	0	0	0	0	0	0.087	0.913	0	0.0452	0.9548	0	0.0068	0.9932	0	0.0068	0.9932	0.3333	0	0	0.6667	0.3289	0	0	0.6711
00198784C105A5F379026CAB5AE93B0A1BAA4B95174338F9B4D1EDDEE0602312.apk	2017-01-12	0.0201	0	0	0.7073	0.2726	0	0	0	0	0	0.5	0.5	0	0.5697	0.4303	0	0.274	0.726	0	0.274	0.726	0	0	1	0	0	0	1	0
001991B7BC3076CF242AD3368A319856A8B56371A1B0A4F531506A782E98E0A1.apk	2017-01-13	0	0	0	0.7229	0.2771	0	0	0	0	0	0.4022	0.5978	0	0.4205	0.5795	0	0.2776	0.7224	0	0.2776	0.7224	1	0	0	0	1	0	0	0
0019DD87BD5A4FD28826ACB88F7F5341ECF60E8FF9E598DC914B125E3E7A7129.apk	2017-01-13	0.9947	0.0042	0	0.0008	0.0003	0	0	0	0	0.0033	0.0297	0.967	0.0019	0.0337	0.9644	0	0.0046	0.9954	0	0.0046	0.9954	0.4286	0	0.5714	0	0.9524	0	0.0476	0
001C030017043C9116C050CB88999B313482EF09F4DE170CCB0E65409A0C7305.apk	2017-01-30	0	0	0	0.7144	0.2856	0	0	0	0	0	0.3684	0.6316	0	0.4255	0.5745	0	0.2857	0.7143	0	0.2857	0.7143	0	0	0	0	0	0	0	0
001C2A165C83069702A3FD40D33639BC0BD843E68F814DE20FDECE260630E0DF.apk	2017-01-12	0.798	0.0046	0	0.1716	0.0254	0	0.0003	0	0	0.0079	0.0551	0.937	0.0036	0.0417	0.9547	0	0.0302	0.9698	0	0.0302	0.9698	0.6	0	0.4	0	0.9663	0	0.0337	0
001CABB55DE62D78100FD44A83F5672ACF48740EE60A91A1342689EB62423DD2.apk	2017-01-13	0.408	0	0	0.0691	0.0388	0	0.3307	0.0097	0.1438	0.1786	0.0119	0.8095	0.2126	0.029	0.7585	0.1473	0.0475	0.8053	0.1473	0.0475	0.8053	1	0	0	0	1	0	0	0
001CCB96E4E37880FB9F0423A72636B670DBCF219960AD81D5B0F40FC4A4593A.apk	2017-01-25	0.9995	0	0	0	0	0	0.0005	0	0	0.011	0	0.989	0.0054	0	0.9946	0.0002	0	0.9998	0.0002	0	0.9998	0.6	0	0.4	0	0.9707	0	0.0293	0
001E22434595D67A8AD97188094C5A1F9B3D96B7B6AA88745FE19C393EC4B75C.apk	2017-01-18	0	0	0	0.5385	0.1538	0	0.3077	0	0	0.0833	0.3333	0.5833	0.1176	0.3529	0.5294	0.0069	0.1655	0.8276	0.0069	0.1655	0.8276	0	0	0	0	0	0	0	0
002008633D1B0EA9D1AF3D2F779C309CB894AA849A6F7B8B3E264F3054294373.apk	2017-01-12	0	0	0	0	0	0	0	0	0	0	0	0	0	0	0	0	0	0	0	0	0	0	0	0	0	0	0	0	0
0021A9BEDBE3B123EBE9D7774EBEA7F2FFC8580887EFF539575CF946FBC52986.apk	2017-01-24	0.9975	0	0.0002	0	0	0	0.0022	0	0.0002	0.0097	0	0.9903	0.0048	0	0.9952	0.0004	0	0.9996	0.0004	0	0.9996	0.8	0	0.2	0	0.9593	0	0.0407	0
0022E5DB01EF2944B01C9549EE8DDBDF8BCF4733E48C50ED15CE6B1D17321B23.apk	2017-01-12	0.9492	0	0	0	0	0	0.0461	0	0.0047	0.0201	0	0.9799	0.019	0	0.981	0.0048	0	0.9952	0.0048	0	0.9952	1	0	0	0	1	0	0	0
0024BABF82127A654B4406EB906FF3BCABD9486241E5A08DF7D76BD4FB578E60.apk	2017-01-12	0	0	0	0.875	0.125	0	0	0	0	0	0.375	0.625	0	0.4545	0.5455	0	0.1332	0.8668	0	0.1332	0.8668	0	0	0.5	0.5	0	0	0.6587	0.3413
00272CB64C20097D289C8303C4110FC34B6878F99932DA90F28E79F63561EBFF.apk	2017-01-13	0.019	0.001	0	0.6777	0.3023	0	0	0	0	0	0.6699	0.3301	0	0.6135	0.3865	0	0.3044	0.6956	0	0.3076	0.6924	0.5385	0	0.4615	0	0.9555	0	0.0445	0
002854EC4092CC2E040B2A5DCD6ACBDEAD65DFE6CC8F31E593035C92423DA8E8.apk	2017-02-17	0.9805	0.0009	0	0.0168	0.0018	0	0	0	0	0	0.0681	0.9319	0	0.0492	0.9508	0	0.003	0.997	0	0.003	0.997	0.6	0	0.2	0.2	0.9972	0	0.0008	0.002
002878F35E64C5062D29AB873BE2C4EA32C02C4BA06DE07915FEB02C5B31A956.apk	2017-01-31	0.9248	0	0	0	0	0	0.0618	0	0.0134	0.0812	0	0.9188	0.0575	0	0.9425	0.0139	0	0.9861	0.014	0	0.986	0.8571	0	0.1429	0	0.9954	0	0.0046	0
0028CD33896643893637FF5F082CC86FA133E20A9001F83C5893B404BC703F2D.apk	2017-01-13	0.9978	0.0009	0	0.001	0.0001	0	0.0002	0	0	0.0087	0.0261	0.9652	0.0043	0.013	0.9826	0.0001	0.0013	0.9986	0.0001	0.0013	0.9986	0.6	0	0.4	0	0.9831	0	0.0169	0
002A8B5DEEE97FCB8DF2C0BD14DCF7215955C413CE430B2BADBC6D4DE1D58047.apk	2017-01-12	0.7881	0	0	0.187	0.0248	0	0	0	0	0	0.0524	0.9476	0	0.0338	0.9662	0	0.0249	0.9751	0	0.025	0.975	0.4615	0.0769	0.3077	0.1538	0.9506	0.0072	0.0319	0.0104
002CC4806F733AB4DFBAB3DB211541F72B391C1E56819ADE118BF15972198D7E.apk	2017-01-13	0.9856	0	0	0	0	0	0.0116	0	0.0028	0.0354	0	0.9646	0.0191	0	0.9809	0.0029	0	0.9971	0.0029	0	0.9971	0.8333	0	0.1667	0	0.9958	0	0.0042	0
002D986F7E0A535B3594CB13C4D2F5D7B65CF726FB859F3E6488C5A235DD69B7.apk	2017-01-12	0.9183	0	0	0.0718	0.01	0	0	0	0	0	0.0226	0.9774	0	0.0372	0.9628	0	0.01	0.99	0	0.0101	0.9899	0.6667	0	0.3333	0	0.923	0	0.077	0
002F3852F614241064FAA79700811845CF9BFA4E0936D3D83689A4F81B0E781E.apk	2017-02-17	0.8248	0.0025	0	0.1037	0.0647	0	0.0021	0.0011	0.0011	0.012	0.1916	0.7964	0.0063	0.1266	0.8671	0.0011	0.0686	0.9303	0.0011	0.0686	0.9303	0.25	0.25	0.25	0.25	0.139	0.3378	0.2846	0.2387
0030E146D2763D1C6311F17DD324E024802186BA573B48799628C46E57AD1396.apk	2017-01-18	0.0959	0	0	0.2726	0.6276	0	0.0033	0.0003	0.0002	0.0155	0.2163	0.7682	0.0088	0.3347	0.6566	0.0002	0.6268	0.373	0.0002	0.6268	0.373	0.2727	0.0909	0.4545	0.1818	0.8467	0.0365	0.0647	0.0521
0030F304BEAB1B47303049EF20CE37DA0092C2AEB45E944054B03B06194BCB5E.apk	2017-01-13	0.9759	0.0001	0	0.016	0.0058	0	0.0017	0.0005	0	0.0079	0.126	0.8661	0.008	0.1265	0.8655	0.0003	0.0111	0.9886	0.0003	0.0111	0.9886	0.6	0	0.4	0	0.9855	0	0.0145	0
00324CB36449686FFE03BCBB721CD89DD8FEC7DDF5A05605C144CE825FDBB270.apk	2017-01-12	0	0	0	0.8481	0.136	0	0.0079	0.0023	0.0058	0.0739	0.4483	0.4778	0.0609	0.5409	0.3983	0.0059	0.1397	0.8544	0.0059	0.1397	0.8544	1	0	0	0	1	0	0	0
0032A17A0FD7DA7E6733F1A3FAA5EAD05988E9CC740162B1E1BB8A09F4EF11AE.apk	2017-01-29	0	0	0	1	0	0	0	0	0	0	0.1429	0.8571	0	0.1765	0.8235	0	0.0062	0.9938	0	0.0062	0.9938	1	0	0	0	1	0	0	0
003426D898D783044AB88C5EA9534D24AF017FDC8AAA33BD135768F024533C8B.apk	2017-01-12	0	0	0	0	0	0	0.8054	0	0.1946	0.1548	0	0.8452	0.318	0	0.682	0.2098	0	0.7902	0.2098	0	0.7902	0.5	0	0.5	0	0.9995	0	0.0005	0
003550A0BF1B133398FB122FC32D1BB5860A7745164F651678745DF40F0E66E1.apk	2017-05-17	0.9918	0	0	0	0	0	0.0082	0	0	0.0156	0	0.9844	0.0122	0	0.9878	0.0001	0	0.9999	0.0001	0	0.9999	0	0	0	1	0	0	0	1
003604927D72ABB0A9123161FB34367499F0D422EC7CADC58EE68C47E9A093F7.apk	2017-02-08	0.8235	0.1562	0	0	0	0	0.0203	0	0	0.0171	0.0085	0.9744	0.0124	0.0041	0.9835	0.0001	0.1554	0.8445	0.0001	0.1554	0.8445	1	0	0	0	1	0	0	0
00378CC9A1D56DBFD2CA09D4B60E6E03A1C38E790587B9467AF62EB0EF53ED4A.apk	2017-01-21	0.991	0.0044	0	0.0041	0.0004	0	0	0	0	0	0.0286	0.9714	0.0047	0.0117	0.9836	0	0.005	0.995	0.0001	0.005	0.9948	0.5	0	0.5	0	0.9611	0	0.0389	0
00397471D446C0611C3A0886C4D7B809634ACF1206EF548875EA79AFC399BE9D.apk	2017-01-12	0.0207	0	0	0.7114	0.2679	0	0	0	0	0	0.5	0.5	0	0.5697	0.4303	0	0.2691	0.7309	0	0.2691	0.7309	0	0	1	0	0	0	1	0
003A56B67C2CF6C0D44084C26BCBD618E84FDDF805993BB4FE315E75723EEA1F.apk	2017-01-13	0.9984	0	0	0	0	0	0.0016	0	0	0.011	0	0.989	0.0054	0	0.9946	0.0001	0	0.9999	0.0001	0	0.9999	0.6	0	0.4	0	0.9469	0	0.0531	0
003AF92A77A1F713C7631C5C2B66E7FA040514B100ACB6DBDC661E88C326D932.apk	2017-01-13	0.9496	0.0003	0	0.0268	0.0203	0	0.0025	0.0001	0.0005	0.0607	0.2631	0.6762	0.03	0.2623	0.7077	0.0009	0.0232	0.9759	0.0009	0.0232	0.9759	0.5	0.2273	0.1818	0.0909	0.9667	0.0159	0.0147	0.0027
003C9862CBFA6563459BD49995EC8DF1BDBC9A718110D97F02D5BBFD50CB6895.apk	2017-01-12	0.1095	0.0144	0	0.2672	0.6089	0	0	0	0	0	0.4278	0.5722	0	0.4787	0.5213	0	0.6229	0.3771	0	0.6229	0.3771	0.1	0.1	0.6	0.2	0.7686	0.0525	0.1097	0.0692
003E19FEB5E4E91F678449B86C1A81C120A9E743003126F85E9360A424662C8D.apk	2017-01-12	0.8921	0.09	0	0	0	0	0.0168	0	0.0011	0.012	0.0181	0.9699	0.0117	0.0164	0.972	0.0011	0.0896	0.9093	0.0011	0.0897	0.9092	0.5	0	0.5	0	0.5734	0	0.4266	0
003E6BDD22E5887FD42EF617A82ABA9E81EFE3F2E4D363ACC171B2A50761E811.apk	2017-01-14	0	0	0	0.9091	0.0909	0	0	0	0	0	0.25	0.75	0	0.28	0.72	0	0.0925	0.9075	0	0.0925	0.9075	0	0	0	1	0	0	0	1
003F8EDEC704056A41DCC56FFE44015D848EF08A02C30FAC2EDE0038BFC3BC14.apk	2017-02-16	0	0	0	0.1905	0.1905	0	0.5714	0	0.0476	0.0556	0.3889	0.5556	0.1042	0.3958	0.5	0.048	0.1919	0.7601	0.048	0.1919	0.7601	0	0	0	0	0	0	0	0
003FC8710C3607D5EF74495B833E9A36D337FD9EB051D68A3E6A18DFB415D289.apk	2017-01-12	0.9513	0.027	0	0.0174	0.0042	0	0.0002	0	0	0.0032	0.0225	0.9743	0.002	0.0254	0.9726	0.0001	0.0308	0.9691	0.0001	0.0308	0.9691	0.5	0	0.5	0	0.974	0	0.026	0
0043CBBA2DC33B286C704E48963555BD07CDFB1935554B8056330AD22F28C13C.apk	2017-01-12	0.9602	0.0279	0	0.0102	0.0013	0	0.0004	0	0	0.0069	0.0414	0.9517	0.0035	0.0247	0.9717	0.0001	0.0291	0.9708	0.0001	0.0291	0.9708	0.375	0	0.625	0	0.9348	0	0.0652	0
004440A441DD6539E16DC9B38C47D25AFC38651F6A1BE1997ADC32980B8388DD.apk	2017-01-14	0.8235	0	0	0.0622	0.0013	0	0.0766	0.0214	0.0151	0.0616	0.0137	0.9247	0.0398	0.0292	0.931	0.0152	0.0227	0.9621	0.0152	0.0227	0.9621	0.5	0	0.5	0	0.8793	0	0.1207	0
0046772718D4B6EE6B71CA2C8F4B7B2F231D6CDCCD4A3A216AA2534C6437B95E.apk	2017-02-02	0.1261	0	0	0	0	0	0.6843	0	0.1896	0.0625	0	0.9375	0.2982	0	0.7018	0.1913	0	0.8087	0.2189	0	0.7811	0.6667	0	0.3333	0	0.9736	0	0.0264	0
0047CBF8BFE88FC56CBF09BA8839A52E08BA01B6FD8A323DAA27752360FA8194.apk	2017-01-14	0.9393	0	0	0	0	0	0.0551	0	0.0056	0.0238	0	0.9762	0.0179	0	0.9821	0.0057	0	0.9943	0.0057	0	0.9943	0.5	0	0.5	0	0.7	0	0.3	0
004B4BEF1E23C594C820ABC5D6551994D34348553E99DA8D71DA702702E64BA6.apk	2017-01-14	0.9858	0	0	0.0011	0.0001	0	0.0125	0.0001	0.0004	0.0116	0.0058	0.9826	0.0148	0.0035	0.9817	0.0008	0.0003	0.9989	0.0008	0.0003	0.9989	0.8571	0	0.1429	0	0.9996	0	0.0004	0
004B98FD6709B208A8E05AF8511C0B73543634F835E7D04A8116948DD315F46B.apk	2017-01-25	0	0	0	0.5852	0.4141	0	0.0002	0.0002	0.0002	0.0089	0.7708	0.2202	0.0041	0.786	0.2099	0.0002	0.4171	0.5826	0.0002	0.4181	0.5817	0.6667	0	0.3333	0	0.5319	0	0.4681	0
00517A103C449ACD95E4062FA24CDCA1DCD223617D32E823D359C557F66C0AC3.apk	2017-01-25	0	0	0	0.5385	0.1538	0	0.3077	0	0	0.0833	0.3333	0.5833	0.1176	0.3529	0.5294	0.0049	0.1622	0.8329	0.0049	0.1622	0.8329	0	0	0	0	0	0	0	0
00561689E33AC809C23CDBD31AE748245DC2AC63CD9C34F83A0B364A53B17D94.apk	2017-01-12	0	0	0	0.1905	0.1905	0	0.5714	0	0.0476	0.0556	0.3889	0.5556	0.1042	0.3958	0.5	0.0481	0.1923	0.7596	0.0481	0.1923	0.7596	0	0	0	0	0	0	0	0
0056F5BD437A8D230B01EDFB898D90BC4D4258F6D6847F305E0D554F5BC50ABD.apk	2017-02-12	0.9893	0	0	0	0	0	0.0098	0	0.0009	0.0225	0	0.9775	0.0194	0	0.9806	0.0013	0	0.9987	0.0013	0	0.9987	1	0	0	0	1	0	0	0
00572C93C81C4700642BFCF10AD689A39EB8106A0715B323E3ED71C5D7434DC5.apk	2017-01-12	0.9891	0	0	0.0027	0.0082	0	0	0	0	0	0.0615	0.9385	0	0.0303	0.9697	0	0.0083	0.9917	0	0.0083	0.9917	0	0	0	1	0	0	0	1
005A07A2149615FEDCD94DA2E97BA6174C26E006A01F1BFCB405433C513A36A8.apk	2017-01-13	0.6501	0.0001	0	0.2448	0.1049	0	0	0	0	0	0.1816	0.8184	0	0.1739	0.8261	0	0.106	0.894	0	0.106	0.894	0.8	0	0.2	0	0.9992	0	0.0008	0
005B27228FD9C16E339076556309052DB4FF5CAF04C443F5E056CD284E6E16D0.apk	2017-01-13	0.9963	0.0021	0	0.0011	0.0002	0	0.0005	0	0	0.0094	0.0189	0.9717	0.0046	0.0093	0.9861	0.0001	0.0024	0.9976	0.0001	0.0024	0.9976	0.6	0	0.4	0	0.9774	0	0.0226	0
005B72EDDC22C1E01E59649F0D8C58CDB2AD576EE55F2ABAF80060DDBDED6904.apk	2017-02-03	0.996	0.0012	0	0.0021	0.0007	0	0.0001	0	0	0.0088	0.0265	0.9646	0.0042	0.0104	0.9854	0	0.0019	0.9981	0	0.0019	0.9981	0.5	0	0.5	0	0.9691	0	0.0309	0
005D284A58696F399CA6334F2EE7E85B2EF7ECCA3E7B5CB096F18B95F40F9D96.apk	2017-02-14	0	0	0	0.4258	0.4128	0	0.1473	0.0021	0.0121	0.103	0.3333	0.5636	0.1205	0.4175	0.462	0.0131	0.4149	0.572	0.0131	0.4152	0.5717	1	0	0	0	1	0	0	0
005F33E2A881D8BF47039C0F3E4F8191FA4CD922BE3838740075B17C584CB6D8.apk	2017-01-04	0.7552	0.002	0	0.2167	0.0261	0	0	0	0	0	0.1121	0.8879	0	0.0821	0.9179	0	0.0282	0.9718	0	0.0282	0.9718	0.25	0	0	0.75	0.1916	0	0	0.8084
00634CB1075E23BB43263674481C2830F962B75F8079219889D5BBA42BB680C4.apk	2017-01-14	0.8234	0.0173	0.001	0.073	0.0578	0	0.0196	0.0066	0.0015	0.0619	0.1424	0.7957	0.0424	0.0969	0.8607	0.0028	0.0817	0.9155	0.0028	0.0819	0.9153	0.4545	0.1818	0.2273	0.1364	0.9019	0.0509	0.0387	0.0086
0063C230C7459E82C2766F6B9146A65FD3EEF24E47E03EA6C4C784482A15AB3D.apk	2017-01-25	0.9973	0	0	0.0027	0	0	0	0	0	0	0.0167	0.9833	0	0.0062	0.9938	0	0	1	0	0	1	0.3333	0	0	0.6667	0.3303	0	0	0.6697
0064D36186355C9BDF0D1C330613F321DCD9E103CB3DB8A77D7FE68275A0C74C.apk	2017-02-08	0.5137	0	0	0.0118	0.0059	0	0.3686	0.0255	0.0745	0.1969	0.0394	0.7638	0.1913	0.0505	0.7581	0.0752	0.0315	0.8933	0.0752	0.0315	0.8933	0.6667	0	0	0.3333	0.749	0	0	0.251
0065269F137E8C1A6514367893B7B387685657BBE8CF9FBA57D99859FC60D965.apk	2017-02-07	0.996	0.0025	0	0.0013	0	0	0.0003	0	0	0.0074	0.0147	0.9779	0.0037	0.0111	0.9852	0.0002	0.0028	0.997	0.0002	0.0028	0.997	0.5	0	0.5	0	0.9118	0	0.0882	0
0065CCAEDCD73C4025951CC2AE6819B623E3E60FB48BEB55915A4358269A688B.apk	2017-01-12	0.9893	0.0056	0	0.0036	0.0009	0	0.0006	0	0	0.0089	0.0446	0.9464	0.0043	0.0192	0.9765	0.0001	0.0068	0.9931	0.0001	0.0068	0.9931	0.6	0	0.4	0	0.9671	0	0.0329	0
006DB09F51F67C2261DE00AC5E033FBCF5610C0CB6BC6D27D80187A2E6C5BE04.apk	2017-01-12	0.9871	0.0064	0	0.0048	0.001	0	0.0007	0	0	0.0061	0.0303	0.9636	0.003	0.0137	0.9833	0	0.0074	0.9925	0	0.0074	0.9925	0.375	0	0.625	0	0.9112	0	0.0888	0
00708959765C8B68901F207DB954B1618988C87E13E8447E582773869866DB7D.apk	2017-02-01	0.1219	0	0	0.8674	0.0107	0	0	0	0	0	0.0844	0.9156	0	0.0708	0.9292	0	0.0111	0.9889	0	0.0111	0.9889	0.6667	0.2222	0.1111	0	0.9837	0.0155	0.0008	0
0071C4BECDB927BF3B2A72F3F0BE3DF401470921132A5138E5D8506770B6115C.apk	2017-03-20	0.8286	0.056	0	0.0769	0.0385	0	0	0	0	0	0.2308	0.7692	0	0.1622	0.8378	0	0.0951	0.9049	0	0.0951	0.9049	0	0	0	0	0	0	0	0
0072BDBB0C2F46F615C72A3C128D97E9254AC1B89A27A83478E4B13545CB39EC.apk	2017-01-14	0.4578	0	0	0	0	0	0.301	0	0.2412	0.0657	0	0.9343	0.0965	0	0.9035	0.2366	0	0.7634	0.2387	0	0.7613	0.8571	0	0.1429	0	0.988	0	0.012	0
0073A7BEAC7CF8AB451B79A97896062ACA99C8594C3742622F67151A7D6E8A8A.apk	2017-02-13	0.9937	0	0	0	0	0	0.0048	0.0006	0.0009	0.0125	0.0031	0.9844	0.0072	0.0042	0.9886	0.001	0.0006	0.9984	0.001	0.0006	0.9984	0.5333	0.1333	0.2	0.1333	0.9825	0.0082	0.0078	0.0016
00750FED57712FC3AA2D0015CBF83271438EB900C0E92BCF26666B6E176C6121.apk	2017-01-26	0.5078	0	0	0.0116	0.0058	0	0.374	0.0252	0.0756	0.2	0.0385	0.7615	0.1922	0.0498	0.758	0.0762	0.0311	0.8927	0.0762	0.0311	0.8927	0.6	0	0	0.4	0.7488	0	0	0.2512
007542AD676587266C1A61ABB0419CF65D2956218868B5F4E26E86F12F6F5E0C.apk	2017-01-17	0	0	0	0	0	0	0	0	0	0	0	0	0	0	0	0	0	0	0	0	0	0	0	0	0	0	0	0	0
007594DFA6AE1C96E2B654A45333BBB842565EA29ED737B2299C526E306E8F11.apk	2017-01-18	0.9919	0.0013	0	0.0067	0	0	0	0	0	0	0.0291	0.9709	0	0.015	0.985	0	0.0014	0.9986	0	0.0014	0.9986	0.75	0	0	0.25	0.8935	0	0	0.1065
0079211F2265AAB39FEBB087E7C203F169942FD2166C5C4CA7E4502B0CA9C0B8.apk	2017-01-17	0.9996	0	0	0	0	0	0.0004	0	0	0.0047	0	0.9953	0.0032	0	0.9968	0	0	1	0	0	1	1	0	0	0	1	0	0	0
007E0796ACF5881F67C6EC06F218EC7B75604D1FC7E4983BEB5BB14CA80E88B2.apk	2017-01-13	0.9965	0	0	0.0027	0.0002	0	0.0006	0	0	0.0056	0.0056	0.9887	0.0028	0.0042	0.9929	0.0001	0.0003	0.9997	0.0001	0.0003	0.9997	0.4286	0	0.5714	0	0.9422	0	0.0578	0
007F30C25A1D4AA0FBE7B9A0D2AE42D828AEAAF8ADB86530AB21B8A3AAC09BAE.apk	2017-01-12	0	0	0	0.2121	0.2424	0	0.3939	0.1212	0.0303	0.1111	0.5185	0.3704	0.2059	0.4412	0.3529	0.0322	0.3645	0.6033	0.0322	0.3645	0.6033	0	0	0	0	0	0	0	0
008081BBA5D962B7D055B2CB5D3C1FA92FC6DE798C2BA3DB202F81124F3AAC5C.apk	2017-01-18	0.0104	0	0	0.7857	0.2039	0	0	0	0	0.0059	0.4418	0.5523	0.0034	0.4702	0.5264	0	0.2049	0.7951	0	0.2049	0.7951	0.7	0	0.3	0	0.9649	0	0.0351	0
0080B6F8E0EC6D4410B0C2F8C12CCA2BD0158DDB017BBFA8F547C506A5714504.apk	2017-02-18	0.7206	0.0048	0	0.1618	0.1117	0	0.0011	0	0	0.0076	0.2595	0.7328	0.0048	0.2567	0.7385	0	0.1174	0.8826	0	0.1174	0.8825	0.75	0	0.25	0	0.9887	0	0.0113	0
00810DCAABF8C032508EB805854E99AA1E3F7D42CF3183F3FFEAA55151C077E8.apk	2017-01-19	0	0	0	0.6306	0.3678	0	0.0016	0.0001	0	0.0114	0.5698	0.4188	0.0056	0.6521	0.3422	0.0001	0.3717	0.6282	0.0001	0.3716	0.6283	0.7143	0	0.2857	0	0.9838	0	0.0162	0
00882F5DC9993630C3C510A9D607144E28EC6D10B06723EA17971BC6D4B80103.apk	2017-02-16	0.6196	0.0002	0	0.1292	0.251	0	0	0	0	0	0.4611	0.5389	0	0.4926	0.5074	0	0.2525	0.7475	0	0.2545	0.7455	0.5714	0.0714	0.2143	0.1429	0.883	0.0268	0.0371	0.0531
008ADFCDB355D5F20D6BD81D6AD7D336B5B33BA14B64164DC5580F744F4E8349.apk	2017-01-12	0.9879	0.0006	0	0	0	0	0.0113	0	0.0001	0.0184	0.0023	0.9793	0.0178	0.0021	0.98	0.0003	0.0007	0.9991	0.0003	0.0007	0.9991	0.8889	0	0.1111	0	0.962	0	0.038	0
008BBB96945E148F48F7C13C7686B9EF0513D45DB3F161F29540115F9B883139.apk	2017-01-12	0.5173	0	0.0189	0.0203	0.0175	0.0002	0.1104	0.0004	0.315	0.171	0.1496	0.6793	0.1625	0.1753	0.6622	0.3329	0.019	0.6481	0.3329	0.019	0.6481	0.9167	0	0.0833	0	0.9986	0	0.0014	0
008BDCE544DF1BE0A4CEFC8B7EE97B3E3AEE8B0B823670DC80EAE0AA3099CD04.apk	2017-01-14	0.9734	0.0061	0	0.0152	0.0045	0	0.0008	0	0	0.0041	0.0581	0.9378	0.0026	0.0535	0.9439	0	0.0109	0.989	0	0.0109	0.989	0.5	0	0.5	0	0.907	0	0.093	0
008D19A7127210AD524B97F93877774F7E648BC478C7BF691879DD0B2707284D.apk	2017-02-03	0.9932	0	0	0.0068	0	0	0	0	0	0	0.0133	0.9867	0	0.0128	0.9872	0	0.0001	0.9999	0	0.0001	0.9999	0	0	0.5	0.5	0	0	0.4985	0.5015
008E02960F3A47767E2638C36F977E162EFC149F63CB1E89FFBA288F6D9EB45A.apk	2017-01-12	0	0	0	0	0	0	0.6923	0	0.3077	0.3333	0	0.6667	0.4	0	0.6	0.3087	0	0.6913	0.3087	0	0.6913	0	0	0	1	0	0	0	1
008E471AC7595D51C3CB8F99783C35623C43FA656A0EDB61DE4C95A193C8787F.apk	2017-02-05	0.9586	0	0	0.0256	0.0155	0	0.0001	0.0001	0	0.0121	0.332	0.6559	0.0095	0.3819	0.6086	0	0.0163	0.9836	0	0.0163	0.9836	0.4545	0.2727	0.2727	0	0.7368	0.2237	0.0395	0
0090044650AFC1004076319528191392E2FFD4EEDE0513EC2A94F595F9C2785F.apk	2017-01-14	0.9831	0.0056	0	0	0	0	0.0113	0	0	0.025	0.025	0.95	0.0202	0.0101	0.9697	0.0001	0.0057	0.9942	0.0001	0.0057	0.9942	0	0	1	0	0	0	1	0
0090D527AEBD310C1B8FE3C22D1AE8E27832E25C3A5613EE6631CCBB3AA66B21.apk	2017-01-28	0.9525	0.0038	0	0.039	0.0045	0	0.0002	0	0	0.0058	0.0809	0.9133	0.003	0.0617	0.9353	0.0001	0.0095	0.9905	0.0001	0.0095	0.9905	0.375	0	0.625	0	0.7195	0	0.2805	0
009125C79D7D4F34554C9BAA7E35623599863F62E19BB61EA9167D5E142E41ED.apk	2017-01-14	0.025	0	0	0.6122	0.2686	0	0.0459	0.0382	0.0101	0.0307	0.5526	0.4167	0.0254	0.587	0.3877	0.0102	0.3088	0.681	0.0102	0.3088	0.681	0.6	0	0.4	0	0.8054	0	0.1946	0
009136E4BC2D10ACAED31BEAC13C1DA0F98AC5C89FBCF1D0C10A203F28B8AF9F.apk	2017-01-13	0	0	0	0.5744	0.3758	0	0.04	0.0098	0	0.0213	0.383	0.5957	0.0227	0.4432	0.5341	0.0003	0.3864	0.6133	0.0003	0.3864	0.6133	0.25	0.25	0.5	0	0.1268	0.0042	0.869	0
00919F9C6C0FAF897B852929D17373B24C096AACB21482E360FFC252EEF4932C.apk	2017-02-16	0.9275	0.0081	0	0.0563	0.008	0	0	0	0	0	0.1212	0.8788	0	0.0753	0.9247	0	0.0168	0.9832	0	0.0168	0.9832	0	0	0	0	0	0	0	0
009292F01C505DC9ED67ED3CB06C5CE9A328533EBA4826BE40602CE1531E6DB9.apk	2017-01-14	0.9347	0	0	0.0646	0.0007	0	0	0	0	0	0.0203	0.9797	0	0.015	0.985	0	0.0008	0.9992	0	0.0008	0.9992	0.7	0.2	0.1	0	0.9912	0.0055	0.0033	0
009416FC6CBB9B1FDE0DFFC2F8B9B644D26B87D2EEA97B04B9E29A045A31ECDB.apk	2017-01-12	0	0	0	0.1905	0.1905	0	0.5714	0	0.0476	0.0556	0.3889	0.5556	0.1042	0.3958	0.5	0.0481	0.192	0.7599	0.0481	0.192	0.7599	0	0	0	0	0	0	0	0
00944FCF8E35D99608B9D15B19EDAB8B1164EE1FC5974028EA2E6E01A51FD15F.apk	2017-01-12	0.9805	0	0.0168	0	0	0	0.0025	0	0.0002	0.0588	0	0.9412	0.0332	0	0.9668	0.0171	0	0.9829	0.0171	0	0.9829	0.6667	0	0.3333	0	0.9784	0	0.0216	0
