00FC25FED433D4B86B24661B482F9BFA91AF9A411CDA7D918E66F7FC273B46C2.apk	2017-10-19	0	0	0	0	0	0	0
0087C2B16B9AEC629CB6A8ACD53ADA1D0E8FCE79B2A6B7F4BCCAD1A70D98912F.apk	2017-02-08	0	0	0	0	0	0	0
0015183EAD290C2CE274A364AA77073F0051C13AB62C7D81B78A0EB74FDE4A5D.apk	2017-01-13	1	0	0	0	0	0	0
00A7927279F5EDBF06DFB3455AF780803DFF77F28280F20FB94BB913AC98F4C4.apk	2017-01-13	0	0	0	0	0	0	0
012673178677233DD24328CD7E87F99D3B438B3C4D6F57C5378C9F5E372013BB.apk	2017-01-13	0.9747	0	0.0253	0	0	0.8734	0
00021D4D91813494EC42D6B965DE579BD1A9AB4FA9D85D81F4778242AE10CEE6.apk	2017-01-12	0	0	1	0	0	1	0
0002234D9C6B3586AC83E4AA5473AF34B8F57D468247EA05C0888B1712760314.apk	2017-01-12	0	0	0	0	0	0	0
00051827D787105873B6F2579DB12BCCDB7CCA3646D021CEA3DF364EF7C2DD3F.apk	2017-02-12	0	0	0.9545	0.0455	0	0	0
000C3374DEAD417DD930DBEC4A3A4A0679410011B0EB348266543A3ACE6AA81E.apk	2017-01-10	0	0	0	0	0	0	0
000E92F9DB5D080179E6DED57030591AE44D3A7D45A99D9B09EA38EABA869098.apk	2017-01-14	0.8186	0	0	0.1814	0.0093	0.7488	0
000F80E5B86A1A5B9F19C7A8CCEE7274B48C8FDA2040EB8C410859A004C135A4.apk	2017-01-13	0	0	0	0	0	0	0
0010421FB01DFF918506FAB65438027B520C42D9433D35E7753F487197AE5452.apk	2017-01-12	0.3333	0	0	0.6667	0	0	0
0012188FBE5A854078CCAAE38FB48E6BE2DE29512D4CFB4D122E42305AA3F21E.apk	2017-01-31	0	0	0	0	0	0	0
001302A061B221B946E46DCD035502178A78BB66FF6E0C17629D32E11C767A06.apk	2017-01-12	0	0	0	0	0	0	0
00142CB9BB62CD82E09281B879D15F7AB7AFA3A4C2DC5A604C0E816A37BE049F.apk	2017-01-12	0	0	0	0	0	0	0
0017468DE7124852E2DF01E3EB1C364F70084E706B92CFE9A584A8605AE07579.apk	2017-01-12	0	0	0	0	0	0	0
00185E120BCB2953E0058EFA91816A9E150EC5BBBAE4F8E00CFE0C9037AFF923.apk	2017-01-14	0	0	0	0	0	0	0
00198784C105A5F379026CAB5AE93B0A1BAA4B95174338F9B4D1EDDEE0602312.apk	2017-01-12	0	0	0	0	0	0	0
001991B7BC3076CF242AD3368A319856A8B56371A1B0A4F531506A782E98E0A1.apk	2017-01-13	0	0	0	1	0	0	0
0019DD87BD5A4FD28826ACB88F7F5341ECF60E8FF9E598DC914B125E3E7A7129.apk	2017-01-13	0.1667	0	0	0.8333	0	0	0
001C030017043C9116C050CB88999B313482EF09F4DE170CCB0E65409A0C7305.apk	2017-01-30	0	0	0	0	0	0	0
001C2A165C83069702A3FD40D33639BC0BD843E68F814DE20FDECE260630E0DF.apk	2017-01-12	0.72	0	0	0.28	0	0	0
001CABB55DE62D78100FD44A83F5672ACF48740EE60A91A1342689EB62423DD2.apk	2017-01-13	0	0	0	1	1	0	0
001CCB96E4E37880FB9F0423A72636B670DBCF219960AD81D5B0F40FC4A4593A.apk	2017-01-25	0.25	0	0	0.75	0	0	0
001E22434595D67A8AD97188094C5A1F9B3D96B7B6AA88745FE19C393EC4B75C.apk	2017-01-18	0	0	0	0	0	0	0
002008633D1B0EA9D1AF3D2F779C309CB894AA849A6F7B8B3E264F3054294373.apk	2017-01-12	0	0	0	0	0	0	0
0021A9BEDBE3B123EBE9D7774EBEA7F2FFC8580887EFF539575CF946FBC52986.apk	2017-01-24	0.8673	0	0	0.1327	0	0.8673	0
0022E5DB01EF2944B01C9549EE8DDBDF8BCF4733E48C50ED15CE6B1D17321B23.apk	2017-01-12	0	0	0	0	0	0	0
0024BABF82127A654B4406EB906FF3BCABD9486241E5A08DF7D76BD4FB578E60.apk	2017-01-12	0	0	0	0	0	0	0
00272CB64C20097D289C8303C4110FC34B6878F99932DA90F28E79F63561EBFF.apk	2017-01-13	0.8462	0	0	0.1538	0	0	0
002854EC4092CC2E040B2A5DCD6ACBDEAD65DFE6CC8F31E593035C92423DA8E8.apk	2017-02-17	0	0	0	1	0.1389	0.25	0.3889
002878F35E64C5062D29AB873BE2C4EA32C02C4BA06DE07915FEB02C5B31A956.apk	2017-01-31	0	0	0	1	0	0	0
0028CD33896643893637FF5F082CC86FA133E20A9001F83C5893B404BC703F2D.apk	2017-01-13	0.0667	0	0	0.9333	0.2667	0	0
002A8B5DEEE97FCB8DF2C0BD14DCF7215955C413CE430B2BADBC6D4DE1D58047.apk	2017-01-12	0.6875	0	0	0.3125	0.1562	0	0
002CC4806F733AB4DFBAB3DB211541F72B391C1E56819ADE118BF15972198D7E.apk	2017-01-13	0	0	0.9565	0.0435	0	0	0
002D986F7E0A535B3594CB13C4D2F5D7B65CF726FB859F3E6488C5A235DD69B7.apk	2017-01-12	0	0	0	1	0	0	0
002F3852F614241064FAA79700811845CF9BFA4E0936D3D83689A4F81B0E781E.apk	2017-02-17	0	0	1	0	0	1	0
0030E146D2763D1C6311F17DD324E024802186BA573B48799628C46E57AD1396.apk	2017-01-18	0	0	1	0	0	0.4651	0
0030F304BEAB1B47303049EF20CE37DA0092C2AEB45E944054B03B06194BCB5E.apk	2017-01-13	0.0769	0	0	0.9231	0	0	0
00324CB36449686FFE03BCBB721CD89DD8FEC7DDF5A05605C144CE825FDBB270.apk	2017-01-12	0	0	1	0	0	0.5	0
0032A17A0FD7DA7E6733F1A3FAA5EAD05988E9CC740162B1E1BB8A09F4EF11AE.apk	2017-01-29	0	0	0	1	0	0	0
003426D898D783044AB88C5EA9534D24AF017FDC8AAA33BD135768F024533C8B.apk	2017-01-12	1	0	0	0	0	0	0
003550A0BF1B133398FB122FC32D1BB5860A7745164F651678745DF40F0E66E1.apk	2017-05-17	0	0	0	0	0	0	0
003604927D72ABB0A9123161FB34367499F0D422EC7CADC58EE68C47E9A093F7.apk	2017-02-08	0	0	0	0	0	0	0
00378CC9A1D56DBFD2CA09D4B60E6E03A1C38E790587B9467AF62EB0EF53ED4A.apk	2017-01-21	0.8	0	0	0.2	0	0	0
00397471D446C0611C3A0886C4D7B809634ACF1206EF548875EA79AFC399BE9D.apk	2017-01-12	0	0	0	0	0	0	0
003A56B67C2CF6C0D44084C26BCBD618E84FDDF805993BB4FE315E75723EEA1F.apk	2017-01-13	0.5	0	0	0.5	0	0	0
003C9862CBFA6563459BD49995EC8DF1BDBC9A718110D97F02D5BBFD50CB6895.apk	2017-01-12	0	0	0.72	0.28	0	0.3733	0
003E19FEB5E4E91F678449B86C1A81C120A9E743003126F85E9360A424662C8D.apk	2017-01-12	0	0	0	0	0	0	0
003E6BDD22E5887FD42EF617A82ABA9E81EFE3F2E4D363ACC171B2A50761E811.apk	2017-01-14	0	0	0	0	0	0	0
003F8EDEC704056A41DCC56FFE44015D848EF08A02C30FAC2EDE0038BFC3BC14.apk	2017-02-16	0	0	0	0	0	0	0
003FC8710C3607D5EF74495B833E9A36D337FD9EB051D68A3E6A18DFB415D289.apk	2017-01-12	0.2	0	0	0.8	0	0	0
0043CBBA2DC33B286C704E48963555BD07CDFB1935554B8056330AD22F28C13C.apk	2017-01-12	0.375	0	0	0.625	0	0	0
004440A441DD6539E16DC9B38C47D25AFC38651F6A1BE1997ADC32980B8388DD.apk	2017-01-14	0	0	0	0	0	0	0
0046772718D4B6EE6B71CA2C8F4B7B2F231D6CDCCD4A3A216AA2534C6437B95E.apk	2017-02-02	0	0	0	0	0	0	0
0047CBF8BFE88FC56CBF09BA8839A52E08BA01B6FD8A323DAA27752360FA8194.apk	2017-01-14	0	0	0	0	0	0	0
004B4BEF1E23C594C820ABC5D6551994D34348553E99DA8D71DA702702E64BA6.apk	2017-01-14	0	0	0	1	0	0	0
004B98FD6709B208A8E05AF8511C0B73543634F835E7D04A8116948DD315F46B.apk	2017-01-25	0	0	0	0	0	0	0
00517A103C449ACD95E4062FA24CDCA1DCD223617D32E823D359C557F66C0AC3.apk	2017-01-25	0	0	0	0	0	0	0
00561689E33AC809C23CDBD31AE748245DC2AC63CD9C34F83A0B364A53B17D94.apk	2017-01-12	0	0	0	0	0	0	0
0056F5BD437A8D230B01EDFB898D90BC4D4258F6D6847F305E0D554F5BC50ABD.apk	2017-02-12	0	0	0	1	0	0	0
00572C93C81C4700642BFCF10AD689A39EB8106A0715B323E3ED71C5D7434DC5.apk	2017-01-12	0	0	0	0	0	0	0
005A07A2149615FEDCD94DA2E97BA6174C26E006A01F1BFCB405433C513A36A8.apk	2017-01-13	0	0	0.25	0.75	0	0.1667	0
005B27228FD9C16E339076556309052DB4FF5CAF04C443F5E056CD284E6E16D0.apk	2017-01-13	0.6	0	0	0.4	0	0	0
005B72EDDC22C1E01E59649F0D8C58CDB2AD576EE55F2ABAF80060DDBDED6904.apk	2017-02-03	0.1538	0	0	0.8462	0	0	0
005F33E2A881D8BF47039C0F3E4F8191FA4CD922BE3838740075B17C584CB6D8.apk	2017-01-04	0	0	0	0	0	0	0
00634CB1075E23BB43263674481C2830F962B75F8079219889D5BBA42BB680C4.apk	2017-01-14	0.619	0	0.1667	0.2143	0.0238	0.5476	0
0063C230C7459E82C2766F6B9146A65FD3EEF24E47E03EA6C4C784482A15AB3D.apk	2017-01-25	0	0	0	0	0	0	0
0064D36186355C9BDF0D1C330613F321DCD9E103CB3DB8A77D7FE68275A0C74C.apk	2017-02-08	0	0	0	0	0	0	0
0065269F137E8C1A6514367893B7B387685657BBE8CF9FBA57D99859FC60D965.apk	2017-02-07	0.3333	0	0	0.6667	0	0	0
0065CCAEDCD73C4025951CC2AE6819B623E3E60FB48BEB55915A4358269A688B.apk	2017-01-12	0.3636	0	0	0.6364	0	0	0
006DB09F51F67C2261DE00AC5E033FBCF5610C0CB6BC6D27D80187A2E6C5BE04.apk	2017-01-12	0.5882	0	0.1176	0.2941	0	0.1176	0
00708959765C8B68901F207DB954B1618988C87E13E8447E582773869866DB7D.apk	2017-02-01	0.9895	0	0	0.0105	0	0.9895	0
0071C4BECDB927BF3B2A72F3F0BE3DF401470921132A5138E5D8506770B6115C.apk	2017-03-20	0	0	0	0	0	0	0
0072BDBB0C2F46F615C72A3C128D97E9254AC1B89A27A83478E4B13545CB39EC.apk	2017-01-14	0.75	0	0	0.25	0	0.25	0
0073A7BEAC7CF8AB451B79A97896062ACA99C8594C3742622F67151A7D6E8A8A.apk	2017-02-13	0	0	0.5	0.5	0	0.5	0
00750FED57712FC3AA2D0015CBF83271438EB900C0E92BCF26666B6E176C6121.apk	2017-01-26	0	0	0	0	0	0	0
007542AD676587266C1A61ABB0419CF65D2956218868B5F4E26E86F12F6F5E0C.apk	2017-01-17	0	0	0	0	0	0	0
007594DFA6AE1C96E2B654A45333BBB842565EA29ED737B2299C526E306E8F11.apk	2017-01-18	0	0	0	0	0	0	0
0079211F2265AAB39FEBB087E7C203F169942FD2166C5C4CA7E4502B0CA9C0B8.apk	2017-01-17	0	0	0	1	0	0	0
007E0796ACF5881F67C6EC06F218EC7B75604D1FC7E4983BEB5BB14CA80E88B2.apk	2017-01-13	0.7778	0	0.0741	0.1481	0	0.0741	0
007F30C25A1D4AA0FBE7B9A0D2AE42D828AEAAF8ADB86530AB21B8A3AAC09BAE.apk	2017-01-12	0	0	0	0	0	0	0
008081BBA5D962B7D055B2CB5D3C1FA92FC6DE798C2BA3DB202F81124F3AAC5C.apk	2017-01-18	0.1667	0	0.8333	0	0	1	0
0080B6F8E0EC6D4410B0C2F8C12CCA2BD0158DDB017BBFA8F547C506A5714504.apk	2017-02-18	1	0	0	0	0	0	0
00810DCAABF8C032508EB805854E99AA1E3F7D42CF3183F3FFEAA55151C077E8.apk	2017-01-19	0.1818	0	0.1212	0.697	0.697	0.1818	0.1212
00882F5DC9993630C3C510A9D607144E28EC6D10B06723EA17971BC6D4B80103.apk	2017-02-16	1	0	0	0	0	0	0
008ADFCDB355D5F20D6BD81D6AD7D336B5B33BA14B64164DC5580F744F4E8349.apk	2017-01-12	0.6379	0	0	0.3621	0	0.4138	0
008BBB96945E148F48F7C13C7686B9EF0513D45DB3F161F29540115F9B883139.apk	2017-01-12	0.625	0	0	0.375	0	0.25	0
008BDCE544DF1BE0A4CEFC8B7EE97B3E3AEE8B0B823670DC80EAE0AA3099CD04.apk	2017-01-14	0.9032	0	0	0.0968	0	0	0
008D19A7127210AD524B97F93877774F7E648BC478C7BF691879DD0B2707284D.apk	2017-02-03	0	0	0	0	0	0	0
008E02960F3A47767E2638C36F977E162EFC149F63CB1E89FFBA288F6D9EB45A.apk	2017-01-12	0	0	0	0	0	0	0
008E471AC7595D51C3CB8F99783C35623C43FA656A0EDB61DE4C95A193C8787F.apk	2017-02-05	0	0	1	0	0	1	0
0090044650AFC1004076319528191392E2FFD4EEDE0513EC2A94F595F9C2785F.apk	2017-01-14	0	0	0	0	0	0	0
0090D527AEBD310C1B8FE3C22D1AE8E27832E25C3A5613EE6631CCBB3AA66B21.apk	2017-01-28	0.5455	0	0	0.4545	0	0	0
009125C79D7D4F34554C9BAA7E35623599863F62E19BB61EA9167D5E142E41ED.apk	2017-01-14	0	0	1	0	0	0.0227	0
009136E4BC2D10ACAED31BEAC13C1DA0F98AC5C89FBCF1D0C10A203F28B8AF9F.apk	2017-01-13	0	0	0	0	0	0	0
00919F9C6C0FAF897B852929D17373B24C096AACB21482E360FFC252EEF4932C.apk	2017-02-16	0	0	0	0	0	0	0
009292F01C505DC9ED67ED3CB06C5CE9A328533EBA4826BE40602CE1531E6DB9.apk	2017-01-14	0.1628	0.5116	0	0.3256	0	0.6744	0
009416FC6CBB9B1FDE0DFFC2F8B9B644D26B87D2EEA97B04B9E29A045A31ECDB.apk	2017-01-12	0	0	0	0	0	0	0
00944FCF8E35D99608B9D15B19EDAB8B1164EE1FC5974028EA2E6E01A51FD15F.apk	2017-01-12	0	0	0.3	0.7	0	0	0
