00FC25FED433D4B86B24661B482F9BFA91AF9A411CDA7D918E66F7FC273B46C2.apk	2017-10-19	0.5714	0	0.5557	0	0	0	0	0	0	0	0	0	0	0	0	0	0	0	0	0	1	1	0	0	0	0	0	0	0	0	0	0	0	0	0	0	0	0	0	0	0	0	0	0	0	0	0	0	0	0	0	0	0	0	0	0	0	0	0	0	0	0	0	0	0	0	0	0	0	0	0	0	0	0	0	0	0	0	0	0	0	0	0	0	0	0
0087C2B16B9AEC629CB6A8ACD53ADA1D0E8FCE79B2A6B7F4BCCAD1A70D98912F.apk	2017-02-08	0.0719	0.024	0.1467	0.0165	0.1667	0.75	0.0561	0.6585	0	0	0	0	0	0	0	0	0	0	0	0	1	1	1	1	0	0	0	0	0.25	0.3348	0	0	0	0	0	0	0.5	0.3304	0.6667	0.4949	0	0	0	0	0	0	0	0	0.25	0.3348	0.3333	0.5051	0	0	0	0	0	0	0	0	0	0	0	0	0	0	0	0	0	0	0	0	0	0	0	0	0	0	0	0	0	0	0	0	0	0
0015183EAD290C2CE274A364AA77073F0051C13AB62C7D81B78A0EB74FDE4A5D.apk	2017-01-13	0.1115	0.038	0.1712	0.0226	0.2361	0.4082	0.0676	0.2286	0	0	0	0	0	0	0	0	0	0	0	0	0.9792	0.9979	0.9412	0.9947	0.0208	0.0021	0.0588	0.0053	0.7551	0.5717	0.85	0.943	0.0204	0.0125	0	0	0.0816	0.3675	0.05	0.0024	0	0	0	0	0.0816	0.0076	0	0	0.0612	0.0407	0.1	0.0546	0.0186	0.017	0.0033	0.02	0.875	0.8226	0.125	0.1774	0	0	0	0	0	0	0	0	0	0	0	0	0	0	0	0	0.0455	0.0141	0	0	0.7727	0.9552	0	0	0.1818	0.0307
00A7927279F5EDBF06DFB3455AF780803DFF77F28280F20FB94BB913AC98F4C4.apk	2017-01-13	0.25	0	0.32	0	0	0	0	0	0	0	0	0	0	0	0	0	0	0	0	0	1	1	0	0	0	0	0	0	0	0	0	0	0	0	0	0	0	0	0	0	0	0	0	0	0	0	0	0	0	0	0	0	0	0	0	0	0	0	0	0	0	0	0	0	0	0	0	0	0	0	0	0	0	0	0	0	0	0	0	0	0	0	0	0	0	0
012673178677233DD24328CD7E87F99D3B438B3C4D6F57C5378C9F5E372013BB.apk	2017-01-13	0.118	0.0656	0.1043	0.0467	0.2917	0.825	0.0893	0.3399	0	0	0	0	0	0	0	0	0	0	0	0	1	1	1	1	0	0	0	0	0.85	0.6759	0.8182	0.7799	0	0	0	0	0.1	0.269	0.1212	0.0656	0	0	0	0	0	0	0	0	0.05	0.0551	0.0606	0.1544	0.0197	0.0164	0.0025	0.0107	0.9167	0.9756	0	0	0.0833	0.0244	0	0	0	0	0	0	0.8	0.5943	0	0	0	0	0	0	0	0	0	0	0.2	0.4057	0	0	0	0
0002234D9C6B3586AC83E4AA5473AF34B8F57D468247EA05C0888B1712760314.apk	2017-01-12	0.1491	0.0062	0.0962	0.0109	0	0	0	0	0	0	0	0	0.0833	0.0857	0	0	0	0	0	0	0.9167	0.9143	0	0	0	0	0	0	0	0	0	0	0	0	0	0	1	1	0	0	0	0	0	0	0	0	0	0	0	0	0	0	0.0062	0	0	0	0	0	0	0	0	0	1	1	0	0	0	0	0	0	0	0	0	0	0	0	0	0	0	0	0	0	0	0	0	0
00051827D787105873B6F2579DB12BCCDB7CCA3646D021CEA3DF364EF7C2DD3F.apk	2017-02-12	0.1323	0.0369	0.3773	0.013	0.1827	0.4483	0.0049	0.0688	0	0	0	0	0.0385	0.0027	0.0526	0.0876	0	0	0	0	0.9615	0.9973	0.9474	0.9124	0	0	0	0	0.7586	0.49	0.9231	0.8806	0.0345	0.0298	0	0	0	0	0	0	0	0	0	0	0.1724	0.0889	0.0769	0.1194	0.0345	0.3914	0	0	0.0344	0.028	0.002	0.0167	1	1	0	0	0	0	0	0	0	0	0	0	0	0	0	0	0	0	0	0	0	0	0	0	1	1	0	0	0	0
000C3374DEAD417DD930DBEC4A3A4A0679410011B0EB348266543A3ACE6AA81E.apk	2017-01-10	0.1086	0.0188	0.1832	0.0102	0.25	0.3333	0.0816	0.3889	0	0	0	0	0	0	0	0	0	0	0	0	1	1	1	1	0	0	0	0	0.6667	0.523	0.3333	0.2512	0	0	0	0	0.3333	0.477	0.6667	0.7488	0	0	0	0	0	0	0	0	0	0	0	0	0.0042	0.0021	0.001	0.001	1	1	0	0	0	0	0	0	0	0	0	0	1	1	0	0	0	0	0	0	0	0	0	0	0	0	0	0	0	0
000F80E5B86A1A5B9F19C7A8CCEE7274B48C8FDA2040EB8C410859A004C135A4.apk	2017-01-13	0.0667	0	0.0768	0	0	0	0	0	0	0	0	0	0	0	0	0	0	0	0	0	1	1	0	0	0	0	0	0	0	0	0	0	0	0	0	0	0	0	0	0	0	0	0	0	0	0	0	0	0	0	0	0	0.0667	0	0.0008	0	0	0	0	0	0	0	1	1	0	0	0	0	0	0	0	0	0	0	0	0	0	0	0	0	0	0	0	0	0	0
0010421FB01DFF918506FAB65438027B520C42D9433D35E7753F487197AE5452.apk	2017-01-12	0.1175	0.0556	0.0431	0.0062	0.3091	0.6923	0.0435	0.236	0	0	0	0	0	0	0	0	0	0	0	0	1	1	1	1	0	0	0	0	0.9231	0.809	0.9444	0.9524	0	0	0	0	0.0385	0.1573	0.0556	0.0476	0	0	0	0	0	0	0	0	0.0385	0.0337	0	0	0.0278	0.0192	0.0067	0.0094	1	1	0	0	0	0	0	0	0	0	0	0	0	0	0	0	0	0	0	0	1	1	0	0	0	0	0	0	0	0
0012188FBE5A854078CCAAE38FB48E6BE2DE29512D4CFB4D122E42305AA3F21E.apk	2017-01-31	0.0606	0	0.0599	0	0	0	0	0	0	0	0	0	0	0	0	0	0	0	0	0	1	1	0	0	0	0	0	0	0	0	0	0	0	0	0	0	0	0	0	0	0	0	0	0	0	0	0	0	0	0	0	0	0.0202	0.0101	0.0068	0.0067	0	0	1	1	0	0	0	0	0	0	0	0	1	1	0	0	0	0	0	0	0	0	0	0	0	0	0	0	0	0
001302A061B221B946E46DCD035502178A78BB66FF6E0C17629D32E11C767A06.apk	2017-01-12	0.142	0.0062	0.0902	0.0109	0	0	0	0	0	0	0	0	0.087	0.0906	0	0	0	0	0	0	0.913	0.9094	0	0	0	0	0	0	0	0	0	0	0	0	0	0	1	1	0	0	0	0	0	0	0	0	0	0	0	0	0	0	0.0062	0	0	0	0	0	0	0	0	0	1	1	0	0	0	0	0	0	0	0	0	0	0	0	0	0	0	0	0	0	0	0	0	0
00142CB9BB62CD82E09281B879D15F7AB7AFA3A4C2DC5A604C0E816A37BE049F.apk	2017-01-12	0.1304	0.0399	0.154	0.0237	0.25	0.4545	0.1115	0.2483	0	0	0	0	0.0556	0.0377	0.2222	0.3285	0	0	0	0	0.9444	0.9623	0.7778	0.6715	0	0	0	0	0.8182	0.7552	0.6	0.0423	0	0	0	0	0	0	0	0	0	0	0	0	0	0	0	0	0.1818	0.2448	0.4	0.9577	0.0072	0.0181	0.003	0.0089	1	1	0	0	0	0	0	0	0	0	0	0	0	0	0	0	0	0	0	0	1	1	0	0	0	0	0	0	0	0
0017468DE7124852E2DF01E3EB1C364F70084E706B92CFE9A584A8605AE07579.apk	2017-01-12	0.1292	0.0056	0.075	0.0053	0	0	0	0	0	0	0	0	0.087	0.1069	0	0	0	0	0	0	0.913	0.8931	0	0	0	0	0	0	0	0	0	0	0	0	0	0	1	1	0	0	0	0	0	0	0	0	0	0	0	0	0	0	0.0056	0	0	0	0	0	0	0	0	0	1	1	0	0	0	0	0	0	0	0	0	0	0	0	0	0	0	0	0	0	0	0	0	0
00185E120BCB2953E0058EFA91816A9E150EC5BBBAE4F8E00CFE0C9037AFF923.apk	2017-01-14	0.113	0.0056	0.0536	0.0064	0	0	0	0	0	0	0	0	0.1	0.091	0	0	0	0	0	0	0.9	0.909	0	0	0	0	0	0	0	0	0	0	0	0	0	0	1	1	0	0	0	0	0	0	0	0	0	0	0	0	0	0	0.0056	0	0	0	0	0	0	0	0	0	1	1	0	0	0	0	0	0	0	0	0	0	0	0	0	0	0	0	0	0	0	0	0	0
0019DD87BD5A4FD28826ACB88F7F5341ECF60E8FF9E598DC914B125E3E7A7129.apk	2017-01-13	0.0805	0.0297	0.1022	0.0007	0.2857	0.7419	0.0013	0.1881	0	0	0	0	0	0	0	0	0	0	0	0	0.9881	0.9999	1	1	0.0119	0.0001	0	0	0.8065	0.5872	0.8261	0.7805	0	0	0	0	0.1613	0.367	0.1739	0.2195	0	0	0	0	0	0	0	0	0.0323	0.0459	0	0	0.0125	0.0086	0.0002	0.0003	1	1	0	0	0	0	0	0	0	0	0	0	0	0	0	0	0	0	0	0	1	1	0	0	0	0	0	0	0	0
001C2A165C83069702A3FD40D33639BC0BD843E68F814DE20FDECE260630E0DF.apk	2017-01-12	0.1069	0.0525	0.1276	0.0246	0.2373	0.7586	0.0122	0.1347	0	0	0	0	0	0	0	0	0	0	0	0	1	1	1	1	0	0	0	0	0.7931	0.46	0.8636	0.6496	0	0	0	0	0.1034	0.4064	0.1364	0.3504	0	0	0	0	0	0	0	0	0.1034	0.1336	0	0	0.0236	0.0163	0.0014	0.0019	1	1	0	0	0	0	0	0	0	0	0	0	1	1	0	0	0	0	0	0	0	0	0	0	0	0	0	0	0	0
001CABB55DE62D78100FD44A83F5672ACF48740EE60A91A1342689EB62423DD2.apk	2017-01-13	0.1111	0.0242	0.1257	0.0555	0.2174	0.4	0.0096	0.0087	0	0	0	0	0	0	0	0	0	0	0	0	1	1	1	1	0	0	0	0	0.6	0.2445	0.5	0.5	0	0	0	0	0.2	0.048	0.5	0.5	0	0	0	0	0	0	0	0	0.2	0.7074	0	0	0.0386	0.029	0.0233	0.0656	1	1	0	0	0	0	0	0	0	0	0	0	0	0	0	0	0	0	0	0	1	1	0	0	0	0	0	0	0	0
001CCB96E4E37880FB9F0423A72636B670DBCF219960AD81D5B0F40FC4A4593A.apk	2017-01-25	0.0968	0.0645	0.0684	0.0104	0.4167	0.8333	0.0324	0.2672	0	0	0	0	0	0	0	0	0	0	0	0	1	1	1	1	0	0	0	0	0.875	0.8855	0.9	0.8857	0	0	0	0	0.0417	0.0382	0.05	0.0571	0	0	0	0	0	0	0	0	0.0833	0.0763	0.05	0.0571	0.0349	0.0242	0.0057	0.0085	1	1	0	0	0	0	0	0	0	0	0	0	1	1	0	0	0	0	0	0	0	0	0	0	0	0	0	0	0	0
001E22434595D67A8AD97188094C5A1F9B3D96B7B6AA88745FE19C393EC4B75C.apk	2017-01-18	0.1176	0	0.2241	0	0	0	0	0	0	0	0	0	0	0	0	0	0	0	0	0	1	1	0	0	0	0	0	0	0	0	0	0	0	0	0	0	0	0	0	0	0	0	0	0	0	0	0	0	0	0	0	0	0.1176	0.0588	0.0793	0.0759	0	0	1	1	0	0	0	0	0	0	0	0	1	1	0	0	0	0	0	0	0	0	0	0	0	0	0	0	0	0
002008633D1B0EA9D1AF3D2F779C309CB894AA849A6F7B8B3E264F3054294373.apk	2017-01-12	0	0	0	0	0	0	0	0	0	0	0	0	0	0	0	0	0	0	0	0	0	0	0	0	0	0	0	0	0	0	0	0	0	0	0	0	0	0	0	0	0	0	0	0	0	0	0	0	0	0	0	0	0	0	0	0	0	0	0	0	0	0	0	0	0	0	0	0	0	0	0	0	0	0	0	0	0	0	0	0	0	0	0	0	0	0
0021A9BEDBE3B123EBE9D7774EBEA7F2FFC8580887EFF539575CF946FBC52986.apk	2017-01-24	0.0627	0.0183	0.0734	0.0109	0.1772	0.4348	0.0351	0.3766	0	0	0	0	0	0	0	0	0	0	0	0	0.9873	0.9974	1	1	0.0127	0.0026	0	0	0.8696	0.8853	0.8	0.8994	0	0	0	0	0.087	0.1017	0.1	0.069	0.0435	0.013	0.1	0.0316	0	0	0	0	0	0	0	0	0.0056	0.0087	0.0009	0.0018	1	1	0	0	0	0	0	0	0	0	0	0	0	0	0	0	0	0	0	0	0.7273	0.5032	0	0	0.2727	0.4968	0	0	0	0
0022E5DB01EF2944B01C9549EE8DDBDF8BCF4733E48C50ED15CE6B1D17321B23.apk	2017-01-12	0.1073	0.0442	0.0805	0.0196	0.3529	0.9286	0.1177	0.721	0	0	0	0	0	0	0	0	0	0	0	0	1	1	1	1	0	0	0	0	0.9286	0.9392	0.9231	0.9167	0	0	0	0	0.0714	0.0608	0.0769	0.0833	0	0	0	0	0	0	0	0	0	0	0	0	0.0063	0.0032	0.0012	0.0012	1	1	0	0	0	0	0	0	0	0	0	0	0	0	0	0	0	0	0	0	1	1	0	0	0	0	0	0	0	0
0024BABF82127A654B4406EB906FF3BCABD9486241E5A08DF7D76BD4FB578E60.apk	2017-01-12	0.1818	0	0.3702	0	0	0	0	0	0	0	0	0	0	0	0	0	0	0	0	0	1	1	0	0	0	0	0	0	0	0	0	0	0	0	0	0	0	0	0	0	0	0	0	0	0	0	0	0	0	0	0	0	0	0	0	0	0	0	0	0	0	0	0	0	0	0	0	0	0	0	0	0	0	0	0	0	0	0	0	0	0	0	0	0	0	0
00272CB64C20097D289C8303C4110FC34B6878F99932DA90F28E79F63561EBFF.apk	2017-01-13	0.097	0.0291	0.1027	0.0032	0.2577	0.6531	0.011	0.2474	0	0	0	0	0	0	0	0	0	0	0	0	0.9877	0.9999	1	1	0.0123	0.0001	0	0	0.9184	0.7761	0.9375	0.9665	0.0204	0.0449	0.0312	0.0307	0	0	0	0	0	0	0	0	0	0	0	0	0.0612	0.179	0.0312	0.0028	0.0178	0.0208	0.0009	0.0024	0.8333	0.9636	0.0667	0.0104	0.1	0.026	0	0	0	0	0	0	0.2857	0.1028	0	0	0	0	0	0	0	0	0	0	0.5714	0.8327	0	0	0.1429	0.0645
002854EC4092CC2E040B2A5DCD6ACBDEAD65DFE6CC8F31E593035C92423DA8E8.apk	2017-02-17	0.0824	0.0237	0.1596	0.0067	0.2542	0.5686	0.0067	0.0848	0	0	0	0	0	0	0	0	0	0	0	0	0.9944	0.9998	1	1	0.0056	0.0002	0	0	0.8431	0.3904	0.8276	0.5575	0.0196	0.0141	0	0	0.098	0.0838	0.1724	0.4425	0	0	0	0	0.0196	0.0024	0	0	0.0196	0.5093	0	0	0.014	0.0214	0.0007	0.017	0.9667	0.9954	0	0	0	0	0.0333	0.0046	0	0	0	0	0	0	0	0	0	0	0	0	0.3696	0.2646	0	0	0.5652	0.6941	0.0435	0.0312	0.0217	0.01
002878F35E64C5062D29AB873BE2C4EA32C02C4BA06DE07915FEB02C5B31A956.apk	2017-01-31	0.08	0.029	0.1708	0.0123	0.2174	0.52	0.0301	0.462	0	0	0	0	0.0145	0.0278	0.0667	0.2681	0	0	0	0	0.9783	0.9714	0.9333	0.7319	0.0072	0.0008	0	0	0.8	0.8909	0.8846	0.9481	0.02	0.0097	0	0	0.04	0.048	0.0385	0.0408	0.02	0.0103	0.0385	0.0087	0.1	0.0063	0.0385	0.0025	0.02	0.0348	0	0	0.0075	0.0185	0.0008	0.0027	1	1	0	0	0	0	0	0	0	0	0	0	0.5938	0.7565	0	0	0	0	0	0	0.0625	0.0052	0	0	0.2188	0.0674	0	0	0.125	0.171
0028CD33896643893637FF5F082CC86FA133E20A9001F83C5893B404BC703F2D.apk	2017-01-13	0.1	0.0587	0.0653	0.0043	0.3261	0.7407	0.0131	0.2632	0	0	0	0	0	0	0	0	0	0	0	0	1	1	1	1	0	0	0	0	0.8519	0.6842	0.85	0.85	0	0	0	0	0.1111	0.1184	0.15	0.15	0	0	0	0	0	0	0	0	0.037	0.1974	0	0	0.0196	0.0152	0.0043	0.006	1	1	0	0	0	0	0	0	0	0	0	0	1	1	0	0	0	0	0	0	0	0	0	0	0	0	0	0	0	0
002A8B5DEEE97FCB8DF2C0BD14DCF7215955C413CE430B2BADBC6D4DE1D58047.apk	2017-01-12	0.0999	0.0148	0.2235	0.0127	0.0676	0.3636	0.004	0.055	0	0	0	0	0.027	0.0027	0	0	0	0	0	0	0.973	0.9973	1	1	0	0	0	0	0.5455	0.0965	0.75	0.7317	0.0909	0.0228	0	0	0.2727	0.0563	0.25	0.2683	0	0	0	0	0	0	0	0	0.0909	0.8244	0	0	0.0229	0.0148	0.0022	0.0122	0.9412	0.9922	0	0	0	0	0.0588	0.0078	0	0	0	0	0	0	0	0	0	0	0	0	0.9091	0.9986	0	0	0	0	0	0	0.0909	0.0014
002CC4806F733AB4DFBAB3DB211541F72B391C1E56819ADE118BF15972198D7E.apk	2017-01-13	0.0761	0.0138	0.1053	0.007	0.0909	0.125	0.0246	0.0927	0	0	0	0	0	0	0	0	0	0	0	0	1	1	1	1	0	0	0	0	0.5	0.3736	0	0	0.125	0.0351	0	0	0.25	0.236	1	1	0	0	0	0	0	0	0	0	0.125	0.3553	0	0	0.0381	0.0242	0.004	0.1412	1	1	0	0	0	0	0	0	0	0	0	0	0.9286	0.9999	0	0	0	0	0	0	0	0	0	0	0	0	0.0714	0.0001	0	0
002D986F7E0A535B3594CB13C4D2F5D7B65CF726FB859F3E6488C5A235DD69B7.apk	2017-01-12	0.0903	0.0185	0.186	0.009	0.1818	0.2222	0.0609	0.3149	0	0	0	0	0	0	0	0	0	0	0	0	1	1	1	1	0	0	0	0	0.7778	0.7721	0.5	0.75	0	0	0	0	0.2222	0.2279	0.5	0.25	0	0	0	0	0	0	0	0	0	0	0	0	0.0041	0.0041	0.0007	0.0007	1	1	0	0	0	0	0	0	0	0	0	0	0	0	0	0	0	0	0	0	0	0	0	0	1	1	0	0	0	0
002F3852F614241064FAA79700811845CF9BFA4E0936D3D83689A4F81B0E781E.apk	2017-02-17	0.0886	0.0253	0.1282	0.0146	0.1905	0.5	0.0416	0.2198	0	0	0	0	0.0476	0.025	0	0	0	0	0	0	0.9524	0.975	1	1	0	0	0	0	0.4167	0.3452	0.3333	0.225	0	0	0	0	0.4167	0.5559	0.5	0.6625	0	0	0	0	0.0833	0.0733	0	0	0.0833	0.0256	0.1667	0.1125	0.0084	0.0042	0.0011	0.0011	0.5	0.9756	0	0	0.25	0.0122	0.25	0.0122	0	0	0	0	0	0	0	0	0	0	0	0	1	1	0	0	0	0	0	0	0	0
0030E146D2763D1C6311F17DD324E024802186BA573B48799628C46E57AD1396.apk	2017-01-18	0.06	0.0139	0.1216	0.0024	0.2316	0.6364	0.0082	0.3143	0	0	0	0	0.0211	0.0013	0	0	0	0	0	0	0.9684	0.9979	0.9545	0.9799	0.0105	0.0008	0.0455	0.0201	0.5455	0.3937	0.5	0.2593	0	0	0	0	0.3636	0.5407	0.4286	0.67	0	0	0	0	0.0455	0.0212	0	0	0.0455	0.0444	0.0714	0.0707	0.0032	0.0019	0.0001	0.0001	0.4	0.4222	0.4	0.5556	0	0	0.2	0.0222	0	0	0	0	0	0	0	0	0	0	0	0	1	1	0	0	0	0	0	0	0	0
0030F304BEAB1B47303049EF20CE37DA0092C2AEB45E944054B03B06194BCB5E.apk	2017-01-13	0.1064	0.0663	0.0436	0.0089	0.3019	0.6364	0.0346	0.2143	0	0	0	0	0	0	0	0	0	0	0	0	1	1	1	1	0	0	0	0	0.7879	0.6786	0.8571	0.875	0	0	0	0	0.1515	0.1875	0.1429	0.125	0.0303	0.0179	0	0	0	0	0	0	0.0303	0.1161	0	0	0.0161	0.01	0.001	0.0167	1	1	0	0	0	0	0	0	0	0	0	0	0	0	0	0	0	0	0	0	1	1	0	0	0	0	0	0	0	0
00324CB36449686FFE03BCBB721CD89DD8FEC7DDF5A05605C144CE825FDBB270.apk	2017-01-12	0.1165	0.0191	0.2171	0.0028	0.1045	0.7273	0.0077	0.2457	0	0	0	0	0	0	0	0	0.0597	0.005	0	0	0.9403	0.995	1	1	0	0	0	0	0.8182	0.0826	0.75	0.1947	0	0	0	0	0.1818	0.9174	0.25	0.8053	0	0	0	0	0	0	0	0	0	0	0	0	0.007	0.0035	0.0005	0.0005	0.5	0.0333	0.5	0.9667	0	0	0	0	0	0	0	0	0	0	0	0	0	0	0	0	0.5	0.9773	0	0	0.5	0.0227	0	0	0	0
0032A17A0FD7DA7E6733F1A3FAA5EAD05988E9CC740162B1E1BB8A09F4EF11AE.apk	2017-01-29	0.2353	0.1176	0.2656	0.1328	1	1	0.9688	0.9688	0	0	0	0	0	0	0	0	0	0	0	0	1	1	1	1	0	0	0	0	1	1	1	1	0	0	0	0	0	0	0	0	0	0	0	0	0	0	0	0	0	0	0	0	0.1176	0.1176	0.0685	0.1328	1	1	0	0	0	0	0	0	0	0	0	0	0	0	0	0	0	0	0	0	1	1	0	0	0	0	0	0	0	0
003426D898D783044AB88C5EA9534D24AF017FDC8AAA33BD135768F024533C8B.apk	2017-01-12	0.1343	0.0495	0.2971	0.0359	0.5263	1	0.0165	0.1285	0	0	0	0	0.0263	0.0004	0	0	0	0	0	0	0.9737	0.9996	1	1	0	0	0	0	1	1	1	1	0	0	0	0	0	0	0	0	0	0	0	0	0	0	0	0	0	0	0	0	0.0141	0.0318	0.0002	0.0003	1	1	0	0	0	0	0	0	0	0	0	0	0.4444	0.2667	0	0	0	0	0	0	0	0	0	0	0.3333	0.6	0.1111	0.0667	0.1111	0.0667
003550A0BF1B133398FB122FC32D1BB5860A7745164F651678745DF40F0E66E1.apk	2017-05-17	0.1402	0.0061	0.0903	0.0109	0	0	0	0	0	0	0	0	0.087	0.0909	0	0	0	0	0	0	0.913	0.9091	0	0	0	0	0	0	0	0	0	0	0	0	0	0	1	1	0	0	0	0	0	0	0	0	0	0	0	0	0	0	0.0061	0	0	0	0	0	0	0	0	0	1	1	0	0	0	0	0	0	0	0	0	0	0	0	0	0	0	0	0	0	0	0	0	0
003604927D72ABB0A9123161FB34367499F0D422EC7CADC58EE68C47E9A093F7.apk	2017-02-08	0.1116	0.0124	0.067	0.0104	0.3333	1	0.14	0.4466	0	0	0	0	0	0	0	0	0	0	0	0	0.963	0.9765	1	1	0.037	0.0235	0	0	0.6667	0.7004	0.6667	0.6667	0	0	0	0	0.3333	0.2996	0.3333	0.3333	0	0	0	0	0	0	0	0	0	0	0	0	0.0083	0.0041	0.0016	0.0016	1	1	0	0	0	0	0	0	0	0	0	0	1	1	0	0	0	0	0	0	0	0	0	0	0	0	0	0	0	0
00378CC9A1D56DBFD2CA09D4B60E6E03A1C38E790587B9467AF62EB0EF53ED4A.apk	2017-01-21	0.096	0.0632	0.0591	0.0103	0.3902	0.8148	0.0689	0.5	0	0	0	0	0	0	0	0	0	0	0	0	1	1	1	1	0	0	0	0	0.8519	0.8053	0.8636	0.7579	0	0	0	0	0.1111	0.1842	0.1364	0.2421	0	0	0	0	0	0	0	0	0.037	0.0105	0	0	0.0304	0.0234	0.0041	0.0056	1	1	0	0	0	0	0	0	0	0	0	0	1	1	0	0	0	0	0	0	0	0	0	0	0	0	0	0	0	0
003A56B67C2CF6C0D44084C26BCBD618E84FDDF805993BB4FE315E75723EEA1F.apk	2017-01-13	0.0968	0.0645	0.0768	0.0172	0.4167	0.8333	0.1002	0.5872	0	0	0	0	0	0	0	0	0	0	0	0	1	1	1	1	0	0	0	0	0.875	0.8691	0.9	0.8971	0	0	0	0	0.0417	0.0638	0.05	0.0514	0	0	0	0	0	0	0	0	0.0833	0.0671	0.05	0.0514	0.0349	0.0242	0.0063	0.0083	1	1	0	0	0	0	0	0	0	0	0	0	1	1	0	0	0	0	0	0	0	0	0	0	0	0	0	0	0	0
003C9862CBFA6563459BD49995EC8DF1BDBC9A718110D97F02D5BBFD50CB6895.apk	2017-01-12	0.0694	0.0153	0.1171	0.0018	0.1835	0.5417	0.0041	0.2055	0	0	0	0	0.0183	0.0016	0	0	0	0	0	0	0.9817	0.9984	1	1	0	0	0	0	0.625	0.4325	0.5385	0.4302	0	0	0	0	0.25	0.509	0.3846	0.4884	0.0417	0.006	0	0	0.0417	0.0346	0	0	0.0417	0.0179	0.0769	0.0814	0.0019	0.0006	0.0001	0.0001	0	0	0.6667	0.9677	0	0	0.3333	0.0323	0	0	0	0	0	0	0	0	0	0	0	0	1	1	0	0	0	0	0	0	0	0
003E19FEB5E4E91F678449B86C1A81C120A9E743003126F85E9360A424662C8D.apk	2017-01-12	0.0907	0.014	0.0805	0.009	0.1282	0.3333	0.0649	0.231	0	0	0	0	0	0	0	0	0	0	0	0	0.9744	0.9878	1	1	0.0256	0.0122	0	0	0.6667	0.5593	0.5	0.4973	0	0	0	0	0.3333	0.4407	0.5	0.5027	0	0	0	0	0	0	0	0	0	0	0	0	0.0047	0.0023	0.0011	0.0011	1	1	0	0	0	0	0	0	0	0	0	0	0	0	0	0	0	0	0	0	1	1	0	0	0	0	0	0	0	0
003E6BDD22E5887FD42EF617A82ABA9E81EFE3F2E4D363ACC171B2A50761E811.apk	2017-01-14	0.44	0	0.5145	0	0	0	0	0	0	0	0	0	0	0	0	0	0	0	0	0	1	1	0	0	0	0	0	0	0	0	0	0	0	0	0	0	0	0	0	0	0	0	0	0	0	0	0	0	0	0	0	0	0	0	0	0	0	0	0	0	0	0	0	0	0	0	0	0	0	0	0	0	0	0	0	0	0	0	0	0	0	0	0	0	0	0
003F8EDEC704056A41DCC56FFE44015D848EF08A02C30FAC2EDE0038BFC3BC14.apk	2017-02-16	0.1667	0	0.3007	0	0	0	0	0	0	0	0	0	0	0	0	0	0	0	0	0	1	1	0	0	0	0	0	0	0	0	0	0	0	0	0	0	0	0	0	0	0	0	0	0	0	0	0	0	0	0	0	0	0.0417	0.0208	0.016	0.0159	0	0	1	1	0	0	0	0	0	0	0	0	1	1	0	0	0	0	0	0	0	0	0	0	0	0	0	0	0	0
003FC8710C3607D5EF74495B833E9A36D337FD9EB051D68A3E6A18DFB415D289.apk	2017-01-12	0.078	0.0324	0.0493	0.0047	0.2727	0.6562	0.0254	0.2651	0	0	0	0	0	0	0	0	0	0	0	0	0.987	0.9965	1	1	0.013	0.0035	0	0	0.8125	0.7711	0.8095	0.7727	0	0	0	0	0.1562	0.1807	0.1905	0.2273	0	0	0	0	0	0	0	0	0.0312	0.0482	0	0	0.0091	0.0071	0.0042	0.0062	1	1	0	0	0	0	0	0	0	0	0	0	0	0	0	0	0	0	0	0	1	1	0	0	0	0	0	0	0	0
0043CBBA2DC33B286C704E48963555BD07CDFB1935554B8056330AD22F28C13C.apk	2017-01-12	0.0954	0.0495	0.0732	0.0078	0.3148	0.7857	0.0284	0.3316	0	0	0	0	0	0	0	0	0	0	0	0	1	1	1	1	0	0	0	0	0.8214	0.7053	0.8636	0.7937	0	0	0	0	0.1429	0.2632	0.1364	0.2063	0	0	0	0	0	0	0	0	0.0357	0.0316	0	0	0.023	0.0159	0.0037	0.005	1	1	0	0	0	0	0	0	0	0	0	0	0	0	0	0	0	0	0	0	1	1	0	0	0	0	0	0	0	0
004440A441DD6539E16DC9B38C47D25AFC38651F6A1BE1997ADC32980B8388DD.apk	2017-01-14	0.1508	0.0741	0.2281	0.0454	0.2105	0.7857	0.0548	0.5762	0	0	0	0	0	0	0	0	0.0351	0.0111	0	0	0.9474	0.9834	1	1	0.0175	0.0055	0	0	0.8571	0.7226	0.8182	0.8565	0	0	0	0	0.0714	0.1665	0.0909	0.0952	0	0	0	0	0	0	0	0	0.0714	0.1109	0.0909	0.0483	0.0053	0.0026	0.0013	0.0013	1	1	0	0	0	0	0	0	0	0	0	0	1	1	0	0	0	0	0	0	0	0	0	0	0	0	0	0	0	0
0046772718D4B6EE6B71CA2C8F4B7B2F231D6CDCCD4A3A216AA2534C6437B95E.apk	2017-02-02	0.0781	0.0156	0.2179	0.0106	0.4	1	0.0943	0.9667	0	0	0	0	0	0	0	0	0	0	0	0	1	1	1	1	0	0	0	0	0	0	0	0	0	0	0	0	1	1	1	1	0	0	0	0	0	0	0	0	0	0	0	0	0.1562	0.1875	0.0549	0.1895	1	1	0	0	0	0	0	0	0	0	0	0	0	0	0	0	0	0	0	0	0	0	0	0	1	1	0	0	0	0
0047CBF8BFE88FC56CBF09BA8839A52E08BA01B6FD8A323DAA27752360FA8194.apk	2017-01-14	0.1187	0.0801	0.2294	0.0539	0.25	0.7778	0.0611	0.5461	0	0	0	0	0	0	0	0	0	0	0	0	0.975	0.9938	1	1	0.025	0.0062	0	0	0.9259	0.9211	0.9524	0.9523	0	0	0	0	0.0741	0.0789	0.0476	0.0477	0	0	0	0	0	0	0	0	0	0	0	0	0.0059	0.003	0.0014	0.0014	1	1	0	0	0	0	0	0	0	0	0	0	0	0	0	0	0	0	0	0	1	1	0	0	0	0	0	0	0	0
004B4BEF1E23C594C820ABC5D6551994D34348553E99DA8D71DA702702E64BA6.apk	2017-01-14	0.0918	0.0165	0.3059	0.0073	0.1509	0.6316	0.0026	0.0695	0	0	0	0	0	0	0	0	0	0	0	0	0.9906	0.9998	1	1	0.0094	0.0002	0	0	0.7368	0.2185	0.75	0.7143	0.0526	0.0132	0	0	0.1579	0.202	0.25	0.2857	0	0	0	0	0	0	0	0	0.0526	0.5662	0	0	0.0251	0.0156	0.0014	0.0085	1	1	0	0	0	0	0	0	0	0	0	0	0	0	0	0	0	0	0	0	0.6667	0.5682	0	0	0.3333	0.4318	0	0	0	0
004B98FD6709B208A8E05AF8511C0B73543634F835E7D04A8116948DD315F46B.apk	2017-01-25	0.0479	0.0068	0.0802	0.0266	0.0286	0.2	0.2607	0.7869	0	0	0	0	0	0	0	0	0	0	0	0	0.9429	0.9943	1	1	0.0571	0.0057	0	0	0.8	0.8376	1	1	0	0	0	0	0.2	0.1624	0	0	0	0	0	0	0	0	0	0	0	0	0	0	0	0	0	0	0	0	0	0	0	0	0	0	0	0	0	0	0	0	0	0	0	0	0	0	0	0	0	0	0	0	0	0	0	0
00517A103C449ACD95E4062FA24CDCA1DCD223617D32E823D359C557F66C0AC3.apk	2017-01-25	0.1176	0	0.226	0	0	0	0	0	0	0	0	0	0	0	0	0	0	0	0	0	1	1	0	0	0	0	0	0	0	0	0	0	0	0	0	0	0	0	0	0	0	0	0	0	0	0	0	0	0	0	0	0	0.1176	0.0588	0.0786	0.0762	0	0	1	1	0	0	0	0	0	0	0	0	1	1	0	0	0	0	0	0	0	0	0	0	0	0	0	0	0	0
00561689E33AC809C23CDBD31AE748245DC2AC63CD9C34F83A0B364A53B17D94.apk	2017-01-12	0.1667	0	0.3004	0	0	0	0	0	0	0	0	0	0	0	0	0	0	0	0	0	1	1	0	0	0	0	0	0	0	0	0	0	0	0	0	0	0	0	0	0	0	0	0	0	0	0	0	0	0	0	0	0	0.0417	0.0208	0.0161	0.0159	0	0	1	1	0	0	0	0	0	0	0	0	1	1	0	0	0	0	0	0	0	0	0	0	0	0	0	0	0	0
0056F5BD437A8D230B01EDFB898D90BC4D4258F6D6847F305E0D554F5BC50ABD.apk	2017-02-12	0.1058	0.0288	0.4215	0.0126	0.1212	0.5556	0.0044	0.1507	0	0	0	0	0	0	0	0	0	0	0	0	1	1	1	1	0	0	0	0	0.7778	0.2922	1	1	0.1111	0.0411	0	0	0	0	0	0	0	0	0	0	0	0	0	0	0.1111	0.6667	0	0	0.0481	0.0321	0.0047	0.0131	1	1	0	0	0	0	0	0	0	0	0	0	0	0	0	0	0	0	0	0	0	0	0	0	1	1	0	0	0	0
00572C93C81C4700642BFCF10AD689A39EB8106A0715B323E3ED71C5D7434DC5.apk	2017-01-12	0.1333	0.0061	0.0872	0.0108	0	0	0	0	0	0	0	0	0.0909	0.0937	0	0	0	0	0	0	0.9091	0.9063	0	0	0	0	0	0	0	0	0	0	0	0	0	0	1	1	0	0	0	0	0	0	0	0	0	0	0	0	0	0	0.0061	0	0	0	0	0	0	0	0	0	1	1	0	0	0	0	0	0	0	0	0	0	0	0	0	0	0	0	0	0	0	0	0	0
005A07A2149615FEDCD94DA2E97BA6174C26E006A01F1BFCB405433C513A36A8.apk	2017-01-13	0.0976	0.03	0.2478	0.0208	0.1569	0.4894	0.0168	0.1074	0	0	0	0	0	0	0	0	0.0196	0.0083	0	0	0.9804	0.9917	1	1	0	0	0	0	0.9149	0.504	0.913	0.8571	0.0213	0.0115	0	0	0	0	0	0	0.0213	0.0243	0.0435	0.1389	0	0	0	0	0.0426	0.4602	0.0435	0.004	0.0191	0.0249	0.0019	0.0124	0.9	0.9817	0.0667	0.0137	0.0333	0.0046	0	0	0	0	0	0	0	0	0	0	0	0	0	0	0.3333	0.8712	0	0	0.4872	0.0918	0	0	0.1795	0.037
005B27228FD9C16E339076556309052DB4FF5CAF04C443F5E056CD284E6E16D0.apk	2017-01-13	0.0998	0.0626	0.0521	0.0066	0.3721	0.8148	0.0433	0.4667	0	0	0	0	0	0	0	0	0	0	0	0	1	1	1	1	0	0	0	0	0.8519	0.8222	0.8636	0.8095	0	0	0	0	0.1111	0.1556	0.1364	0.1905	0	0	0	0	0	0	0	0	0.037	0.0222	0	0	0.0302	0.0232	0.0054	0.0079	1	1	0	0	0	0	0	0	0	0	0	0	1	1	0	0	0	0	0	0	0	0	0	0	0	0	0	0	0	0
005B72EDDC22C1E01E59649F0D8C58CDB2AD576EE55F2ABAF80060DDBDED6904.apk	2017-02-03	0.0979	0.0563	0.1094	0.0071	0.3404	0.7778	0.061	0.0884	0	0	0	0	0	0	0	0	0	0	0	0	1	1	1	1	0	0	0	0	0.8519	0.9095	0.8571	0.7857	0	0	0	0	0.1111	0.0674	0.1429	0.2143	0	0	0	0	0	0	0	0	0.037	0.0232	0	0	0.0271	0.0187	0.0013	0.0018	1	1	0	0	0	0	0	0	0	0	0	0	0	0	0	0	0	0	0	0	0	0	0	0	1	1	0	0	0	0
005F33E2A881D8BF47039C0F3E4F8191FA4CD922BE3838740075B17C584CB6D8.apk	2017-01-04	0.1185	0.0152	0.1325	0.0038	0.2051	0.8	0.0032	0.0572	0	0	0	0	0.0513	0.0037	0	0	0	0	0	0	0.9487	0.9963	1	1	0	0	0	0	0.6	0.5271	0.75	0.9737	0	0	0	0	0.4	0.4729	0.25	0.0263	0	0	0	0	0	0	0	0	0	0	0	0	0.0061	0	0	0	0	0	0	0	0	0	1	1	0	0	0	0	0	0	0	0	0	0	0	0	0	0	0	0	0	0	0	0	0	0
00634CB1075E23BB43263674481C2830F962B75F8079219889D5BBA42BB680C4.apk	2017-01-14	0.0556	0.0169	0.2358	0.031	0.1984	0.4933	0.0216	0.4972	0	0	0	0	0.0081	0.0001	0	0	0	0	0	0	0.9879	0.9999	1	1	0.004	0	0	0	0.8133	0.955	0.8378	0.9968	0.0133	0.0023	0	0	0.0933	0.0112	0.0811	0.0015	0	0	0	0	0.0267	0.0006	0.027	0.0003	0.0533	0.0308	0.0541	0.0014	0.0097	0.0158	0.0006	0.0039	0.814	0.9526	0.1163	0.0365	0.0233	0.0036	0.0233	0.0036	0.0233	0.0036	0	0	0.2857	0.3451	0	0	0	0	0	0	0	0	0.0571	0.0022	0.6	0.6203	0.0429	0.0314	0.0143	0.0011
0063C230C7459E82C2766F6B9146A65FD3EEF24E47E03EA6C4C784482A15AB3D.apk	2017-01-25	0.1615	0.0062	0.1017	0.0109	0	0	0	0	0	0	0	0	0.0769	0.081	0	0	0	0	0	0	0.9231	0.919	0	0	0	0	0	0	0	0	0	0	0	0	0	0	1	1	0	0	0	0	0	0	0	0	0	0	0	0	0	0	0.0062	0	0	0	0	0	0	0	0	0	1	1	0	0	0	0	0	0	0	0	0	0	0	0	0	0	0	0	0	0	0	0	0	0
0064D36186355C9BDF0D1C330613F321DCD9E103CB3DB8A77D7FE68275A0C74C.apk	2017-02-08	0.1155	0.0072	0.1878	0.0234	0.125	0.5	0.0415	0.0832	0	0	0	0	0	0	0	0	0	0	0	0	0.9688	0.9895	1	1	0.0312	0.0105	0	0	0.5	0.9159	0	0	0	0	0	0	0.5	0.0841	1	1	0	0	0	0	0	0	0	0	0	0	0	0	0.0217	0.0072	0.006	0.0039	0.3333	0.3333	0.5	0.663	0	0	0.1667	0.0036	0	0	0	0	1	1	0	0	0	0	0	0	0	0	0	0	0	0	0	0	0	0
0065269F137E8C1A6514367893B7B387685657BBE8CF9FBA57D99859FC60D965.apk	2017-02-07	0.1089	0.0535	0.1228	0.0129	0.2881	0.6897	0.0164	0.1948	0	0	0	0	0	0	0	0	0	0	0	0	1	1	1	1	0	0	0	0	0.8621	0.7403	0.85	0.6667	0	0	0	0	0.1034	0.2143	0.15	0.3333	0	0	0	0	0	0	0	0	0.0345	0.0455	0	0	0.0129	0.0055	0.0009	0.0005	1	1	0	0	0	0	0	0	0	0	0	0	0	0	0	0	0	0	0	0	1	1	0	0	0	0	0	0	0	0
0065CCAEDCD73C4025951CC2AE6819B623E3E60FB48BEB55915A4358269A688B.apk	2017-01-12	0.0983	0.0577	0.0566	0.0092	0.2826	0.7778	0.0449	0.4372	0	0	0	0	0	0	0	0	0	0	0	0	1	1	1	1	0	0	0	0	0.8519	0.7588	0.8571	0.7701	0	0	0	0	0.1111	0.201	0.1429	0.2299	0	0	0	0	0	0	0	0	0.037	0.0402	0	0	0.0278	0.0214	0.0035	0.0053	1	1	0	0	0	0	0	0	0	0	0	0	0	0	0	0	0	0	0	0	1	1	0	0	0	0	0	0	0	0
006DB09F51F67C2261DE00AC5E033FBCF5610C0CB6BC6D27D80187A2E6C5BE04.apk	2017-01-12	0.1002	0.0501	0.0754	0.0136	0.303	0.7273	0.0639	0.3711	0	0	0	0	0	0	0	0	0	0	0	0	1	1	1	1	0	0	0	0	0.8485	0.75	0.875	0.928	0	0	0	0	0.0909	0.2374	0.0833	0.0678	0	0	0	0	0	0	0	0	0.0606	0.0126	0.0417	0.0042	0.0212	0.0137	0.0029	0.0038	0.9286	0.9927	0	0	0.0714	0.0073	0	0	0	0	0	0	1	1	0	0	0	0	0	0	0	0	0	0	0	0	0	0	0	0
00708959765C8B68901F207DB954B1618988C87E13E8447E582773869866DB7D.apk	2017-02-01	0.0777	0.0321	0.1916	0.0187	0.3448	0.75	0.0207	0.1152	0	0	0	0	0	0	0	0	0	0	0	0	0.9885	0.9999	1	1	0.0115	0.0001	0	0	0.8333	0.6719	0.8148	0.7995	0	0	0	0	0.1111	0.2094	0.1111	0.1104	0	0	0	0	0	0	0	0	0.0556	0.1186	0.0741	0.0901	0.0205	0.0089	0.0011	0.0011	0.8261	0.9292	0.087	0.0354	0	0	0	0	0.087	0.0354	0	0	0.9	0.9956	0	0	0	0	0	0	0	0	0	0	0.1	0.0044	0	0	0	0
0072BDBB0C2F46F615C72A3C128D97E9254AC1B89A27A83478E4B13545CB39EC.apk	2017-01-14	0.0818	0.0192	0.1562	0.0059	0.1939	0.7826	0.0069	0.3049	0	0	0	0	0	0	0	0	0	0	0	0	0.9898	0.9997	1	1	0.0102	0.0003	0	0	0.8696	0.7668	0.8889	0.9706	0	0	0	0	0.087	0.1704	0.0556	0.0147	0	0	0	0	0	0	0	0	0.0435	0.0628	0.0556	0.0147	0.0142	0.0184	0.0009	0.0094	0.8824	0.9118	0.1176	0.0882	0	0	0	0	0	0	0	0	0.2727	0.1102	0	0	0	0	0	0	0	0	0	0	0.7273	0.8898	0	0	0	0
0073A7BEAC7CF8AB451B79A97896062ACA99C8594C3742622F67151A7D6E8A8A.apk	2017-02-13	0.0872	0.0185	0.306	0.0112	0.2271	0.6364	0.0157	0.2361	0	0	0	0	0.0097	0.0001	0	0	0	0	0	0	0.9855	0.9998	1	1	0.0048	0.0001	0	0	0.7273	0.4492	0.7143	0.9256	0.0227	0.0127	0	0	0.1364	0.0375	0.1786	0.0564	0	0	0	0	0.0227	0.0012	0	0	0.0909	0.4994	0.1071	0.0179	0.0105	0.0118	0.0011	0.0095	0.84	0.9686	0.08	0.0189	0.04	0.0063	0.04	0.0063	0	0	0	0	0	0	0	0	0	0	0	0	0.5357	0.6659	0	0	0.3929	0.3011	0.0714	0.033	0	0
00750FED57712FC3AA2D0015CBF83271438EB900C0E92BCF26666B6E176C6121.apk	2017-01-26	0.1174	0.0071	0.1876	0.0232	0.1212	0.5	0.0411	0.0832	0	0	0	0	0	0	0	0	0	0	0	0	0.9697	0.9896	1	1	0.0303	0.0104	0	0	0.5	0.916	0	0	0	0	0	0	0.5	0.084	1	1	0	0	0	0	0	0	0	0	0	0	0	0	0.0214	0.0107	0.0059	0.0039	0.3333	0.3333	0.5	0.6635	0	0	0.1667	0.0032	0	0	0	0	0.6667	0.9952	0	0	0	0	0	0	0	0	0	0	0	0	0.3333	0.0048	0	0
007594DFA6AE1C96E2B654A45333BBB842565EA29ED737B2299C526E306E8F11.apk	2017-01-18	0.1041	0.0149	0.1859	0.0054	0.1071	0.75	0.0217	0.7412	0	0	0	0	0	0	0	0	0	0	0	0	1	1	1	1	0	0	0	0	0.75	0.75	0.6667	0.6667	0	0	0	0	0.25	0.25	0.3333	0.3333	0	0	0	0	0	0	0	0	0	0	0	0	0.0186	0	0.0041	0	0.8	0.9961	0	0	0	0	0.2	0.0039	0	0	0	0	0	0	0	0	0	0	0	0	0	0	0	0	0	0	0	0	0	0
0079211F2265AAB39FEBB087E7C203F169942FD2166C5C4CA7E4502B0CA9C0B8.apk	2017-01-17	0.1015	0.0238	0.2871	0.0304	0.0851	0.3636	0.0133	0.1627	0	0	0	0	0	0	0	0	0	0	0	0	0.9894	0.9997	1	1	0.0106	0.0003	0	0	0.9091	0.7593	1	1	0.0455	0.0025	0	0	0	0	0	0	0	0	0	0	0	0	0	0	0.0455	0.2382	0	0	0.0227	0.013	0.0007	0.0078	1	1	0	0	0	0	0	0	0	0	0	0	0	0	0	0	0	0	0	0	0.9167	0.9855	0	0	0.0833	0.0145	0	0	0	0
007E0796ACF5881F67C6EC06F218EC7B75604D1FC7E4983BEB5BB14CA80E88B2.apk	2017-01-13	0.0962	0.0509	0.0696	0.0138	0.2647	0.6944	0.0496	0.359	0	0	0	0	0	0	0	0	0	0	0	0	1	1	1	1	0	0	0	0	0.8611	0.8659	0.88	0.8462	0	0	0	0	0.0833	0.1203	0.08	0.1484	0	0	0	0	0	0	0	0	0.0556	0.0138	0.04	0.0055	0.0198	0.0127	0.0029	0.0038	0.9286	0.9907	0	0	0.0714	0.0093	0	0	0	0	0	0	0	0	0	0	0	0	0	0	1	1	0	0	0	0	0	0	0	0
007F30C25A1D4AA0FBE7B9A0D2AE42D828AEAAF8ADB86530AB21B8A3AAC09BAE.apk	2017-01-12	0.0882	0	0.0909	0	0	0	0	0	0	0	0	0	0	0	0	0	0	0	0	0	1	1	0	0	0	0	0	0	0	0	0	0	0	0	0	0	0	0	0	0	0	0	0	0	0	0	0	0	0	0	0	0	0.0588	0.0588	0.0306	0.0306	0	0	1	1	0	0	0	0	0	0	0.5	0.0105	0	0	0	0	0	0	0	0	0.5	0.9895	0	0	0	0	0	0	0	0
008081BBA5D962B7D055B2CB5D3C1FA92FC6DE798C2BA3DB202F81124F3AAC5C.apk	2017-01-18	0.0844	0.0187	0.072	0.0011	0.2102	0.6667	0.0244	0.5786	0	0	0	0	0	0	0	0	0.0057	0.0002	0	0	0.9716	0.9991	1	1	0.0227	0.0007	0	0	0.9231	0.9643	0.9615	0.9888	0.0256	0.0032	0	0	0	0	0	0	0.0256	0.0292	0.0385	0.0112	0	0	0	0	0.0256	0.0032	0	0	0.0106	0.0077	0.0001	0.0001	1	1	0	0	0	0	0	0	0	0	0	0	0	0	0	0	0	0	0	0	0.6875	0.6579	0	0	0.3125	0.3421	0	0	0	0
0080B6F8E0EC6D4410B0C2F8C12CCA2BD0158DDB017BBFA8F547C506A5714504.apk	2017-02-18	0.1087	0.0193	0.0681	0.013	0.2	0.75	0.07	0.2649	0	0	0	0	0	0	0	0	0	0	0	0	0.9778	0.9884	1	1	0.0222	0.0116	0	0	0.875	0.3126	0.8333	0.7748	0	0	0	0	0.125	0.6874	0.1667	0.2252	0	0	0	0	0	0	0	0	0	0	0	0	0.0314	0.0242	0.0018	0.002	1	1	0	0	0	0	0	0	0	0	0	0	0	0	0	0	0	0	0	0	0	0	0	0	1	1	0	0	0	0
00810DCAABF8C032508EB805854E99AA1E3F7D42CF3183F3FFEAA55151C077E8.apk	2017-01-19	0.085	0.0246	0.1596	0.0092	0.3223	0.8	0.0381	0.2251	0	0	0	0	0	0	0	0	0.0083	0.0018	0	0	0.9587	0.9929	1	1	0.0331	0.0054	0	0	0.8571	0.779	0.9286	0.9774	0.0286	0.0041	0.0357	0.0136	0.0571	0.0061	0.0357	0.009	0.0286	0.0723	0	0	0	0	0	0	0.0286	0.1385	0	0	0.0098	0.0063	0.0003	0.0057	0.9286	0.8333	0	0	0.0714	0.1667	0	0	0	0	0	0	0	0	0	0	0	0	0	0	0.7778	0.2579	0	0	0.2222	0.7421	0	0	0	0
00882F5DC9993630C3C510A9D607144E28EC6D10B06723EA17971BC6D4B80103.apk	2017-02-16	0.0532	0.0144	0.1011	0.027	0.1857	0.6053	0.0682	0.1094	0	0	0	0	0.0143	0.0027	0	0	0	0	0	0	0.9714	0.9971	1	1	0.0143	0.0002	0	0	0.8421	0.9528	0.8261	0.9189	0	0	0	0	0.1316	0.0446	0.1304	0.0582	0	0	0	0	0	0	0	0	0.0263	0.0026	0.0435	0.0228	0.0027	0.0015	0.0003	0.0011	0.5714	0.6957	0.2857	0.2935	0	0	0.1429	0.0109	0	0	0	0	0.5	0.0811	0	0	0	0	0	0	0	0	0	0	0.5	0.9189	0	0	0	0
008ADFCDB355D5F20D6BD81D6AD7D336B5B33BA14B64164DC5580F744F4E8349.apk	2017-01-12	0.0684	0.0199	0.1071	0.0112	0.2292	0.6071	0.0603	0.4597	0	0	0	0	0	0	0	0	0	0	0	0	0.9896	0.9983	1	1	0.0104	0.0017	0	0	0.8929	0.8464	0.8824	0.8831	0	0	0	0	0.0714	0.1396	0.0588	0.0889	0.0357	0.014	0.0588	0.028	0	0	0	0	0	0	0	0	0.0078	0.0142	0.0004	0.0007	1	1	0	0	0	0	0	0	0	0	0	0	0.1	0.5157	0	0	0	0	0	0	0.25	0.0314	0	0	0.65	0.4528	0	0	0	0
008BBB96945E148F48F7C13C7686B9EF0513D45DB3F161F29540115F9B883139.apk	2017-01-12	0.1018	0.0297	0.2461	0.0128	0.1742	0.3654	0.0048	0.0511	0	0	0	0	0	0	0	0	0	0	0	0	0.9888	0.9998	0.9677	0.9965	0.0112	0.0002	0.0323	0.0035	0.8462	0.6997	0.8947	0.9873	0.0192	0.0071	0	0	0.0192	0.0006	0.0526	0.0063	0.0192	0.0006	0.0526	0.0063	0.0769	0.0434	0	0	0.0192	0.2485	0	0	0.0183	0.0275	0.0007	0.0057	0.9375	0.9831	0.0625	0.0169	0	0	0	0	0	0	0	0	0	0	0	0	0	0	0	0	0.2917	0.6372	0	0	0.5417	0.2592	0	0	0.1667	0.1035
008BDCE544DF1BE0A4CEFC8B7EE97B3E3AEE8B0B823670DC80EAE0AA3099CD04.apk	2017-01-14	0.1001	0.0416	0.0927	0.0155	0.3766	0.8438	0.0701	0.4732	0	0	0	0	0	0	0	0	0	0	0	0	0.987	0.9977	1	1	0.013	0.0023	0	0	0.8125	0.6555	0.8148	0.8253	0	0	0	0	0.125	0.3407	0.1481	0.1733	0	0	0	0	0	0	0	0	0.0625	0.0038	0.037	0.0013	0.0117	0.0091	0.0012	0.001	1	1	0	0	0	0	0	0	0	0	0	0	0	0	0	0	0	0	0	0	0	0	0	0	1	1	0	0	0	0
008D19A7127210AD524B97F93877774F7E648BC478C7BF691879DD0B2707284D.apk	2017-02-03	0.1667	0.0064	0.1164	0.0034	0	0	0	0	0	0	0	0	0.0769	0.0881	0	0	0	0	0	0	0.9231	0.9119	0	0	0	0	0	0	1	1	0	0	0	0	0	0	0	0	0	0	0	0	0	0	0	0	0	0	0	0	0	0	0.0064	0	0	0	0	0	0	0	0	0	1	1	0	0	0	0	0	0	0	0	0	0	0	0	0	0	0	0	0	0	0	0	0	0
008E02960F3A47767E2638C36F977E162EFC149F63CB1E89FFBA288F6D9EB45A.apk	2017-01-12	0.2667	0	0.3072	0	0	0	0	0	0	0	0	0	0	0	0	0	0	0	0	0	1	1	0	0	0	0	0	0	0	0	0	0	0	0	0	0	0	0	0	0	0	0	0	0	0	0	0	0	0	0	0	0	0.2	0.0667	0.0783	0.0768	0	0	0.6667	0.9905	0	0	0.3333	0.0095	0	0	0	0	1	1	0	0	0	0	0	0	0	0	0	0	0	0	0	0	0	0
008E471AC7595D51C3CB8F99783C35623C43FA656A0EDB61DE4C95A193C8787F.apk	2017-02-05	0.0972	0.0246	0.0056	0.0004	0.0964	0.4286	0.0111	0.1732	0	0	0	0	0	0	0	0	0.0602	0.185	0	0	0.9398	0.815	1	1	0	0	0	0	0.5714	0.676	0.6667	0.871	0.0476	0.0279	0.1111	0.0323	0.1429	0.1173	0.2222	0.0968	0	0	0	0	0	0	0	0	0.2381	0.1788	0	0	0.0187	0.0059	0.0001	0	0.6875	0.8	0.1875	0.125	0	0	0	0	0.125	0.075	0	0	0	0	0	0	0	0	0	0	1	1	0	0	0	0	0	0	0	0
0090044650AFC1004076319528191392E2FFD4EEDE0513EC2A94F595F9C2785F.apk	2017-01-14	0.0707	0.0101	0.0566	0.0057	0	0	0	0	0	0	0	0	0	0	0	0	0	0	0	0	1	1	0	0	0	0	0	0	0	0	0	0	0	0	0	0	1	1	0	0	0	0	0	0	0	0	0	0	0	0	0	0	0.0202	0.0101	0.0057	0.0057	0	0	1	1	0	0	0	0	0	0	0	0	1	1	0	0	0	0	0	0	0	0	0	0	0	0	0	0	0	0
0090D527AEBD310C1B8FE3C22D1AE8E27832E25C3A5613EE6631CCBB3AA66B21.apk	2017-01-28	0.1053	0.0451	0.0951	0.0067	0.3143	0.8	0.0181	0.2698	0	0	0	0	0	0	0	0	0	0	0	0	1	1	1	1	0	0	0	0	0.8	0.6402	0.875	0.902	0	0	0	0	0.1333	0.3175	0.125	0.098	0	0	0	0	0	0	0	0	0.0667	0.0423	0	0	0.0195	0.012	0.0008	0.0009	1	1	0	0	0	0	0	0	0	0	0	0	0	0	0	0	0	0	0	0	1	1	0	0	0	0	0	0	0	0
009125C79D7D4F34554C9BAA7E35623599863F62E19BB61EA9167D5E142E41ED.apk	2017-01-14	0.1	0.0125	0.1323	0.0124	0.0893	0.5714	0.0174	0.1167	0	0	0	0	0	0	0	0	0	0	0	0	1	1	1	1	0	0	0	0	0.7143	0.3378	0.75	0.8053	0	0	0	0	0.2857	0.6622	0.25	0.1947	0	0	0	0	0	0	0	0	0	0	0	0	0.0125	0.0018	0.0034	0.0011	0.2857	0.3245	0.4286	0.6679	0.2857	0.0075	0	0	0	0	0	0	0	0	0	0	0	0	0	0	1	1	0	0	0	0	0	0	0	0
009136E4BC2D10ACAED31BEAC13C1DA0F98AC5C89FBCF1D0C10A203F28B8AF9F.apk	2017-01-13	0.1364	0.0227	0.1375	0.02	0.0833	0.5	0.0717	0.4922	0	0	0	0	0	0	0	0	0	0	0	0	1	1	1	1	0	0	0	0	0.5	0.5	1	1	0	0	0	0	0	0	0	0	0	0	0	0	0	0	0	0	0.5	0.5	0	0	0.0227	0.0114	0.0102	0.01	0	0	1	1	0	0	0	0	0	0	0	0	0	0	0	0	0	0	0	0	1	1	0	0	0	0	0	0	0	0
009292F01C505DC9ED67ED3CB06C5CE9A328533EBA4826BE40602CE1531E6DB9.apk	2017-01-14	0.0687	0.0181	0.1648	0.0112	0.2686	0.6739	0.0414	0.3988	0	0	0	0	0	0	0	0	0	0	0	0	0.9943	0.9996	1	1	0.0057	0.0004	0	0	0.8696	0.927	0.9032	0.9821	0.0217	0.0097	0	0	0.0435	0.028	0.0323	0.0083	0.0217	0.0033	0.0323	0.0072	0	0	0	0	0.0435	0.0318	0.0323	0.0024	0.013	0.0157	0.0011	0.002	0.9697	0.9975	0	0	0	0	0	0	0.0303	0.0025	0	0	0	0	0	0	0	0	0	0	0.425	0.5058	0	0	0.525	0.4163	0.025	0.061	0.025	0.0169
009416FC6CBB9B1FDE0DFFC2F8B9B644D26B87D2EEA97B04B9E29A045A31ECDB.apk	2017-01-12	0.1667	0	0.3006	0	0	0	0	0	0	0	0	0	0	0	0	0	0	0	0	0	1	1	0	0	0	0	0	0	0	0	0	0	0	0	0	0	0	0	0	0	0	0	0	0	0	0	0	0	0	0	0	0	0.0417	0.0208	0.0161	0.0159	0	0	1	1	0	0	0	0	0	0	0	0	1	1	0	0	0	0	0	0	0	0	0	0	0	0	0	0	0	0
00944FCF8E35D99608B9D15B19EDAB8B1164EE1FC5974028EA2E6E01A51FD15F.apk	2017-01-12	0.1084	0.0277	0.5785	0.0014	0.1844	0.4444	0.0002	0.067	0	0	0	0	0	0	0	0	0	0	0	0	0.9929	1	1	1	0.0071	0	0	0	0.8333	0.5707	0.8125	0.5781	0.0278	0.0126	0	0	0.0833	0.0649	0.1875	0.4219	0	0	0	0	0	0	0	0	0.0556	0.3518	0	0	0.0161	0.0307	0.0001	0.0045	1	1	0	0	0	0	0	0	0	0	0	0	0	0	0	0	0	0	0	0	0.275	0.1291	0	0	0.525	0.7995	0	0	0.2	0.0714
