22533d44a73924da17e75577d28c8754	2017-01-01	0	0	0	0	0	0	0
ccaaee57563e8ed3e8cf17fac19df206	2017-01-01	0.85	0	0	0.15	0	0.5125	0
12a95083fbea8b849fd583176f97c9ac	2017-01-01	0	0	0	0	0	0	0
922d54b8e578c8ad1a05e651f1e73a0e	2017-01-01	0.7209	0	0	0.2791	0	0.4884	0
6b145a21abb00c1b4966ce2ca53adeaf	2017-01-01	0	0	0	0	0	0	0
d806fc62405e4488061c5fd4aee00b57	2017-01-01	0.7083	0	0	0.2917	0	0.4375	0
11374a3b6079e4df808b08e122e2e694	2017-01-01	0	0	1	0	0	0	0
a579716af177aac4cd9459343920105a	2017-01-01	0.8611	0	0	0.1389	0	0.4722	0
80a0650af41f59b95aa0e0077a868576	2017-01-01	0	0	0	0	0	0	0
1774bf4bb598ee725304987b59bba77b	2017-01-01	0	0	0	0	0	0	0
6936d4f943ef3eecacf8d0f1a321e8c9	2017-01-01	0	0	0	0	0	0	0
825b184a659fcb486ee9d310cdb23c10	2017-01-01	0	0	0	0	0	0	0
a28e5cd90c37cc7078a797cbfcbd9f66	2017-01-01	0.8481	0	0	0.1519	0	0.5063	0
33f6fd8e155f17650b4ca696c1e6c657	2017-01-01	0	0	0	0	0	0	0
7c356e82700d6c282bdc36998163ecb7	2017-01-01	0.8205	0	0	0.1795	0	0.4872	0
df0992fafb343e52583110284b29d5a6	2017-01-01	0	0	1	0	0	0	0
63826290b358eaf140aa44c992d40675	2017-01-01	0.7333	0	0	0.2667	0	0.4833	0
88d53c096f60c9fdad689c1ca5a9bd02	2017-01-01	0	0	0	0	0	0	0
de25e53b5a656d5124623211fb49fa2f	2017-01-01	0.8491	0	0	0.1509	0	0.5094	0
2bd017bcb7f4ab4f90c95f0b18d8c36c	2017-01-01	0	0	1	0	0	0	0
f4c937ed206194417f16b69861a606d3	2017-01-01	0.8	0	0	0.2	0	0.4615	0
ce7d418348f2c1b862395fdb4d1eddc6	2017-01-01	0	0	0	0	0	0	0
e91fafdcc2bdc1f3df892930bf13c004	2017-01-01	0	0	0	0	0	0	0
ce77459f64f8f3c9ac2f1a0d220a7d00	2017-01-01	0	0	0	0	0	0	0
cc73750f3f35aca1ca9e6789150d8b36	2017-01-01	0	0	0	0	0	0	0
533e351a3dbda425b9223632df098695	2017-01-01	0	0	0	0	0	0	0
8fe16c3b6da005c509d4ade5f9bde614	2017-01-01	0	0	0	0	0	0	0
9f652a2088dc0176cf8da2fe5133cf39	2017-01-01	0	0	0	0	0	0	0
a9110d694bd7e00c912b36afb46b4418	2017-01-01	0	0	0	0	0	0	0
444f30f5cd32e3ccebab0af07a49931f	2017-01-01	0	0	0	0	0	0	0
74e67630036881a89b592f82f5d3fe5a	2017-01-01	0	0	0	0	0	0	0
3e15a03e9daf36bf767c9f747b97e29a	2017-01-01	0	0	0	0	0	0	0
825e6126ef3bdb8404632b16a57c3213	2017-01-01	0	0	0	0	0	0	0
167e554a08d1d0f4b9844f3bd3727a64	2017-01-01	0	0	0	0	0	0	0
f6227266be4c54a96ac36e5fdcc944d1	2017-01-01	0	0	0	0	0	0	0
b784cae0ef0f43c12932ee7a1ad898c9	2017-01-01	0	0	0	0	0	0	0
542b92d2cdc8383a91620cc4790a71ef	2017-01-01	0	0	0	0	0	0	0
1076bbda4021135e3956c417dbc9e1e5	2017-01-01	0	0	0	0	0	0	0
7cf807e9704d32f5c2fe21bad623319f	2017-01-01	0	0	0	0	0	0	0
1a3f959cc09c1c67a501b43817f9ff2a	2017-01-01	0	0	0	0	0	0	0
b740f807070868dd784262650ecb1159	2017-01-01	0	0	0	0	0	0	0
7e9f6166a1dff6720795192832220ce8	2017-01-01	0	0	0	0	0	0	0
e84126025af7a5188016e45cb6dd12fa	2017-01-01	0	0	0	0	0	0	0
52adbfa6221de622e9ef5efaf0080dff	2017-01-01	0	0	0	0	0	0	0
9ae896b6f4e20081d12308d0f8b3614f	2017-01-01	0	0	0	0	0	0	0
c341547e5f4f3751b85dc1824afe765e	2017-01-01	0	0	0	0	0	0	0
c85f294c1c255f22739809bfee5e514f	2017-01-01	0	0	0	0	0	0	0
b187bfed94aa39f7d8bbe1834cf8e3fb	2017-01-01	0	0	0	0	0	0	0
9c4263050ee05d04717aca16f62faf0e	2017-01-01	0	0	0	0	0	0	0
6ee0c131ba8d7fadf1e989402a12ca46	2017-01-01	0	0	0	0	0	0	0
4d0571315cff7263eb093d69d122a617	2017-01-01	0	0	0	0	0	0	0
a9a5082f3e1de5284e612f11f19de868	2017-01-01	0	0	0	0	0	0	0
c4a08b89fc00b25cb8d90e7ba0fa9649	2017-01-01	0	0	0	0	0	0	0
b488f93f1025e41a305d7d2b100687ce	2017-01-01	0	0	0	0	0	0	0
f97d530ab0662d69b4b4063dd4614da1	2017-01-01	0	0	0	0	0	0	0
c2e22b63ea21ad2cb1c1d59db904a703	2017-01-01	0	0	0	0	0	0	0
fbcb9477d1768dca492e91bb9b81b61d	2017-01-01	0	0	0	0	0	0	0
d6b639e6d9685e0a9aa2fbfd5962dc08	2017-01-01	0	0	0	0	0	0	0
569e374ba49ed6308dc080ffd16352ac	2017-01-01	0	0	0	0	0	0	0
8a0d12562c19a986e2a98a116adfa7fd	2017-01-01	0	0	0	0	0	0	0
0383c605caf67466ab4ad4c622101434	2017-01-01	0	0	0	0	0	0	0
62522c412f0ebede0ab110e912c13359	2017-01-01	0	0	0	0	0	0	0
0d366df1219fb9b272dee04887250e42	2017-01-01	0	0	0	0	0	0	0
52651f4ffb20b417d94ec7d7cef9d529	2017-01-01	0	0	0	0	0	0	0
3f60c94f9890b3938f9e67a6fb00cdd8	2017-01-01	0	0	0	0	0	0	0
47219f063db550c5095da34f453e2513	2017-01-01	0	0	0	0	0	0	0
41b64d22d605e726e291359f56aae5b4	2017-01-01	0	0	0	0	0	0	0
2c66fb356d9ae055719fa38b58fb28e9	2017-01-01	0	0	0	0	0	0	0
359abe340d055649216b23b05d4e7486	2017-01-01	0	0	0	0	0	0	0
037f61da6cfbc0f309b2a9f2cbaf3b8a	2017-01-01	0	0	0	0	0	0	0
61f2eb1f88d896fa9615466f7ce96c99	2017-01-01	0	0	0	0	0	0	0
c929727b3969f77d70808e8833270c8c	2017-01-01	0	0	0	0	0	0	0
3f649f7d2bee1f06c93fb90a1c0a121b	2017-01-01	0	0	0	0	0	0	0
5a1d9b8dc2fdc44fce738a58b58b7b8d	2017-01-01	0	0	0	0	0	0	0
7e494367c7f1a53b62cd8e77fd1679e1	2017-01-01	0	0	0	0	0	0	0
f807c4576721299e86c989c3d2a42664	2017-01-01	0	0	0	0	0	0	0
48f8c79794981463c93cf96e8bbdbcf0	2017-01-01	0	0	0	0	0	0	0
3908712ad7d6d9e8426d54240e279233	2017-01-01	0	0	0	0	0	0	0
c85afd000af59e3a5355ee34465e5e21	2017-01-01	0	0	0	0	0	0	0
caa9496e94813622123f1ae7b24a19d9	2017-01-01	0	0	0	0	0	0	0
5feeb979be3b41259209b26cfca2be08	2017-01-01	0	0	0	0	0	0	0
ed8e246237e01408eed234d9f6deccee	2017-01-01	0	0	0	0	0	0	0
68e5a9ebe1a63cce1105ec1f70300aff	2017-01-01	0	0	0	0	0	0	0
e08470865900c0d813d8c157a5f65629	2017-01-01	0	0	0	0	0	0	0
52a5c6bfaba9dcf8a516b1b7cc539cc5	2017-01-01	0	0	0	0	0	0	0
d95cf2b42f2e192b5dedf71c1e98842c	2017-01-01	0	0	0	0	0	0	0
aa7cbcbb9ffbbd49ac60cf3b02b76aee	2017-01-01	0	0	0	0	0	0	0
e197ec88aa8366fa24f1410c96c81b4a	2017-01-01	0	0	0	0	0	0	0
2aab055aef30eeb54b61db9a46f219da	2017-01-01	0	0	0	0	0	0	0
715b2517aee9630483709b40475d215e	2017-01-01	0	0	0	0	0	0	0
4f8b11b50568a91be9d336f875c8f223	2017-01-01	0	0	0	0	0	0	0
4459bfc020a76bcde6e2e2516b13d55f	2017-01-01	0	0	0	0	0	0	0
8c0fdeab12ba5fd75c4bbb36f61e055b	2017-01-01	0	0	0	0	0	0	0
b153a3c557eac4c58a7da30d8150af26	2017-01-01	0	0	0	0	0	0	0
4caf72a50a13ef39f44b48b593dd32e2	2017-01-01	0	0	0	0	0	0	0
d35d2b8bd039d79b8b0b4b4e1c519aa4	2017-01-01	0	0	0	0	0	0	0
c92e22860f38593684598cb500c8e280	2017-01-01	0	0	0	0	0	0	0
28750e072760752be61567651eaf8770	2017-01-01	0	0	0	0	0	0	0
86a61a56525590eaee15ed5c4a4621cb	2017-01-01	0	0	0	0	0	0	0
7817bcdd9270246c235520c08703a7e3	2017-01-01	0	0	0	0	0	0	0
d31d0d748e732a3fb3135f3320cc3c0d	2017-01-01	0	0	0	0	0	0	0
eabc0f035ba9726fd100a336c6fab92a	2017-01-01	0	0	0	0	0	0	0
3a050ddf6c91bbee9a589b89acc20b68	2017-01-01	0	0	0	0	0	0	0
2d1fb81e9b1c65673ccc0666cd1afab7	2017-01-01	0	0	0	0	0	0	0
87d833dcc8fe8451a4f01fa7d2635a2e	2017-01-01	0	0	0	0	0	0	0
cf4693f9a1dd4fd84f22db41f763951a	2017-01-01	0	0	0	0	0	0	0
e7e722273694f249c4c54e0dd7e39c6a	2017-01-01	0	0	0	0	0	0	0
e47e6dd6c467a01dd06b849ef85e45e7	2017-01-01	0	0	0	0	0	0	0
dbd90d4b636899a814d739e083f94a26	2017-01-01	0	0	0	0	0	0	0
20d78c43c36f0f55c3efa7750ac4ac81	2017-01-01	0	0	0	0	0	0	0
1354c34ac1a81377b910c9627c6fb83e	2017-01-01	0	0	0	0	0	0	0
e26f87662ffccfe3ea8e8a0acf98aa5d	2017-01-01	0	0	0	0	0	0	0
67943c4e5cc27c2ceb35f209b0e2011e	2017-01-01	0	0	0	0	0	0	0
03d18478204c72dfbd05ee7c633e2b5b	2017-01-01	0	0	0	0	0	0	0
d9d333f915eb8f740b40024087e12cbd	2017-01-01	0	0	0	0	0	0	0
ad50506570da7a7c523449c6c29e7f77	2017-01-01	0	0	0	0	0	0	0
756c8ba8330dc0b2076fbf7cbdec884c	2017-01-01	0	0	0	0	0	0	0
1c553ae8e3f184365a964190093e471c	2017-01-01	0	0	0	0	0	0	0
6a3e1edf5e612646724304a5998d9af5	2017-01-01	0	0	0	0	0	0	0
6d1c51a3e8c79e28ede93e250dacad24	2017-01-01	0	0	0	0	0	0	0
b6b217fd8fcf1e2f48eae0851fe64bb1	2017-01-01	0	0	0	0	0	0	0
72435d3701509b487b91bafa0b1e0db9	2017-01-01	0	0	0	0	0	0	0
46e1e9d01397e1959791f2689d13b4e4	2017-01-01	0	0	0	0	0	0	0
7a39df97cc05be0e3acd0a1153e7c4d1	2017-01-01	0	0	0	0	0	0	0
3387c9cce6ba3fcd44b04f1c6969eb77	2017-01-01	0	0	0	0	0	0	0
8a563c6f58aaa32787a88599f3db445c	2017-01-01	0	0	0	0	0	0	0
4f62b8694f94d71c5f99372121a16772	2017-01-01	0	0	0	0	0	0	0
6e85a5a16e6c509c491faeb816010d87	2017-01-01	0	0	0	0	0	0	0
c86f08c6a5891e9b41c163323f54bee8	2017-01-01	0	0	0	0	0	0	0
95ed98d18368447a998599d387e95e89	2017-01-01	0	0	0	0	0	0	0
6286168d528deb0c6b22429b8dec5c0e	2017-01-01	0	0	0	0	0	0	0
da89b62b06f63a8197a9311b94e6149b	2017-01-01	0	0	0	0	0	0	0
3f8a4214e6857850b9a64d9459941fab	2017-01-01	0	0	0	0	0	0	0
9c39c3eba2bf9f3e89935490cdb56941	2017-01-01	0	0	0	0	0	0	0
2c7f64e33cff87415dd36fc2e8efb541	2017-01-01	0	0	0	0	0	0	0
3d8ef8cc107f3f9f8b23cdf4d26a24c1	2017-01-01	0	0	0	0	0	0	0
ceb08621c659caa281ce19d55c007bac	2017-01-01	0	0	0	0	0	0	0
5b59dee5472a49104b17b3349946bf85	2017-01-01	0	0	0	0	0	0	0
7952c3141b1959181e5d0a00b98c980f	2017-01-01	0	0	0	0	0	0	0
dd25aa9a07a05455ac05bc445fc916a1	2017-01-01	0	0	0	0	0	0	0
aeb253c1b46f82b627353498382da27e	2017-01-01	0	0	0	0	0	0	0
31b201fdfebb487b598f5fd853a57285	2017-01-01	0	0	0	0	0	0	0
1178500edbcc8b27765f973722eeede4	2017-01-01	0	0	0	0	0	0	0
55985330843c56d316a554857487c00c	2017-01-01	0	0	0	0	0	0	0
3503b6d8be67310c423bcbad7df4e3de	2017-01-01	0	0	0	0	0	0	0
c27ea3d20ffd4d893db50739bd93669f	2017-01-01	0	0	0	0	0	0	0
dc40a06c37b869d17533d4232089aad7	2017-01-01	0	0	0	0	0	0	0
39976510cc52b10f0e23f60fc41064a6	2017-01-01	0	0	0	0	0	0	0
452c726a256938c8422fa0d7b779a45b	2017-01-01	0	0	0	0	0	0	0
8f6b4c330773bc2234103eb21f312746	2017-01-01	0	0	0	0	0	0	0
ab28942383d1b21ec5b53934995986ae	2017-01-01	0	0	0	0	0	0	0
09041e4ff3e7bbecc3553fd52bb17b74	2017-01-01	0	0	0	0	0	0	0
038505a679f5312b8a4b555473f6c810	2017-01-01	0	0	0	0	0	0	0
9cc0444797e321c0f684ca76901ee108	2017-01-01	0	0	0	0	0	0	0
e7bf6cf71534a356bbed33e3cd39acd9	2017-01-01	0	0	0	0	0	0	0
26f2caf72a9ca6851a8ff3bd3bb967e7	2017-01-01	0	0	0	0	0	0	0
c4d3d10a76adc779138b9ea9e7c8bd18	2017-01-01	0	0	0	0	0	0	0
f53b6fcfc52fb54f103ad56c844caf51	2017-01-01	0	0	0	0	0	0	0
1e9c7c81019f768435e5e1d9db7501bb	2017-01-01	0	0	0	0	0	0	0
bcb2269686482f04438843207933faeb	2017-01-01	0	0	0	0	0	0	0
4077e4a9748b159848065be81b81afd4	2017-01-01	0	0	0	0	0	0	0
e1d8c9e0318d2290c7db918bf0e26482	2017-01-01	0	0	0	0	0	0	0
aa4514af056abe999bfdba282af53a10	2017-01-01	0	0	0	0	0	0	0
ce952594a88b429b13b935afeab170ca	2017-01-01	0	0	0	0	0	0	0
1bc11138e99309cf6c92a932d7c4dfbc	2017-01-01	0.8571	0	0.0714	0.0714	0.0714	0.1071	0.0357
08ef2d4d665d12e3342cab5012d239df	2017-01-01	0	0	0	0	0	0	0
1feb003d83762d03527a65e9501b1e5d	2017-01-01	0	0	0	0	0	0	0
2bdaa9cf9f9b5a7820167fa788d1677c	2017-01-01	0	0	0	0	0	0	0
d6b0e3f026252c691f573656c297717b	2017-01-01	0	0	0	0	0	0	0
20d16025b3e77b7970dfca5a2132e1c8	2017-01-01	0	0	0	0	0	0	0
e0bfa020d12d0a68eec8dfe7f16854c1	2017-01-01	0	0	0	0	0	0	0
09e5dcf6fdc26767fd4cb11ddedb5766	2017-01-01	0	0	0	0	0	0	0
757ff97da0bc6bd9ab12b5d4836d48e4	2017-01-01	0	0	0	0	0	0	0
53bbfc91129cc0f87548871937e50997	2017-01-01	0	0	0	0	0	0	0
f75d8965a2085874cf1263bb56bf7d7b	2017-01-01	0	0	0	0	0	0	0
114a01667f9a6e45fffbe89e6ab3f4d2	2017-01-01	0	0	0	0	0	0	0
8605796f4433c3b408d619711b20b6be	2017-01-01	0	0	0	0	0	0	0
08828108610454057369a09240e5ae60	2017-01-01	0	0	0	0	0	0	0
8e5cee80f3549ff6e1fad0e5cd499ae2	2017-01-01	0	0	0	0	0	0	0
3a403d07d705c731fda795206422fcb2	2017-01-01	0	0	0	0	0	0	0
79df777234f6a47f4477ec91194efcce	2017-01-01	0	0	0	0	0	0	0
7689457d5beb626ff6f5b691a2166273	2017-01-01	0	0	0	0	0	0	0
d3ea0b80c044940cac42323b9a27168b	2017-01-01	0	0	0	0	0	0	0
1e989a6c98a8b19d37c5268079252e4c	2017-01-01	0	0	0	0	0	0	0
495aa8d9710688a57cb53e4ac1e1c73f	2017-01-01	0	0	0	0	0	0	0
0072d6e5e502f8a5b9adcc8570ecc9b6	2017-01-01	0	0	0	0	0	0	0
e3fcdfc44edb181e9acb1a5db089d63f	2017-01-01	0	0	0	0	0	0	0
8413fc0216cb4d157bbf26fc0c2c59ae	2017-01-01	0	0	0	0	0	0	0
e092afdd6d77ac4c5766170c8772ade7	2017-01-01	0	0	0	0	0	0	0
75b3bb10cd2e7f7a8fe8620d7baa2493	2017-01-01	0	0	0	0	0	0	0
93ecce9e6e90417218fe35a4a19261c6	2017-01-01	0	0	0	0	0	0	0
5f8a940aafeb7b085aa1986bf62245c0	2017-01-01	0	0	0	0	0	0	0
a8facae5d209aecc4115048266d0f7f3	2017-01-01	0	0	0	0	0	0	0
9c7ccd1952f318b5e7039b3465b2dc21	2017-01-01	0	0	0	0	0	0	0
648d29b412e17c65e1eaa76e94f4bc7b	2017-01-01	0	0	0	0	0	0	0
3245ddd369a61a162cfd42a6992f215e	2017-01-01	0	0	0	0	0	0	0
a8cd07e63c167211fe167a11d240961d	2017-01-01	0	0	0	0	0	0	0
2fc2d5bdc264ef7fb9225638138dbee8	2017-01-01	0	0	0	0	0	0	0
8c4734e99f050716bfa77e3579b332b1	2017-01-01	0	0	0	0	0	0	0
9014bb526a30f06f4a860072efcdbf64	2017-01-01	0	0	0	0	0	0	0
39ccafd2dbd0aecf56287ce922db2340	2017-01-01	0	0	0	0	0	0	0
a902e157adbd08b33bbd71f80f9557f0	2017-01-01	0	0	0	0	0	0	0
6d4bf5612be6e97a88bf8645e444b641	2017-01-01	0	0	0	0	0	0	0
08e070797cbaf41645431f7c999449a6	2017-01-01	0	0	0	0	0	0	0
91bb4377a297ccee839dcc1a3539b7cd	2017-01-01	0	0	0	0	0	0	0
60117d5c4c8be82cc7a8f3aaa795af53	2017-01-01	0	0	0	0	0	0	0
faf011c24062060725e55ec28a0f287f	2017-01-01	0	0	0	0	0	0	0
4cdd62946e210885bcdf86351bd460a7	2017-01-01	0	0	1	0	0	0	0
0b65712765e7583e17c17ec20f567d3e	2017-01-01	0	0	0	0	0	0	0
9b1c080abed153ea75fdc765b73029f8	2017-01-01	0	0	0	0	0	0	0
70903aecdcf005eeb670229a17695d81	2017-01-01	0	0	1	0	0	0	0
052834bf44e2f9d33f7caec9e06b0fa1	2017-01-01	0	0	0	0	0	0	0
98271483e10c516d3b02a5dca2997c7d	2017-01-01	0	0	0	0	0	0	0
37efeacad5a71fe32791500655593e8e	2017-01-01	0	0	0	0	0	0	0
518d359d646b4ba6f9d09965d914d405	2017-01-01	0	0	0	0	0	0	0
80c7e3c628c168daeb633b6a23528469	2017-01-01	0	0	0	0	0	0	0
86302f5745dbdf5d19769c18e506acb3	2017-01-01	0	0	0	0	0	0	0
31b6d64f3238053fb5b3f521cfedfcf8	2017-01-01	0	0	0	0	0	0	0
fafa80961f69061bf554ee48a3aa2f6b	2017-01-01	0	0	0	0	0	0	0
59a3033f11e9a4bf348576895b1c9e46	2017-01-01	0	0	0	0	0	0	0
0f48976fdab009f959e868dede19ace7	2017-01-01	0	0	0	0	0	0	0
21ecca2d01145c967928c718e3eb5cf8	2017-01-01	0	0	0	0	0	0	0
3dd03c00c44e0dba86a734dbe94b91eb	2017-01-01	0	0	0	0	0	0	0
93303c12708927eab04655575e98c92c	2017-01-01	0	0	0	0	0	0	0
e77daad69764a2feb3c8e47f5f7d2e74	2017-01-01	0	0	0	0	0	0	0
e64b75c882bb4f6ef70c34d3fc9f7e1b	2017-01-01	0	0	0	0	0	0	0
f3b2c324efd85f19442c790b37400a8b	2017-01-01	0	0	0	0	0	0	0
a20fab4060437f815392bd99291bed18	2017-01-01	0	0	0	0	0	0	0
535f8dddd18874425bee593bab5d6a50	2017-01-01	0	0	0	0	0	0	0
26e79527b129bb91075b1fb5aefe5c10	2017-01-01	0	0	0	0	0	0	0
be87f368d3f23e6fbb8120d64b9c4ed4	2017-01-01	0	0	0	0	0	0	0
608f48614cf66bf923884f86b8d8b20e	2017-01-01	0	0	0	0	0	0	0
e47e6c01d625af2b77caa11abf46ba16	2017-01-01	0	0	1	0	0	0	0
3fc52f28a1306c43c9909ff6e2678980	2017-01-01	0	0	1	0	0	0	0
f6a79acbb45d085fd202669f83d5a45d	2017-01-01	0	0	0	0	0	0	0
0803e878cbbb24b676b8c89d38dce11d	2017-01-01	0	0	0	0	0	0	0
f1a10fed67855b9e9b9382f1e5247db0	2017-01-01	0	0	1	0	0	0	0
349e07f8b71d44723879587a76215175	2017-01-01	0	0	0	0	0	0	0
bf5883daa3278ae28c99549bc24c1509	2017-01-01	0	0	0	0	0	0	0
8c51430b6b9184949bc0c3b885fa3910	2017-01-01	0	0	0	0	0	0	0
02c44067eddcc8face622826fd66341f	2017-01-01	0	0	0	0	0	0	0
692995d766c3dd7e58098d3c4965b903	2017-01-01	0	0	0	0	0	0	0
79984f86ed63ee2d749c8518f64637ef	2017-01-01	0	0	0	0	0	0	0
b7955520d678b8d557dcbea70529e600	2017-01-01	0	0	0	0	0	0	0
4c19a03a796e4e53c50d67064d8c068d	2017-01-01	0	0	0	0	0	0	0
ec57daa6e4cf46ea757d153f94c6629b	2017-01-01	0	0	0	0	0	0	0
625c60891338c6c1d3e277e77166f5ec	2017-01-01	0	0	0	0	0	0	0
0764b93c56229c6a2b65d66e5305d882	2017-01-01	0	0	0	0	0	0	0
159ba0af88c25964fc52af9a3d18220b	2017-01-01	0	0	0	0	0	0	0
6802ea7fee9a7188229fc8c4699788fd	2017-01-01	0	0	0	0	0	0	0
9c35bc3da2ac2c8930ef987edfda0aed	2017-01-01	0	0	0	0	0	0	0
9850b5dad3e5580efda0287343b27331	2017-01-01	0	0	1	0	0	0	0
fc03d80661bf6aa1bac22f1bec679f6a	2017-01-01	0	0	0	0	0	0	0
a0f3a2d9f79bfafd1e35b56bb5d8a9e0	2017-01-01	0	0	0	0	0	0	0
8b6ef18aeecc7b64261480cf1ecdc326	2017-01-01	0	0	0	0	0	0	0
aab15001302850cb1241d58fee3fe6e7	2017-01-01	0	0	0	0	0	0	0
8e7c74ae3dbaf89932e5c9d2f3896452	2017-01-01	0	0	0	0	0	0	0
75a71cd7d799315a54125af52bd884a1	2017-01-01	0	0	0	0	0	0	0
f2bc8ad43cd3322926e94e2160c1bcbe	2017-01-01	0	0	0	0	0	0	0
f65b3ef49096e316aa4e5a0dd7a58704	2017-01-01	0	0	0	0	0	0	0
d11bc25cb774b67f0bc97d0b33c87dd0	2017-01-01	0	0	0	0	0	0	0
5a51a1db812225869f951876c8aae235	2017-01-01	0	0	1	0	0	0	0
7d9518d82597d9e44b02298d0d806161	2017-01-01	0	0	0	0	0	0	0
bc4f615d26d01f852b268c5ab462109c	2017-01-01	0	0	0	0	0	0	0
13f45b6196113980d191a5be678f8389	2017-01-01	0	0	0	0	0	0	0
0080e87861b058e9b8d4cca6d70b57e2	2017-01-01	0	0	0	0	0	0	0
75d3278107067cf39de797735464ed5e	2017-01-01	0	0	0	0	0	0	0
f8baa911a2f28015320f8b7be28d9641	2017-01-01	0	0	0	0	0	0	0
fc25984737fbc2d3d071d7d9f26e3e5f	2017-01-01	0	0	0	0	0	0	0
253d323312f98590ade1cf766f061a00	2017-01-01	0	0	0	0	0	0	0
24773f2663cad3976fdee90d7d2c8cb5	2017-01-01	0	0	0	0	0	0	0
5d491d48340b28cab87f9b3b6f0a5909	2017-01-01	0	0	0	0	0	0	0
3d3ea3792cc46566ae36517bb82cacd6	2017-01-01	0	0	0	0	0	0	0
7159298a69ab0b557c7838e9e42a1b2c	2017-01-01	0	0	0	0	0	0	0
c0e6af39b1a6f89892f64fa2762be845	2017-01-01	0	0	0	0	0	0	0
f0d3a1d4fe0a9ff79aec59841e6595f2	2017-01-01	0	0	0	0	0	0	0
c5d79488d726a793b8f757d454915f73	2017-01-01	0	0	0	0	0	0	0
7d3c484baffc5705376fcba52b433140	2017-01-01	0	0	0	0	0	0	0
c5cee77325f4d80db4804cea0320a68d	2017-01-01	0	0	0	0	0	0	0
a2431dcd30484148f96f75e82cd7ce9b	2017-01-01	0	0	0	0	0	0	0
c63366ec273200a01836bbb7b6f124ad	2017-01-01	0	0	0	0	0	0	0
2fc59349f6d0932496fb98a73489a776	2017-01-01	0	0	0	0	0	0	0
c6459e2fed75cb3b5548279582afbf98	2017-01-01	0	0	0	0	0	0	0
fea9ed51fb98eaa1524329caee2ce173	2017-01-01	0	0	0	0	0	0	0
b092c712d09e44976f9724c7445d67e2	2017-01-01	0	0	0	0	0	0	0
966617de001d0d6542b86e23c0ff57ff	2017-01-01	0	0	0	0	0	0	0
0ead990fdde9c95f7645e62061c034bc	2017-01-01	0	0	0	0	0	0	0
f8c676b0e90bc524ab4d22f49430c850	2017-01-01	0	0	0	0	0	0	0
b8b8e3d343b18969e27dc6fc37b1c64e	2017-01-01	0	0	0	0	0	0	0
f85a81936f528a5aa97fbfef6c1e44e1	2017-01-01	0	0	0	0	0	0	0
1414d181a1c4a580a04131e911ab757d	2017-01-01	0	0	0	0	0	0	0
d7cd4312046dd771515d06646bf2e278	2017-01-01	0	0	0	0	0	0	0
b86c904d323c481558206d61db3f136f	2017-01-01	0	0	0	0	0	0	0
50cb7857410bd7f62f3b70d15f0b81ae	2017-01-01	0	0	1	0	0	0	0
95f311e5660570903317e96d7d063cd0	2017-01-01	0	0	0	0	0	0	0
44fc4568f8643de292d397562a4388a1	2017-01-01	0	0	0	0	0	0	0
c65e1b06c77b5bbed1e99336dd16a750	2017-01-01	0	0	0	0	0	0	0
282ac7820e245ea44fec6a9eab95642e	2017-01-01	0	0	1	0	0	0	0
376e4149a0a634ab34188efce25be6a3	2017-01-01	0	0	1	0	0	0	0
7a99bf945533e441b600a20313abb19a	2017-01-01	0	0	0	0	0	0	0
3e38adbd48ad240085529f1d3445e710	2017-01-01	0	0	0	0	0	0	0
b2ea4a5ad392238b19615f378fc69a88	2017-01-01	0	0	0	0	0	0	0
e2b927d1db19f6076581c937945a7bd3	2017-01-01	0	0	0	0	0	0	0
bad24e7294d358a613de03c202baff11	2017-01-01	0	0	0	0	0	0	0
910f412e97f133f9a2c2d13a198e9e4e	2017-01-01	0	0	0	0	0	0	0
7f3625d0644a3627d35cf86aa2b94d82	2017-01-01	0	0	0	0	0	0	0
ad698c18c4d8ca791924de3ba03a084c	2017-01-01	0	0	0	0	0	0	0
919bc87262d70de837304dddc768763e	2017-01-01	0	0	0	0	0	0	0
043bc4b5c60664a20d8f29a89ad2f464	2017-01-01	0	0	0	0	0	0	0
ec2001b73a31d67a0d5dbb58a23670e6	2017-01-01	0	0	0	0	0	0	0
a30133a628e15779f71e988a651416e7	2017-01-01	0	0	1	0	0	0	0
c60e90c2a8f3638a40b308c5d67162ef	2017-01-01	0	0	0	0	0	0	0
94ef9be6157b4a440127abdf81249e8c	2017-01-01	0	0	0	0	0	0	0
70aaa10d6b32c79f0464b26b04963e0d	2017-01-01	0	0	0	0	0	0	0
ba71b93ef07b055b3a997ccb91663c47	2017-01-01	0	0	0	0	0	0	0
290cb09707451ef7063d7442175eea53	2017-01-01	0	0	0	0	0	0	0
8249d784ef6b3e49627983947785abd3	2017-01-01	0	0	0	0	0	0	0
04b429da07ebaaaa318dd2f5d9ab9aba	2017-01-01	0	0	1	0	0	0	0
bdc3e9eeb3491e4fbfd74f839935c263	2017-01-01	0	0	0	0	0	0	0
93b73f2a49e1530dc6d8e3ea3315142e	2017-01-01	0	0	0	0	0	0	0
265e4c489d4ddcbf9eb8da14114cb5d9	2017-01-01	0	0	0	0	0	0	0
433f0e4eda09055a3a89e83eeca4ee06	2017-01-01	0	0	0	0	0	0	0
8c771c87fdbca8e25dcd284c25cf6421	2017-01-01	0	0	0	0	0	0	0
1967caff6294f7d5e5f5f0b4ea62f35a	2017-01-01	0	0	0	0	0	0	0
9c2171fc858a412106c9e66b273748f8	2017-01-01	0	0	0	0	0	0	0
4160a5df7bf2a431c4ca30b82bd54258	2017-01-01	0	0	0	0	0	0	0
fb6dd6e41712362c2e773a6d1a359569	2017-01-01	0	0	0	0	0	0	0
c69495d21ac1ef2b06f813162c3a52d3	2017-01-01	0	0	0	0	0	0	0
08dfccbce6c07a8f4d28972dd74cb6e9	2017-01-01	0	0	0	0	0	0	0
ec42c1e3ef5066652b00b7f44cdf0958	2017-01-01	0	0	0	0	0	0	0
67cbd4646ddd12ff3c09d8e5b87de8d7	2017-01-01	0	0	0	0	0	0	0
3b5b8164ad5c21667ddbcf717a540e28	2017-01-01	0	0	0	0	0	0	0
576cfd1209b0719af00498aec7c7df7c	2017-01-01	0	0	0	0	0	0	0
92ee1602d9dc9f2f5c6356428949fdab	2017-01-01	0	0	0	1	0	1	0
8e2b8844077439e11e07bbc3182a711d	2017-01-01	0	0	0	0	0	0	0
3fbe06c30775d0453ea5059f9f7606ca	2017-01-01	0	0	1	0	0	0	0
0bc8cac89b5e0d80d50ec7e85580d1cc	2017-01-01	0	0	1	0	0	0	0
4e42fb3ec31998ca70b7653306ccec72	2017-01-01	0	0	1	0	0	0	0
c2acfe421071ce0150ef3be13df8f6c1	2017-01-01	0	0	1	0	0	0	0
f991c2e4cd17b19c85d61890b6f0ae75	2017-01-01	0	0	0	0	0	0	0
11769b65fd22a7778ce7e49298e56d9b	2017-01-01	0	0	1	0	0	0.9643	0
334f291969f23125b50835272172fca3	2017-01-01	0	0	0	0	0	0	0
db590b25ba80464428dda545d8b0353f	2017-01-01	0	0	1	0	0	0	0
c3480e373b6f0d569e3ce792deb97a26	2017-01-01	0	0	1	0	0	0	0
e4ec42786d9687f7d91b72bc08259e24	2017-01-01	0	0	0	0	0	0	0
56ba5d32a076d3e58f561cbf3d97cc5f	2017-01-01	0	0	1	0	0	0	0
c6dc36f1e9b417f4037e41cb5f26c99a	2017-01-01	0	0	1	0	0	0	0
8c8e6d5191eec154a1ab1f44cceff352	2017-01-01	0	0	1	0	0	0	0
5cde0bcd640517a47b8f82844804485a	2017-01-01	0	0	1	0	0	0	0
d7d45a0e30929ffd956fdf38c01cabf1	2017-01-01	0	0	1	0	0	0	0
10a2a4f1d88d2c70bbab3f800bd59007	2017-01-01	0	0	0	0	0	0	0
109cba449662e12e4707b02bd71105d6	2017-01-01	0	0	1	0	0	0	0
c2401aad22e44dad8cf7b92cb0898d37	2017-01-01	0	0	1	0	0	0	0
70059232c291f448a2e472a86a0cf6ad	2017-01-01	0	0	1	0	0	0	0
03d9fb3e3408303ac7e0944cdbb4e55a	2017-01-01	0	0	1	0	0	0	0
415ff39f8c4d2fa3efe0585d1681cb0f	2017-01-01	0	0	1	0	0	0	0
4b391dcad2371c73e5f5bbb6f7e989db	2017-01-01	0	0	1	0	0	0	0
19cc55429dec964ca63fcf8af4b2ddfa	2017-01-01	0	0	1	0	0	0	0
9a099cde9b8a873fc17c9550eff5a765	2017-01-01	0	0	1	0	0	0	0
4b9a7bb87b1b26def4bef24a5960b843	2017-01-01	0	0	0.9688	0.0312	0	0	0
08509134c9b75fa579d11749ef057088	2017-01-01	0	0	1	0	0	0	0
680ccac826a7f0d779114613f629826e	2017-01-01	0	0	1	0	0	0	0
c19c8fee3090bfc5e66697b30d09f931	2017-01-01	0	0	1	0	0	0	0
34408e786f033e60238a22ea10b69310	2017-01-01	0	0	1	0	0	0	0
b24b89696e7163aac7223f4173490413	2017-01-01	0	0	1	0	0	0	0
71ed9b8e6f73645c928860a82bfa1772	2017-01-01	0	0	0	0	0	0	0
3f5aee8a7a92d65028772d45f7c111eb	2017-01-01	0	0	1	0	0	0	0
43a653e870eaced18ae2150a9b81b647	2017-01-01	0	0	0.5745	0.4255	0	0	0
df9175ca14c3065bf57d846c794859eb	2017-01-01	0	0	0	0	0	0	0
da3662eca3c7888bfc4c6a80bce733bd	2017-01-01	0	0	1	0	0	0	0
ff72d38abc598c55fe9a281bf47cc789	2017-01-01	0	0	1	0	0	0	0
a929278b5cce7069facda2c2a3c3670c	2017-01-01	0	0	0	0	0	0	0
4c5fb74537089260ce30d46fbfa2561b	2017-01-01	0	0	1	0	0	0	0
bcb90af3bcc84a259abbf1c963e63784	2017-01-01	0	0	0	0	0	0	0
f955242373a4a749175ebdfe1b1c6890	2017-01-01	0	0	1	0	0	0	0
665f4e036a609154ed491cb770e6a13e	2017-01-01	0	0	1	0	0	0	0
27627158bf6b7cb945fb90babe7affd1	2017-01-01	0	0	1	0	0	0	0
1020e69f508af844bde5bd01369f7201	2017-01-01	0	0	1	0	0	0	0
ba3cd286801c124fc18dd13b0df8b625	2017-01-01	0	0	0.0515	0.9485	0.9485	0	0
fa35bc411d17fca8ff6da84f690b8b8f	2017-01-01	0	0	1	0	0	0	0
92f8cbc721359a638a169dd5b5878cfc	2017-01-01	0	0	1	0	0	0	0
346e8f4de6b7f493e07a1593a60f35af	2017-01-01	0	0	1	0	0	0	0
5ff8f2474e1de76a8e224624e8437787	2017-01-01	0	0	1	0	0	0	0
3c5c6ac0e5e5cd4b91fdf379317d6852	2017-01-01	0	0	1	0	0	0	0
e1139f39072218b49a19dd34b365a55c	2017-01-01	0	0	1	0	0	0	0
c0210e6bb05009b7c7161e0a3ef0f651	2017-01-01	0	0	0.0625	0.9375	0.9375	0	0
31263f8a5ab7976c92bf8d8a312a5351	2017-01-01	0	0	1	0	0	0	0
d35423b86d39fe75dfad281ac8dd13e1	2017-01-01	0	0	1	0	0	0	0
ad5ee9ae484d9650cad3f0c991588ccf	2017-01-01	0	0	1	0	0	0	0
fb6bfcdddd8428b676e59372437fe15e	2017-01-01	0	0	1	0	0	0	0
cd5d416a147facb2f942acac514f559b	2017-01-01	0	0	1	0	0	0	0
0886d37a0d741a3ab47374ffc3d4d937	2017-01-01	0	0	1	0	0	0	0
8a5f1e55d1c189c033d626a78f88ce31	2017-01-01	0	0	0.2414	0.7586	0.7586	0	0
51d33c40e8f620f27730927d9091c3f5	2017-01-01	0	0	1	0	0	0	0
b6a49c1816a66e283059ad6290796e02	2017-01-01	0	0	1	0	0	0	0
a0473b06fbb17090351ac292202bc936	2017-01-01	0	0	0.7778	0.2222	0.2222	0	0
4e95c14cc912c1cb04dbdea63c822b6c	2017-01-01	0	0	1	0	0	0	0
eef52fb40e79029352bf8af9a76628a7	2017-01-01	0	0	0.3966	0.6034	0	0.431	0
cdc6484b139b81ec437e5e2ed2f9d8bc	2017-01-01	0	0	1	0	0	0	0
4331c6d428c1578857c83c3efb064029	2017-01-01	0.5	0	0.5	0	0	0	0
f918f8b294b0dcd38a0d4ac65075e6bc	2017-01-01	0	0	0.75	0.25	0.25	0	0
6902c29bc8e8d1216886a89795b3df92	2017-01-01	0	0	1	0	0	0	0
15cb35a3f8f856cb60883e0b3e36123d	2017-01-01	0	0	1	0	0	0	0
28eaaa09fe839056dcb5fc3c1c4c24af	2017-01-01	0	0	1	0	0	0	0
9b61c9c812cf099c9b674673aac10b12	2017-01-01	0	0	1	0	0	0.4643	0
104b41b1d0a5bec4accd1459cb8fa19f	2017-01-01	0	0	1	0	0	0	0
d1ae791ee62264172c68722207206baf	2017-01-01	0	0	1	0	0	0	0
2be9df79e696c33e75708e2fcf97d3af	2017-01-01	0	0	1	0	0	0.5455	0
ac85135abdc5d9635547ce222eb21a98	2017-01-01	0	0	0.0294	0.9706	0	0.9706	0
7993365cfa9b075922db5c85b6ceda72	2017-01-01	0	0	1	0	0	0.5588	0
4e108bf850500238a393b3ea1b3aad51	2017-01-01	0	0	1	0	0	0	0
b209a6fe878f21da920e01c47e6ce4e8	2017-01-01	0	0	1	0	0	0	0
48bbf5d6238c5c7cb2e2528020dfb0d0	2017-01-01	0	0	1	0	0	0	0
b65e590910236d88c597e9bda4c4eeaf	2017-01-01	0	0	1	0	0	0.5946	0
5fe6f39638c2d3d19e313358b8429102	2017-01-01	0	0	1	0	0	0	0
b560366fa3a90f231916682b74d9da60	2017-01-01	0	0	1	0	0	0	0
92ceea0ef487d31198f9526a90bb0df8	2017-01-01	0	0	1	0	0	0.5714	0
58f30f7c5e1e511634a1e18759e657c9	2017-01-01	0	0	0.027	0.973	0	0.973	0
e3e410eb75334edea6cf42e7f75df071	2017-01-01	0	0	1	0	0	0.6316	0
4e7121b449e03a29944093147daf1d54	2017-01-01	0	0	1	0	0	0	0
d4419e6943ac51c2e8e5a6f1bb8d7de4	2017-01-01	0	0	1	0	0	0	0
81bfa0cbab4ae483f5b6d682d57800d7	2017-01-01	0	0	1	0	0	0.5714	0
781f0db99ca1755c1dddb7c3aec0023d	2017-01-01	0	0	1	0	0	0	0
e8771828b70da6e14fef9124efee2bb5	2017-01-01	0	0	1	0	0	0	0
a79514acec65c2a9282f91846301b02a	2017-01-01	0	0	1	0	0	0.5588	0
8cd8a978cbcdea021aec8d4c98457576	2017-01-01	0	0	1	0	0	0.5588	0
fcbf8c67768e7c45563da0847255b7e7	2017-01-01	0	0	1	0	0	0	0
8dc5c878dd4fecdbbb5189c933002051	2017-01-01	0	0	1	0	0	0	0
7ece91591833b516904785a7479a214d	2017-01-01	0	0	1	0	0	0	0
b7d57e6637f3795ea5c14f5b00e2f58b	2017-01-01	0	0	1	0	0	0	0
3185df0787a88be72417c88899f6667e	2017-01-01	0	0	1	0	0	0	0
7ff4cb7d577247279cf7792fe63f2608	2017-01-01	0	0	1	0	0	0	0
ce85329cc41deeeaead53fefbfc46f6f	2017-01-01	0	0	0.6027	0.3973	0	0.3973	0
2522aef8d20ba7e6a07c511f4249796b	2017-01-01	0	0	1	0	0	0	0
5b919dcf63d37260b5802a22f1d1b17a	2017-01-01	0	0	1	0	0	0	0
3ed16293634109f77874b2cb5c93b0e2	2017-01-01	0	0	1	0	0	0	0
f1289be34b1d735863fac10b030b4b49	2017-01-01	0	0	1	0	0	0.5758	0
d4d014074f84371be52f60615db87523	2017-01-01	0	0	1	0	0	0	0
f6b657f54bd30dd8b0636be343111157	2017-01-01	0	0	1	0	0	0	0
ce9eb25fd742667887eeaa5ee26a61c5	2017-01-01	0	0	1	0	0	0	0
2f9fc2d2a1ac99d6502bb185ec5ab903	2017-01-01	0	0	1	0	0	0	0
63ea41303b1e68f335cd1527c917d248	2017-01-01	0	0	1	0	0	0.6591	0
b319025f1bf9afbbbbecbe73909e0f9e	2017-01-01	0	0	1	0	0	0	0
ee497cd52bb6d80b5c68684a38e99882	2017-01-01	0	0	1	0	0	0	0
6af13bc31655ceecbf913a93f75e656b	2017-01-01	0	0	1	0	0	0	0
8bf01835fb14fa55bc07510ae90ff596	2017-01-01	0	0	1	0	0	0.5484	0
1b9ccdc5afe09705b8470d32672391c1	2017-01-01	0	0	1	0	0	0	0
df24e049425114ebd4e29a50b8cc1481	2017-01-01	0	0	1	0	0	0	0
bbe45ee441dd9f30ec9c5c7b53d2f3d8	2017-01-01	0	0	1	0	0	0	0
a807689b523f494ddc054a32df790980	2017-01-01	0	0	1	0	0	0	0
a1dd2709a091ce81a15030956c0dd0d2	2017-01-01	0	0	1	0	0	0.6316	0
a46026301fb02c412b3746b6f4b87c76	2017-01-01	0	0	1	0	0	0	0
ea52760080383ecd43d0c70c452a283a	2017-01-01	0	0	1	0	0	0	0
6dcc4ea147b9188f35cbd5be85467c23	2017-01-01	0	0	1	0	0	0.5588	0
f969e227c91ed4bc3aa07418c3ac6d28	2017-01-01	0	0	1	0	0	0	0
33e66af896d91f8eed5f5e8412f82a1a	2017-01-01	0	0	1	0	0	0	0
86356bf167cf0c50cbebdfed04677cb5	2017-01-01	0	0	1	0	0	0	0
e36db2fa4914cc4f266c62ca21a3f429	2017-01-01	0	0	1	0	0	0	0
d749ebc4b1a46264821c91ba41b80929	2017-01-01	0	0	1	0	0	0	0
3db28f5b6590eed5b179c98c85a0d1fa	2017-01-01	0	0	1	0	0	0	0
cfb40b9bf48535e487c1249726e270d6	2017-01-01	0	0	1	0	0	0	0
8607737a8b3bb5ff7eaff9bf4d3257ca	2017-01-01	0	0	1	0	0	0	0
95b41631303ceb60b125b8dbeeab88b4	2017-01-01	0	0	1	0	0	0.5161	0
a16c5622b1f93b1ded195932f0d71929	2017-01-01	0	0	1	0	0	0	0
a9ff0b97a87744e4c587b56c6accf36f	2017-01-01	0	0	1	0	0	0	0
d655a741fa3bf02b185f6631798136ed	2017-01-01	0	0	0.4839	0.5161	0.5161	0	0
c991f988e0351de823dd6d4b25d3700c	2017-01-01	0	0	1	0	0	0	0
779f84a0262a011acc04716f513044b5	2017-01-01	0	0	1	0	0	0	0
b51a627239d48d500199995145a6d3c1	2017-01-01	0	0	1	0	0	0	0
710de9ea88afb6aaed753f72d6da02c9	2017-01-01	0	0	1	0	0	0	0
82c6c7ee508e7830ef1a41f7d64f90c5	2017-01-01	0	0	1	0	0	0	0
dc7efe5107dde96e62333f196ba6f9ba	2017-01-01	0	0	1	0	0	0	0
d9658dee3b10790a047b2ddbf9a0f5fb	2017-01-01	0	0	1	0	0	0	0
8b48930e8321d6dbb6719de8fea431c3	2017-01-01	0	0	1	0	0	0	0
405ec2d788778daff7cb824d07878230	2017-01-01	0	0	1	0	0	0	0
166db31526c65afa4d2221036a15af8c	2017-01-01	0	0	1	0	0	0.6304	0
eb53c14c77da285b27be7baf8a0b873c	2017-01-01	0	0	1	0	0	0	0
9ea4fbcbc5140b90e12e52c986ad9093	2017-01-01	0	0	1	0	0	0	0
79479edadf15561f6b964099b1e1dbdf	2017-01-01	0	0	1	0	0	0	0
601eae6a28c4c098d5fb242a3cdd1eb8	2017-01-01	0	0	1	0	0	0	0
c2ca1a77df8c71e5ba1e21d86e2affac	2017-01-01	0	0	1	0	0	0	0
8a161826bb6dd29f6850439242ebb892	2017-01-01	0	0	1	0	0	0	0
7c07b8e5a2ebd626230e3c6aca2d9239	2017-01-01	0	0	1	0	0	0	0
c173bfd3380a603475138b22b6cd9f0b	2017-01-01	0	0	1	0	0	0	0
175a9082c7876544574ff7bf849bd586	2017-01-01	0	0	1	0	0	0	0
3f7d0feaeb3be45cb7f07f13f4af24f0	2017-01-01	0	0	1	0	0	0	0
6a9455df1afbbe32fb6452a604c755ca	2017-01-01	0	0	1	0	0	0	0
25019319fb749b7e6f4c52b601daa415	2017-01-01	0	0	1	0	0	0	0
56e15f420dd6bdd44b0a6a254463ddfd	2017-01-01	0	0	1	0	0	0	0
10dbcc1b4a9cd3477172c3f4a45cbbf2	2017-01-01	0	0	1	0	0	0.5366	0
b9dac11eee02b1634e62d7b0a86551b4	2017-01-01	0.2787	0	0.7213	0	0	0.4754	0
e9c6889d0fe55c9a304bf9f818efe7f4	2017-01-01	0	0	1	0	0	0	0
1538dff96aaf4d8b4e428765e51d4fa6	2017-01-01	0	0	1	0	0	0	0
df9c4bf843230332fb65958bfc7f9203	2017-01-01	0	0	1	0	0	0	0
88b65e19e96a871a8e37d59eeb25c9aa	2017-01-01	0	0	1	0	0	0	0
aeabddb5c93e43901eb9b3795407c375	2017-01-01	0	0	1	0	0	0	0
f05b359a25e7a3eb65e6b18e6e87428c	2017-01-01	0	0	1	0	0	0	0
9bed136e10a022e770da478532c94958	2017-01-01	0	0	1	0	0	0	0
bd7b81b661be8ef12aacda2b4984ee6a	2017-01-01	0	0	1	0	0	0	0
7bde2074d4206cd1314b9bbd83ffc9a4	2017-01-01	0	0	1	0	0	0	0
7aa69a814b2e8543907d16584f420500	2017-01-01	0	0	1	0	0	0	0
931e87d6298bf5bacd4467f15a280c77	2017-01-01	0	0	1	0	0	0	0
9c028bab568e76326b9bd4d7b71effc6	2017-01-01	0	0	1	0	0	0	0
c5beef4980b8355b05ce5717f21fdba0	2017-01-01	0.35	0	0.65	0	0	0.4	0
0b5ffaca73a3cfbfc0a9593309b0f218	2017-01-01	0	0	1	0	0	0	0
937d43aa241d26e7c595a5cf63de30c5	2017-01-01	0	0	1	0	0	0	0
240d1d6a910a23658577f945818a396e	2017-01-01	0	0	1	0	0	0	0
1c6b9f02c7a0ec07f6d3322d65cfa9b9	2017-01-01	0	0	1	0	0	0	0
7518c528b106b00f6715a2d8477c9fd3	2017-01-01	0	0	1	0	0	0	0
fe5fc40443ff6042d84594537b0dfb0f	2017-01-01	0	0	1	0	0	0	0
e46c227b849e912ba62626c1267e4004	2017-01-01	0	0	1	0	0	0	0
612643d505d630dc737e7189ae125d99	2017-01-01	0	0	1	0	0	0	0
6ee96dbe7df8a2dd28e1fb9d5c52c60c	2017-01-01	0	0	1	0	0	0	0
ea1c88825697a2bdbb5313f0c00f1eed	2017-01-01	0	0	1	0	0	0	0
28ee2db9cb9dd1e022a7f3b1daed9368	2017-01-01	0	0	1	0	0	0	0
f4c06765be7c06b99a522a34d20d5cbd	2017-01-01	0	0	1	0	0	0	0
35bbd25212029012331992ad5c1412ba	2017-01-01	0	0	0.5769	0.4231	0.4231	0	0
7c964bc0258d3e0f45f85b88be7f8cb4	2017-01-01	0	0	1	0	0	0	0
50db40ec14b9566629300ec482d38cde	2017-01-01	0	0	1	0	0	0	0
657a2a8f07fa8c0331293b834895f093	2017-01-01	0	0	1	0	0	0	0
1105c725a16780ebb00a47754b8b84f4	2017-01-01	0	0	1	0	0	0	0
3cbd2d655a38a659be3519d7fd87fc14	2017-01-01	0	0	1	0	0	0	0
2e9b00b210e3c30b23a9485de1bf161d	2017-01-01	0	0	1	0	0	0	0
b2a201be2d2faa650cfa3d56ca762492	2017-01-01	0	0	1	0	0	0	0
7cf691c6a6b547fdd931a59735d1252c	2017-01-01	0	0	1	0	0	0.6053	0
e9f0f7f89c5ccc00a0d578831353eae9	2017-01-01	0	0	1	0	0	0	0
4196cde11b12041ff1d47c37da0a3538	2017-01-01	0	0	1	0	0	0	0
6a4f1fe2186d2b1e24788e8b2701bed8	2017-01-01	0	0	1	0	0	0	0
3e11a8f7b873c4e7e7a373d9f188c455	2017-01-01	0	0	1	0	0	0	0
ce63d00f2bc2d386af4e0a9e004ffa1b	2017-01-01	0	0	1	0	0	0	0
62da2ee6cd0329ae9f99c92d4ffc6f6b	2017-01-01	0	0	1	0	0	0	0
7e2c8e1ee3186a79c8c96388a4a9cf56	2017-01-01	0	0	1	0	0	0	0
e844694d8c3bb04739de1a3a7d424454	2017-01-01	0	0	1	0	0	0	0
3cb2b08b301abd12b258e67c7442a2d9	2017-01-01	0	0	1	0	0	0	0
a4d6d6b896f349fcad24501c1c98a0cf	2017-01-01	0	0	1	0	0	0	0
773d45a9b75f5a279b11ede42e01d5ee	2017-01-01	0	0	1	0	0	0	0
959660750b1b4d44af1b0b2d3cc78489	2017-01-01	0	0	1	0	0	0	0
43bb0733f6e5fe898859258a352a9a5a	2017-01-01	0	0	1	0	0	0.6154	0
bc531d1cde523327b5e7048ddefa2eeb	2017-01-01	0	0	1	0	0	0.5278	0
3ba1e4113e742f375517f1d715fd7418	2017-01-01	0.2553	0	0.7447	0	0	0.4255	0
739171bb38d26d311afe861e2c0ebb93	2017-01-01	0	0	1	0	0	0	0
3d30015592cd81f04432a1d595f92b6d	2017-01-01	0	0	1	0	0	0	0
5fa9c3543f6a176afb6cde290112a1d5	2017-01-01	0	0	1	0	0	0	0
efd66cb204412d8d5307613c2778e9e5	2017-01-01	0	0	1	0	0	0	0
266c5523512529f2aa0ab79914b526d0	2017-01-01	0	0	1	0	0	0	0
0a66143e8f4e6f53f6df8b99268907c5	2017-01-01	0	0	1	0	0	0	0
cf65933d763500b610cc022e9c93f185	2017-01-01	0	0	1	0	0	0	0
dc6377368aaa0bac277a5aede4033ab8	2017-01-01	0	0	1	0	0	0	0
2a72d68cedb2e57680c3634ef846944c	2017-01-01	0	0	1	0	0	0	0
fc7ba8afb45a7624e04fa694dba1f7ca	2017-01-01	0	0	1	0	0	0	0
d2dcf8a52f47f1ff7eac3dbdfd491873	2017-01-01	0	0	1	0	0	0	0
78cbc42ccb4bf716ec4497cdd8c9d154	2017-01-01	0.2679	0	0.7321	0	0	0.4643	0
8b77980042ec3920ed4988d37b804d64	2017-01-01	0	0	1	0	0	0	0
4f04a0f74e9517b643247fe705189ef2	2017-01-01	0	0	1	0	0	0	0
1146617467323acb972c7d9440ebd8ba	2017-01-01	0	0	1	0	0	0	0
b68462419c1df35e20112153b6ac9a73	2017-01-01	0	0	1	0	0	0	0
12728716be868434d723efd3cb28723e	2017-01-01	0	0	1	0	0	0	0
40dea5b8c3c98f931119fe10d60b0013	2017-01-01	0	0	1	0	0	0	0
bb07971ef9a56b1b19cfa07e2de55cb6	2017-01-01	0	0	1	0	0	0	0
d3850e544a721968d2bbe224d2bcab11	2017-01-01	0	0	1	0	0	0	0
5b1e8f66508f3e269ef6b654e83e4c68	2017-01-01	0	0	1	0	0	0	0
46b8cc9babfad6d6473ec59be3cf3981	2017-01-01	0	0	1	0	0	0	0
2169955790127b44346e54660f963fc1	2017-01-01	0	0	0.5357	0.4643	0.4643	0	0
b8d66247a8da00c89664b5f547234264	2017-01-01	0	0	1	0	0	0	0
cf37a9ad64c8e473c06f26bbd35c1155	2017-01-01	0	0	1	0	0	0	0
81d7d1e47a06c91f9958b5b6690d6b4d	2017-01-01	0	0	1	0	0	0	0
38604e7cfd31a1f81eb7d478e950a9c3	2017-01-01	0	0	1	0	0	0	0
c0ceea5493b639a94c8edbcb56e0a58e	2017-01-01	0	0	1	0	0	0	0
a1c44dd87f2e561db2c1698d05828025	2017-01-01	0	0	1	0	0	0	0
430ae37ce5d60163b3441e00fee6b940	2017-01-01	0	0	1	0	0	0.5854	0
d2fe9e29ef119acc36bb135eef9eee53	2017-01-01	0	0	1	0	0	0	0
aaea5ce5abb081371367bd73f0be7d0d	2017-01-01	0	0	1	0	0	0	0
2cbbaa8f7e123f64800ccdf9da59db50	2017-01-01	0	0	1	0	0	0	0
71dd730d58795383ff109a482e9ba81f	2017-01-01	0	0	1	0	0	0	0
a3c57533db0db634d4ce7fa6281d7fe1	2017-01-01	0	0	1	0	0	0	0
70b06ab5f656ab520fbf2c7ba1445b02	2017-01-01	0	0	1	0	0	0	0
5e2ac74ca330615eacc2f5608d809447	2017-01-01	0	0	1	0	0	0	0
788b93c5c04cdb13d01ac835fb9cda08	2017-01-01	0	0	1	0	0	0	0
fc446cb6f12ef13a98d732501a08f055	2017-01-01	0	0	1	0	0	0	0
b30ba1660482e34084dcc588d3dd21fd	2017-01-01	0	0	1	0	0	0	0
272d2694d9b3ef758fb4521d67f6e5e9	2017-01-01	0	0	1	0	0	0	0
3ad716f129e8053b19b8fb8167f768fc	2017-01-01	0	0	1	0	0	0	0
29a72d7669ce0cc0aec26a863dee2f76	2017-01-01	0.26	0	0.74	0	0	0.44	0
c8f9a918f7324b7b0db9794c844451ff	2017-01-01	0	0	1	0	0	0	0
53e59790fb2dba9fb5d39733e7267d97	2017-01-01	0	0	1	0	0	0	0
1cc41dbaaa549c3d54e1340360a40d93	2017-01-01	0	0	1	0	0	0	0
f2c845d86f4e62e77c20be717ba1ef8a	2017-01-01	0	0	1	0	0	0	0
c6ff4aeeb73543e6a5603566b56bada9	2017-01-01	0	0	1	0	0	0	0
220ed9ede524c9f35e84c82efd1689f6	2017-01-01	0	0	1	0	0	0	0
054b265a8bb003f196939fffa813aaf3	2017-01-01	0	0	1	0	0	0.5385	0
b8fe699e76ce85d1091db3799e8d5751	2017-01-01	0	0	1	0	0	0	0
0976ff4dc179d2a2fd863e53afef5732	2017-01-01	0	0	1	0	0	0	0
dd892b8e6128c46f20c6bcd59cd49921	2017-01-01	0	0	1	0	0	0	0
9e9feda48a5e8b6fdf6a704615189546	2017-01-01	0	0	1	0	0	0	0
e31f4cf8458a721709aa8282b8363957	2017-01-01	0	0	1	0	0	0	0
243113890bab072ba56a4cebf505a289	2017-01-01	0	0	1	0	0	0	0
423a7a9dc4c59cfa4916712776a30858	2017-01-01	0	0	1	0	0	0	0
e9ce3976865aaeb554f1f0d424f46deb	2017-01-01	0	0	1	0	0	0	0
f412e44fdeb3667a95a9eade7a46543b	2017-01-01	0	0	1	0	0	0	0
d09a596730b095fe54d8201197277f8d	2017-01-01	0	0	1	0	0	0	0
393b54f10fe94dc5610496f9f1546fc0	2017-01-01	0	0	1	0	0	0	0
4e56739fd1e54b654cc0f89e56517a11	2017-01-01	0	0	1	0	0	0	0
249f5d20df52b435af9c70a2680b18c8	2017-01-01	0	0	1	0	0	0	0
b10d9645f4842ed924710fcb7a7375b7	2017-01-01	0	0	1	0	0	0	0
528202a5f7d903a832169b036d19f0c9	2017-01-01	0	0	1	0	0	0	0
ce3e71683e66e52a14eaf8e2bcc7a899	2017-01-01	0	0	1	0	0	0	0
7009f6fa91f51464753644f3eaac9671	2017-01-01	0	0	1	0	0	0	0
92b340dd586a78fce7ee4b833b1572c7	2017-01-01	0	0	1	0	0	0	0
0ff4b296ac64772fca26d59219aba520	2017-01-01	0.3382	0	0.6618	0	0	0.4412	0
f36ea4c07a0960df50e5e5f426401018	2017-01-01	0	0	1	0	0	0	0
5f8fd7067724af8e4f080ddc7f67fd2b	2017-01-01	0	0	1	0	0	0	0
060efd6daf00aa7aae19f82a2ed70f93	2017-01-01	0	0	1	0	0	0	0
e6b3599ed3efff05a9a9e54d13494956	2017-01-01	0	0	1	0	0	0	0
1a1bb231bf0186dd81a0eeb9578f0cb7	2017-01-01	0	0	1	0	0	0	0
847974a8a21c41dbff0ee841802a5a3f	2017-01-01	0	0	1	0	0	0	0
e025eda465bb2e00ee19fccd4e42d588	2017-01-01	0	0	1	0	0	0	0
146f7e7ed628d64975dd3960685f2483	2017-01-01	0	0	1	0	0	0	0
5ad93fbf4a4e41a3f7e8b9ebc23d14cf	2017-01-01	0	0	1	0	0	0	0
aee1459ec59279541870c4ab791e9500	2017-01-01	0	0	1	0	0	0	0
db1c0303fc381140f4f502394dfb11f0	2017-01-01	0	0	1	0	0	0	0
64ffff4785a2d684c0b10ad05f280eed	2017-01-01	0	0	1	0	0	0	0
a8a839874413b1b97aec11120c10f06b	2017-01-01	0	0	1	0	0	0	0
255a3d82e5317d5b234f7282f342e720	2017-01-01	0	0	0	0	0	0	0
a7f0d17543f8b8ab5664ba210fb091c1	2017-01-01	0	0	1	0	0	0	0
0fd76b91342ff947fc32cf56cac216b8	2017-01-01	0	0	1	0	0	0	0
65cafc3a458a1eb0a823d47b6643d52a	2017-01-01	0	0	1	0	0	0	0
794e9f8048ddb7638b2e32ba4c028df8	2017-01-01	0	0	1	0	0	0	0
ad3d29f968952b4dbd1cdb3e493faff2	2017-01-01	0.8952	0	0.1048	0	0	0	0
c318d17e5474f5bc3c013d23ff88c280	2017-01-01	0	0	1	0	0	0	0
1a735c4d85144778a29b4e30922279df	2017-01-01	0	0	1	0	0	0	0
f55d468609ad552030a670b56a1ba0c7	2017-01-01	0	0	1	0	0	0	0
8e310d68da3e7ddbc62229e21d840e63	2017-01-01	0	0	1	0	0	0	0
2895b6ffe43e554fc3a295989611d25f	2017-01-01	0	0	1	0	0	0	0
d12339b358bd0f35385f97b2f0908c38	2017-01-01	0	0	1	0	0	0	0
ae92ae4fc814bbb90382cec2258b41e9	2017-01-01	0	0	1	0	0	0	0
b54f0e9df020fcb6298438723ac5154a	2017-01-01	0	0	1	0	0	0	0
abba602cf05639781c8aac850dad3042	2017-01-01	0	0	1	0	0	0	0
77342439b750c47f4c4b7ba826f74ccf	2017-01-01	0	0	1	0	0	0	0
42aef6a63c5862fa51be582ca3a3a2d2	2017-01-01	0	0	1	0	0	0	0
90b7f6ad3420583f6b9a2cec0f0d49b4	2017-01-01	0	0	0	0	0	0	0
989cd45f1ab9e77e1b552ecf7e657a5e	2017-01-01	0	0	1	0	0	0	0
b0fe4b536020c10a3c5448e4cbd43760	2017-01-01	0	0	0	0	0	0	0
4f1781e0e3afbba5ab172d6266899531	2017-01-01	0	0	1	0	0	0	0
d104337c46ffb5446f250ecdd89d9a09	2017-01-01	0	0	1	0	0	0	0
7339c86a678ecad9347522ec16c8ed2f	2017-01-01	0	0	1	0	0	0	0
ce668d92c3c15981fa4ec4a07a33ced1	2017-01-01	0	0	1	0	0	0	0
6ad13d70171c0cc6e6be5bcd6d202bee	2017-01-01	0	0	1	0	0	0	0
a7e41fe2c215cb4c2e5fa8f12ac072cf	2017-01-01	0	0	1	0	0	0	0
cc1702dd2521cc9399039a4e5fdfeb50	2017-01-01	0	0	1	0	0	0	0
93319d61c89b7bc4a1b252b61a467e7b	2017-01-01	0	0	1	0	0	0	0
1a39669e7e12c19b2d2b5b07697bde35	2017-01-01	0	0	1	0	0	0	0
fb67c524a8e4fa615900a7237a8e187e	2017-01-01	0	0	1	0	0	0	0
0ecec72c38426a7d42e9c10c3ae32ffe	2017-01-01	0	0	0	0	0	0	0
c83eb7318a1c86a856861cb3146454a1	2017-01-01	0	0	1	0	0	0	0
25f235b41f3b32ed410a94085c4ab3fb	2017-01-01	0	0	1	0	0	0	0
2da2cd3b570c8d9553e0eb6b812d3a47	2017-01-01	0	0	1	0	0	0	0
8f81c7d7c7b1631459f57bdedc4f13b7	2017-01-01	0	0	1	0	0	0	0
9d1d0c4a014a325f6d23837efa1bc6df	2017-01-01	0	0	0	0	0	0	0
85a6bbea5025e1409f18fa3237b69586	2017-01-01	0	0	1	0	0	0	0
1389d2cf2bf786ec938545c20bafe2a8	2017-01-01	0.8931	0	0.1069	0	0	0	0
a783ce44ce6de7d7f655f709b6f861ef	2017-01-01	0	0	1	0	0	0	0
e55be868b66a053de2be1fdd1a554401	2017-01-01	0	0	1	0	0	0	0
5cbaf3f807514f9c2808db30d2832941	2017-01-01	0	0	1	0	0	0	0
8cc68f4db33d95bd7fb4037ba505becc	2017-01-01	0	0	1	0	0	0	0
1176b7022e40364bd079d51b10363370	2017-01-01	0	0	1	0	0	0	0
03ecd86e06698041a1b1d74c67d77db0	2017-01-01	0	0	1	0	0	0	0
035b1355492545638680f267aa84d45d	2017-01-01	0	0	1	0	0	0	0
9a4b709abb782b60bc067cfa948c9c4b	2017-01-01	0	0	1	0	0	0	0
0f274a3ec1d4b3ff8afd864656b1aeb4	2017-01-01	0.8727	0	0.1273	0	0	0	0
ba58f73b50652d077cabcbf7ef7d2b79	2017-01-01	0	0	1	0	0	0	0
2dd14e63c4708076d437c7f7e3d33f1c	2017-01-01	0	0	1	0	0	0	0
ee38eb602797674c3eb6baa8b4902e89	2017-01-01	0	0	1	0	0	0	0
71c7cf002647e62412af532202b804b1	2017-01-01	0	0	1	0	0	0	0
937205a06f615b58a828f81950b98746	2017-01-01	0	0	1	0	0	0	0
de90ba4fb344e77b8046b94093104012	2017-01-01	0	0	1	0	0	0	0
416aac245ca506ef18fadaf677548b3f	2017-01-01	0	0	1	0	0	0	0
87bd0145681c8d4b77157e8cdae09a63	2017-01-01	0	0	1	0	0	0	0
cfb30b5c7f812e00fc89ea2395d7ffb4	2017-01-01	0	0	1	0	0	0	0
956c280180dff300f8daf9cd174c1dbc	2017-01-01	0	0	1	0	0	0	0
4da197ec5735428caeaaddbb41046413	2017-01-01	0	0	1	0	0	0	0
9bd2b4df68fd2b26bb374b3196782dc9	2017-01-01	0	0	1	0	0	0	0
f9f86ebc7d59731a45736afc4e5e3961	2017-01-01	0	0	1	0	0	0	0
509304a6dc6e9172348d13a36435378a	2017-01-01	0	0	1	0	0	0	0
99086afa13ec420f3f5d4993c8a1db3e	2017-01-01	0	0	1	0	0	0	0
43f5516d9788a1fafda2ab0ffc38021a	2017-01-01	0	0	1	0	0	0	0
43a7371f6ef8ed1a4c8d2d3f5ed4901f	2017-01-01	0	0	0.3253	0.6747	0.6747	0	0
45bc3ec89484b332bc2934caf92fbda2	2017-01-01	0	0	1	0	0	0	0
9ea44191b7e2773252c6e53792fce2fc	2017-01-01	0	0	1	0	0	0	0
4c7005adc0f41044e233e7af731cea4b	2017-01-01	0	0	1	0	0	0	0
89688357500ad0a3a927a82dcbc2565c	2017-01-01	0	0	1	0	0	0	0
f94cee522d203bcbe8e0129e71be0b4f	2017-01-01	0.1333	0	0.8667	0	0	0	0
b3a8040017a3552e2eb01fcf1428d09c	2017-01-01	0	0	1	0	0	0	0
c8ca0f1fce764a824305d1019191e267	2017-01-01	0	0	1	0	0	0	0
4e1fd5d6131bb448d15a36582ffe88bc	2017-01-01	0	0	0	0	0	0	0
19d62f09dd3eca5f61d587ee80d2fb66	2017-01-01	0	0	1	0	0	0	0
4be1f1ddb5207a073bd288bc746327be	2017-01-01	0	0	1	0	0	0	0
d0428c3190b4b9ded6d144df2455cec8	2017-01-01	0	0	1	0	0	0	0
62af86b334a16c3f62a941134b065cd6	2017-01-01	0	0	1	0	0	0	0
1bd26ca14a64f91de2976ae889e85d62	2017-01-01	0	0	1	0	0	0	0
9ba8c139288a5f830b0c7a3f987238e9	2017-01-01	0	0	1	0	0	0	0
fbb41ac1340b1812562eefbf7d79f938	2017-01-01	0	0	1	0	0	0	0
66798d6cd56bd5ce33d4b158fee90ac6	2017-01-01	0	0	1	0	0	0	0
15f60589562b7a6a52150cb82f3c0589	2017-01-01	0	0	1	0	0	0	0
51ecba1c408694f91085867e213c93a7	2017-01-01	0	0	0	0	0	0	0
585fafd60084da7aa743e3297b41c06d	2017-01-01	0	0	1	0	0	0	0
0e121d07ea12388c6dc607cfd2be8433	2017-01-01	0	0	1	0	0	0	0
d57bad22a8d68941dd5b27e83ebbdeb8	2017-01-01	0	0	1	0	0	0	0
f56b689fdb9d449eb3eb47a8577016dd	2017-01-01	0.8889	0	0.1111	0	0	0	0
821e7db12fd599c3942eacc6af083a6b	2017-01-01	0	0	1	0	0	0	0
78f3d399eb1b9d9448bbf9ce5fac32ff	2017-01-01	0	0	1	0	0	0	0
a1d6ec7e062d0302b292ddd4078d6210	2017-01-01	0	0	1	0	0	0	0
938660b73616e023007b2dc48302483b	2017-01-01	0	0	1	0	0	0	0
16ce4ab85a6d5280019ab8802ab73305	2017-01-01	0	0	0	0	0	0	0
caee4d696a59b452083b4710d09c071c	2017-01-01	0	0	0	0	0	0	0
d697c380cb6bee0ddce57b43260d7e96	2017-01-01	0	0	0	0	0	0	0
c9fd671e81e67b8c29f55e3a97a9fb13	2017-01-01	0	0	0	0	0	0	0
d6c9584f4ee82644425737155864c4e8	2017-01-01	0	0	0	0	0	0	0
e9950dcd5707a019823d766c0d85bf94	2017-01-01	0	0	0	0	0	0	0
1bfecb66560eeed19daef2e5f8add064	2017-01-01	0	0	0	0	0	0	0
2c0cde6d4e918a8a98ce02113898aa26	2017-01-01	0	0	0	0	0	0	0
1c2036021fba9309caaa5af6dddb95b2	2017-01-01	0	0	0	0	0	0	0
261fc820d5dc64371ad91743da261fda	2017-01-01	0	0	0	0	0	0	0
c21f1c4004ee6463b98fe92fd9026fec	2017-01-01	0	0	0	0	0	0	0
ee5a0c4c5709d57f4089d9a563757479	2017-01-01	0	0	0	0	0	0	0
c38ae370a6d9b200df772e35ff449c5c	2017-01-01	0	0	0	0	0	0	0
4f832030660ac33fb78e16d8663a330c	2017-01-01	0	0	0	0	0	0	0
d5ccd5a1f21f316ffdc331b77254df29	2017-01-01	0	0	0	0	0	0	0
773488c3f7fe6636930dbc35a4902146	2017-01-01	0	0	0	0	0	0	0
ac9b59658f4f1f7e5092dbb6ff081f84	2017-01-01	0	0	0	0	0	0	0
0d441635f630fa8119c379d3e21830ac	2017-01-01	0	0	0	0	0	0	0
e9c4f4b4d3d0f2c4061e2ef7456e5321	2017-01-01	0	0	0	0	0	0	0
f07cf382d7843a043503dc06e329c6c0	2017-01-01	0	0	0	0	0	0	0
18905b8cc98c818110ace85dc7a2d1c2	2017-01-01	0	0	0	0	0	0	0
f7b0b14c80efa5969feb888a25bde0c0	2017-01-01	0	0	0	0	0	0	0
794790040d4880628193974acb82e7b9	2017-01-01	0	0	0	0	0	0	0
1aea34f7c4a4f09cae32cc1dac56f96d	2017-01-01	0	0	0	0	0	0	0
658838d50f52df6950e2caf055a1ae8b	2017-01-01	0	0	0	0	0	0	0
fb7b9848ac313d5f09ff8364480f22b0	2017-01-01	0	0	0	0	0	0	0
f1f6d437f0ab6cdf6f82bc66692e8638	2017-01-01	0	0	0	0	0	0	0
890ecb4004d17e2f4cf295854791fd93	2017-01-01	0	0	0	0	0	0	0
589ec9c1073ff90de5d57e251714066f	2017-01-01	0	0	0	0	0	0	0
e75f426b185f92ee36218d5392eea10f	2017-01-01	0	0	0	0	0	0	0
b10730fad67d8afdf639d5f7ed2a512e	2017-01-01	0	0	0	0	0	0	0
8083a9c5cf4a7c2fd127943ed0d34631	2017-01-01	0	0	0	0	0	0	0
9823ad042fbb0761a3ac807ecfdf7cc1	2017-01-01	0	0	0	0	0	0	0
42bf0147ba95764af29288dab96228c6	2017-01-01	0	0	0	0	0	0	0
5d3a41dae2090713429a8153a4c7b8d8	2017-01-01	0	0	0	0	0	0	0
fe17893e2b50e0e60e4006bf89876f39	2017-01-01	0	0	0	0	0	0	0
d1cc0cdb62d31a1ed7466032ad33721d	2017-01-01	0	0	0	0	0	0	0
a7dba160393fdf498d0266318d808e87	2017-01-01	0	0	0	0	0	0	0
18b056192b4df20be66ad1b785c7b628	2017-01-01	0	0	0	0	0	0	0
9d0e4e9e1c146e5c7c3815be319f0032	2017-01-01	0	0	0	0	0	0	0
cb17b1784cdf29f1810289630eed4bed	2017-01-01	0	0	0	0	0	0	0
727948444622559fcbdda79aa413d1f1	2017-01-01	0	0	0	0	0	0	0
10a625cf254a64a684fa87c93b9088fa	2017-01-01	0	0	0	0	0	0	0
591f94860ec49c02a2f0734ce41d7b64	2017-01-01	0	0	0	0	0	0	0
fdfe9b39529e5012473c4e18472edaa8	2017-01-01	0	0	0	0	0	0	0
723d2a754ca670d943644ee2e35e3f7c	2017-01-01	0	0	0	0	0	0	0
9ae782506fda1e099bee8f6f2dc89c53	2017-01-01	0	0	0	0	0	0	0
39919551ebe9829c3fe07ab4528ae4b3	2017-01-01	0	0	0	0	0	0	0
bf61780232f39b77765b7e95a92f5cb4	2017-01-01	0	0	0	0	0	0	0
ad415ce31309cf10370669ca80df0bb2	2017-01-01	0	0	0	0	0	0	0
cf89c7aec34097289813768b3356fd6f	2017-01-01	0	0	0	0	0	0	0
8ed5f6ce6953b512b6fc25a09996078c	2017-01-01	0	0	0	0	0	0	0
0edf47cded9b16add1a4d1e1c395f8a8	2017-01-01	0	0	0	0	0	0	0
7a6393d7e9fedde8cee1312f95944bd0	2017-01-01	0	0	0	0	0	0	0
82cf7c87cbb2fa604a9c64cfe9b75510	2017-01-01	0	0	0	0	0	0	0
fd0cb0f48040da4fd2e719baaa5ca741	2017-01-01	0	0	0	0	0	0	0
12925a3b3d9c92c22e8fd91f44f15b73	2017-01-01	0	0	0	0	0	0	0
0bc73393e8152722a08577e95a4162b0	2017-01-01	0	0	0	0	0	0	0
464e72f43ee31221722bec8462d3b49f	2017-01-01	0	0	0	0	0	0	0
917718c0c9d11d6dbcffa9c1d5156238	2017-01-01	0	0	0	0	0	0	0
3339eba02fc1d169f9cacd1d1a85148c	2017-01-01	0	0	0	0	0	0	0
edbd53aa77c39edf417d43b0e35fdac6	2017-01-01	0	0	0	0	0	0	0
c37b91bb4536fff463978ad9cf215d0f	2017-01-01	0	0	0	0	0	0	0
844325f451903d51619e8f549b7ac30d	2017-01-01	0	0	0	0	0	0	0
40ba862154ea5aa7fd34d6770a475f74	2017-01-01	0	0	0	0	0	0	0
a39e1ce838f9cf7e788eba904924c2ec	2017-01-01	0	0	0	0	0	0	0
0755f72cbce813bcc799676a70a39010	2017-01-01	0	0	0	0	0	0	0
38a666c21aa69026fe16dbab1ef512b5	2017-01-01	0	0	0	0	0	0	0
ad9e047260f93225716fa175534f4acd	2017-01-01	0	0	0	0	0	0	0
5087cd76acbd4fcd08de0f639cfc8735	2017-01-01	0	0	0	0	0	0	0
e91a62748a9155efe1ebdcd01be236d4	2017-01-01	0	0	0	0	0	0	0
939bf56c6e127c6b52cf1dd18a24fe27	2017-01-01	0	0	0	0	0	0	0
13ebfdf0141749186d19d48aded1f65f	2017-01-01	0	0	0	0	0	0	0
d21cc12728762e1d9e1a6eafcb958239	2017-01-01	0	0	0	0	0	0	0
2f723c527439cbfb2693b7515a8ca9c0	2017-01-01	0	0	0	0	0	0	0
de9c88761fc9cfda244a95d3d34706e7	2017-01-01	0	0	0	0	0	0	0
7a60787484203793a611189721df1b5f	2017-01-01	0	0	0	0	0	0	0
de05c97dedf6921678d9e67b0d7804c4	2017-01-01	0	0	0	0	0	0	0
05b0056932e55c31ede23f61444cfef7	2017-01-01	0	0	1	0	0	0	0
96041d1d04c1dde839aec7d16f8fb843	2017-01-01	0	0	1	0	0	0	0
ac907cf772b6b7465d83957d2cafa462	2017-01-01	0	0	1	0	0	0	0
f628494c94cec79015f030285bc16be2	2017-01-01	0	0	1	0	0	0	0
9c2e762712b0e9f52a252c0271ab1694	2017-01-01	0	0	0.8519	0.1481	0.1481	0	0
fbb47bafed495a13fd45218fb9bdb1f0	2017-01-01	0	0	0.963	0.037	0.037	0	0
705981b531d3165279882e0e96c47a30	2017-01-01	0	0	0.9286	0.0714	0.0714	0	0
37aeb3bad1a6e2a15aee9a56437ee70a	2017-01-01	0	0	0	0	0	0	0
df7e3115732a6a6d19ced605ea13a7cb	2017-01-01	0	0	0.9444	0.0556	0.0556	0	0
80e6efb99e8f178cfb8a6860d5139ab1	2017-01-01	0	0	0	0	0	0	0
92442ee2551c1e758c18a471f7166e81	2017-01-01	0	0	0	0	0	0	0
e0c0fca75d45b276e16d0b8227551464	2017-01-01	0	0	0	0	0	0	0
92cc863d95ae55e945584abefc742c50	2017-01-01	0	0	0	0	0	0	0
fb88f9019b868bcfa9d20764ccf6a778	2017-01-01	0	0	0	0	0	0	0
0c42ab8facbb9e04f58a24a93844b0fa	2017-01-01	0	0	0	0	0	0	0
abe305a6fbc7f1202cbfff07ae0d6352	2017-01-01	0	0	0.7941	0.2059	0.2059	0	0
86a127311753d3257f9f2712b5797924	2017-01-01	0	0	0	0	0	0	0
2cbf55b6c69d627cc8168a55bd6927d1	2017-01-01	0	0	0.9714	0.0286	0.0286	0	0
0175802842de5949c33f4f92fc48528c	2017-01-01	0	0	0	1	0	0	0
2a425ef333bfd39b271392487556bb92	2017-01-01	0	0	0	0	0	0	0
00ae51d879f8e6d5d3f4e7e9cbdf8610	2017-01-01	0	0	0	0	0	0	0
06b9b22634e561123cb5d07b9b3b0882	2017-01-01	0	0	1	0	0	0.5	0
ff9909879b1fa3a5e24b10a7065116a1	2017-01-01	0	0	0.92	0.08	0.08	0	0
44e02a15e97a49e8d648cc85671525e7	2017-01-01	0	0	0	0	0	0	0
3174c4051f678eeef783c2dc317dc39f	2017-01-01	0	0	0	0	0	0	0
ced0a5d31d12ad5c7e7e307b68123524	2017-01-01	0	0	0	0	0	0	0
73f65694039142faaea6ce75a0f1494e	2017-01-01	0	0	0	0	0	0	0
89473f8fe1cff3737ebfb321bbe60862	2017-01-01	0	0	0	0	0	0	0
dfc26e1d00cfd6018c2d08ed63565f8d	2017-01-01	0	0	0	0	0	0	0
5c18c9034c5cfe32e7b0df3f005d45a0	2017-01-01	0	0	0	0	0	0	0
e279f5fb28a37c83e0d3eedc6fffe460	2017-01-01	0	0	0	0	0	0	0
dfaa6a92cb855af44c26b71c59d2f703	2017-01-01	0	0	0	0	0	0	0
5c0e1a564fcb06fe50c283bdb3e92e7f	2017-01-01	0	0	0	0	0	0	0
782ec758aae89677d4c47b269021caa1	2017-01-01	0	0	0	0	0	0	0
9a88760756ebd9a7d9bb02e4c39bf533	2017-01-01	0	0	0	0	0	0	0
73da9ee5c080017b880abff13bf12c0e	2017-01-01	0	0	0	0	0	0	0
e902f01c32ca7d846f884de7d0da20be	2017-01-01	0	0	0	0	0	0	0
bc08e5e9fe471758875a6867b082c805	2017-01-01	0	0	0	0	0	0	0
7195d37c40f267b1ec8bcc04f65d46c9	2017-01-01	0	0	0	0	0	0	0
be7fb8629a045cc4862d1846890ae262	2017-01-01	0	0	0	0	0	0	0
1178098149f6b426011f97cfe15ad375	2017-01-01	0	0	0.8519	0.1481	0.1481	0	0
99ed1621baa59c090a0b7bf09a825b63	2017-01-01	0	0	0	0	0	0	0
1a1f29d9bb5489301ab1185b6ed1d244	2017-01-01	0	0	1	0	0	0.5217	0
0ca4ff21eeb2b0cee40bc2e9cd4ab1e2	2017-01-01	0	0	0	0	0	0	0
69b68d461a8177c784aa52192bc6f1ba	2017-01-01	0	0	0	1	0	1	0
3e841fdb401b6f260afc654cdea44886	2017-01-01	0	0	1	0	0	0	0
6d7843833f9c8d4e7aed19a7067bd651	2017-01-01	0	0	1	0	0	0	0
035d2c6b63d2cdb8e30f2c0984f48426	2017-01-01	0	0	0	1	0	1	0
89509d79cc27c953e5295b99bdea07d8	2017-01-01	0	0	0	1	0.1064	0.8936	0
ddab4b78140c5790a38b99edb60750d7	2017-01-01	0	0	1	0	0	0	0
05637ddf292c563301621d0e36a94b68	2017-01-01	0	0	0	1	0	1	0
c60c3018b85428248a5fb9f81096b99b	2017-01-01	0	0	0	1	0.0746	0.9254	0
c29f69c3b77e21efc9b33ca729edea67	2017-01-01	0	0	1	0	0	0	0
3a449d206a539c1414bfcca15e24fe4a	2017-01-01	0	0	0	0	0	0	0
4f5c49d249814b70d89996f81a6eaeb6	2017-01-01	0	0	0	0	0	0	0
97496e93e1e0a6e366c04a1145b58014	2017-01-01	0	0	0	0	0	0	0
c5e3fecd9d1527fe76320e3f69e486b5	2017-01-01	0	0	0	0	0	0	0
9e16a59d7595b23bb6739f65546bb8cb	2017-01-01	0	0	0	0	0	0	0
ae02e9fe2b2f5bc098ce58f539863cda	2017-01-01	0	0	0	0	0	0	0
1b2d23232dc361814c0ba7fcca081e4e	2017-01-01	0	0	0.9833	0.0167	0	0.0167	0
f4c6dbca2e2c909dfeacb31ea86065bc	2017-01-01	0	0	0	0	0	0	0
e95b6c4311a677f3025fabbdb8f005d1	2017-01-01	0	0	0.9865	0.0135	0	0.0135	0
089027c69004c8976a945b08e507bead	2017-01-01	0	0	0	0	0	0	0
71bbed5d69773d88420d76cad94fddbd	2017-01-01	0	0	0	0	0	0	0
0771c1fbdd9c1470ab874408ed1b5eb8	2017-01-01	0	0	0	0	0	0	0
5fbfa7a98d4decc6175c87bb99f7ecd0	2017-01-01	0	0	0	0	0	0	0
7752f53b81f64011d389cfeb3c82b896	2017-01-01	0	0	0	0	0	0	0
eb5eeb836301d453e63ca6eeefde456b	2017-01-01	0	0	0	0	0	0	0
459edb5768008f6b60c395d9cc08d92c	2017-01-01	0	0	0	0	0	0	0
3de363498247f9f67f4168f14af00979	2017-01-01	0	0	0	0	0	0	0
577cf685a9343d6011feab85782bebd5	2017-01-01	0	0	0	0	0	0	0
390e9203d4b198a1527e77660a18ca72	2017-01-01	0	0	0	0	0	0	0
73ec4bbc9a49bbe08d38b89602576415	2017-01-01	0	0	0	0	0	0	0
95740e1e90f5ec5841d2b712c299c192	2017-01-01	0	0	0	0	0	0	0
41c344733fe235fa58f66013201e87b6	2017-01-01	0	0	0	0	0	0	0
865af60db48721465a25ddd31a997df8	2017-01-01	0	0	0	0	0	0	0
0c38198d2d7c815684eef3eb0140a096	2017-01-01	0	0	0	0	0	0	0
e274ba73b0c6b77e4a22553868a09004	2017-01-01	0	0	0	0	0	0	0
16003a7ac3fa66196fcc3613c833755b	2017-01-01	0	0	0	0	0	0	0
7552178339bddfd0cf9f36a965a583cf	2017-01-01	0	0	1	0	0	0	0
15cf0e98ba5f5894a143d7e9f9410a76	2017-01-01	0	0	0	0	0	0	0
137110e02900f79dfa07dc61ea0d12c8	2017-01-01	0	0	0.9048	0.0952	0	0.0952	0
28500b4a0fa594c3a8def71a90683b67	2017-01-01	0	0	1	0	0	0	0
81bb3211c76efa4502af67803c947ce8	2017-01-01	0	0	1	0	0	0	0
8f98196afed29a01d35e5fbc86538463	2017-01-01	0	0	1	0	0	0	0
c4c576f0c91d2a87e5bd9a4cdcd6e230	2017-01-01	0	0	1	0	0	0	0
bfb104ffd26fe63ae6dc15bb440d0a42	2017-01-01	0	0	1	0	0	0	0
36a1bd468d19988f80541f1966a7fda3	2017-01-01	0	0	0.8824	0.1176	0	0	0
3394e6493ae163ada6a904375cda0b64	2017-01-01	0	0	1	0	0	0	0
a0176b76479d7fb39dd4ba72d5825c4e	2017-01-01	0	0	1	0	0	0	0
cdd888a9d4d1fafb2085aefb3138b282	2017-01-01	0	0	1	0	0	0	0
e083a3d3c67274e36f655c7053520e43	2017-01-01	0	0	1	0	0	0	0
cf0d49e6dc749b1a6641cb6453fcbbfc	2017-01-01	0	0	0	0	0	0	0
cc0132d9f75deacecf4ea06ba89184c8	2017-01-01	0	0	1	0	0	0	0
6fa7f75345f4a9ff5ae22c0c4bccccd3	2017-01-01	0	0	1	0	0	0	0
91482de1601a61d348e0e593fb1b71e2	2017-01-01	0	0	1	0	0	0	0
908ad80e9dc99f591e1ee346fb10be0c	2017-01-01	0	0	1	0	0	0	0
965eb7ed69159a3b1172a3a6bb3a5a5a	2017-01-01	0	0	1	0	0	0	0
11b3c87d38fbc296486141659f2674eb	2017-01-01	0	0	1	0	0	0	0
b9a0a8c264f12599ee4bb553f065890f	2017-01-01	0	0	0.84	0.16	0.12	0.04	0
28730113acbfa3985371b5877305faba	2017-01-01	0	0	1	0	0	0	0
306b7db03dda4fb921ac3ad8ee01f5c0	2017-01-01	0	0	1	0	0	0	0
4f9b4eb70a99a89fac9a04131724992e	2017-01-01	0	0	1	0	0	0	0
aa547277f2cfa3f29a583ace6aa64466	2017-01-01	0	0	1	0	0	0	0
841e32dbd23fee94e68b5eec6b68c38b	2017-01-01	0	0	1	0	0	0	0
f59ed130a3b6f8ee1fcd6b78ea032b9d	2017-01-01	0	0	1	0	0	0	0
8cc005689cc4d755feaf661eacceab35	2017-01-01	0	0	1	0	0	0	0
163d5cbdf2611aa50af1fd240a770516	2017-01-01	0	0	1	0	0	0	0
c2c3f1e1320a69bf5509fb4a2db09226	2017-01-01	0	0	1	0	0	0	0
bde7626056b8b8c4acb123d5e6f42f39	2017-01-01	0	0	1	0	0	0	0
f9a47871b64905e92fcfcf1ede503c99	2017-01-01	0	0	1	0	0	0	0
50b33bf2c51860b87602191aff6efbab	2017-01-01	0	0	1	0	0	0	0
b6b90871ecede98422d32864015c39c0	2017-01-01	0	0	1	0	0	0	0
634d0a5e9c97a13d450dc93ec5d90098	2017-01-01	0	0	1	0	0	0	0
4a9e5332dc84960026d94e5f17c25c97	2017-01-01	0	0	1	0	0	0	0
ce0cf463f29dec4ce24378ec6ffafa98	2017-01-01	0	0	1	0	0	0	0
41acc39a886acdafb2397811857efed8	2017-01-01	0	0	1	0	0	0	0
fe45caf89555666a9dc29c322804dd40	2017-01-01	0	0	1	0	0	0	0
cfff38998952c864a6f5378018752dac	2017-01-01	0	0	1	0	0	1	0
acbd5b33874bd6c92f1a344fe741e4d0	2017-01-01	0	0	0	0	0	0	0
b6f7b5eb4969faf280a566e2a147ac5b	2017-01-01	0	0	1	0	0	1	0
cfbbad44ce8943c4517dda758b8a3ee9	2017-01-01	0	0	0	0	0	0	0
d95e25f3316f5e4286f8db1d6b24883f	2017-01-01	0	0	1	0	0	1	0
b9ace74d371b63eec7f32f5c04d9f68b	2017-01-01	0	0	1	0	0	1	0
04fb91d70a41f5e3993ebe9c5bb60298	2017-01-01	0	0	1	0	0	1	0
0263e836521b3fdd1f4e848523397619	2017-01-01	0.2879	0	0.7121	0	0	0.2879	0
3f2a6a74bc3c0453069627e5ec15af28	2017-01-01	0	0	1	0	0	1	0
0d1455c8b33674896078f7216e5bd812	2017-01-01	0.25	0	0.75	0	0	0.2656	0
3747581c294182ba969896c5c9e24a65	2017-01-01	0	0	1	0	0	1	0
4e901eb4787c6915ebf765a3292e48dd	2017-01-01	0	0	0	0	0	0	0
d66d9b01a2c9f1224f75fd47c1313b82	2017-01-01	0	0	0	0	0	0	0
426a62099d52b366c1bb86906c370850	2017-01-01	0	0	0	0	0	0	0
de2be4e63600ce823002e563616ccaba	2017-01-01	0	0	0	0	0	0	0
8ea03a2b44070973751828bcefa9abcd	2017-01-01	0	0	0	0	0	0	0
3842416e6c565f884c6d09aebd873d63	2017-01-01	0	0	0	0	0	0	0
02bbc07514cdd32c0659389c0c089167	2017-01-01	0	0	0	0	0	0	0
7904472214481fab36056960b4e2d9df	2017-01-01	0	0	0	0	0	0	0
94829a9748e9f2d7e78741c8b5c6f28b	2017-01-01	0	0	0	0	0	0	0
872766160c9a87aa2de49b1c2d311ff7	2017-01-01	0	0	0	0	0	0	0
16d0afebfa0c9477fab5d5d822e624f9	2017-01-01	0	0	0	0	0	0	0
0cee0e3db92f2437be2e6e8f25e8a9c6	2017-01-01	0	0	0	0	0	0	0
0bf975ffa89ef020e7c47470a4782708	2017-01-01	0	0	1	0	0	0	0
790adf343e715639fefbf3b99651007a	2017-01-01	0	0	1	0	0	0	0
f14c4fed92c4009e56786f78bbca3b99	2017-01-01	0	0	1	0	0	0	0
d66fa8bd1e61d3c037aff4c1bd89ab0f	2017-01-01	0	0	1	0	0	0	0
9b429798bae113db93e87501c1f11085	2017-01-01	0	0	1	0	0	0	0
f65c97a76c664e4d71b79a66c12d5951	2017-01-01	0	0	1	0	0	0	0
b27834c06483d318b3883661470ebc4f	2017-01-01	0	0	1	0	0	0	0
f5a2aefc874e9be28ff9f776154d8b56	2017-01-01	0	0	1	0	0	0	0
ddc28a2f28bdc2734c5f279207b53ed6	2017-01-01	0	0	1	0	0	0	0
2669f5418cac55f02316cf3a5da4203d	2017-01-01	0	0	1	0	0	0	0
6c4a959aed729d103a2e6f009fcf42c4	2017-01-01	0	0	0	0	0	0	0
5994f1e558b026c8b95697b307c183af	2017-01-01	0	0	0	0	0	0	0
ba8da37d09500a6dbf3b193ba75ef517	2017-01-01	0	0	0	0	0	0	0
48e440e08d9c7b33c5f6f01b370f7536	2017-01-01	0	0	0	0	0	0	0
3b34a7f05a746aa20f41e10b5353aca2	2017-01-01	0	0	0	0	0	0	0
2264633d8a3efd700cf2bb7c2b9239eb	2017-01-01	0	0	0	0	0	0	0
eeb024de94618039bb3f014c574d213c	2017-01-01	0	0	0	0	0	0	0
8de725cfa0530811a30cf57be9799d71	2017-01-01	0	0	0	0	0	0	0
4b2adcd4671a08897924aad4279b8c8a	2017-01-01	0	0	0	0	0	0	0
45bea31ae35d87a1bd2a09f391743d21	2017-01-01	0	0	0	0	0	0	0
9ed65cdaf2d4189859f10fc4f07632e5	2017-01-01	0	0	0	0	0	0	0
a23991d5a9d8e77d2772bd102ea0b957	2017-01-01	0	0	0	0	0	0	0
b2f1d5becb86ed42abe311691dad6ef1	2017-01-01	0	0	0	0	0	0	0
d0246aa0d330a52f14c6d7bc2ccebda8	2017-01-01	0	0	0	0	0	0	0
22822ea590f51b695cf3259a10f212c2	2017-01-01	0	0	0	0	0	0	0
101d400a4f4d10779871a68e15b42c4d	2017-01-01	0	0	0	0	0	0	0
696a8376118bb2b576d7c6fa5ebe8641	2017-01-01	0	0	0	0	0	0	0
ec34079754e79ecb00a9f41d4c8b1c40	2017-01-01	0	0	0	0	0	0	0
1ee1357d406972aa2d43513a89662818	2017-01-01	0	0	0	0	0	0	0
0de290462f0fc9d35e261b164022680d	2017-01-01	0	0	0	0	0	0	0
7592155d3127897c74eacecfc8419d6d	2017-01-01	0	0	0	0	0	0	0
febb207d91324c1a169a6272af7e5cd3	2017-01-01	0	0	0	0	0	0	0
7d4f40ba9d3c9ae063bddb197b9b1e8b	2017-01-01	0	0	0	0	0	0	0
e27923d283c3503ae608a1e3549f68ae	2017-01-01	0	0	0	0	0	0	0
ab4b413069ae04aecd870b7527d59ada	2017-01-01	0	0	0	0	0	0	0
94e8026925b67e8950a9c3dcaecf7b4b	2017-01-01	0	0	0	0	0	0	0
907a10c5f993b29d9a4d6aa6a482d5ea	2017-01-01	0	0	0	0	0	0	0
31767d4517d491fef9631597ec66850d	2017-01-01	0	0	0	0	0	0	0
0d389238db75ac3f993641589547cf69	2017-01-01	0	0	0	0	0	0	0
4481486e1cf9ae082df10753ae466521	2017-01-01	0	0	0	0	0	0	0
78a0aca7a712f760871b68ea15c9ec94	2017-01-01	0	0	0	0	0	0	0
df13ff90cb74cc9905cca68f097cd234	2017-01-01	0	0	0	0	0	0	0
59b1930bbee18f00370c38a625026967	2017-01-01	0	0	0	0	0	0	0
3ad3d178e6715d3d114358e3683a6a4f	2017-01-01	0	0	0	0	0	0	0
8ad9fc9f34d9e929d6672e7cc712b9de	2017-01-01	0	0	0	0	0	0	0
911ae2c7c0b418338376e8f44647e847	2017-01-01	0	0	0	0	0	0	0
cd0bbd58544b04e80ae70b13cb66830a	2017-01-01	0	0	0	0	0	0	0
26df0bce6777befeb57469d37623cdf9	2017-01-01	0	0	0	0	0	0	0
a7a0addc7cd294de4f88a5b098d99a40	2017-01-01	0	0	0	0	0	0	0
