928	 390	 1	 1	58214	77	465	2	2	0	0	0	0
579	 133	 6	 2	50210	47	108985	15398	2370	0	0	0	0
725	 277	 43	 6	41705	488	354796	36729	1605	0	0	0	0
452	 247	 32	 14	22404	247	1820344	592405	149372	0	0	0	0
725	 277	 43	 6	41705	488	358071	36563	1618	0	0	0	0
982	 454	 103	 19	51730	1296	104674	12117	672	0	0	0	0
1002	 459	 8	 3	50398	59	84515	13472	6123	0	0	0	0
802	 374	 119	 46	34350	1336	323555	45201	11786	0	0	0	0
648	 322	 37	 6	29476	432	175047	18227	2198	0	0	0	0
493	 182	 147	 44	24044	1684	437260	22410	32148	0	0	0	0
616	 295	 133	 43	26630	1382	297029	129167	3955	0	0	0	0
653	 242	 20	 1	37970	238	329360	23780	388	0	0	0	0
513	 249	 4	 2	23310	50	57090	5189	3114	0	0	0	0
134	 51	 81	 25	12792	528	1149635	352936	29666	0	0	0	0
910	 370	 26	 0	46335	192	216304	31325	0	0	0	0	0
1029	 455	 8	 2	56610	128	268458	7716	1157	0	0	0	0
1047	 475	 0	 0	73072	0	0	0	0	0	0	0	0
1034	 482	 9	 1	57410	139	280062	19516	3091	0	0	0	0
548	 202	 39	 9	32357	352	556509	90595	8001	0	0	0	0
966	 370	 42	 9	71798	389	447704	96160	1582	0	0	0	0
731	 289	 5	 2	51448	63	121857	8704	3262	0	0	0	0
966	 370	 42	 8	71798	378	467480	105422	1533	0	0	0	0
963	 438	 23	 4	66325	216	147507	18222	1103	0	0	0	0
966	 370	 43	 10	71798	417	210392	47240	662	0	0	0	0
822	 276	 58	 21	32254	409	338753	64399	3285	0	0	0	0
889	 439	 23	 3	58849	281	407532	32644	2115	0	0	0	0
724	 372	 62	 28	35156	811	103304	10496	2856	0	0	0	0
510	 280	 0	 0	21095	0	0	0	0	0	0	0	0
777	 360	 9	 0	36956	139	219575	19523	0	0	0	0	0
830	 387	 25	 3	37357	179	285738	54129	5298	0	0	0	0
846	 378	 133	 31	37662	1665	607346	38646	10945	0	0	0	0
665	 331	 75	 15	28064	400	12020	3805	761	0	0	0	0
284	 99	 51	 29	20225	899	98652	8026	6640	0	0	0	0
966	 370	 43	 10	71798	423	915063	268156	2822	0	0	0	0
386	 121	 42	 4	19589	371	402447	68689	2695	0	0	0	0
910	 428	 183	 61	43221	2251	700496	183911	18136	0	0	0	0
494	 195	 74	 17	28487	779	642873	103317	11640	0	0	0	0
1015	 352	 7	 1	61905	163	317405	20229	3406	0	0	0	0
658	 257	 8	 1	36450	113	230607	4414	120	0	0	0	0
966	 370	 42	 8	71798	406	520408	117175	1649	0	0	0	0
571	 233	 55	 5	30404	394	2743	544	23	0	0	0	0
328	 143	 55	 30	19504	544	460570	104156	1960	0	0	0	0
409	 219	 146	 50	23509	1845	529537	125101	103563	0	0	0	0
593	 312	 3	 5	24769	30	21075	1236	5462	0	0	0	0
700	 264	 112	 33	43913	1341	997591	74655	15204	0	0	0	0
1095	 456	 28	 5	73021	389	457076	42554	6847	0	0	0	0
816	 364	 4	 0	31488	23	29897	8047	0	0	0	0	0
1069	 439	 75	 22	74814	886	570080	95809	14042	0	0	0	0
865	 414	 5	 4	58568	50	612	17	8	0	0	0	0
164	 74	 37	 12	14720	251	13030	158	59	0	0	0	0
229	 78	 55	 35	14324	519	429700	30118	12512	0	0	0	0
541	 181	 14	 8	36139	158	67612	3306	1401	0	0	0	0
889	 406	 10	 4	60689	70	29524	4341	291	0	0	0	0
956	 332	 0	 0	54034	0	0	0	0	0	0	0	0
700	 264	 41	 12	43913	274	122890	17843	10411	0	0	0	0
290	 123	 15	 5	19472	136	281953	14631	4733	0	0	0	0
895	 405	 139	 43	47883	1383	17716	4458	227	0	0	0	0
720	 385	 52	 29	32382	607	247825	42542	1820	0	0	0	0
1079	 406	 0	 0	52608	0	0	0	0	0	0	0	0
157	 75	 101	 45	13811	801	869638	262244	220207	0	0	0	0
937	 301	 27	 2	65536	439	363028	17999	269	0	0	0	0
636	 230	 6	 2	34720	67	92888	9174	3440	0	0	0	0
957	 446	 59	 4	69421	522	3044	401	25	0	0	0	0
1103	 438	 134	 50	48612	1618	905393	310175	24452	0	0	0	0
206	 81	 55	 35	14126	475	162843	14943	9111	0	0	0	0
1000	 391	 164	 64	45386	2282	367754	82483	6837	0	0	0	0
947	 329	 0	 0	69841	0	0	0	0	0	0	0	0
314	 116	 27	 6	22046	268	213863	27473	4157	0	0	0	0
917	 430	 8	 1	47640	178	290563	6022	159	0	0	0	0
889	 439	 22	 3	58849	280	399893	31986	2160	0	0	0	0
908	 422	 93	 30	59060	943	489142	82900	12003	0	0	0	0
642	 223	 162	 40	50515	1770	196617	64841	2056	0	0	0	0
794	 379	 209	 74	33475	2687	330904	62369	9494	0	0	0	0
674	 198	 111	 16	34195	1212	187843	25816	69	0	0	0	0
614	 233	 120	 25	37304	1422	521340	203418	1308	0	0	0	0
1024	 455	 19	 2	57285	119	114344	20950	4144	0	0	0	0
725	 277	 43	 6	41705	488	180666	18752	877	0	0	0	0
900	 392	 52	 5	55055	368	1046	156	16	0	0	0	0
645	 230	 6	 2	40899	67	89792	8869	3326	0	0	0	0
401	 188	 50	 33	23871	372	511427	255810	8038	0	0	0	0
581	 222	 43	 10	31127	363	969	125	22	0	0	0	0
607	 235	 19	 5	36310	144	404308	93225	3599	0	0	0	0
700	 264	 42	 13	43913	295	3585608	301967	252019	0	0	0	0
340	 207	 6	 3	14766	34	29694	7069	2355	0	0	0	0
38	 20	 16	 11	9886	146	33194	6301	3374	0	0	0	0
934	 330	 26	 2	54343	435	409484	19825	206	0	0	0	0
725	 277	 43	 6	41705	488	411256	42879	1753	0	0	0	0
966	 370	 43	 10	71798	419	357038	79223	1233	0	0	0	0
555	 208	 2	 0	33793	10	12039	2408	0	0	0	0	0
775	 350	 75	 12	51508	504	116932	16095	9138	0	0	0	0
497	 153	 126	 29	25027	1790	426946	51744	5720	0	0	0	0
966	 370	 43	 10	71798	418	323898	72176	1036	0	0	0	0
675	 326	 93	 22	30549	960	6005	1131	96	0	0	0	0
966	 370	 43	 10	71798	419	196145	43066	598	0	0	0	0
348	 134	 13	 2	21705	138	278213	12348	1096	0	0	0	0
931	 363	 39	 4	69872	447	472665	38163	1346	0	0	0	0
116	 69	 53	 27	11979	519	565131	125397	1517	0	0	0	0
966	 370	 43	 10	71798	423	448208	98015	1619	0	0	0	0
15	 9	 3	 6	8935	27	2480	389	918	0	0	0	0
966	 370	 32	 3	71798	282	4951	986	14	0	0	0	0
623	 300	 7	 1	25652	86	147941	11597	1058	0	0	0	0
966	 370	 41	 8	71798	387	134412	29449	392	0	0	0	0
587	 305	 28	 21	29461	283	6859	933	315	0	0	0	0
1047	 475	 0	 0	73072	0	0	0	0	0	0	0	0
960	 426	 55	 9	53843	801	3770	304	28	0	0	0	0
593	 166	 11	 1	30027	61	298754	11971	688	0	0	0	0
662	 210	 26	 2	29963	363	311800	16244	404	0	0	0	0
398	 229	 6	 8	16882	55	89794	8385	9575	0	0	0	0
