002D67BF0C3BDC44D42DC140A6F009E4C1D8C5E10D5DEB3288C81E80F30DECC9.apk	2011-11-08	0	0	1	0	0	0	0
003E46D2203F0AF380E41F1B11DEE20EB69C2BF925FFEA3CC9530393015ABC8D.apk	2011-11-07	0	0	0	0	0	0	0
0140887A8188A79358373EEA375DBFDDDCEF6265794999A2B30A83C3453F7C08.apk	2011-11-08	0	0	0	0	0	0	0
0165B4362C1AE4FECB242A75F612EE82CE5BF9623869E01A4A4C1691F0E8C2DE.apk	2011-09-27	0	0	1	0	0	0	0
01752736F28F2A74E49C5C808AF66DA45F98EA2290695F6A6DB7D549576FEC2F.apk	2011-11-07	0	0	1	0	0	0	0
01B49FED999C4C998B0C18B632D02001EEA00F24F557A346EA59DFC18E15C6B9.apk	2011-11-20	0	0	1	0	0	0	0
02E9FE1A7D278DCB217BD6501896A4BB52A7D2C311E4914A8846D000805FA2A9.apk	2011-11-07	0	0	0	0	0	0	0
02F2B3146BDE5DA4E1F9BD6ADA8984997FAE611340D5989CC652A3E42AFB5F44.apk	2011-09-27	0	0	0	0	0	0	0
033359DA4847FBC7C0615BF31322121253069D191ED62BDEFE26B572277F917E.apk	2011-11-07	0	0	1	0	0	0	0
0337DA01BA0C78E8923FE4813F62A7BE8C022E46F2E8820D0518499F029C9A62.apk	2011-11-07	0	0	0.6667	0.3333	0.3333	0	0
05582E0282E74335C489B8D747C4CEEA4148379CF566D70805A3D363B7041511.apk	2011-09-27	0	0	0	0	0	0	0
05620032F3A2ABD5EBEA482B5E5D5B8FF5FAA8115019736013D87F442032B6BC.apk	2011-05-24	0	0	0	0	0	0	0
059DB9861E171BE884DAF91460A6DD379534327E525D57F1C90885645BF18D49.apk	2011-11-08	1	0	0	0	0	0.6	0
05AD74CCA94187E985CF5F7DACD5AEB15AEFF16C17FB521210FDDDA90F05AB27.apk	2011-09-27	0	0	0	0	0	0	0
064CEAED04B87EF6D391F1104B7DF031C0CEC49E3E73BD36DA2B462C2AEB85B0.apk	2011-11-07	1	0	0	0	0	0.6667	0
06747790BBE87BC74C50FA0DFCA2FF88B215C0A029377B00049FEE948CAFC116.apk	2011-11-07	0	0	0	0	0	0	0
06A8AAC7F1D939D69C91655D5F715F6FE434812FDED53F4A03BB6F025D39C3A4.apk	2011-11-07	1	0	0	0	0	0.9286	0
072B5147EDEC35E62075340767E6713D81774A4EAA0C2C9CB595D5DF238EEF72.apk	2011-11-13	0	0	0	0	0	0	0
0AF992CFA5A4ADF7B2C586AE8D694D2CB4D80AEEF66324877998644F025B389E.apk	2011-09-27	0	0	0	0	0	0	0
0DB09149646788FC781354907A8E628F5FBF3A6164E30FF4885EBF2C429C7D4E.apk	2011-11-21	0	0	0	0	0	0	0
0DC23F0C296D87B50F8674ADE081AB6C5EA6B000246CB7C78032CDB8D90F0EF2.apk	2011-08-21	0.4444	0	0.5556	0	0	0	0
0ECB5D32BFE19ED120EEF28D55B48618DF1C4650B95593E6526FB3B077FC6673.apk	2011-11-14	0	0	0	1	0	0	1
0F7290F8301E7DDFC50C5B708C0ED4F3A32312DE1B57D61DD9B147D92C4F05D1.apk	2011-09-27	1	0	0	0	0	1	0
10F910DACED0EE8D3D760B1333F7A2E403D6E44E1BC16BB4CEDABB43F449295F.apk	2011-11-13	0.7143	0.2857	0	0	0	1	0
1241D954310B4F0709560C691CD8483051E9264A277B13C9FBD587CC603B48E0.apk	2011-10-08	0	0	1	0	0	0	0
12510FF5F8E73BB9DF37E3FA45BCE8B10DE1092F837D47280BB441BBD477BE05.apk	2011-11-07	0	0	0	0	0	0	0
13041C5F10821AD9BC2AC05766981AC8472A951ED126B229069AC7D8F8E1F508.apk	2011-11-07	0	0	0	0	0	0	0
130ED3E7C9A8A467948F6FDFAEDB164E93D2782B3B5B048842FAF6CA641B0BAE.apk	2011-11-07	0	0	0	0	0	0	0
1356D0B247D31634BF6BC71BBE0492E1D7163473446673DB73B036B708684059.apk	2011-10-09	0	0	0	0	0	0	0
13FF2A9D05D01D82237D16F484214B20319700676FD03A9843D00CE97E2F4F3C.apk	2011-07-20	0.4643	0	0	0.5357	0	0.6786	0
14B23AA2AC55475E25FACA78AE729304CA7EC727DBF9CDF5AABB7AA07F5E461B.apk	2011-11-07	0	0	0	0	0	0	0
14D2A41EB8CC401FEB774D7672C5EFEFCD54A72D04989705F06B66B9C152BA35.apk	2011-11-07	0	0	0	0	0	0	0
156AC7284EB536B413F469728448EB351CA952C4B6EBBBD1A0DE158FAB5B2FB6.apk	2011-10-11	0.3333	0	0.6667	0	0	0	0
17D494E0D703539632B425A364F3B21F0E3F875697B90F238795EEB9E89F6A10.apk	2011-11-07	0	0	0	0	0	0	0
18403F544FAEE75D411C9166CB17FAE89F62D19517EC45F98D441304D97E0A6D.apk	2011-11-07	0	0	0	0	0	0	0
185560A13A9287A4188F1F38A26C661E30054FFAF4E89D9EC7201B42D555DB11.apk	2011-09-21	1	0	0	0	0	0	1
18680F18EB7DA7D13325F24892DB0D08451361F24DE590D0F2C734BCC41DA286.apk	2011-11-07	0	0	0	0	0	0	0
1944D8EE5BDDA3A1BD06555FDB10D3267AB0CC4511D1E40611BAF3CE1B81E5E8.apk	2011-10-24	0	0	1	0	0	0	0
19F25047031703A18BF107E6DA57682416EE1135CA9382071FFDBCF90E038A8E.apk	2011-11-07	0	0	1	0	0	0	0
1B5B502F9CFE46ADF309E663E053C5F96DFB85F791DFD8DF8E6745D7F7BB2DBD.apk	2011-11-07	0	0	0	0	0	0	0
1BAA1CA7D68EF01C7EA02408793BD79CF670E555943A874B90DC3A191B4A2BE1.apk	2011-09-14	0	0	0	0	0	0	0
1C2109F442C9E7A36D6A6AEF9A2AD5CC546FF1E08F0CF4A00D984091A0C7846F.apk	2011-11-07	0	0	0	0	0	0	0
1E1D725AD48E5629B87D7CE5FDEAEEC13D8A895E7CC75A3BDD3C31827B36993B.apk	2011-11-13	0	0	0	1	0	0	1
1E1F286CAA15690676EDD3678647BD3AC8235A2F6BF77B15B984C8DB8DE8E94A.apk	2011-09-27	0	0	0	0	0	0	0
1F451E709D8A5ADF7FB2A8EC8A7161B453F5E79A9BDDD2F5DCD75A92483E6A35.apk	2011-10-09	0	0	0	0	0	0	0
1FF9A724A0693269473673C56205E50A096B3AE5496CFC889C37EEAEE2DB3819.apk	2011-09-27	0	0	0	0	0	0	0
215821D2C4A1B7FEBEF3E0731B7871952A87203B69F9ED3B48D2D68A6D62A8CB.apk	2011-09-26	0	0	0	0	0	0	0
2198A98707800E8E0F94180C1B7F5767C5DC4D8E3508011E41EDCB6DA08C9907.apk	2011-11-07	1	0	0	0	0	0.1	0
22003A49756825C06FF1857DB0E5668651E6F8E320B8F5359197242D272786D7.apk	2011-09-26	0	0	1	0	0	0	0
22E52B228D66A8CFCFDB1BFBD394EE17C13F0D43F965EA8FEE92B73ED9A0506C.apk	2011-09-27	1	0	0	0	0	0.6667	0
23454400AAE9B3D41C6D847E7425E35BFC954EF2FF84D8B4FD9E4FA479C2C753.apk	2011-11-13	1	0	0	0	0	0.931	0
238A4DE3F693E8AE8506C72AAB6838837A5FC92AE233C813404A1750204FA09D.apk	2011-07-30	0	0	0	0	0	0	0
23F92F4503A5FB760EDBE7746B1B6D30995671CBFC306555339FF767A5030497.apk	2011-11-07	0	0	0	1	1	0	0
25A136F1142481A431806760EE99F962BCE86DD338CBEA088B3327721423C1AE.apk	2011-06-06	0	0	0	1	1	0	0
2701CE552B76F804A531078AF3FCAB494C76FE93EA2DF8C375F4D6D8D3416E2D.apk	2011-09-27	0	0	0	0	0	0	0
299D189B9629614E044365AB4272BDC9F4F1FF14C2C1ECE600D6669D5209C531.apk	2011-11-07	0	0	0	0	0	0	0
29C4130D9B273C58657EE27502D0652DA3CFF71B14F20A034B2D2D374447E27B.apk	2011-11-07	0	0	0	0	0	0	0
29D473DD6DDE8CFB8B68B6FE02209E5C7B73ECA0D09A20FB0D67990296B4DBAF.apk	2011-11-08	0	0	1	0	0	0	0
2A7A2A11AC217F2EB9819BD18B2D7161B0D89DA2D2B332E3C5FD073F75500BC1.apk	2011-03-04	0	0	0	0	0	0	0
2B7343896F640ED5B41B8E062101E372EAC72F52F231EE5FDA94AC4F39FA555E.apk	2011-10-14	0.5	0	0.5	0	0	0	0
2DB130B0FAC3379AD38CF09EDE78ED95CB6AA099C8E210A17F6CFEC5890E060D.apk	2011-11-08	0	0	0	1	0	1	0
2E8D5B87BF816687C2B904629B26415736828C6ED8B0BD2DED4F49D1E597E772.apk	2011-11-07	0	0	1	0	0	0.5	0
2F16DE4425E58F73D33087427FE2D91450034AE93C368943D55BD852BD7AD7A2.apk	2011-11-07	0	0	0	0	0	0	0
2FD961CABEC3F652A3B48AF3E26FB131AB99352881A465AD651669C22542662E.apk	2011-10-22	0	0	0.6667	0.3333	0	0.3333	0
2FFE24B7588F54F409CBBBC0850C039ABD4A32A6809A2497BFB0974AE9A69663.apk	2011-11-07	0	0	1	0	0	0	0
3066B6376F197CB6F7EF5BE7DA4B7253DC4A8ED8869640E4DED0FDE76EFD7C35.apk	2011-09-27	1	0	0	0	0	0	0
30D7C91D2F91DDCA2965E68936D4C924EA6D1F1EDC9873F6D503A4071930B339.apk	2011-10-08	0	0	0	0	0	0	0
31059F43636BF769541AED6054E241B68A4903E95F5A05A250FD05573353D9EC.apk	2011-11-07	1	0	0	0	0	0.9412	0
3158B2D9113C222B24A39FF045DBFED7C5933F8485434E59D9CB81A5B21D1A93.apk	2011-11-07	0	0	0	0	0	0	0
317C0C2D4FDD2276B80DA9DB152CC6F219A4B5AE75FEFB6F9C51D77435AEEB83.apk	2011-11-07	0	0	1	0	0	0	0
327EE69F697DF37E9C18B48ED72A9169D0BB16CB1F1C880751E5C9041983BB0C.apk	2011-09-27	0	0	0	1	0	0	0
32C0B743BD220371261A53914505CAC183EF39754DF8075607F86324D95A13B2.apk	2011-11-07	0	0	0	0	0	0	0
331AFE585C199D31717267B03AF42E2B0AF404710CC17DAC25A4E273537F7BB3.apk	2011-11-07	0	0	0	0	0	0	0
331C7ADB9C6A3731AA24F68919ACF8482D77C3BD0550C2C8B98CF5797ACD3562.apk	2011-11-07	0	0	0	0	0	0	0
3370086B41C699E75CA24D167F0DBBAFE50BB34D2B0C78D35E00AD785412C7D6.apk	2011-11-07	1	0	0	0	0	1	0
33C9604DB40D4453935A7076BA5018061BC906ACE486BC8C2D7197EC08EB8951.apk	2011-12-19	0.3333	0	0.6667	0	0	0	0
341DD03CE944519724AF5EA354550FE18B797C488D36FFC83A03A2150005CA5E.apk	2011-10-09	0	0	0	0	0	0	0
34628B0D2CE0984F57A7B9ADEE2D8D6E56F9DBECA32F714F4616B2ACF2192F64.apk	2011-10-14	0	0	0.5	0.5	0.5	0	0
3470993CA0A5F128D2820C7585A5C1C6B2B8AF463425B4B02A7C5FA5E2DF3AA6.apk	2011-06-08	0	0	0	0	0	0	0
3480A2E15E560A8BAFB8DA17000D758CF4EB696265D714B6D186C623CE4F5DEC.apk	2011-11-07	0	0	0	0	0	0	0
3493250ADCD06B73AECCE9AEF17DEC1C65D9BF600AAB14098EF2DC77D0D7CAF8.apk	2011-11-07	0	0	1	0	0	0	0
3517D52F68DAB73CAB3A5B9CE19B25B208CB26FEC6DD0F1C23A914C7C2D721BA.apk	2011-08-23	0	0	0	0	0	0	0
367376E821046F29BF82FC5A99CB8778C0FA28EA1C57563565E043109B02E379.apk	2011-09-26	0	0	0	0	0	0	0
3797C00D6A6B94D456183EF0356904CB3CEC8F2CA11439A80315C67BFB4E8354.apk	2011-11-14	0	0	1	0	0	0	0
37AF9EEAB701CD56C7EF61924705348443917270FD9E14553DC3940E53F4B1CB.apk	2011-08-27	0	0	0	1	0	0	1
37B4882BBBDFDAB93577D48AFE6E11541099924AA128971A8937F1B11B536C08.apk	2011-11-08	0.5	0	0.5	0	0	0	0
37D7F08A90C1A53A7032AC1D172907D015DDF40B91AB6880331457407804D13B.apk	2011-10-23	0	0	1	0	0	0	0
39031C941E176F3E0F06E36D937961733D6FDE0CAACFFF61A0B656560A921C59.apk	2011-11-07	0	0	0	0	0	0	0
3958FD3C50FDF4E666B0F191545382B963A1DD26D77A5DC9D5D6152482BA50A9.apk	2011-11-07	0	0	0	0	0	0	0
399F30D05BC29D2597DDF721B516ABB1E30B13BAE62E404992DDA9C45BD283D5.apk	2011-11-07	0	0	0	0	0	0	0
39B62F21B0DFF05FF8618D5547C1E57BFFADC0F67E1FE9C0B6B145D78BAC3DEB.apk	2011-09-27	0	0	0	0	0	0	0
3ADCF5E6676A6F66EB826E42735C33449F4CC4A3F0E2993629394B5F0E3F58BF.apk	2011-11-07	0.9167	0	0	0.0833	0.0833	0	0
3B304F35FBB4DA0137A0F2238EC7B007B7D693D28BF0DA9FB205A25282C16155.apk	2011-05-24	1	0	0	0	0	0	0
3CAF5D607308FCE63EF84D9AE8976BA253A681ED19BEC0AD85E36F408B6B401A.apk	2011-09-27	1	0	0	0	0	1	0
3CE463F0696AB15506F23792DDF2A8D9B0ED5ABEE55342949702E3AAC4EC3734.apk	2011-09-26	0	0	0	0	0	0	0
3DEF2DB2D25E78446D5B34BA201F17EA539053F0A9E76282477C1799DEBDB999.apk	2011-11-13	1	0	0	0	0	1	0
3E4A1C4A93528406A0ADD580C8CFD424EAE5E5C1210D7ECA37BB86F4CAAA60A7.apk	2011-11-08	0	0	1	0	0	0	0
3E7DCC607022943A7E501E855C6E53C36229680E16A95948843CFA9EF4B3D9D7.apk	2011-07-30	0	0	1	0	0	0	0
415E22CD878F4F55CB67BD28E531783F967AB97B2313C4E62B863C3585F51C53.apk	2011-10-23	0.8261	0.0435	0	0.1304	0.7826	0.0435	0
42061A01B416E0B9074D953D42105BE650953D6126A9552159F9034A641FFB89.apk	2011-11-08	0	0	0	0	0	0	0
421A23C3477AFF88B35DCE0EB81A36FC93225A1D3A98A64BAF14A2CDF16A6798.apk	2011-11-07	0	0	0	0	0	0	0
42535FC96B9F6A7A1D82D46AADD60C4BA69F6E8DAA6250C5DD9C22CE6F9D619F.apk	2011-11-07	1	0	0	0	0	0	0
42AE35D7A2EC18671CD785BD780D3223791C3F48330E1E110995B027F8B646A0.apk	2011-09-14	0	0	0	0	0	0	0
42AFE947B2E5A097169F4415FE01200043B849C26283856627C4EE6DC1073977.apk	2011-09-26	1	0	0	0	0	0.0816	0
42CD47EDD5472E3C5A5012EBE2E0AA7D7112C5D1F135F39BAAA5C1383DA92C0E.apk	2011-10-24	0.3333	0	0.6667	0	0	0	0
42FFFB98FDCED9DC6723F7A4A0379DC6058AA620602B87C1081B22B61E9BFE24.apk	2011-11-07	0	0	1	0	0	0	0
4353ADD9045678ACD4E4D7BC4C322518CE4B5C2F0694A5490C9D74A22C3252AE.apk	2011-10-08	0	0	0	0	0	0	0
44742B6ABB8C8EBB39027504160EDA7D9CDD3233AC959B0F78755998B9036356.apk	2011-09-26	1	0	0	0	0	0.5833	0
460C55E8C5982A384E53AD1A08EFDAC263D57B9AFE70EDE390A90DD662588194.apk	2011-03-01	0.8421	0	0	0.1579	0	0.3158	0
46FCF7A0FA27396DF0FA7554A5D5EBAF3A23CC89AF865CFCC0E5EEC917DF7218.apk	2011-01-13	0	0	0	0	0	0	0
473D82D4005D769740F60097626C64C23F7B4BD651313DE2359604043CB97001.apk	2011-11-08	0	0	1	0	0	0	0
480163CB18311DB1C54E40DBF634CD15B3D864C8F13C1EC36C9C7DB8380079F0.apk	2011-10-23	0	0	1	0	0	0	0
48B2CD05A9F8E5F2DF2C89F7C4DAD862E240929E2F1FFB5C6CD98679A55A46CB.apk	2011-11-07	1	0	0	0	0	0	0
496040372CC6602701340E11057CC54DAB2B0C8B1D8262DCEC7CC3305BF226DE.apk	2011-09-28	0.8182	0.1818	0	0	0	0.2727	0
49C36751373A8010ADB78DFEB88AA112A445C1C40FE647EFFC2678AE275267BC.apk	2011-11-13	0.625	0.375	0	0	0	1	0
4A8FB4BEB3A027AF7BD611A1038C94FFE18222789D2D2D490496A89FA0C82F86.apk	2011-09-13	0	0	0	1	1	0	0
4ACDA132E1AF5A92ADFD03C79F6CC2242CFAD9A1C05821024C70AB14DF7D8A30.apk	2011-11-07	0	0	1	0	0	0	0
4ADF102A812940AB1EC66EFFAB934299BB6A8735AFA53BC3AF2A13301555CF2B.apk	2011-11-07	0	0	0	0	0	0	0
4AEEEBA78A59A7F4D5DD9AEE7682A92ABFBA59F09B4676B3931F0343F5D8A698.apk	2011-11-07	0	0	0	0	0	0	0
4BCD2E9349D3F313A0033FDEE51D9A41A9F4BFCB5058FD7258926D92E8BC0205.apk	2011-11-07	0.6667	0	0.3333	0	0.6667	0	0
4C341DC89D988A3259CDF9A552FCCF0A2398015EDE14CB69CA66F61DCE5AE333.apk	2011-11-08	1	0	0	0	0	0	0
4C558CD94B2EACFDCF973262721F3872842C4F53DB5D522375A19A05A521EDA0.apk	2011-03-04	0	0	0	0	0	0	0
4C765908B47F026B92E696277788354C58D973F950B4B7846A4F2BE9CAABBEAD.apk	2011-11-07	0	0	0	0	0	0	0
4CD3416C33434B2188DBB8BB50CBB4C8A29996F2B3744A9BBB69385186A40AFB.apk	2011-09-26	0	0	0	0	0	0	0
4D200DD35A8BCF122EA682F2E65E6A3170B7C3CAB4871EA2786A29E0049C6601.apk	2011-08-26	0.3333	0	0.6667	0	0	0	0
4D6EF4C578BF3231C801189B0E77BDE8CAE918AFEEEE06B3D851240425518FE1.apk	2011-11-13	0.7778	0.2222	0	0	0	1	0
4F7C100F5D7B62357C89092EDF7B7AEEE75320C68F96D3DBFCCA7E47DC208CFD.apk	2011-11-07	0	0	0	0	0	0	0
4FF5FA26333C889D0A4DD53363A8487FAE0FEF44EBCE70BDB4CEED58B6F21D17.apk	2011-09-26	0	0	0	0	0	0	0
505F790E2317C96D3F554B567FC00B7CFF195B356A10A65B580C92FAD95C28C3.apk	2011-11-07	0	0	1	0	0	1	0
518C7BC867FDBB5DAF686F2EE3D106867C60E358E959C865D9B52480B901872D.apk	2011-11-07	0	0	0	1	1	0	0
51BBBDAF511E85174A66F9732936C803DA6C017B632040ADEF78A00B666B7CF6.apk	2011-10-08	0	0	0	0	0	0	0
535284C0D40E585A68EB90550FA19774CC87F566216D0EFC7BB387AA17F88E5D.apk	2011-11-07	0	0	0	0	0	0	0
5382A41C693E73BE00AE2B629613527D481C8A17E5E98E568444FE765A409420.apk	2011-02-23	0	0	0	0	0	0	0
53BC8BB25E4EC65C6109AE763E0FC22812D56B4F5338F490405FB72E68515552.apk	2011-02-15	0	0	1	0	0	0	0
53E05BED10D8EF2119BF7034C7600B7D958813E0D614DFFDEC402A2CD82F0E46.apk	2011-09-26	0	0	0	0	0	0	0
53EA61332F4C9BBD9FFF84F284372AB0BBF17932CA0192BF6D7F08CC5E27A6A8.apk	2011-11-07	1	0	0	0	0	1	0
54A03EEF67909F314992501E42A7A82349E2BD5C7FFBAA1FE719C020FEB20383.apk	2011-11-07	0	0	0	0	0	0	0
54B7E6C8EE50CDFCF5A440773C6629065B9F2CBF9C4321D8792C1766E2DE5F67.apk	2011-09-26	0	0	1	0	0	0	0
559CB3668E7B227E15216FFB3E254233C5C89C4515A4DCDCD5A06A0CFC441DEA.apk	2011-09-28	0	0	0	0	0	0	0
56E636D5051F709293B6A8345045473CDA901AF679E819F4806BB3DD5A061774.apk	2011-10-27	0	0	0	0	0	0	0
58DCB4FCEEA5C7E83D1598CCEB5A06AC884C8E8BFD108E4D8279DF394377709B.apk	2011-10-08	0.3333	0	0.6667	0	0	0	0
5A6A87E30C6D4D7CD97070B8346CBD96C33A67258DC89802E991B1008FCB2C68.apk	2011-07-19	1	0	0	0	0	0.3571	0
5AADC73836F491310A1E83A34EFC2E0EC74F9AEA3C84C332DA89AF6F0E98E1B7.apk	2011-11-07	1	0	0	0	0	0	0
5D2F199314D72E693EA6926042B58F9FDF3BFDF34ACFD00A1266B219D9470847.apk	2011-11-07	0	0	0	0	0	0	0
5D93E04123B76783BDDA32D8967702D7240E1B60C171C50637377D1A008270D3.apk	2011-05-24	0	0	0	0	0	0	0
5DC9568C5FCBCC47411B79C09D560543B27BCAE8B3C8BDD2026C13B5C213BC88.apk	2011-11-07	0	0	0	0	0	0	0
5DFAC6938665C1B06024FF98EECE630F7F12A468DA7548C4A937487976CE9C0B.apk	2011-05-24	0	0	1	0	0	0	0
5E2E2A251322900B7F4F35B734FB15F221E51FDFB291893FA90A3440D227C7FD.apk	2011-11-07	0	0	0	0	0	0	0
5E4A1D7D6600DCEA46D6C437E44368DFC4727FABA69E8ACEB14AC8A68ABA80AF.apk	2011-11-07	0	0	0.1429	0.8571	0	0	0
5EE2F4C1CFCBA8865E4CD866A013A78E6F89EBE15E3D73AB1B714B04D626C3CE.apk	2011-08-23	0	0	0	0	0	0	0
6039BB08699737C7009FD340AFFE93E69F90B143E82C39C4596F3A570B2A322A.apk	2011-03-01	0	0	0	1	1	0	0
637C5234DD98FD505F217A74E36EF73B4C5DA8E9FD0D7738FDDE5CA37B42D219.apk	2011-11-07	0.6	0	0	0.4	0	0.4	0
63CC5B4CF0165132F8B4D9FB6CDFA7E1337E2444CB03A408BD05FECA4D126964.apk	2011-04-14	0	0	1	0	0	0	0
647C590A2CF5EA45F26E4D06E2FA5C555F0EBD7F4B742E61A20B38BE3E6AB3D2.apk	2011-11-07	0	0	0	0	0	0	0
6487CCE81CDB74E6FC2CA6C245E9F2585C0A5C5BB3BD2E31172BF57D3C08D314.apk	2011-11-07	1	0	0	0	0	0	0
652DE81CAB1F320950BCE99AC7E19F843ECF4A54436C84E42D771E552299D4B4.apk	2011-11-07	0	0	0	0	0	0	0
66704E3468CC36AC730EDD9078FB798E9FB97DE28B3497986CAA8B92B7604BBB.apk	2011-11-07	0	0	0	0	0	0	0
66FE959649CF30B7AE7F89AC938894F6E0798AFDEF59C35A7618626E6A71E4CA.apk	2011-11-07	0	0	0	0	0	0	0
67876C40ADF1AA7DC5A913D7A5029EBEFA77FDE782E78F8C607650BEBEB35BDF.apk	2011-11-09	0	0	0	0	0	0	0
679CAFC58F49E632DBCBB54523A5A1FD492DD02DCD7EB28565CFE544659240AE.apk	2011-10-12	0	0	0	0	0	0	0
684D4B2CC72545B9CD534371DF1B3174253247F42D8E09C1A88D7274DCFDDBDA.apk	2011-11-07	0	0	1	0	0	0	0
68521B8E964A5FF295634FC4525154D0FAAFBE33EC9F0549CFAD4A83983BA773.apk	2011-08-31	0	0	0.9296	0.0704	0	0.0704	0
68DD4564561A3C6D48ED51DDB72994F7A24D9B5F7071DB822A925FBF1CB579ED.apk	2011-11-07	0	0	1	0	0	0	0
68E66BB028998C22014F9CC882943BAB1497CEDC797B638C3F8D479A8EEDFD2B.apk	2011-10-22	0	0	1	0	0	0	0
6902A032936A7C5FBA828FA026A8C187E2C7CD652AE5E546A58E46305FB53153.apk	2011-08-02	0	0	0	0	0	0	0
69B3B52B9E03E4E9A2D924E9B76410D3111FA3FA182B595181A7A6775AB6EB4B.apk	2011-11-08	1	0	0	0	0	0	0
6A02565FCFCDF8682E2C0EF555026367F8AEA54F9ADF1A62EEFE54FAF9780A44.apk	2011-11-07	1	0	0	0	0	1	0
6BB8DB5849EBF14B144A18709A7D4FC35D599C0E194762B563A8496332A1918F.apk	2011-11-08	0	0	0.5	0.5	0	0.25	0
6C45ABF63CAEAC264B030760BAA72C0405D58CE25AE54109CDCC9F7173DF4408.apk	2011-09-14	0	0	0	0	0	0	0
6D63F257DB64A32B71E0E37DBE08FA727F0BA238DA039DB46BFA8C54F06B398D.apk	2011-10-22	0	0	0.8571	0.1429	0	0.1429	0
6D8F8367EA6B2360CDE4A53A450216ADEC54228D63840BF5471A746697399699.apk	2011-03-15	1	0	0	0	0	0	0
6E339E737F3C527EDC7536D106B5134A57FCC2DB9EA90CCD10CB9FCA09D28E20.apk	2011-11-07	0	0	0	0	0	0	0
6F2E2F2BAC1438CD088DE25BB34C6DEA20B41AC7756DF397E661013664D56D95.apk	2011-10-22	0	0	1	0	0	0	0
6FBAF8F0AB94552D06FF05EB3BC44396F32AB84B2649DE12E2854F4A857E479F.apk	2011-09-26	1	0	0	0	0	0.2222	0
6FD3DF5546DB15FC9AC9CD2836A24C3CD045C19C651B647CB76D652E5505A657.apk	2011-11-07	0	0	0	0	0	0	0
70AC3462743389783DC1CD7614500B8FE84A40788552F7F9F940FA18701FAEE2.apk	2011-09-28	0	0	0	0	0	0	0
70D905E02F8CAA7BF5E831EF55F2D4D1E14BA7869C654378C6B5604E95074D44.apk	2011-11-07	0	0	1	0	0	0	0
719F8D0EA41BE8404332CF1E08F8C2008762959EACC06A9B38D58449B7AA51F7.apk	2011-11-07	1	0	0	0	0	0.8571	0
73CF8C38CD2E1B28D1BF3EF1FF96486264700D2A791F504BE7E45B2D213F4427.apk	2011-11-07	1	0	0	0	0	1	0
741D111FA7623FB7A992FB2DC2A13DCBA6432E4EB0876CE9349E64E6E50727E7.apk	2011-11-07	0	0	1	0	0	0	0
744E20EFE762D6FC30B0B2DF1F1CAD3C09058EBBF93D0F3F39D0A72B83E54680.apk	2011-11-07	0	0	1	0	0	0	0
7466A350BAFD2968047E6A0BAF4088D6E3998D1BF047BAF667C4CC879DB816DD.apk	2011-09-03	0	0	0.3333	0.6667	0.3333	0	0
751B15A8B64F28287FFD465440B35ED800A33AF347299430200F8D3866B94C8E.apk	2011-09-28	1	0	0	0	0	0	0
754DCAF3CEC706298498112094441FA30EA7AE2053E95886943C48A3A8274EB7.apk	2011-11-07	1	0	0	0	0	0	0
7784DE88D1DB7EBFCED3805D63A8F9AD6DB062509CF644B0D79150B55B702DB3.apk	2011-09-28	0.75	0	0.25	0	0	1	0
7874CA09FAB629C188CB7FF4B86FB28B31E2687E8A04437A472D65025C4A67BA.apk	2011-09-28	0	0	0	0	0	0	0
7A21CABA58A033A696265D2F1A9C421A84293CBBA19ED890BE3CC26AC584B021.apk	2011-06-08	0	0	0	0	0	0	0
7A513817C9EAC7F249C939252B48572824C9BB423CA31B3C5D84B242661D74BB.apk	2011-10-08	0	0	0	0	0	0	0
7A71E8DCB20C24DB65E84B8B67285126CDA4F9C9866A1CE3FC7864121769DACE.apk	2011-10-09	0.3333	0	0.6667	0	0	0	0
7A91BEC30F0D7596EB31FF69F86B342F0ADBA83B5B6E729E722000077214C181.apk	2011-03-27	0	0	1	0	0	0	0
7B9B8D0444D7DBB847A1C769738752BBDED0FE16F3875B81AAD5BDE0BAC46296.apk	2011-09-28	1	0	0	0	0	0.4286	0
7BBB4830583AC5A187C1BD93DCF05C7A90B83E9C9DCA0B8B6FA5B9B7579F8AAA.apk	2011-11-07	0.5	0	0.5	0	0	0	0
7BBD566F2F3ABB78B3FFCC23BA4AD84E06A00F758D245C660C61B21814A850A5.apk	2011-10-08	0.9474	0	0	0.0526	0.0526	0.1579	0
7CAE65C67C2BE103C8AB05222D84EC54E1EDD3803E5AE2D07098C911D67F02F1.apk	2011-11-07	0	0	0	0	0	0	0
7D2A2656AA5F27587AEA8DBF6AE445CE87EF6C1614EC3E4CDC17C88E69D49ACE.apk	2011-10-08	0	0	0	0	0	0	0
7DA8594A5D04439C8D50233C61EA69569C2B7F807CADE67BAD2E6435B78F8A33.apk	2011-10-08	0.3333	0	0.6667	0	0	0	0
7E4890B9A4188B5D6F1E69D2B26CA9AB8E466AFE9FA4CE233C8E57996020772E.apk	2011-11-07	0	0	0	0	0	0	0
7EF9DD6363562016DB683798F3792220D8D539F204570274A5027E3E74DF18C3.apk	2011-11-07	1	0	0	0	0	0.1538	0
7FECA662A0F75E349556F5DE26DC3ED4F224FF51C66EA595B5E6B2736590CD23.apk	2011-11-08	0	0	0	0	0	0	0
81205BC8B85C5989DF6539471EFE02334ABF2A234931E84A6C859B43F8EAC381.apk	2011-10-08	0	0	0	0	0	0	0
8133A639AB18DC976BCA90F8EC3633C8101F31B82475E131E6A39B34B4BC94DA.apk	2011-09-28	0	0	0	0	0	0	0
81660B6555AA77C7A04FEE80589E94D1520BF30B7BEFB88CBD4F268AEA30587D.apk	2011-11-21	1	0	0	0	0	1	0
817F947CE14C6960219CB53269CCAA18B939787F06E3D9326D9F8F7F4455A24D.apk	2011-11-07	0	0	0	0	0	0	0
824DF6D462F228EDBAEDE72CD37229C828A48B8AE4284373B5F9070726382054.apk	2011-10-23	0	0	1	0	0	0	0
82E486E4FD6659CBEBA0805AD2F9ABA75EEBCE51F096A307E40CD8AB5F0C6B6A.apk	2011-11-07	1	0	0	0	0	0.3636	0
83B069E565807FDF67FD2C12D302D680534EE793979302628E83E12E4E98767F.apk	2011-09-03	0	0	1	0	0	0	0
83D07E99A190ACF651B34A4398AE326359AD76FCD76253BD62536336792B371C.apk	2011-11-08	0	0	0	0	0	0	0
8416D2BB21C59DBAB2112318C6CF107E1DC7E14964F3A1801530A9DC7B76979F.apk	2011-11-07	1	0	0	0	0	1	0
8451C5139BF32FF4BC3C1C04209FD1DDD11EBAE3B8ED8216F08EC20D0D25EA72.apk	2011-11-08	0	0	1	0	0	0	0
849ED093A737A2EC02968F739510B45C60DEB418AFCC21EF76F1195820288297.apk	2011-11-07	0	0	0.875	0.125	0.125	0	0
84CA8634C85EDE8DB82FA78F3B3957E627BE04C236A77BF7D3994D340B715625.apk	2011-08-22	0	0	1	0	0	0	0
856DCA3771BE7231CE2AA4F7867ADA424A498F18CA82D74B4491593784459AED.apk	2011-01-14	0.3333	0	0.6667	0	0	0	0
857F92FA02AE8CC20011C5A9333D9A6465A62DC35FFA0F784AF1F1EFAD5070ED.apk	2011-09-26	1	0	0	0	0	1	0
869B03F20FA1537E052CC947D4D66CCAF143DA87C38D9C635803BA5FB93014DC.apk	2011-12-21	0	0	0	0	0	0	0
86EB7EDE8FAF0CA24878011CD671F83C720F52348B7431D7792C3627CD863993.apk	2011-11-07	0	0	0	0	0	0	0
87181846F84BE37892A2CB1095DCA4E8C2E56716E9D7758651D13E81120696EF.apk	2011-06-27	0	0	1	0	0	0	0
87C6B28C9538DE3883899DA27FF6AA7BC76B794DAB889CB2435DD96326BCF312.apk	2011-09-28	0	0	0	0	0	0	0
88815484196CA07AB242C11EFB42FFE829F9B41CE3E3A6FF69667A904FFD8C0E.apk	2011-06-17	0	0	0.2	0.8	0.5	0	0
88B0300223A4A49B6523A4A2BE745A05ADFD3F5C0FBC1243E9F13BB0A4203BAC.apk	2011-06-27	0.3333	0	0.6667	0	0	0	0
8994684817EB83CF360822238925C0025682A9EE804EDBF40693A0320A444ED7.apk	2011-10-12	0	0	0	0	0	0	0
8A50EFA8091BDE1DF951411F2940F15A228D0FBA381C4B9618E20860DA44C3E0.apk	2011-11-07	0	0	0	0	0	0	0
8ADDC3F82C185122DF65A9E64E5A9ABF037140806716FB0257F52AACAF2330B0.apk	2011-11-07	0	0	1	0	0	0	0
8BCC98599495CDAD4851B74BD5B0833E68D237CA4DDBD093699F2063E5AFDEE3.apk	2011-11-07	0	0	1	0	0	0	0
8C25F9E1D39628A85AD79683F4D0D81C1290B7D0BB63BD885EB7FBDA281F4D67.apk	2011-11-08	0	0	0	0	0	0	0
8D03C96404EEE79F07824E7E0B0C918A82F9DD2A612F006738369F7C469CABE4.apk	2011-09-14	0	0	1	0	0	0	0
8D5B5BCCC0CD805570D840D03DA65C4697A3411C9CCFBD39F8FDC644869B5854.apk	2011-11-14	0.5714	0.4286	0	0	0	1	0
8D625AD9402501A8D9A7A01CB06282466587993ABC4E90596909C5C4CCC50D89.apk	2011-10-08	0.1667	0	0.8333	0	0	0	0
8E0D08351256B6CECDA024232484C247D52FE47CEAE1B28EBB6E41B2DD8A1C29.apk	2011-11-07	0	0	0	0	0	0	0
8E50B2D6ACC8DD932B4BA8F804CDCCCAED18928D8506BC00609243006021D0B9.apk	2011-07-19	1	0	0	0	0	0.25	0
8E6A878E5A19F4D9437787B17BCDEAE6F2F5851181EA1C9DD8AEA4F86BD674A4.apk	2011-11-14	0	0	0	1	0	0	1
8EE6042A97C19E0B729F75F91F7D91D9B5445E7E13F947CD01B6A2A621DA0A1E.apk	2011-11-07	0	0	0	0	0	0	0
8FB35F5378F0163E255A5604E44D5E2B1722087B6FDC65228D481652F0097546.apk	2011-11-07	1	0	0	0	0	1	0
901153B245094F91634511A9951B5F6AF28D95358B1EDAA85124F2372FFBAEBA.apk	2011-11-07	1	0	0	0	0	0	0
90535B41A1069C0410A67EEE7261E9827055B1FEEAFA1A8BFA354E2F13167FDE.apk	2011-11-13	0	0	1	0	0	0	0
913B9543527E47D4FF2DCBC328C1D11205312B2E0E80C1A8BC5805B97496EBC6.apk	2011-11-07	1	0	0	0	0	0	0
91979832E5DA7D3C12D1945F51BC79CC394A0714D114E04CF4669B2FE0127DF6.apk	2011-11-07	0	0	0	0	0	0	0
922A8C05A3BD71704055D68B541C3BD7559E728B1D6A3B298EC003A171B0E4EA.apk	2011-11-07	0	0	0	0	0	0	0
936B7D1FD100355B5AA5FDEF0EAB3FD59189303621A43C915EAD23FE71704253.apk	2011-11-07	1	0	0	0	0	0.9701	0
93FDEA3A033FDBB93B775D72A2F68B466AD6C8F13CDBF452A5B65B47D34C656B.apk	2011-11-08	0.5	0	0.5	0	0	0	0
958F07DBF7D62F1BF1531BAA15FE8F5DB69FF374605137886149F2F623720EB6.apk	2011-11-07	0.75	0	0	0.25	0.25	0	0
974AD724C860736DD84F6A003BD3AD20BE6C2309B87F34A21E77A510E1CDC87F.apk	2011-01-03	0.4	0	0.6	0	0	0	0
9781FA56B5CC57CDBA9C90CEF4C86D2A851791198B673FAD829AC986B7FF3B6A.apk	2011-11-07	0	0	0	0	0	0	0
97E2B1FC7D5B64EE9E16BF29BB33F349F2E337B12522596DC5CAB7BEFC506AD8.apk	2011-10-08	0	0	0	0	0	0	0
97FAE95DA3667B2191702981B150FC0A61D2B071A7DE1142483A6E7436CF9734.apk	2011-09-13	0	0	0	1	1	0	0
98522BE2F4B665F2069FF7F2BBFE06F4656B2B733B929BB374146EBBD2FB8D1B.apk	2011-11-07	1	0	0	0	0	1	0
99BF945290823974D260BBA0C1667F5C727859964EC6C3ED7A4104A8058FEB08.apk	2011-09-26	0	0	0	0	0	0	0
9BADCF12924458DB0EC23FEF03FE3B9DC9E5BC157FA11050421CE0D082D17A48.apk	2011-12-19	0	0	0	0	0	0	0
9DC5D0CCE02094C9C65F89E5F62610B4D203E9C6751E504E599CFBA1D4E4419F.apk	2011-05-31	0.35	0	0.65	0	0	0	0
9F3C4E20C08BE9AE2CA36BA37957EC19C9ADB5F4AB137D3598092552CB28D174.apk	2011-11-08	1	0	0	0	0	0.8571	0
9F5CE8F5A4F8639A98945948D0FADF1233D7975E0BCBBEA8C96B1F130B4873B7.apk	2011-09-28	0	0	0.2105	0.7895	0	0.7895	0
9F73F0493E27CAEEAC1C6A4CE2AF3F0E7E7852C6CC3BB3F8EC73F7B7336C41E4.apk	2011-10-09	0	0	1	0	0	0	0
A05564856A1765D45A7C61F301C47495629C3F7F8878BA941D0ED2426253A3C8.apk	2011-11-08	0.2857	0.2143	0	0.5	0	0.5	0
A175680D8447D157F989DE99136A24007CF5F1FE2718A9F1E973B1583E7EC00A.apk	2011-12-03	0	0	0	0	0	0	0
A207CC9231AEE7F6F97C0C25C65B599396A067FBC88221E218627BF649D685B5.apk	2011-11-07	0	0	0	0	0	0	0
A24FF7BDF545B52530EC83EEB1640519F73DCDAF0173969A92158ADBA108A98E.apk	2011-07-07	0	0	1	0	0	0	0
A2DE1924046AA9AF885732DB7AE29E44716419DF4CD85087D49AED7D87638ABA.apk	2011-11-18	0	0	0	0	0	0	0
A441BE38727A4DF7FFF1CD98BE6750F669E22D2139C053543DD599825A476980.apk	2011-08-20	0	0	0	0	0	0	0
A54D404BC0648627C87AA4E67CBC7BFF645636F1C917D80C9938BF7503327490.apk	2011-11-08	1	0	0	0	0	0	0
A5A237A636F65960DDABA4F38D7D6E225B9AFDE24B038ED041C3C6C58E0BEB7C.apk	2011-11-07	0	0	0	0	0	0	0
A5B28996BC8BE38B1649014685B9C65B691733EF1BD21A3AA24E432183F8D2AE.apk	2011-09-28	0.875	0	0.0625	0.0625	0	0.0625	0
A5D6E2A68BC6AFCE3F9B03871B5C20EC0DA5A7194B9B9CB4A11AD453710C4B0D.apk	2011-11-07	0	0	1	0	0	0	0
A669C5B6BB138CF9E44BAA850171450D85D741A0D80626793EB00D351267A8F2.apk	2011-11-07	1	0	0	0	0	0.8333	0
A6A558B59495E1D1FE249F8D069FC7601A2E512FDFB73371221F85DA21A88C6C.apk	2011-11-09	0	0	0	0	0	0	0
A701516F138EB8B38379872266FD8A7222ECF411DDC7BE88FBF479A978A359D2.apk	2011-11-13	1	0	0	0	0	1	0
A7328E726DDDD73AA453D7FE7A1B95B3D31F312B05C325F5DF08152DAAA14C36.apk	2011-09-28	0	0	0	0	0	0	0
A80B5C97ECBCADD3682A7AD9E04919F2AB4849CC6B8D6C636DDEE5B2205D41C6.apk	2011-09-27	0	0	0	0	0	0	0
A8BB591D5E0DDAB6C54C6632A1110A117E978833FDC386329166A5EE87990927.apk	2011-09-13	0	0	0	0	0	0	0
A8C9FD35205474D027D55B6BDAC0821BC973207D66812BABC2AFE23152FB84A4.apk	2011-11-07	0	0	0	0	0	0	0
A8F20F197ADC72C7415B94806DA8E3CB433EA3D8CB794177BF7D67132FB2B706.apk	2011-11-07	0	0	0	0	0	0	0
A9530D0FB6E36DEA0A157A6196CB36E46D809221831328427133B7AAE83681FB.apk	2011-10-24	0.8545	0	0	0.1455	0.1636	0	0
AAA4BC43A94F30A1EF1BA9D42B335D7F255A40E57C6DD573AF3D3CF0E82A3AB9.apk	2011-09-28	1	0	0	0	0	1	0
AAB286990C93A3B0BAB7AF28FCD43E767936F4BC40C048675F28833BE5E2A504.apk	2011-09-28	1	0	0	0	0	0.6154	0
AABF6F6FBC367C77E5E829BFC9A19188A885BEF211D5488A522544A940C14B86.apk	2011-09-26	0.3167	0	0	0.6833	0.8333	0.1667	0
AB7C17AE0990A4D6AE196E18564AC46F44D19F155ECB38374D71DD0055FF663B.apk	2011-11-08	0.1429	0	0.8571	0	0	0.1429	0
AD007AD1C63FC42F7D29132CCBC876F97E5F76EA7C40E26D9FAB01ED70E68B21.apk	2011-11-13	1	0	0	0	0	1	0
AE7C7A568459788AC75ED76A8A5FA259B22D8C682764972044ADDD41D97382B3.apk	2011-11-08	0.4706	0	0	0.5294	0	0.3529	0
B07F6CA8CE73E4AB6076078D3A64147299C161597F22B963449E5A2B17A2EC73.apk	2011-11-07	1	0	0	0	0	0.7692	0
B0FB19EB3E72BFF8BAF14984874489107F605A9122F87BEA44395836E4C4A6C2.apk	2011-11-07	0	0	1	0	0	0	0
B10852AA0F10056ED9E96503941DA9070FE0099696ED50B58EE8F0A0B3F84F5E.apk	2011-09-28	1	0	0	0	0	0.7	0
B15A619EB9AE97F088495F93951F2F06929C2CD0FAAD2350926735D2ACEDF75E.apk	2011-09-28	0	0	1	0	0	0	0
B1BF5E8E15160E2A9EECB24BBD1C26DB97A2DD0E2A21A7F8B617AF42E2283117.apk	2011-08-03	0	0	0	0	0	0	0
B1DF4D1C01E52682AD517F4B827CFDDE5165C5C20BD5F015F96D631F9BD21545.apk	2011-11-07	0	0	0	0	0	0	0
B24847064DDE6A5B1FE86EA5A5A4069FAD2ED87EA49B941CE26850BE12D5CD64.apk	2011-11-07	0	0	0	0	0	0	0
B282DCA1339376165C11E1D342E0FE48161C22579285131911575807C073A988.apk	2011-11-08	0	0	0	0	0	0	0
B341DD934181BFD7EF4575D430B050BDECB5219901828C755B9C9F41CB838ACA.apk	2011-11-07	0	0	0	0	0	0	0
B34AF92D98AD54F66029C699B8B80741F35DC02179321B59C28C76E254997053.apk	2011-11-07	0	0	0	0	0	0	0
B3816888CD2089695EF8F9046B599B6C2BBDD6E005E6B6FF862D6F0593E15FCB.apk	2011-11-08	0	0	0	0	0	0	0
B3A91FD7334D8D7056000D772EDAC601FEF52522B55C525DD0967287733D1E43.apk	2011-09-28	0	0	0	0	0	0	0
B4D1E1981A56EEDDE507AD4A4EBE7633146D894AA2DD7C6A6FB923EA48295538.apk	2011-11-07	0	0	0	1	1	0	0
B58A06964C35A267ADAB667C8983B2B17AFDF29C2357A5FB5A3D32347C7D391B.apk	2011-10-09	0	0	0.875	0.125	0.125	0	0
B5D161A7401D596D2C1622DE8CB723478D732977A2CECC554585F9B3EEDDD049.apk	2011-11-07	0.7692	0	0	0.2308	0.2308	0	0
B5E290E405A0E1B0B9ED9C533C11C140267014576617ADF91A31C349F1C10401.apk	2011-09-27	0	0	0	0	0	0	0
B61F7DCAEA3F22133DF683EFF8231169439B2A9E7398E3029A5B12316EEDD13E.apk	2011-08-27	0	0	0	1	0	0	1
B6C9BDBF8CB311D41EA036DDD4B782317B446E52B0A4A03A4F12DC5A039B5B5D.apk	2011-10-08	0	0	1	0	0	0	0
B771D95F8DEA2F593AAF35226F9CF8AE6A6721BEBC1F9811B63FC5CEF1E594ED.apk	2011-11-07	0	0	0	0	0	0	0
B90D7D6673D174D3D302A97D7663A69A3A1D86DA7535C0F47DAE0E2B3C85D7CB.apk	2011-09-28	1	0	0	0	0	0.4	0
B944A0F1555E18A92EACD68DF481E31BF63E43535A3146764B6840B5D7348711.apk	2011-11-07	0	0	0	0	0	0	0
B97419B85ED8968F8D9193B536C00560E9A2D86D1018202E186B655D7799C422.apk	2011-11-07	0	0	0	0	0	0	0
B9FB843A1C28EC02A75C9A36E75B3B9C083C075F086C52ABC3D6A59B5A60E195.apk	2011-11-13	0	0	0	0	0	0	0
BC05074F702CF329EA9539E7AE41FC344CCD6433BE13386B611E695E3ED6A0D4.apk	2011-11-07	0	0	0	1	0	0	0
BD52E7ADC08DBAA16BC95EE4E483B17B706273965E28A6CF1EDC4A3174ADF992.apk	2011-07-11	0.9565	0	0	0.0435	0	0.4348	0
BDDC8D106C0B1197C71B6B1409E8D8C6E08E65EFE958FDEE4EB6A43A183769EF.apk	2011-12-19	0.7333	0.0667	0	0.2	0.6	0.0667	0
BE009C190CAA859CFEB9CB9A4BB856B7A7745C0ABFA6A299728488950552C84C.apk	2011-09-27	0	0	0	0	0	0	0
BE4A1C9B45D551AD371E2278494309B26564F14A1E084725B83AE0773321934B.apk	2011-11-07	0	0	0	0	0	0	0
BE6ABC3F279987CE1826939CC1C26CD52B0D50E939B78E8554EC98792420B447.apk	2011-11-09	0	0	0	0	0	0	0
BF12A72662285E6B9CE07C86D85BE07ECCC015FBD88C23615DD4F4EC14F68447.apk	2011-11-07	1	0	0	0	0	0.75	0
C00B98EAB80BF9141F74F97B89FF25DA812CDA6E411142ABF9698C8985D59967.apk	2011-11-07	0	0	0	0	0	0	0
C017E76CE66117AEC596384EB799BF612660C3C4EA3B5E09C3A34C509A3C9589.apk	2011-09-28	0	0	0.6	0.4	0	0.4	0
C1C774F01F5AC5C0EB9DC7AFADB0191E4AEBCC149180BCEB9604251209D8120C.apk	2011-07-04	0.5	0	0.5	0	0	0	0
C3777142CDDF849F9E4E5C1AAFD3D5FAA87DE4F41D5360149FF554AF7A3B4090.apk	2011-11-07	0	0	0	0	0	0	0
C3ECEF9624F44B1117E37E459086E2ED59B5A0759A80B64A7EC3E40A8007F791.apk	2011-11-07	0	0	0	0	0	0	0
C47B85D6FAE09FC3416931CEBD31118A96D47436F5D107EF36E3555610F1D9E0.apk	2011-11-07	0	0	1	0	0	0	0
C52DAFDF2A7657CD0E32A8D5360623E0B8CCE10416E72DEEFB764FB3DFED7D40.apk	2011-11-07	1	0	0	0	0	0	0
C57C5FFE7CC930E42B81623BBEA3F7B8B5E1DDCDCE8B3B8D63519CAA18B0DFC6.apk	2011-11-07	0	0	1	0	0	0	0
C5EBBD2ABA5C4F4533F75C46FBE5E696FAE4BB783631098E86DC0E6CFB9F7414.apk	2011-09-03	0	0	0	0	0	0	0
C5F9811BF0A65B99B03078FDB3BF3E7C12A638BA28A1E4E753B353690C40C6C4.apk	2011-01-13	0	0	0	0	0	0	0
C5FB09056088E9360F2887C4D0ADF7B181FDC143C341EC2B5EA5F5170F0EEB96.apk	2011-09-27	0	0	0	0	0	0	0
C61DDD5A011F85F9200A61921E856DC067F86C06BB5530A4CC6DE5817C7806F0.apk	2011-11-06	0	0	1	0	0	0	0
C687E2F0B4992BD368DF0C24B76943C99AC3EB9E4E8C13422EBF1A872A06070A.apk	2011-01-06	0	0	0	0	0	0	0
C6A0760899A67C147BD0123329E8959DE5ADE76DE718B3974FB2C82429165732.apk	2011-10-08	0	0	0	0	0	0	0
C6AA00460C864B6FBD88B922DF46AB60A9569266F8CCC0C0AECE8B171AD45373.apk	2011-11-07	1	0	0	0	0	1	0
C7B91142C43555DC8157A0BB3C78A7993528C7D71DCEF9A4FEC41A15C2C09863.apk	2011-11-13	1	0	0	0	0	1	0
C938775BAE4DF421EDB3879769BAD160FB9410CD86ACD38866600D4A59E55891.apk	2011-11-07	0	0	0	1	0	0	0
C99973DD88B8D41354A42D24070E2DEA538AB6C707AF5BF0E44D13BFB55FED40.apk	2011-11-07	0	0	0	0	0	0	0
CA3BF5AF1AC70818B99609D2B7AD1F168B96E77ABA2491247E0B090120D8B4B2.apk	2011-11-07	0	0	0	0	0	0	0
CA4B65C1B76C62337EB7CA6E87782D17A08FC0E70DE3E5D0842D2A04DDB80123.apk	2011-09-27	0	0	1	0	0	0	0
CBFD9198A23214A7B8128411953351B2D3323491C020F5B230EDDC7667418D22.apk	2011-11-07	1	0	0	0	0	1	0
CC60E5AC946CD13E357D1BC60FFD1F0D1763C343BE455048AA69D8C3ADA722AD.apk	2011-09-28	1	0	0	0	0	0.5	0
CC903349D405419E0CF0F2ABE551CEF12E2C9348C55C3FA397243BDBCB1C9B25.apk	2011-11-07	0	0	0	1	1	0	0
CCC1D340B5E4BF93913F4F4B61A7015AD87DBEA6125B14C962B42CF9A9394765.apk	2011-11-07	0	0	0	0	0	0	0
CDF416A44E5652E0785C089DD2BA7AC03B7641303CFFBF27B5B901CBE3C45100.apk	2011-11-08	0	0	0	0	0	0	0
CE2FC79AF48D16D30E1DC20605BE280328608116DAC9727187959CE50B8B15B6.apk	2011-09-27	0	0	0	0	0	0	0
CEEBEF933B42341860BEA90416C8A2AC5524D4E3049A612F28078A8048C0B457.apk	2011-10-08	1	0	0	0	0	0.25	0
CEED5DDDB8F66E4C4B00571E04A9262C971AF75AC782D99294880AAC2140558D.apk	2011-06-10	0	0	0	0	0	0	0
CF13155B4F5A5811BC60AABFDE9527036281C1B89707B099DC7EA0D6ACE4FC16.apk	2011-10-08	0	0	0	0	0	0	0
CF757E7FD3C6B1F9766CE38C014D40CA08F20E821B7F9C354F4CCA63711CDE32.apk	2011-11-07	1	0	0	0	0	0.8	0
CFA9C6EA949A3FC002C38CA3510ACFBB5EC5A210D56C12ECAC815B8806718602.apk	2011-02-28	1	0	0	0	0	0.44	0
CFD9AEC180775898254FB7F42D27042CAC9EF4B13A3B844CD5E4A4159C984B0D.apk	2011-11-07	0	0	0.8889	0.1111	0.1111	0	0
D1614418690B02C0699774FEF99F6C3E2F0319EF67CB2D099A5AAA06AA7CC7B6.apk	2011-11-07	0	0	0	0	0	0	0
D2E187F79BF1DDD51A0F115BABBF935BE9C7B10BA4184D278202EFA72A5DCACA.apk	2011-05-05	0	0	0.5385	0.4615	0	0.6154	0
D2FDE18A824DABF9530D89D6F91B2FB98BEB2BE948F711541EA8C8891589CEC3.apk	2011-09-27	0	0	0	0	0	0	0
D3AC32CB5BEAC32EF15CE5C3F8FF94DB291D1C11D33F0BF47542F3D2C41054EC.apk	2011-11-21	0	0	1	0	0	0	0
D43CC418D11BE4589EF3CEE075611E779D8719621FE52BAE2B300555AB4C1FF4.apk	2011-10-21	0.3333	0	0.6667	0	0	0	0
D4C714FC3E763F7C7FD7D8BDAF0E9A6C3CEEC48C5FB5DAC1CB52EF2C71384DE6.apk	2011-09-28	0.4815	0.4815	0	0.037	0	0.963	0
D4E3D5A1CD862DA17D3BB7F9F7AC1E7F868473BCC5B3229C65111227C0B7BDF1.apk	2011-11-08	0	0	0	0	0	0	0
D52A94CB2710FD829B41D2B042055FD58426294D107033A3DF47C492243EEC59.apk	2011-11-07	0	0	1	0	0	0	0
D58219C23A3422222B6B86F2A2DB5BDD9FF62E1BAB12380420BA4FABBE956FAE.apk	2011-11-07	0	0	0	0	0	0	0
D5F5DCB5FBB59131F6C30772DA9A94E02AFE6FF125671F736CA230029273847B.apk	2011-11-06	0.4286	0	0	0.5714	0	0	0
D68FDB989F9FE0A276A0AF459787103B960A16B8DBD2450EC1826FCD650DCE84.apk	2011-11-07	0	0	0	1	0	1	0
D96334CA60D65267807AAE6B34CEDBDEFBE754F6C144FF6A56569B1F0DAF4995.apk	2011-01-24	0	0	0	0	0	0	0
D9E1FC7E722461C2CAFDA63DCBAE1C98CB268A22DEF09B5512902278A5A7D7BA.apk	2011-07-17	0	0	0	0	0	0	0
DADA9CF6C80205F76013A1F578DAB8D4520F53C40C02B54F2AD20A62F2A94017.apk	2011-11-07	0	0	0	0	0	0	0
DB2DE302D124BC5B97ABE18225DD1F28E786C4DB1B3474F926E9B84CA06853F3.apk	2011-11-07	1	0	0	0	0	1	0
DCD301A5716FB08D9C758CA9F108080AFC9DEE1DBC56D2B2AFB5341E8EE0F977.apk	2011-09-13	0	0	0	0	0	0	0
DD2CA00C36BF57D7CE50DC152B3006ED771ADAF6115DB1019EC47B0DCEE74B02.apk	2011-11-07	0	0	0	0	0	0	0
DD9E6108E097E7D9A15C3B5A92071341ED9EE4E222974892396BF820463DE82C.apk	2011-11-14	0	0	0	1	0	0	1
DE0BEA6F97C989ABE7B552BFFB69CD6FCCE5822C196AE83D171EFC05515EA79A.apk	2011-09-14	0	0	0	0	0	0	0
DEEAD35D49F5E7E90C908028B82E9C819AA2F549D13751B9E880BF34A4368B48.apk	2011-11-07	0	0	0	0	0	0	0
E209669D579A2085004FE67B4DBFEC2F4CCD56362CB2826C4A4090A64538A728.apk	2011-10-23	0	0	1	0	0	0	0
E28796EF842B44741629D7361AFC3DA02E256C2D4198CD55668ECA2B0B3C9B79.apk	2011-09-27	0	0	0	0	0	0	0
E32715DAB38D5A587E556F9308CD2F661A7EE336CED28E0F2AFB7A5BD9047051.apk	2011-11-07	0	0	0.25	0.75	0	0.75	0
E4EC11443E31EAFE7308E9F3C2556C53C64FE927E4DC7972D63AFA67A9C8AA99.apk	2011-11-07	0	0	0	0	0	0	0
E5C24377FF23E4DAAC6C562B26F693A874FEDBE23CCA7FE30BE64F99B9667CC9.apk	2011-11-07	0	0	1	0	0	0	0
E6607E4F5E222AF61353236E7498481111C8109FF9C2D322BC6714255D5CC378.apk	2011-11-07	1	0	0	0	0	1	0
E6CD617AC7DD14BA71CC0B525445C22BFD58E75F9362E97E70D9AF6F59D2E530.apk	2011-09-03	0	0	0	1	1	0	0
E6E35962A551D54828CDD19C96271EC215873DECFF7DC1906501DA08BD42BF9D.apk	2011-11-07	0	0	0	0	0	0	0
E71EDAE743193FFA656CEACC94E3D04FD441423DEC8352EC9F17A32ED9284107.apk	2011-11-13	0	0	0	0	0	0	0
E7F32A223AD786D548D39E4EAE51EB6578020A9BF7354008805016566E5C4E83.apk	2011-11-07	1	0	0	0	0	0.5714	0
E8CAC80D0A02E58A519424D8E9C2B0AA7D643806E74497C429E5EEE4667125F4.apk	2011-11-13	0	0	1	0	0	0	0
E9CA0D18D52C793045CF31AD1245D87A6B3A56AC9AC713F0502DE24035E97F0D.apk	2011-11-07	1	0	0	0	0	0.75	0
EA153A9DC50F5F9DBAAA29D764B54A819E6B8C0917B000F1C78A32BE77F2F804.apk	2011-07-10	0	0	0	0	0	0	0
EAAFAA086A03E1A1DD528BA51EE60A9DD91835FD73D926766DF08C9FA67362A1.apk	2011-09-13	0	0	0	1	1	0	0
EB468C9247397F7EE6043FB8DCE92870D2986923CA32391950108DDFADC0A640.apk	2011-11-08	0	0	0	0	0	0	0
EC8F62DF8AE3DAC577DE0F19EEC2B2E07CA6147AE1B552021EF8BD0357E866B7.apk	2011-11-07	0	0	0	0	0	0	0
ECD83BB92EA287FDBB79057CE10A1806A48BAD03E932EE5F9C14D6B387C544AA.apk	2011-09-27	0	0	0	0	0	0	0
EE4D3A306358E08C9C963DF093C68CB90C381E57F951C6C6558B36B07EAC3DF0.apk	2011-09-19	1	0	0	0	0	1	0
EE7801D370521101FB5DC3BCB0B3AB12BF1F8F062C19A19D5498B5A0AC3AC131.apk	2011-11-07	0	0	0	0	0	0	0
EF61DA6501CA2C273E461681EE3034389FEA32CDAB862FDA872EC03502826940.apk	2011-02-25	0.375	0	0	0.625	0	0.7083	0
F15D77F72D4C89F418CF928E4A4C5DCE06CA8773F900B4855016534C882E5EBF.apk	2011-11-07	0	0	0	0	0	0	0
F2A74BF43AE9CF2E7E5C372F6C08949359241A4BB1A2B47178D4C8E2C9EF9B81.apk	2011-11-08	0.9487	0	0	0.0513	0.0513	0.5385	0
F2EDE2625FA8D80E69A199385EA303B2B78BDC60273BCADAE51D92A3B5722417.apk	2011-09-28	1	0	0	0	0	1	0
F36572CD08515C1B24A6B9755C7C381CA978E281116CCE099ACCB1BC631B7384.apk	2011-09-28	0	0	0	0	0	0	0
F59C6CA8FC7A50DAE3DA8EDF5EDCB268363826F896A4C3B94B9E17883CCB0B5F.apk	2011-09-28	0	0	1	0	0	0	0
F61EFFC70665BC09ED098B40B7386462E563B3E3B9338F22C13C70425AF246D9.apk	2011-10-23	0	0	1	0	0	0	0
F710BA6AF2F35BA95A488C54E86677334193BF1958DB2093FB40801EB3E44360.apk	2011-11-07	0	0	1	0	0	0	0
F9D41B755F32440ED41EDD0CF91DE63200B4108E9B34DA1D27C5E792A41BD918.apk	2011-11-07	0	0	1	0	0	0	0
FAB52305CD67C3702BF5C1E9B1F52F59F6ACF67EBE4DF9DB7CB9A70E9FF85F87.apk	2011-11-07	0	0	1	0	0	0	0
FAD3678B73A300041D27F081DB6F7BFC024BBE804AE32BA164D5CA4732C31FBF.apk	2011-11-07	0	0	0	0	0	0	0
FADD8276D7E00887F6A5C897D49E1BC935217684F9D124767D6049073EE64A4E.apk	2011-10-09	0.16	0	0.84	0	0	0	0
FAE3D05FBE9696F8A9DDD1A0DE62D4B56ABA7669B065BBD83144EEB95B16D248.apk	2011-11-07	1	0	0	0	0	0.9667	0
FAF4C2463DFFE31D1381D323A339F999F6CBBB580707568A8A7F177512ED1D5F.apk	2011-06-12	0	0	1	0	0	0	0
FB048E5C4D31F5CE19AC9B15E620CFDF6DE47AB23A6711F5CB2CC2993A76B5AE.apk	2011-12-01	0	0	1	0	0	0	0
FC40C087454A1AD3EC12035074B783029A2DB3CE6EC4C5654D46E6E06D632840.apk	2011-06-27	0	0	0	0	0	0	0
FCFBD67EDE50358875A8DF6CC67DDD727D50A439A6388F783EBA1BA7B2E1FB2E.apk	2011-11-07	0	0	0	0	0	0	0
FD2B807C513E5305E58A2A1BF90B7F43237644BA2C462F89AF98A83A40115551.apk	2011-11-07	0.625	0.375	0	0	0	1	0
FE77B2B7B2F291D1017697B926AE1AA47B22139C07625D607413987E68B58666.apk	2011-11-07	0	0	0	0	0	0	0
FEDEC9E790B46D52B5C88752E510E87789431C2C272B549813BAA952B638AEE9.apk	2011-09-28	0	0	0	0	0	0	0
004F71062CABA14DCDC8BE51570C311AD37FA1D90D8E9F7F735C583092AA38B4.apk	2011-11-07	0	0	1	0	0	0	0
00621674869567D7EC96313C32F723C497ED1D50B66BF24483B7D2B06E0AA7C4.apk	2011-11-08	0	0	0	0	0	0	0
00F4FA52F37037EFB710C18B7D7AE7708A27AB1BEA333E99CDCBD680EB32408B.apk	2011-07-11	0	0	0	0	0	0	0
00FBF4A1425DFB0686915F62784099E37B5D59B3189CE8A05E3B634C39C446F7.apk	2011-11-08	1	0	0	0	0	0.8333	0
01016CE496DD81F16EB240C5244DA543B20CA470AD97129B51CB3B67866D49D7.apk	2011-11-07	0	0	0	0	0	0	0
01664869B553D6CFA3F98D0D5124678A7F725F2E3B330AEBA7EBA8B723C99BB2.apk	2011-11-07	0	0	0	0	0	0	0
016C5FAD7ED9F95616B53CA74CC387E03B95ABCE4A27529BE8628F9CE61EE5C9.apk	2011-11-07	1	0	0	0	0	1	0
01E5E629B8BBFCDB3946ED74D57F2B12089AEEBF786879D8D9B570A2CCCA37C9.apk	2011-11-07	0	0	0	0	0	0	0
020D35168732AD7EB85B0372F889203829D7B56D545303611776A8124359D8F1.apk	2011-11-08	0	0	1	0	0	0	0
02F987B1D78610C08E812E3A6C2ACD6F2A072BD1AD38244C89F51BBF46B4E98F.apk	2011-11-07	1	0	0	0	0	0	0
03B12BAB0F11372EF1D9A93527C28A960A32E2650B1B8496E89AA81F4546BEFA.apk	2011-11-08	0	0	1	0	0	0	0
047DADBD106EE6D03AB38B263510EFB362A21E6F409F646B98AE0732646D603A.apk	2011-10-17	0	0	1	0	0	0	0
0489CD2840897CDC3AA7F5D70A6D7689F611BE9936E67DB7A2A3CA0EFACDC408.apk	2011-09-29	0	0	0.8	0.2	0.2	0	0
04A5B478DB09D62AE11E1B425F9155A9CCD13F36391AE439206BB1954871FA8A.apk	2011-11-08	0	0	0	0	0	0	0
04A9867FEA3CAD0006A695D24C282DF20AD2F0A68660135CA7828AC3E5D2F5DD.apk	2011-11-08	1	0	0	0	0	1	0
04C0E2AC46B023E295C56969047FF3F2947EDE38AD79B7CA25686194C3E28DB0.apk	2011-11-08	0	0	1	0	0	0	0
04CDFD2F08208E2759A6CF201DFE4C5EE6F724FB4CA752B5D2B924024E661AC1.apk	2011-07-11	0.2759	0	0.0345	0.6897	0.5172	0.069	0
0551CA5AF36475784B0FDDBB664053FEC8AB1C92B9A98AAF86B6DC6F16210EFC.apk	2011-11-07	0	0	0	0	0	0	0
055AD1D98F2C1C925873AA0580B39D9862F6DBC171D5AB4CC3C2B2A578CA48FE.apk	2011-09-29	0	0	0	1	0	1	0
06ACA610B179CD618EEFE1CEF0E25E46381A37737AD2340AB48F9F16B914045F.apk	2011-11-07	0	0	1	0	0	0	0
06AD1AA87C94F81B40A571DFA33D927CD49048E172031BDD80B19AB138653DE6.apk	2011-11-08	0.5294	0	0.4118	0.0588	0	0.0588	0
06BF5F1631E30101F2B44C34BFA0061871CA50772F96C225CF93D65330350767.apk	2011-11-08	1	0	0	0	0	0.5	0
06C275EEF4A59867DF438835D3A6F2CFAF6D3B0BDF5A07E8B094A5DD5684B3E1.apk	2011-11-08	0.6667	0	0	0.3333	0	0.6667	0
06DB59FAF52FB25DF8E96B8210C6506CA569A99ABEFC0E7446873234906FA72B.apk	2011-11-08	0	0	0	0	0	0	0
0701AF87588484914AB7C57D1097F9E7719ADB40923CE6FFDFD9E28A4C4CD30D.apk	2011-11-06	1	0	0	0	0	0.4211	0
075532F2B20C3D170DCA2CA4CE37ACF00391E71FC64914716CF51CA14C889118.apk	2011-11-08	0	0	0	0	0	0	0
07998ABAE5BF742458FE3EBFF09357B94222B6E55E78C1A98857A1BB0F1C03CD.apk	2011-11-06	1	0	0	0	0	0.6667	0
07CC72F03D7CA465553EEAC760D52A722C2CE2891CF708280B1A1D1C0AA7AD64.apk	2011-10-13	1	0	0	0	0	1	0
07E1349DFC31E9E6251A2920521E453F71CE296352861902B99734A8A7B7F554.apk	2011-06-05	0	0	0	0	0	0	0
07F95C1813D20C425880FF91ED1A40C3641F52350E0A555669681676AE05B1C4.apk	2011-11-08	0	0	0	0	0	0	0
0821E4CB107E03B630246E088EDAE1C84428D2765659E75E5A213C76D81418B0.apk	2011-11-08	0	0	0.2	0.8	0	0	0
083D61C732FC9A0D4C0FB3F32FBAE3E1AB3DE3F244D976435AF3E88ACD3D357E.apk	2011-11-08	1	0	0	0	0	1	0
08E0157F97DCFBB48B29B740E106D4E4FC4EA436A53884B38BD52852A8B64382.apk	2011-11-07	0	0	0	0	0	0	0
09B7C9CBAD97A8F8BE77CD0A189F3F36F6C7F7A2136377F52B980FB5E1995552.apk	2011-11-07	0	0	0	0	0	0	0
09D946930E9F7B3136C0D3244A0D6A5FC62127A60F6520971C765B5FE258C8F9.apk	2011-11-07	0	0	0	0	0	0	0
09F65C09B9DCB0372F93E6662A1C720B3F33547C81CC1040C4BCC3A626596047.apk	2011-11-08	0.0727	0	0	0.9273	0	0.3273	0
0B0A49AF7448228435B7D2FDE3ABD8D989BB9F50E380BD252BE79BEBF29F7A28.apk	2011-11-07	0	0	0	1	0	1	0
0B57C267A3028A744019B250A8AF44E3D5D1A1DDC650709CEC8423160325404F.apk	2011-11-18	0	0	0	0	0	0	0
0BC3E1CD4D298FCF96ADAE413BAC4B9486BB40B4059C5CD9FE3F5E59170536BF.apk	2011-11-07	1	0	0	0	0	0.4211	0
0C7E2F0B7D5DCB602C09B526885F5DD96E6B1D6D4D2900A44129C73B92196F35.apk	2011-11-07	1	0	0	0	0	0.4444	0
0CCD7CE49BF854DDA25EA3D4AEC3592BE29F81ADEE7A24A89A910247D3AC991F.apk	2011-11-06	1	0	0	0	0	0	0
0CE6A7F59CE12D472E6949F14C142ABE68B82B03C4360A65495FAA2931AAD52D.apk	2011-08-15	1	0	0	0	0	1	0
0D0BC110852DCA60B0B77E04B38C2EFD07DF35ECCDF2544A88BB8BCF508DBDC2.apk	2011-11-08	1	0	0	0	0	0.6154	0
0D479ABE853FCDC8BDB07023F13DF79922FCEA78B960391EC2A0C1722C2A4AC5.apk	2011-06-05	0	0	0	0	0	0	0
0D6A17A4F61D37C59CB808C6013E6F07B6283B1E3C073DCAB59460889EF6999C.apk	2011-11-07	0	0	0	0	0	0	0
0D774DA81E60DCA2012469C250342B41D3DDB0CF6375BB2B15C8707317AF9C77.apk	2011-11-06	0	0	1	0	0	0.1667	0
0E6D7EBB3A29DC00F4A24FA94BF268A48B68F42771A0B927024F33579ADF89E9.apk	2011-06-21	1	0	0	0	0	1	0
0E7D5EA87370CAFFD95B3BA535E1A6A47EFAD3B0B42F89FA21DF59CA097A4453.apk	2011-10-21	0.8824	0	0.0588	0.0588	0	0.0588	0
0E886479512CAC14FF96EBE7CC06AAC10B82CC6F48F80F4A8D1CEB09B41EB754.apk	2011-11-07	1	0	0	0	0	1	0
0ED1CE633B6CFE411F251AF1CE290F5ED0845845B0C96E671F8CDDFE97969F47.apk	2011-09-30	0	0	0	0	0	0	0
0F00ECEFDDEBB084A268FA5E68A40189B2A1B46DEE25E58DCC8B1A763A95A925.apk	2011-11-07	0	0	0	0	0	0	0
0F802F26C92F41EB9F11C72325226E4E142A0481AC7E3706AFEAA9B124905C35.apk	2011-11-01	0	0	0	0	0	0	0
0FA18A95361BBF4413A9B734B540F52C6BD2411090DEC4D7E3DB6708FEDC68AE.apk	2011-10-12	0	0	1	0	0	0	0
100C02721EC716096A6202DB4DA77F3E76A8C2CDA2F95C186FA43A47B1385258.apk	2011-11-08	0	0	0	0	0	0	0
1038420433AAB0078EF82F14A9A46073E8F598F5F060A0728D7076E5328E7256.apk	2011-11-07	0	0	0	0	0	0	0
10C5916590DAC85BB7E14691A0B77114B7DE9C33FA5878EB729BF2FD43DDB23D.apk	2011-10-01	0	0	1	0	0	0	0
10D241472F7538E4EFA24CCA98FEA6197DE7387FBE6509740BA1D9BC1B7CAA98.apk	2011-11-08	0	0	0	0	0	0	0
10E9FB215AD7E97B536A6848F161E059BBED76C68B0EEFA505E350A14161E92E.apk	2011-11-07	0	0	0	0	0	0	0
111CEADFFCA40ABD4B566F5BF9C0822D6E9E23F7DE4EC35AA40BB125C5F67539.apk	2011-11-08	0	0	0	0	0	0	0
1192BADCC6CD921856B9EAD5673AF6979D7B27BA028EB3A69774AB0879F67906.apk	2011-11-08	1	0	0	0	0	0.64	0
11E8E8FEA02DF74B4C644876B8E435DC5EFA6BCA1BCECD1DD83D6AE5DC859EED.apk	2011-11-07	0	0	0	1	1	0	0
12208CE3CD19145BCCD15982E97548D16D9B1C6F78B1FE66A4AC5240F40A4836.apk	2011-10-23	0.4706	0	0.0294	0.5	0.4412	0.0294	0
12B43E1256644B1812CD1058E3736C7EEA37EBF8FD4451D6D512FC4D104AD2E4.apk	2011-07-12	0	0	1	0	0	0	0
12DC43E9211A3F75A108A633E3994B4CC42C20E651E59E097F27BBB6B960DE97.apk	2011-12-22	0	0	0	1	1	0	0
138FBEA750C5F4E2BF386C3B360B03A9B30EAF17C97B754AA1AD26412293943D.apk	2011-10-10	0	0	1	0	0	0	0
13C08DFC23C64927F411ED9C8726C14EE0AB5784A40C5922F3AA720C72C8F830.apk	2011-11-07	0	0	1	0	0	0	0
13F954EFD91602F7598B4B0A68505B58155327CA26B6315B73292F4EFE280818.apk	2011-11-08	0	0	0	0	0	0	0
145A0FB0F3044D2727DC4B093CEF4CCABD5FFBD4D548E866597C195074715FCE.apk	2011-09-10	1	0	0	0	0	0.4167	0
150DE28CBE1964214672FC14D9FB392DC9DABA77AC4749BAB46A5A6B793C55BC.apk	2011-11-08	1	0	0	0	0	1	0
150FF21C8688A0A1F72A7EE3BD23A17F46F79951468CA92802AEB88DB16B6713.apk	2011-11-08	0	0	0	0	0	0	0
1511DC4B39901257D960306E452BFDD44BF2886CD96DB96CADBBD492E8448A2C.apk	2011-11-07	1	0	0	0	0	0.75	0
156DDA7A056BEB167BA13B6BD9D8AA62C344AF6BA9B6730B46618A87DE01AB52.apk	2011-11-06	0	0	1	0	0	0	0
15B77F77E0FB339F2DFB454E1EE6EDF799EC1AA0BCDD688C4C443380432B04EC.apk	2011-11-07	0	0	0	0	0	0	0
1610A5A589E168B5479AA9283BC524FF327BD3FF17202D65A5ADF1536092BB15.apk	2011-11-07	0	0	0	0	0	0	0
1616E0B636C41A41111C0EE3BF505E6CD7BD49CF19B779E4F43519F3F5E6A08F.apk	2011-11-08	0	0	0	0	0	0	0
16A0AC35562031F623E0FE735428FC89B57655613491DEA32E558EE8A5627649.apk	2011-09-30	0	0	0.25	0.75	0.75	0	0
16A4C13B8B9F05A4DB16DD1B2330CE83905AEEC06E74CF104BABD75CF8C5700F.apk	2011-11-08	0	0	0	0	0	0	0
177820A1B7DAF18E54D265FF1645E0C323DA30B5209C204D92237BBD2C8F75F4.apk	2011-11-08	0	0	0	0	0	0	0
19944BF715391ECB7AAC998B469C52AE3116060AC7B46D4A6D1BC23F7ED14EC7.apk	2011-06-12	0	0	0.4167	0.5833	0.5833	0	0
1BBFDB86EF8D3C374AD8A31D4F9DAB54525E14D59E30C979E7C23F7525E4FFDC.apk	2011-11-08	0	0	0	0	0	0	0
1EE477813FD117A681F648600F7F3DF0AC4E8701B76B0C4876AA7F5872D617B5.apk	2011-10-04	1	0	0	0	0	0.3636	0
1FC7D8B8AFD9091FB2F95FB3B570E9727E12DFA39358A2BC126E6DCB639ACC80.apk	2011-08-23	1	0	0	0	0	1	0
1FF001F3EA8EF13D562B99B11CEE7C1004ABF7DE486C38E9DDDBAA2B64EFD992.apk	2011-08-31	0	0	1	0	0	0	0
205C7E369C54510BAEA2D63CDC174B4ED1C8380B1FF67002FF6E26404997DECF.apk	2011-10-10	0.5556	0	0.1111	0.3333	0.1111	0.5556	0
2681B0EA19336BAD9A6EF2CEDDD505F9DD4D0A58F967C72FEA198A9BC05EC43C.apk	2011-06-05	0	0	1	0	0	0	0
27E9C9E7E6274A79E9BFFB7711918C88D8E890B38460FBAF5844F5561BA249FE.apk	2011-09-29	0	0	0	1	0	1	0
298C90B074995D01EFC294B7DC4C6155E7F0CB04C44B44E222F8E8CB2F510017.apk	2011-07-13	0	0	0	0	0	0	0
33765B4372535D80D052349BD502CE01E0C390DA3B6B201D097FF2D28884B44C.apk	2011-08-29	1	0	0	0	0	0.3	0
33DB1A077412450308EA7A1146D6E83E6E62DDC9F42B5FDDE1C5C805C961C5F7.apk	2011-11-07	0	0	1	0	0	0.1765	0
33F51F1D40A5ED3A874D7ABC5720EA43EB261ED6129C3F06F234157780F8DE3D.apk	2011-11-06	1	0	0	0	0	0.2632	0
360A0FB734AD535B6CF07A00C0CD9BB881BDBE25DFB1E5231510E2D8717E3BB6.apk	2011-10-23	0.6	0	0.04	0.36	0.16	0.16	0
36D7471FA1E7C3AF4BE233F4F4971B41CF0A1EF1067D4C3B1D3BD4C3CD3D2E38.apk	2011-09-30	0	0	0.3929	0.6071	0.6071	0	0
38070B4D027E0256E6B8538384E374E14D7F8006920A60E9BB9238CD45855CC6.apk	2011-10-27	1	0	0	0	0	0.0952	0
3853430D4601544111D1F1DA80FF353DC4601378F999DF7B53DAD7E313F86E1C.apk	2011-12-21	0.5714	0	0	0.4286	0	0.5714	0.4286
39354CBA9301700FF3E08D182A2CB4FDE94D92CADDD9AED89BA2198983D004FD.apk	2011-07-28	1	0	0	0	0	0.25	0
3E72CC3C0DB3513A29FF53E27726FB9277C7D2F13661CF0DFCA8EB34DC690074.apk	2011-09-30	0	0	0.28	0.72	0.72	0	0
3FF6877551ABBE1EB01B90BFF13AF61AB971B8A522911883E995B1B8FAC30635.apk	2011-11-06	0	0	1	0	0	0	0
40E09F884C5D7E4BEFC63C8D55E3FEFCDCF34EAEDEFCFE913302E21EF74ACFC1.apk	2011-11-18	1	0	0	0	0	0.6818	0
41508FBDE38D3B5EA1546D42EB2E1BD2180CF9FAFE09DB02A4EDB99738C144B6.apk	2011-12-31	1	0	0	0	0	1	0
42A2A35DA100D99D3D891DE53663FDE355D14AB2AD10D211086484357F856A9F.apk	2011-10-23	0.5152	0	0.0303	0.4545	0.2727	0.0909	0
434DCF5E7F9ED445E77BA781461FFA8D00BAF21B94670D4C3E461C45DBB22A20.apk	2011-09-29	0	0	0	1	0.5714	0.4286	0
44013D2C454B8BDE4CBF280250A21AA428640CD0B0756AD45E49F10A6186C35E.apk	2011-09-29	0	0	0.6923	0.3077	0.3077	0	0
440C7C47FAA4BDE635D4DD473BC57FB6AF6B1C861E2605ADFA381A3A4A20BE5E.apk	2011-11-19	0.9524	0	0	0.0476	0.0476	0.2857	0
484804147B90B5AD68E86F35FFFE156638A6AAE2A783FF2F4C49F2137DE9026A.apk	2011-10-23	0	0	0	0	0	0	0
4CECF454DF76F187DF67D6C1D185A625C63007CE72E414AB8A8112A601EF3671.apk	2011-10-22	0.575	0	0.05	0.375	0.375	0	0
4DB9936E2BD190CC35710264179D5FEB28735C0661991593F28D5FEA6B2A3998.apk	2011-12-21	0	0	0.1053	0.8947	0.8947	0	0
4EBF42FF9F90A302FE42CC4E5DA0E65C902B1C18D8CF5396B5A30C2DDC1B5163.apk	2011-10-22	0.3333	0	0.0238	0.6429	0.5476	0.0714	0
4F77E4612DD548F6F60EB4DB80393E1E019D6C2E593B92AC1829D928739217B4.apk	2011-10-23	0.7857	0	0.0714	0.1429	0.1429	0	0
4FB6BCAC98872B0EE94D3CA258069B6B02CAFCB0980C5A44482A950B2AB62B45.apk	2011-03-28	0	0	0	0	0	0	0
512C22E678DD4638D893E63D71946C260881E7CECBE3B4B96FF71831292F87A8.apk	2011-09-30	0	0	0.3226	0.6774	0.6774	0	0
52C6BAC36667266376EC82EC041DA34513C69F536B4000C65B74B7575D32DBEB.apk	2011-04-04	0	0	1	0	0	0	0
545E1A911DA1071D79D9C40E945480FD9D5BA051472991819F8EB2644C5A6F3D.apk	2011-09-30	0	0	0.4762	0.5238	0.5238	0	0
546E4FCBD3AB83F5F141539E353BBB05F7AE432DAFF511439C91F8887515EFC1.apk	2011-08-29	0	0	1	0	0	0	0
557C747619413D88DB31FC79E97BA0657B0FB32BD9D8E0FC23616DC6D0BC4394.apk	2011-11-08	1	0	0	0	0	1	0
594EBCC14A163B86222BD09ADFE95498DA81CEAEB772B706339D0A24858B1267.apk	2011-07-06	0	0	1	0	0	0	0
59B41EA263F18FFB16B0490DB05779272271EB3633C1BDC1F842387F43D2A180.apk	2011-11-01	0	0	1	0	0	0	0
5B72E14C1BDCA5E2DEF1915DEB3B05D1A64C20C8912E4F6924DFFED4FD3AD666.apk	2011-10-27	0.9474	0	0	0.0526	0.0526	0.1053	0
5D3A915B34D0925B9EA4A7E33E8E70A428B22CE57CD17CFB20DF37F463502B82.apk	2011-11-07	0	0	1	0	0	0	0
61BA6ACEF4D241675333E4FF2C3C51021D922D74E5F31A6B0DECD3A43BF8B03C.apk	2011-10-07	0.5	0	0	0.5	0	0.75	0.25
62161683D71C190290AB6442BB586D21EA3BD88274097696A656EB4ED82608F2.apk	2011-04-30	0	0	0	0	0	0	0
64B1B37FE8EA8E7CE8F3E1805878417F9A7228BFCDA9E3F3510F5D37265518D9.apk	2011-10-23	0.6176	0	0.0294	0.3529	0.1765	0.1176	0
6A8255E23FF5CEE1587BA914CA9D29C3646F16405CE2309EEBA916363C4EA36B.apk	2011-10-22	0.8235	0	0.0588	0.1176	0.1176	0	0
6AB166A6832B669B755CEC6E0B4794A3159A2D24ED8E6D461A67837BBA778250.apk	2011-08-08	0	0	0.8	0.2	0	0.15	0
6BED2FD9FE2A19BA917E9D67BC279130D3B00A9B8F0F7246D3EE0B8B729AD9AA.apk	2011-12-08	0	0	1	0	0	0	0
703DDCD984C50571FE711A97523CEBF061E49FE73604D651DE1766D16856241E.apk	2011-10-23	0.6875	0	0.0625	0.25	0	0.1562	0
704736950BA26C887484C211282B905AD103094A9A2027FD323E65D73F10E652.apk	2011-10-23	0.7273	0	0.0455	0.2273	0.1818	0	0
71738EAE47D06FE16D8640715AE1070EF09C4333E29470A423834B05B6C39823.apk	2011-10-23	0.7273	0	0.0303	0.2424	0.0909	0.1212	0
718910C7D9EBAB4D6A19B7F1BE64B6CA7978920AE1C01E6E37DFF30B017D7221.apk	2011-07-30	0	0	1	0	0	0	0
7513C6A11B88B87F528B88624D1B198B5BCC325864B328E32CC0D790B0BFC1C4.apk	2011-06-05	1	0	0	0	0	0.8	0
7C19DD32C6BF2C43073183196BCA1B9AC356BA3D3FF7D22AAD72AEEF08CD1CB4.apk	2011-09-29	0	0	0	1	0	1	0
7C95757D8C4C4EC33ADA77ED757B25F6F5A17FE4E4D97FBD35826ACFBABCC0B1.apk	2011-07-04	0	0	0	0	0	0	0
7DCB02D16FE53B3DE5536428A4BD3436E41E076760727909ECA3C4B1C97985A0.apk	2011-12-19	0	0	0	0	0	0	0
80612FE193401626268553C54A865E67B76311E782005EDE2BA7A87A5D637420.apk	2011-07-04	1	0	0	0	0	0.1818	0
835F2C711A361EEF39C3820316A8844249C100183722BDA5C1BABB42B3C0163F.apk	2011-12-20	0	0	1	0	0	0	0
83BAABDCCA7BB58AB624B00BD6BC4F089B086634AD569D82B6D9C204DAADA6B8.apk	2011-10-23	0	0	1	0	0	0	0
863F25F36EA599A7F56C4BD5ACFD5B5D320A09AE0ADB32F04764C82E5E87A4C6.apk	2011-10-25	0	0	0	0	0	0	0
8EAC8CD8D5A3F02B477C9AD620D278D59E518616733326FCFFE67834AB687CF9.apk	2011-11-18	0	0	0	0	0	0	0
922741596DDE5081760706C653A7B2BD4634C832B648CD3D06F7EDCA8EA8D1B7.apk	2011-09-23	0	0	0	1	0.4545	0.5455	0
93BC7CAE3DC7ECAFB01A9D136A7D24E280673F7DDE1B30F545E1FE2646E8A66C.apk	2011-06-05	1	0	0	0	0	0.9091	0
950E8BED5BB1695F4169F454A1A2D08877BFD9FA050294CA99035D73FF53E19E.apk	2011-10-23	0.6429	0	0.0357	0.3214	0.1786	0.0714	0
968E404C838D96D36DE35EC6ED802EE80A85297E4FB24986E79CFA57295A3C93.apk	2011-12-30	0	0	0.8333	0.1667	0	0.0278	0
96B883AFB98FDB47290A3D9FD32BF32CD360F1E2903747A7FE4AB39935FB9415.apk	2011-11-11	1	0	0	0	0	0.1176	0
976D9C8329534E151A33C53305AB5A4054C489E2D477E4EC7366D7DFA55FF32E.apk	2011-03-25	0	0	0.7778	0.2222	0	0.3333	0
9955B8F090ED3A2B1816444C4255B27F89EC415BD26AAF9322851077363B1D5B.apk	2011-03-31	0	0	0	0	0	0	0
9AA68D37EC4583747E0FB7C4CB5026E8A24F957179E38869BEBEECD7D2B6DFE2.apk	2011-11-09	1	0	0	0	0	0	0
9AD05566F481877187AF2968173DAEF98F65A911B39DCF42EDD9415DC1CB3CB9.apk	2011-12-28	0	0	1	0	0	0	0
9AE7270CBD1A2CD562BD10885804329E39A97B8A47CBEBBDE388BF364A003F05.apk	2011-05-11	0	0	0	0	0	0	0
9F2D74A54F09D36386D44F92892848F72FD5B360A97A3252D2A9DFE65734A6DD.apk	2011-09-06	0.7586	0	0.069	0.1724	0.0345	0.069	0
A0D3C6BB570DDBBBFD00CE8CCF72C7FED095E931F823D967F2040626DEE7E18F.apk	2011-11-03	1	0	0	0	0	0.6667	0
A1120A2368B5E470206374D3CEAF81C8CCDA9E064116E235975B7562A5F77182.apk	2011-11-18	0	0	0.9714	0.0286	0	0.6286	0
A55E53D704642BDFAECD75203BF7138ED46436814C936FF9947CFC5BAF471F45.apk	2011-10-23	0.7826	0	0.0435	0.1739	0	0.1739	0
A80AAFB874038FE66AB1CDD17430AA74C90F0544B17DE03D24C0594E5AE9465E.apk	2011-09-02	0	0	0	1	0	1	0
AB0A824F00E4AEE68A17DAD86182B6FFE83D6D7D07D572D31183CF4A8C1723DA.apk	2011-11-07	0	0	1	0	0	0	0
AEEC49360124E7756DAD93452853ABE2CE99F56262599A7B86327A2AF971EFC3.apk	2011-08-15	0.7143	0	0	0.2857	0	0.2857	0.2857
AEF39A6FAEB83695C7D97B93E6BC550D0AED93EFE886E651A1610DD8B2ED013A.apk	2011-10-13	0	0	1	0	0	0	0
B25DA246E48C46C37ECA75A3A5E7F2FB12E8AB581DFAF3C5866B82CEEFFBC309.apk	2011-05-12	0	0	0	0	0	0	0
B325DB20495B31633E4E6D081984C3D08F38167D402A7A91CCE683BE73106995.apk	2011-08-29	1	0	0	0	0	0.2857	0
B4098AE6205E3808A6B79495B2027452A7B8191200402F8BA32DBA0EAB21EA99.apk	2011-11-08	0	0	1	0	0	0	0
B5C82034117C447659481738982E54BE3CE707A803EACDB2797DE00A76F34508.apk	2011-11-09	1	0	0	0	0	0.4878	0
BA1AA326CA5B79E79FEBA9BBFE85F238B63C317D9329F1F7C28D54FE905353B9.apk	2011-08-10	0	0	0	0	0	0	0
BA949E090EAB02005F9B1823B59AA4329017EA2441E81734F4827B3822C9704E.apk	2011-11-07	1	0	0	0	0	0.3182	0
BB71C099E3A43950C0CC6F444416672F8CFBBF2C51FCB85EC9B72EB9566FFAC6.apk	2011-09-05	0	0	0	0	0	0	0
BC6514AAB3C927A137BCB161E11E8CA5D2F2D22ADA8808760C51E3C7B75C7F99.apk	2011-11-07	0	0	1	0	0	0	0
BCE128DBE9A75CCADE50ECAD2E52499F67E58479ECD69861B3D117984DF47136.apk	2011-11-07	0	0	1	0	0	0	0
C0C2375CFD17A429C754352081DF3217D1D1B2FCE22D60FA3F22053E1AB156AB.apk	2011-11-03	1	0	0	0	0	0	0
C15093CF81ADAEFA9172A9907B8ABFEF5BC41F6F4984D46D371173FF27E227A2.apk	2011-10-23	0.5	0	0.0667	0.4333	0.3	0.0667	0
C1A94E9FD0A6BDA7E5EAD89D8EF9EE064AECCDAF65238BF604F33E987A8656B9.apk	2011-08-19	0	0	1	0	0	0	0
C2236E4159E14623214C9F22EB8B373AE47C20CEF126398B7EC2D11DDF7133CB.apk	2011-11-08	0	0	0	0	0	0	0
C2B2C2BEA89CAEB6929C4615C4B866DC7CF4640BFAAC182001185317846121EB.apk	2011-12-06	0	0	1	0	0	0	0
C3B0FF9C168FCDB02573AF741FC1E9B9E3EEA993A5407CFCF0BB29E0800760BE.apk	2011-11-07	0.1053	0.0526	0.8421	0	0.0526	0	0
C42B95620CAAAE1C03DFE1F2C756A3583CD0731D8522EE3275E9196DB8027753.apk	2011-06-29	0	0	1	0	0	0	0
C50CFC0732A58058529173C333E3551CBABFB1123CC4D2407CFF9FC454D8DBD5.apk	2011-12-28	0	0	1	0	0	0	0
C5EA7E9101DCE70C56A0F48B622FCFF619D615F5034B15D21BDB7F40B74602CF.apk	2011-10-24	0	0	1	0	0	0	0
CA8EB1155C2F5B33822B906F2255CDEAC0EEAD86A58F151C11BD5003458CFCA1.apk	2011-09-22	1	0	0	0	0	0	0
CBB007BDF9C5D82E0FD4FF6A1932C587D188050F9B5E1B8BB7921D4DA04A8472.apk	2011-11-18	0.64	0	0	0.36	0	1	0
CD116512FE123D26B2984E89FB538E023D8F52B35583F977E623A54A513FD183.apk	2011-08-08	0	0	1	0	0	1	0
CD6ED0F9C19D71274B8B068F73D7188ADBFCE27EA6A5F4F71A2E3AC558DC1E57.apk	2011-09-28	0	0	0	0	0	0	0
CE48103C7D4A0773C6D7BEF73DFE334D9EA927619CE0E1CA7B8C8241945F8E13.apk	2011-11-08	1	0	0	0	0	0.6667	0
CF18E309326D593292115084B5CC469F0F9E30ED805C133CD622202912BD6DA0.apk	2011-12-02	0	0	1	0	0	0	0
D343465BAE11A0358C7149D3F9CCABF00744CAA5FBB1B6B79812B3B04CD92047.apk	2011-10-23	0.3333	0	0.0417	0.625	0.625	0	0
D42757D4771B677CB4792E0934EDDC8762C05AC25715470CBFBD9D5215E756A9.apk	2011-03-22	0	0	0.75	0.25	0	0.375	0
D5155A2D2F27A1CEFB8F005707BE1E27A7601888428500AA1665C38A1F2F56F2.apk	2011-08-03	1	0	0	0	0	0.3077	0
DB104CAC9471650E5E5AF54E14C80F6247E16923E78E41DFAEED42F28CF5C523.apk	2011-11-23	0	0	1	0	0	0	0
E46AC3C57AEE9CA308BC43D0B84BCD1BDDAFBD92388BC6AF5C92AC514AA24267.apk	2011-07-05	0.125	0	0	0.875	0.8333	0.125	0
E8C805BFEFFA5B7B65FB69464CD4DF39267F0F5A9325934117A78B775130D44C.apk	2011-10-17	0	0	0	0	0	0	0
E9CAA0DB27CA215ED26CF31564FA1AB420C27D77D6D0C11A364E227697DC5A72.apk	2011-11-06	1	0	0	0	0	0.44	0
EB22F22ED9C23463D614FD66CF41EDF235D4A719BA40B1A0AAB4E369DF7F1FC8.apk	2011-11-07	1	0	0	0	0	0	0
EE19913AF9D8B3051B8F05F1AFEBECFD79CA25525FC9256BCF7E57269B158B33.apk	2011-10-23	0	0	0	0	0	0	0
F4BD314481FC97FB78EB8239EFAB813B16C55BFDFA6598A64E60E80BC61E0290.apk	2011-10-04	0	0	1	0	0	0	0
F5A516A90212526751844BDDDE9B3AD66BFE1D369756D3D5105B3F530D68FC11.apk	2011-10-23	0.72	0	0.04	0.24	0.2	0.04	0
F6239BA0487FFCF4D09255DBA781440D2600D3C509E66018E6A5724912DF34A9.apk	2011-06-02	0	0	0	0	0	0	0
F648800E2E35525972574F23B59CC7D96A9B646598DE63D240CA564D9240EFD0.apk	2011-10-23	0.6522	0	0.087	0.2609	0.087	0.1304	0
F65058C5857B94F795FFBA556D63845A8D60C18A781C8FEC53E4229B954F2A50.apk	2011-11-17	0.7143	0	0	0.2857	0	0.7143	0.2857
F7F0800F44EDFA9F055F8C71493CD38EA370FC6BC213FB614FAB160F8956584C.apk	2011-12-26	0	0	1	0	0	0	0
F8990F71D53014EAD02E13B4E063291D80DBA9892B80843A9FFE007C816429E1.apk	2011-05-12	0	0	0	0	0	0	0
FD415B3A3FD4A92CFA52D5B4E54658EE23AB3AC0657BE92A39619C140CCED73C.apk	2011-10-23	0.4286	0	0.0714	0.5	0.2143	0.2857	0
FFF29F78324C75C8727426D77B128D3EE9DF7BA6A1F0BE1617BE3430ED99D050.apk	2011-11-21	0	0	1	0	0	0	0
