015DD5FBC7CD8E65646E1F498FCF810C987C2956844BE6738CD83B784215066E.apk	2014-02-03	1	0	0	0	0	1	0
018A2F9722EBC5BCB4F162B222192A41C6058270E3C2009139072D18F3E49580.apk	2014-02-04	0	0	1	0	0	0	0
0247D6214FAB6E165231F31EA071CB986C7C77352DA4D6134B66BB6E2CFF4139.apk	2014-05-05	0	0	0.6667	0.3333	0	0.3333	0
0278D2E9E88435168FE4F2E268707B64C410E85E91B5A0E921A135A61B0C23B3.apk	2014-02-04	0	0	0	0	0	0	0
039B0054484E9BD1059C26CE71988D8F0CADF6211F64DE0A2B13122E3E4045DC.apk	2014-02-04	0	0	1	0	0	0	0
048FE1B580C7A46133CE09FE67D66F6F26C2190348898EF3E9B9503A0856DDDA.apk	2014-01-27	0	0	1	0	0	0	0
06E55C4ED7C718B5DFEE4D5DECBF3A52142FEB07A5AF93D129B605E220F08656.apk	2014-01-26	0	0	0	0	0	0	0
0AD4173386573B77FCDD841CDA48B4270CE07BC94332BB4B2E2F264C3FFD8F80.apk	2014-02-03	0	0	0	0	0	0	0
0D0656D60F53D80FCF60A0715564A85859A89538A6EACB2EE464B9BD975BBE66.apk	2014-08-28	0	0	0	0	0	0	0
0E7C4842A8CB807A66B10B6C24E82DE112F2D1C26B77042734085E331D930C65.apk	2014-05-28	1	0	0	0	0	0.5714	0
129B124B77146B202BF55633A4CCCA039FEC43F3B67323E5E8276ED875A0D9D8.apk	2014-02-03	0	0	0.0526	0.9474	0	0	0
149FA36B821EA593B52E75CD1A04C9AA3C84604A0D436A6E655795CDA27A2391.apk	2014-06-27	0	0	0	0	0	0	0
158B857DA23D69F6C80D794CB240E2C43251BA0D3E623FA3BE2C84EBF4AC36E7.apk	2014-05-05	0	0	0	0	0	0	0
1701307AB8B11CABA54B349430BBD9641C5F3FDCF4C9F8423C7725C231F1B772.apk	2014-01-08	0	0	1	0	0	0	0
1A2167641B5A0BBA0B85DC77ABE214CCE88A15903560D141417273A845E55664.apk	2014-02-15	0	0	0	0	0	0	0
1B555A226B62D02A3E5780264A0A2FBF493AA9F0ACDBA9F8E3766C99D7A62BB4.apk	2014-01-27	0	0	1	0	0	0	0
1F74D2CE4AB995D18F9BEDA91723E1D7C0D5C1ECBE3D0C2CA08C754435ACF7E8.apk	2014-02-04	1	0	0	0	0	1	0
1FFC0920F8AD2C24185982CB4D568C07926A80A8ACAA03E3DBE8F4FAF490EAC9.apk	2014-02-03	0	0	0	0	0	0	0
248909A9930846F3EBAD8F3993DA570859B75CB579D94779705D62D57FCDC88B.apk	2014-02-14	0	0	1	0	0	0	0
2620A3B234B6C9AC50D4188ED65D8D629D7B20501B139CE1465C76D6C9CF4899.apk	2014-02-03	0	0	0	0	0	0	0
262F1770D6E583587BC8298BC2ADCE9DA101536EA464F472F4D65B24E993CC71.apk	2014-02-04	0	0	0	0	0	0	0
294B59B5F981A67A8F1C3C068382B084C9CD276323C50090754B616B75EA0008.apk	2014-10-14	1	0	0	0	0	0.6364	0
2B2D70E40E326571CD7B323C79FCE1F963A66C3B571A856F3B95FD6FD17D47FB.apk	2014-02-11	0	0	0	1	0	0	0
2B516706C7390082F0060FDA61F1CF5964C0F74EDC5EEC854273C4885DD7937C.apk	2014-02-03	1	0	0	0	0	0	0
2C4CF53CECE1041A42169D07C1F0785C825A0D7CD06EEEF75E3CDE86E9C43A8C.apk	2014-05-05	0	0	0	1	1	0	0
2E4BCD322AD64B155C4F875FE4EAEA22C1D3E12CFF6503B8CE855353E4E977D1.apk	2014-02-03	1	0	0	0	0	1	0
2E9C7DE8192EB970841247DC159483B520BA3ED6F225DD762C83B10E8175FE49.apk	2014-01-07	0	0	0	0	0	0	0
32657AAC9FA19DE05D8CA8B5E56FA270B171FB8AEDE7DF95F179E12EB8076801.apk	2014-07-26	0	0	1	0	0	0	0
332D9DE2A7DE90F5E548F978934E2F81C52C485D132B9D39288364B4053DC80F.apk	2014-02-04	0	0	0	0	0	0	0
332ED17AFA97B81183D6DB553692AD9D89604529B9B58E2A3265CB07BA75E73F.apk	2014-01-03	1	0	0	0	0	0.1429	0
333F61D8A0750E0C9CF5062D1D829FBEB5B5442959E64A8B06A8288C4B61D8EC.apk	2014-07-14	0	0	0	0	0	0	0
38092C11A5094CBBCE5D3DDD03B11E661190FD6B2DD1ADFAB603A0A522FF9514.apk	2014-02-03	0	0	0.5	0.5	0.5	0	0
3B66BA8E2098ABE2DC886003B6CA75D1F059560B38F43B4503C4E065C01BB3A1.apk	2014-02-03	1	0	0	0	0	1	0
3CC9229B3A2D396DE273E9565EDDE671CCBBB0D44D52A3F94FF4CD63F6F9AECA.apk	2014-11-22	0	0	1	0	0	0	0
3EF00539CF38E0F70CDAE56413EC21F8899FCD4F8227854E6DB6D3FC30419853.apk	2014-06-29	0	0	0	0	0	0	0
401BA74626309F0D9F4507FBB215DAA6991B46D41952DA43DBB21B1206C450DD.apk	2014-06-27	0	0	0	0	0	0	0
429C33DA730440FA0829147F39BEA284B9A2DA81B5C54D9EB47627C1E15A46A3.apk	2014-02-03	0	0	0	0	0	0	0
45BD9CB01985CD6FC49C484A5E939EEBBF8B92220211F6E68B860815384BA0AC.apk	2014-01-27	0	0	1	0	0	0	0
4862E45E8C48C2E24030A6F94DAA83D5F0373C03A0BCEC5FE5A403971AA74D08.apk	2014-06-29	0	0	0	0	0	0	0
4CB44E55B4EC65D63B5B600FF8A4C185981205D1B45FAC3A5213489D30F9E82F.apk	2014-02-03	0	0	0	0	0	0	0
5001CABB0C0E2885D867B50C8D95D8002658843AD2A692EF546E7148C61F0778.apk	2014-02-04	0	0	1	0	0	0	0
50E6EB675C1E5F4114D105D4C6E386569D7CD367D4C2FAD2E10F35EEE298ACCD.apk	2014-02-16	0	0	1	0	0	0	0
514892010A93F5AD0EB0B4B7735D5AABF15C112D39E43A071955FDCB2F4F765A.apk	2014-02-04	0	0	0	0	0	0	0
51F4E6398A02E1DCA4B447F3620EEE16781015A57C9EF3A88919FEB800177067.apk	2014-02-04	0	0	0	0	0	0	0
53CC0AD3481EF0B165789CECDF7BE77FA6D87EAD31AC848722BB0E1D62F99F4F.apk	2014-01-08	0	0	0	0	0	0	0
55C64F968A9967DD3B66F4BDE68A66B87982DF951F08ADA007DE11A3C8CDEC68.apk	2014-02-04	0.6667	0	0	0.3333	0.3333	0.2222	0
55F3A122F865AF5AB1D75F186D1180CB4DC74BC4A08F9981BC5F11645ACA4209.apk	2014-02-03	0	0	0	0	0	0	0
5740738CA5DE34074F3CC129214C6B109E3DB2464C996E5230D4024F392DE608.apk	2014-01-19	0	0	1	0	0	0	0
589CF0040407366A99FDB0F542FF2B6989079E45EF299753E8891F909BF41C47.apk	2014-02-11	0	0	1	0	0	0	0
58B39755892DB9A985DBBDE2D2D30B3509EBC2EC7DBA53D42373524840C1463D.apk	2014-02-04	1	0	0	0	0	0.5455	0
5FA7DFFDE3EC949F2C61AC786AA4BCA5F19B063DA25F5B7DB757E48B26A06A71.apk	2014-02-03	0	0	0	0	0	0	0
648B10C86A37BB6C85A1245ABF6D9C7E70FBD9E9E86D219A2C0E72E8189628E1.apk	2014-11-09	0	0	0	1	1	0	0
6586C3F30B3AC7CA05E4F7B1C7F2FE82C1E7FB7EB08D69E6D8703EBE404255B3.apk	2014-10-27	0	0	0	0	0	0	0
66FABCBFBC3039CB1BFC1366D2859E16639F73610AA07F890F81905384456F21.apk	2014-06-26	1	0	0	0	0	1	0
68216273250400D1393F937F77DF2EE361CA65F3D58DD08CEAAB1E305EA153BD.apk	2014-01-11	1	0	0	0	0	0.4	0
6A9C62C290CC654C88C5A6972693A3C5071C26E956ED7731E10D7412ACDB56F5.apk	2014-05-12	0	0	1	0	0	0	0
6D055937F03CAC45F966FA87F234DADDC6A77C19E13F2F990B6874D4008042FF.apk	2014-02-05	0	0	0	0	0	0	0
6D3E32DD3DE13191D113F03E6F9B1E6FA615839C5D138C5A848D728C579159BA.apk	2014-02-03	0	0	1	0	0	0	0
6DCBAFCC512AE4C02DB906D5862463EC5A9763C464DEF94F9C34B252FD8F5F56.apk	2014-11-12	1	0	0	0	0	0.875	0
72F2F010E0C827409431650CFFCE12CB857B1BE7902AD27D723F55585EFC80D5.apk	2014-07-01	0	0	0	0	0	0	0
7614E0A774CAF6E3A379C0A4454D32A8DDFC03CA747E1DB65E5E7DDFB21BEE3F.apk	2014-02-16	0	0	0	0	0	0	0
77D7D4C28DC1737DB1A440F70CD33AC35BCE69DF2949CB206F96128486AA86BA.apk	2014-12-01	0	0	0.6875	0.3125	0	0	0
781730B98A0B86807039A3CDF572C562C1FB5F0C912741365CE3E541DC11FC30.apk	2014-02-03	0	0	0	0	0	0	0
781E5A114D0B0DC7565C280E197E1F1802EB3C0E04862CFA5D8978337B78C327.apk	2014-10-14	0	0	1	0	0	0	0
784A0058745B3F481CA6DC31ED12F560EDBE64E848B8B0812B5D32764E8BB3D3.apk	2014-01-27	0	0	1	0	0	0	0
7C0EA595E6B69721CEC452C87FD240B15716C83CD291322A385490A0051C26F4.apk	2014-06-27	0	0	0	0	0	0	0
7D5CB63C3A0DCBDDD24DDB4B7FD971594465D5A9AD39FE877AE6C0273BBA5C78.apk	2014-12-11	0	0	0	0	0	0	0
7E21126EFE7E4FD17B2988AE7794AE43FB52A394F8BDF7A8EE5F5A31AE80C9E0.apk	2014-12-25	0	0	0	1	0	0	0
800C635BC809684454CA234E8B5E95E76400A9F51D9CD679A0283457024012BF.apk	2014-02-03	0	0	0	1	1	0	0
810C572894837DFDC150A283641AE7B0EE1A348B1F845ACD1BCA26D6D093E091.apk	2014-02-04	0	0	0.0065	0.9935	0	0	0
81D9F69A0587C8773137DBA41135ABC06609359D8E21FD24ACD40E68E4B34058.apk	2014-05-23	1	0	0	0	0	0	0
848B7AEF5E7A3B618575501EBAD702549311870A758DFC92711FCF8E2C1EAE67.apk	2014-06-16	0	0	0	0	0	0	0
867BB83A5E60FA7EB79B5EAA12A917DE8F3C671EC7FA82EC1F4F53F663E21EEA.apk	2014-02-04	1	0	0	0	0	0.8	0
867FB99A8FC5678A6F1A4EC3855CD5D5526D76FFD483DDFB6DBCB360C41473E3.apk	2014-02-04	0	0	0	0	0	0	0
8B12DFFD49DC64E002F686DFB536C20EA1344AB48C4E925E5967A5492E676AF7.apk	2014-02-03	0	0	0	0	0	0	0
8B33599CF0279EADE60FDC4DD6162A9B324301EC1DA1697D1F866C90B1F49168.apk	2014-02-03	1	0	0	0	0	1	0
8B464D66B08A567CE2AA6075A2B0E3D2D601C9A884950E12CBFE2D81EE226559.apk	2014-02-04	0	0	0	0	0	0	0
8CC999E7C61F7275CF2C91C290E83FD68F0FDBDD09F2100C091076CF88BFCDF7.apk	2014-02-13	0	0	1	0	0	0	0
8D6DFAFDDEBC0674EE66125742B65E2E2177D0FF8B85C5FCB513B354D021FD02.apk	2014-02-04	0	0	0	0	0	0	0
91BC3BE7E82296C240765EC91F5AFC178F0FF58B4F1A35D757A4D39832AD81DC.apk	2014-02-12	0	0	0	0	0	0	0
937C8FA619209EFF143F5BDBB9D108CD575B24B3EC8A1BF055641984933D256F.apk	2014-05-05	1	0	0	0	0	0.8333	0
9640EE940744A629AFF89C8022C9D7CB0AD8007CA45ABC0AEB73440911E8AFDE.apk	2014-01-06	1	0	0	0	0	1	0
96E318D0258A4B5C5B62C49B9080F0E66099C0B351A8A7A957A003D72865DB32.apk	2014-11-26	0	0	0	0	0	0	0
9850019E837A36C596F20D2492C31130A81D4F3A5588F4078A82B4AE355521F7.apk	2014-02-03	0	0	0	0	0	0	0
987103C5E7DC746F41FAACD74502D684D0493247A4E9BF653D25D50FEC5BFAE9.apk	2014-06-27	0	0	0	0	0	0	0
98C4720318AA3FF7E57AECAC380D17CB873051427AF3A0F6C615A753E91F475A.apk	2014-05-05	0	0	0.5	0.5	0	0	0
9A72E463EFD2915946D2E4F77A953C98A23EA70DBDE0F6236F50D69F0123EE95.apk	2014-07-07	0	0	0	0	0	0	0
9AABFCB2ACFFCD59AF7B18EF6AF122447B034EA7A51B4872FBA909D245C85EA2.apk	2014-07-06	0	0	0	0	0	0	0
9BD8275302779AAA6B4940225A73CA6E90781D47767C80E8396EF2D11F0E31C6.apk	2014-05-05	0	0	1	0	0	0	0
9D1A5A42EE46B367C9280F92F9038CECD49DA76B02AB741A192521D1FFB7D52F.apk	2014-10-31	0	0	1	0	0	0	0
9E6AB821739206D9768393215E7F452FD2B0F2507B46FD664D68A4FE40573F03.apk	2014-02-12	1	0	0	0	0	1	0
A2D89C34281710D381E9A8B287709D6C09C5219AA89CBE1D027E94D3028542D1.apk	2014-05-05	0	0	1	0	0	0	0
A32442B1AF6C96C6C25B40BD8C108A18ECB83686CF6CF6832A04A37A4816D56E.apk	2014-02-12	0	0	0	0	0	0	0
A340872990BFADF92918FD85CC79AFD8C3A7ED072EE1720345FE4F8D5CDEDAE8.apk	2014-06-19	1	0	0	0	0	1	0
A3B8E116ECE525B2AAE2D88D3068E20AA08D56E5C20E99A0B11FACB70B6E9A11.apk	2014-02-03	0	0	0	0	0	0	0
A3E93BD91090F0099BA433C476D301DDCC72F13F7C308483DEBC35F4B1A35AAE.apk	2014-02-04	0	0	1	0	0	0	0
A50C2CED258789197659D8BB1325BF391CD41D42FEE0D3A4F4E693EB58C946B0.apk	2014-02-16	0	0	0	0	0	0	0
A6E351FED4218F2ED33679F07A8713246779DBA489EA43D33D11B763FA28FD5C.apk	2014-02-04	1	0	0	0	0	0.8	0
A74241FDF3DF474D1B7FC72EFC23D153F40534C69782D68C37C45F1A0D6B5E7F.apk	2014-02-03	0	0	1	0	0	0	0
AA1DE79ACC724D960681A5F319427454B43EE6788DEB20EFDF7F2B4BDE1E56B2.apk	2014-02-04	0	0	1	0	0	0	0
AA251203071229B2BEC4659CB8D2699C9507F56CF8EDE64E79E875E7EFBB93B7.apk	2014-06-27	0	0	0	0	0	0	0
AEB432628566B89880058EE4D2544E0B2FAB573A0F43BF49075BEA882D7297FB.apk	2014-07-06	0	0	0	0	0	0	0
AFC68969A30CEEEFE355A0B079B2E9A288D2B02906702829B18B5DC32DCDDB61.apk	2014-06-29	0	0	0	0	0	0	0
B1B3CB54ED5E6F2069501AA46873EBD57D2419D718B7F65BC0B58E337955AF73.apk	2014-11-09	0.8333	0	0	0.1667	0.1667	0	0
B2943B47ADE6C478DBBAD91B23ECD6320B40E88ECBC65F5AFA25B3140701321F.apk	2014-02-03	0	0	0	0	0	0	0
B3005E8FF0707C62FBFF26BBA2D680ACF2A459CE49B82E7179586F564B8421A5.apk	2014-02-04	0	0	0	1	1	0	0
B36C70DE5FFB2845E57D3AE2A8CB213FBF8894D6A13A73C9E2BC0DBD06770ED5.apk	2014-10-16	0	0	1	0	0	0	0
B3F2955D14489BAC605D9290E4B139A065AD670D729B5B84C0EF4F82821F5A3A.apk	2014-11-14	0	0	0	1	1	0	0
B4059AE25E4737C4455E193487EECFFDCC0E92944A613B52EB3E124F781BD8C2.apk	2014-05-05	0	0	1	0	0	0	0
B5D09D45DBFF58B0424B84999B7E9DFE7C6D0750AE1082DB606C2DED68CE5A16.apk	2014-05-05	0	0	0	0	0	0	0
B78221994A0EC3189F85347EB7B5E00AFF2C3B4A8D2904A42CA0B81D0B60A475.apk	2014-02-15	0	0	1	0	0	0	0
B827194DB2C87FE37AFCF9422CA546A31B3ADA65ABE0D2E77B1A715E2C6DA352.apk	2014-02-04	0	0	0	0	0	0	0
BC0D9C70AA82E93185B2AC864BB0A77C455136A64BBBA717F4DA2F329FC1131E.apk	2014-02-03	0	0	0	0	0	0	0
BC5D1ABFBDE8F2B9E4907ABF9273E7F1C44CAC6469AD6E574FD2615146A28D7F.apk	2014-02-16	0	0	0	0	0	0	0
BDA29301EA3E5A5B068FBA1237178D715503FA965D8FEE3860CC28255505E295.apk	2014-01-27	0.8333	0.0333	0	0.1333	0.0333	0.0667	0
BDBCEA0C837B714ED5C3BFBE8FACCA7633A37FDA7035280BD6412808EF88DF25.apk	2014-02-03	0	0	0	0	0	0	0
BED30709887475D4982AF958AE73AE08127F276961F142E82D0EB27CB13EA593.apk	2014-04-04	0	0	0	0	0	0	0
C070114BCEE311116750EBDD45E7EADA9023C7C43DA2DE99D47C877C90DA8968.apk	2014-07-11	0	0	0	0	0	0	0
C2B14011EACF5D005C58AE6082DE190CE02671EBF15CCF91BBF17F5B3DEF5229.apk	2014-12-24	1	0	0	0	0	0	0
C4A385A146BB8B400FBCFB4C949DF1E7DF44BD4BF225B497ED79D61533A851D5.apk	2014-02-04	1	0	0	0	0	0.25	0
C833B11C17222FD240EED945FBF70C79A331A4DFED57EDD20B91CD0A76EBCB4F.apk	2014-02-03	0	0	0	0	0	0	0
C8505746C5B68F3FEF9C5D851F3EAC0722DF3746924782E90CEB2EA588830E87.apk	2014-02-03	0	0	1	0	0	0	0
C9446EE239B840B76B276E66E05955E11F90F28372572F8DA937BBB2C6E16701.apk	2014-02-04	1	0	0	0	0	0.7857	0
CB48FC4218E5D2E801823A2254AB9A685FEEAC10788F6A6095BF8BA9E1FDDCE8.apk	2014-06-27	0	0	0	0	0	0	0
CE06CB11B37A4549044141F503803AE221314DFE560566947E3F9072DCBBEED5.apk	2014-02-25	1	0	0	0	0	1	0
CF1276B7E9D4297204C52BDEE75ED347029EA04D57F95D324075F44A6A714B5C.apk	2014-02-03	0	0	0	1	1	0	0
D4CA7FD14CA29C9BB8DC985CEA5FF34E8EF1F7BCDBC0BF90628B9522DCE50BF1.apk	2014-02-03	0	0	0	1	0	1	0
D5928B6C13B5584B9B7F83987AD920F5BED9450E918E06AE2FB05364E67D4609.apk	2014-02-04	0	0	0	0	0	0	0
D6AE4FBC689FD4A36458569FA3EB491E6FBEEADE189A71FCB9C9095ECBB04343.apk	2014-05-11	0	0	1	0	0	0	0
D74922BC50D7DF2A2325898F9758A8023CBEF0541EB5C6CBB075E9B876613F5D.apk	2014-05-28	0.8261	0	0	0.1739	0.2609	0	0
DACB614F6497E7C54B16860B40F149D8747E6089348C3DA0ADCC47BFA8AB916E.apk	2014-06-27	0	0	0	0	0	0	0
DAECCA145FC74A37F3F11E3747D8FFAAD74A42664A8B5A7C60454CCBEA53BB75.apk	2014-06-27	0	0	1	0	0	0	0
DDECFC286B2BC6B6CB0899B3141357E2D72F27C665D2D9A37F5352FBCE8E73E4.apk	2014-02-03	0	0	0	0	0	0	0
E194DBC0DFE50BE174B554FE692B4E341BA7BA5F3B2701A288D6A7482082FE04.apk	2014-02-04	0	0	0.5	0.5	0.5	0	0
E3FE39C8BAC2A664B57FA7E18A650DDFD38EE3F7B005E25E5294CB8B6F0DDD72.apk	2014-12-24	0	0	0	0	0	0	0
E462B75CE780D4DC64485198C02DCE1E7CBCDB76F487A2A73A329B2EEF3595E0.apk	2014-11-12	1	0	0	0	0	0	0
E76659503AFBC4B08AE98CD73CF2DDA06406095BB26E7281796E1BE5372EDED9.apk	2014-02-14	1	0	0	0	0	1	0
E930ADFFFD68D7D1BF9572EDAF8A8615BE2A717AB9B56E500777050AF6A66CDA.apk	2014-01-30	0	0	1	0	0	0	0
E9D2D36724F6075602C7699853E234B5A37FE5936910D4993974D0793ED2557C.apk	2014-05-24	1	0	0	0	0	0	0
F2525DC36DDFD9D8624D09EC7C487636016D69E52AD44BCD2AB2FE50E94B4440.apk	2014-10-29	1	0	0	0	0	1	0
F48688E1A44C65DAB26515BDF1E7A392A6C86070C49DDD4F0E076FBA00C27F72.apk	2014-02-03	0.7778	0	0	0.2222	0	0.7778	0
F5A0BA524C381A490BEA1AFA392C8C6CC2904677CC2C772C41FD8B61124F3C00.apk	2014-02-12	1	0	0	0	0	0.5	0
F8404EA134B12FD9590B2A992F61F6F95D7833E382AAE896199B744216DE4147.apk	2014-01-27	1	0	0	0	0	0.5	0
F9E0D0C51F800CEB66F6BC9E596AC71AC47C4E2964ACDE41E54C74B06017D4AB.apk	2014-02-28	0	0	0	0	0	0	0
FB809F08D47DB3FD1E0774C00DEE46A9D6B8AB470DE29B9E1103788CB5F176DB.apk	2014-02-04	0	0	0	0	0	0	0
FC24D9F56AF222ECF16AF21076C4F846E26CC769FC9C1B06CA649C8D705A89F6.apk	2014-01-10	0	0	0	0	0	0	0
FD5B3376BA836632C0790F5E24DACBE46583166B0260624BE75AF85012C29806.apk	2014-02-03	0	0	0.04	0.96	0	0	0
FFB90F0AA9C8AE130E3C62BD70C31C96B658A3B1A25C2040B7873451C787855A.apk	2014-06-17	0	0	0	0	0	0	0
000F21EF29885BB947E0DA37352622481628ACEDF82E022A69368E38C118D5D7.apk	2014-11-16	0	0	0	0	0	0	0
001EB3E765549D21A391FBADF221718513448D852E4B4A9365F090F7692B2BE3.apk	2014-02-04	1	0	0	0	0	1	0
0029745CFA96B6CB094534A70A65961DD66A185A207F1B743F35BC6B1E3FAE01.apk	2014-07-14	0	0	1	0	0	0	0
0036F43EBB3CA4E9E415FFA333EE4FC24BCACFB0BAD819939E93B95CACA65E5F.apk	2014-07-03	0	0	1	0	0	0	0
0049B410260870EA068CCFA89810666B3D5517317CAB7DCF1A9C779584873CC2.apk	2014-02-12	0	0	0	0	0	0	0
00570E621FFE3CFCB972A1B19730E545AE39AE21E9A4BEA6BA34DEFB8AA80543.apk	2014-02-16	0	0	0	0	0	0	0
00737B14DCB340260A534DE7B3FAA1CE0E276F93DF68F5C2A69C15075A973F8A.apk	2014-02-12	0	0	0	0	0	0	0
0081815387849A0C678381547A35BB6DEFBE9C2BCE542300DBDE834109B949B1.apk	2014-07-04	0	0	0	0	0	0	0
0082ED754CEF75A20DE35290EE6A6BB31D04DF5F971D85419C0E0FE683EAC369.apk	2014-10-27	0	0	0	0	0	0	0
00AFF141C90E66BFD43EB8A4B9BFE6748B6D04E0EA78E833986A9E8D5D06AA09.apk	2014-12-26	0.8333	0	0	0.1667	0	1	0
00DF57EAC12B809D16C58C5631AEFD6D2BE79DCB8E20C859C1599FEB8AF05EA4.apk	2014-07-26	0	0	1	0	0	0	0
0118C5BA2193BF425953E28CD0A828C3A0B0FA01FAC6116872100B7786157AC5.apk	2014-11-16	0	0	0	0	0	0	0
0128618B3CE1CA23E0FA13C812487C10B313FB5B1B27C56A74DDA3A088FC731C.apk	2014-12-29	1	0	0	0	0	1	0
014E7A9A4033C284009957DF3F655E0F39AAF74BF4C2D0FE02C14B654766D58D.apk	2014-01-04	0	0	0	1	0	0	0
015C8DB6A475906E6EF1E0DFD9CB6D669E7911BA8335709B1F282EAEBDAC2480.apk	2014-11-13	0.6923	0	0.3077	0	0	0	0
01842A1AD3B6800F9A2775AB8AE813934FAD43579B9B831C2D123DD7B47B52BB.apk	2014-11-21	0.6	0	0	0.4	0.4	0.4	0
018FE60258877FD6F5F084C004FBA85E92CF744DCCDD4AB164A2CC4BF1207F89.apk	2014-10-11	0.6667	0	0	0.3333	0.3333	0.6667	0
01986D7B3B0379B732B3F150A671F2050A5A30DE9765153C602B3C47723B2AD8.apk	2014-05-05	0	0	0.9688	0.0312	0	0.0312	0
01BCB1FE7EA1634E170DC1B19C1771934A2D218696EC9A003406C045AD3A225B.apk	2014-02-03	0	0	0	0	0	0	0
01C2316A7B5AF47385C9B8765EBE78DB9F8ACC7264C0E40B6A64943892478CC3.apk	2014-03-11	0.3333	0	0	0.6667	0.6667	0.3333	0
01CB7FC7565CFDF7F6EABFEC7D6BFD0561CA99F1B382D7A977ADDFEF60957DCA.apk	2014-07-06	1	0	0	0	0	0.1667	0
01DFDAEE7E02FC5E8772A8C1BF1140F2FE55027B5978C1767DB0D74B33EE5BB4.apk	2014-02-03	1	0	0	0	0	1	0
01FC7542FA1A3BC0CF6F6C97B7F8185CB4A2E549363D5B14AD2DBF161BDEE789.apk	2014-02-04	0	0	1	0	0	0	0
0247309695731C6CEDAE159FF6A12AB445F4818D9D86A76E66D88D154FAF2D1D.apk	2014-07-06	1	0	0	0	0	1	0
0249CA6715D45E06AA529FB3C92A349FB80C7751E65AA8A3F798E8769BE5F58C.apk	2014-03-11	1	0	0	0	0	0.6667	0
025877410793FD2CA8C351F88432D1607D3ED72543DD7B354C666BEC94239E95.apk	2014-05-07	0	0	0	0	0	0	0
0290E7C2002A53E6FE80FB7F63EFB4584E7C44A0042F52BC3BAB6D42A00EE2E6.apk	2014-02-15	0	0	0	1	1	0	0
02A5116C1F16CEC5FF1B8FFF507E5828D79CF0A08CF5875BF1F36BDF26D4187B.apk	2014-07-01	0	0	0	0	0	0	0
02A92B5D0C46CEEE037CA4B6E4B29D82AA148CC24A0FFB490D196371C55ADF32.apk	2014-02-12	0	0	0	0	0	0	0
02C03086F591A404304130700AA9FF9B8B39F7B6F3762182D10CBE9D83B2C255.apk	2014-11-20	1	0	0	0	0	0.9167	0
02E3B1CD933FFD28D365758D09BFB640BBDB25F8C79A00CFF1E59F7F913980AA.apk	2014-02-13	1	0	0	0	0	0.1	0
02F2B248D878A9C4D5270FCCAFBE0D64FAC649920D3A4A26B77FDFAD2442167E.apk	2014-10-27	0	0	0	0	0	0	0
02F6AA57BBF551F8DF8BC858CEB7D0EB685379693C555E07EE2781C2DD09F15E.apk	2014-01-29	0	0	0	0	0	0	0
030901B4713498F9254EBFC9822F4A9FF386C3FC5372AD094710F4B35A3BF6FC.apk	2014-02-15	0	0	0	0	0	0	0
0313364C7C6588D1A66D6F2024826C64F36D7510FB4E4AE9D77DD0C95B9479A7.apk	2014-02-04	0	0	0	0	0	0	0
032C690E0F076F8E746565AF2E08A9C1F6BEC3052684875483DD1AA208950D0E.apk	2014-02-12	0	0	0	0	0	0	0
032F9342A6EC118AC3D775CF97D1CB32E10AEBB4D3A09DAC77D638FF126F20E7.apk	2014-06-27	0	0	0	0	0	0	0
0347765164FD020685DD7FA47CEE46FF07A80026D80136D81418656CCA70D25C.apk	2014-01-14	0	0	0	0	0	0	0
034DF6BABED8D5A93E6284ECBC8C6226604623117C43F4680CECDE5B5DBC062B.apk	2014-02-12	0	0	0	0	0	0	0
035D771D95939FC1840B91BE8F1850C3F6014CF6A3C5CD53AFE3953548C0E832.apk	2014-10-16	0	0	0	0	0	0	0
035EF94162D0BA533AAC936F38B0AB502436E5196A59C90D3368E7D23A516821.apk	2014-05-06	1	0	0	0	0	1	0
03A1CDBE886B0FDE87C8C17973DE2D0A33E784056146E6DEDC5E55FC92A2BAF7.apk	2014-01-27	1	0	0	0	0	1	0
03A38C38A9FC71AC30A74340E7C184B3C273B622A7108D419707A874E08114E9.apk	2014-10-13	1	0	0	0	0	1	0
03B495A9A7A648A45A3D5E529B665AB1075F7C62F51EFDD69D6F5605426F23A8.apk	2014-02-16	0.7241	0.2759	0	0	0	0.9655	0
03BF6830F95C3580DAB4A7E9057AD19B32ED13910A5B70B203C0289849A06F93.apk	2014-05-28	1	0	0	0	0	1	0
03EB277120FFD52E957EC25300D23F1A97CF14FD175E851DCF5BDD0C703957C5.apk	2014-10-27	0.9804	0	0	0.0196	0	0.9216	0
03EEDB6B17B4FF454408DD876DFFEDB3AC525B8A64DE3C91F7CC9D0812C637BB.apk	2014-11-30	1	0	0	0	0	1	0
0446542149D332A7D1A44BAC0BA5CD1ABCE27B55D306B2715A5FF0A021F84D13.apk	2014-02-15	0	0	0	0	0	0	0
045958C64F69B9BAFED02BD0A7F3CD772AD0EB06B7FE448038D06FA453FD4478.apk	2014-11-12	0	0	0	0	0	0	0
04862FD018CB6DBC503F75232373E6AADC96FC0E3739815A0254B6A129E53A18.apk	2014-05-26	0	0	0	1	1	0	0
04D918E0B2AEB2BDB865673D24A9750A174A6BBF375D024744F59E5BC46B6C71.apk	2014-02-09	0	0	1	0	0	1	0
04F8558F37BE3B5E7EA460A666B5201FC6A68A911F923AA449D8E924F22C1693.apk	2014-07-17	0	0	0	0	0	0	0
0519F8C7A8938BB2E0B40A030B4359B8535659460191893FB02DE4CDC052C2E4.apk	2014-11-15	1	0	0	0	0	1	0
0568728D3816AC27284191D42EB16027906C9873E2B3DFF3569C9BD6545BA225.apk	2014-02-15	0	0	0	0	0	0	0
05880686E41FF1FF7CFDC07CC10CEEFE07048AB8B3D4D6B870B9BA2F27247652.apk	2014-11-25	0	0	1	0	0	0	0
0594993C3592A10A94146697D9D703414171407D75F202F75EB8FE0C38C49651.apk	2014-11-13	1	0	0	0	0	0.625	0
0597D81BD0E2DEC555AA61AE6CD1B0EBCD13B3C3A2C8DC202890452AA17CE90A.apk	2014-03-12	0	0	0	0	0	0	0
05AF0637308DDEBC0A0478D9F1A956522F20F62307F09AF6C3F6FDE0833E3D76.apk	2014-02-12	0.7143	0	0	0.2857	0.2857	0.2857	0
05DCA18EC18EB5552403537D676ABDC4DD2062B45C4ED47E570883A3B1D1F89A.apk	2014-02-11	0	0	0	0	0	0	0
0604A563AFBBDB8ADD430139ECDAC9CC2823FF72E32C47DB452D8EC02D7B2091.apk	2014-03-26	0	0	0	0	0	0	0
060CBBF81172804D4AE6870EFDCC59A3D1F57C643CB252644BE6162FB780D108.apk	2014-02-04	0	0	1	0	0	0	0
060E721F9E572DA2CC3435042D569A9AED68797F56C18185E86FB7DA679779DA.apk	2014-05-01	0	0	0	0	0	0	0
06475F99CBD6B7BF6F1BB97FDE7B457B672017CE9B98AB7DBCDC2F51C276C62B.apk	2014-08-05	0	0	0	0	0	0	0
0664BAF63EB2A43D5F793A3A74FECC625A4A7FF6CAAF313EF363E72E2C46D9FD.apk	2014-02-04	0	0	0	0	0	0	0
067C17484177704A7F1EE8AE902A2A3A9AE51F0C00CD1AE1A17593BE74B15ED8.apk	2014-11-04	0	0	0	1	0	0	0
06C0B45D4C736208AA1D6669E89CF2EE830AA2020F11B3D29EC9E21F0CFB6660.apk	2014-02-16	0.5185	0	0	0.4815	0	0.4815	0
07049AFD0E95694417B7F1DC01D7B8F88342B72B21C91A15E66BA78B6BAAFFBA.apk	2014-04-01	0	0	0	1	0	0	0
07084FEF928AE73EF6656FDBC51758D35C95364A5E54F032AF2AD097B318DC09.apk	2014-11-22	0	0	0.1579	0.8421	0.3684	0.4737	0
0725D709419011B6B4549FD6B005FE3581FC6F5BF03428A77598C03487C13496.apk	2014-04-08	0	0	0	0	0	0	0
0735CE00371C28742245BC8B69A891C8C56B519498C21A06636A566186C8A43F.apk	2014-02-04	0	0	1	0	0	0	0
073F80426E032F6AB326A8EF368DB06C27598983BE65F8ACA84697F1BBFDA1EB.apk	2014-02-12	0	0	0	0	0	0	0
0777E79C30E9536788F6B48E35DE5652A5A2401AC2A69213F8B2FABCE98B0129.apk	2014-11-09	0	0	0	0	0	0	0
07CA1FB2093A8AFB772D2B60D9C09EE81A04BFAD838F50073DF6CF6CA303E377.apk	2014-10-11	0	0	0	0	0	0	0
07EF1D410EE1DCD4982314FDFEFA62FAA5A62D1B2B02FDC8528B27ED21D61E53.apk	2014-04-09	1	0	0	0	0	1	0
07FCDF50F5B06CFD935210F36B20D82C552AE0448D0E1F187C834F2A3153D5D9.apk	2014-02-04	0	0	1	0	0	0	0
0896D23B4739F72C748C6CC308202D1F5DB4D46B6ACEE4DA0299963D67FA0218.apk	2014-05-18	0	0	0	1	1	0	0
08A7FAA46171F1567AC4E0690617D7AFD93B4417E32F8353BD96485FA0C46757.apk	2014-07-04	1	0	0	0	0	1	0
08A839249D0A8B5CC963B522FA7F43F9E7A8DA9D7310C908BBEF132E602E4444.apk	2014-03-17	0	0	0	0	0	0	0
08A89551E9F08708646E3C28358D8E151F36E44FF416F5FC31F1432051A9570C.apk	2014-01-31	0	0	0	0	0	0	0
0932B09F8951C474A307716268A2DE4B2DFECFEB049F4C1DECADBA39E2C13928.apk	2014-02-15	1	0	0	0	0	0.6667	0
093B5DFDAAB2C450B45415C3EAD8F4487F20202F62E7913A811403C0A0943963.apk	2014-08-15	0	0	0.375	0.625	0.625	0	0
093BE4F59E6E1C0F3315DA72A991A173A981EC7DA6C7B92225C83EA8BC5B2E16.apk	2014-11-12	0	0	0	0	0	0	0
097C360EEB19B205E2339CA6F1AEA7E945DDD3D5D326304664BE10201138315C.apk	2014-11-18	0.7308	0	0.2692	0	0	0	0
09823A0DAB88C579214053E13C1CC6C3CBC2E6BEC610A16CF7A5A54F29441513.apk	2014-10-14	0	0	0	0	0	0	0
0991D94180955AF3A50D93BA9C11A832B26F7002869BE83A436799E5CB4A4D5D.apk	2014-11-12	0	0	1	0	0	0	0
09AC5B874A361F7863E939A0C2DB8FFEAE54CCFC2F34C862D7E703A6F216941C.apk	2014-02-12	0	0	0	0	0	0	0
09B31BF061812656BCC1E4F09069BADCCAE90A0C1531C2C8DB08E146C0B1CB65.apk	2014-05-02	1	0	0	0	0	0.3	0
09B603961CC081948376389DF35F7C716C5BDF393C0CA62FD13CECA8528C6F33.apk	2014-05-14	0	0	0	0	0	0	0
09DD17C67ED8AF6DF8BB47F888BCC74A5E3404E1EF8AA7C4258A499092883C41.apk	2014-10-27	0	0	0	0	0	0	0
0A435B83D60E14CF360348B268509B7FF569741038361AFF1796C829ABD489A6.apk	2014-06-16	0	0	1	0	0	0	0
0A6C0010B4F77ABCD9B5766338D5D6333CD02071E06E6F48710AA3551FB8349E.apk	2014-02-04	1	0	0	0	0	1	0
0A75FD9FB85B9E814AEEF4F12A010401B6EFEBA4ED332908D99E7B67E355AB63.apk	2014-02-04	0	0	0	0	0	0	0
0A8435187A9FFB78796EABC1148A5D38EEE7D9800A2C1D949B13B348562F96BB.apk	2014-11-20	0	0	1	0	0	0	0
0A96BEED7048349C92093FBD60BCA0104A572954E78B1E62206662F3C7A9E22F.apk	2014-07-01	1	0	0	0	0	0.5455	0
0AB0683F71BA69B0D8A72C2AEE8C4AE1C333E1D7322399B1C3877BAF927E0D40.apk	2014-02-12	0	0	0	0	0	0	0
0AEDA3BAE11B607FAB2C340960BE93AF09C19C3D9215DD5782BB598619949CCC.apk	2014-12-28	1	0	0	0	0	0.3333	0
0AEEB01B87C231C4BDF3EBB5F687922437D3217DCA649A820DFD438375C89D31.apk	2014-02-15	1	0	0	0	0	0	0
0AF1DF75AC1396E244148ED96B196C292EFD08DBA4B9AF2757BAFDFD3FB5411E.apk	2014-02-15	0	0	0	0	0	0	0
0B0A87ED7C72612407658885301F66E210DEF0CFFA22926FB3BA91D0B797605B.apk	2014-02-12	0	0	0	0	0	0	0
0B48D8AD8DA9B83B219C67C91254B82D9670EF28AEDACCD26C6098B0913C1B83.apk	2014-11-19	1	0	0	0	0	1	0
0BB31908BA426B5ADE4F3AD46BC9D122D2FF8D740441765680D427A772B56BFC.apk	2014-11-23	0	0	0	0	0	0	0
0BBBE1B47B29AF359A2AA68914D856A73764242DE88ABCC66A77586718C46FAC.apk	2014-10-11	1	0	0	0	0	0.1429	0
0BD804A8F48DC45CCF4CC2393A8BBCAEB557AE7C4B39D0A7487DBF2F5FFB70AC.apk	2014-05-06	0	0	0	0	0	0	0
0BE09E386802AE6B6ACA544BF4B02089723D6E8D9CF56576FBF114F853003174.apk	2014-02-15	1	0	0	0	0	0	0
0BEB68DFF71213BB20BE7F28939404659095F9D937F8410218EF28BFB0C3D63C.apk	2014-02-12	0	0	0	0	0	0	0
0BFEB81763C94F953173E84D0E62B862427824B0C893B0B3BC9AAD43E0F80BD0.apk	2014-10-14	0	0	0	0	0	0	0
0C0B0E658D8886827673DFFA4494628C824B3391B415631983FA3415B0C12801.apk	2014-06-16	0	0	0	0	0	0	0
0C34079DD465A54ACCCB5D8C7312DBB61831EDD6B9C7BD5B80F74C0F804D50D0.apk	2014-10-27	0	0	0	0	0	0	0
0C34635747575D9F7464E79AC9C994D543FE5077E48A4A94655EE8BCC077F8F6.apk	2014-02-04	0	0	0	0	0	0	0
0C70F759980601D911B6FFBC1FE0E168EB39019F6EE9E93989D562DFA7670749.apk	2014-04-25	0.8571	0	0	0.1429	0.1429	0.7143	0
0CC42BB700A751A06B003ACF59A98C258683CA5FD8680D40AF774A90E08BAB3B.apk	2014-02-11	0	0	0	0	0	0	0
0CD507D9F147D17D4387F8D78DF6419521067F4AAAF5DF4A3AED76D79AB46139.apk	2014-10-27	1	0	0	0	0	0.4286	0
0D1A1F12B05A606F395D79E3FEC56F7570512796E774662D29D4BBABA78E6A10.apk	2014-02-04	0	0	0	0	0	0	0
0D58872BC7E12B9C20DFE6D77D956B8C543B2C89D52CA9139813165D124ACEF0.apk	2014-10-14	0	0	0	0	0	0	0
0D735AEF4C61AE994949F0910D866F7DCF84C883FB995B0EC0F84B16BD231575.apk	2014-02-12	0	0	0	0	0	0	0
0DAD634918114A196752D2F7B32112BDEF7EF5061FD2F43CF62B15F12843E703.apk	2014-02-14	0	0	0	0	0	0	0
0DBF0363A405966E78AF98A8E35D9AA11100F6467266174F12A87D8C6AEDC006.apk	2014-02-14	0	0	1	0	0	0	0
0DCDD3D70936E65D8DB8A3168BD6DD8F7F892D29CBFBF730F05B45FA334E307F.apk	2014-08-15	0	0	0	0	0	0	0
0DF2F719D1555CF8572A739A1A44E5A30FBDDFB808B5374FEEBABBB8C56C8965.apk	2014-05-05	1	0	0	0	0	1	0
0E70DBC25DA0948764F7C1F23C69B8BCE0E1491246C5515EF7CAF41A10F29CE3.apk	2014-02-12	0	0	0	0	0	0	0
0E84869DBCA09823AB4094685198D9BC9BCCB724861BDA7E9C449637D042B566.apk	2014-11-12	1	0	0	0	0	1	0
0EE9558EBC16E0CF6D27B50CAE2BBC7A61946C44D9A52ED64E2040C9289C87E5.apk	2014-07-21	1	0	0	0	0	0	0
0EE9F86D821DC31329A0F803829E85D92DD694A6A3A0EEF60735098ADAB878BB.apk	2014-08-15	1	0	0	0	0	1	0
0EF1F6D898BCB0E6973B648D20B07EEE0090FE10AE9964AEA8A28E5BA8480CD1.apk	2014-02-04	1	0	0	0	0	0.5	0
0EF3165A005D5561DC2E52C04AA1F99077B345C6D9DE04234E141812CFF88396.apk	2014-10-27	1	0	0	0	0	1	0
0F0E211101DFCC4D8B37DB79B917F44EBDD4B20253D6F12B9111EF535D7908B3.apk	2014-11-24	0.8333	0	0.1667	0	0	0	0
0F10FCCCF4E93B501E425A8FAC263E9999E36D12BD14EC531E88E3E9D41AC231.apk	2014-10-27	1	0	0	0	0	1	0
0F4D8C221D3B36F17809ECFF3B026A3494295D19B646649C3268BC751F37881A.apk	2014-02-14	0	0	0	0	0	0	0
0F7277DAE62DFCEA941EF340369241A8696CF15B8F4F066BD90056B8A8B50CC8.apk	2014-02-03	0	0	1	0	0	0	0
0FAB3DD518E27F173A8D02CADF0AB09B469A7586C138D19CB7ED64EAB4DFC5EF.apk	2014-10-16	0	0	0	0	0	0	0
0FBDD6FA777F87776507EBC96E7F10A40C8A361238DA3895D69D8F92AC58A2C9.apk	2014-01-27	1	0	0	0	0	1	0
0FC0D1CF74C6D84671507D5B6A53A4D7E32C05C6719D0E4B04ED77876923A9C0.apk	2014-11-12	0	0	0	0	0	0	0
0FC80F1C4E2ADB7607251BCC389D8EA08382F67AA0A678F8B392A388153ADCAF.apk	2014-11-12	0	0	0	0	0	0	0
0FD6FD2FAFDE053F49F4D15B80C6FFA5E26ECDA7DF9A6D4DCD5BC390B7CE8264.apk	2014-12-29	0.25	0	0.75	0	0	0	0
10153C163158E7E34CC2E17EBA4BC17F75F8AD89DC73EE12634696849F1DEAAB.apk	2014-11-18	0	0	0	0	0	0	0
103439C6DE164058F86CB72499B1F96CB79476D8D64F896FFA71BC2CBEA1C8E2.apk	2014-02-12	0	0	0	0	0	0	0
1043503615C9711EAAE506C1C3F4EB80C6FF69899C1E1ACC2D953B2A04AE4279.apk	2014-11-14	0.5	0	0.3333	0.1667	0	0.5	0
106BBADAE698C7BA610DFD54450DBB601A28D3CF2B319A8B6B3BB201B94E1AF0.apk	2014-02-14	0	0	0	0	0	0	0
1085D3796642C434C5C04E378B63EBC1C4BC8141426F379FD597CD09D6325284.apk	2014-02-04	1	0	0	0	0.2941	0.3529	0
108DE30A579490E9BF04247F14731021196FDE8F29347DEC73D0B91BC9F838B6.apk	2014-01-11	0	0	0.5	0.5	0	0	0
1096BFDE32726ADE865639EBF435214FAE511A42BF1F47636C070D2550C50A19.apk	2014-02-04	1	0	0	0	0	1	0
10A612C88FCD6D2790ED85047325209F514C6AAAAB72DBD4A5922B51C1BE4687.apk	2014-02-04	1	0	0	0	0	0	0
10DB55BC1DFF1B06F4A0962FCDC66D5F628086604E66E15E1F798DEB1A3289A0.apk	2014-06-07	0	0	0	0	0	0	0
110C515E33ECA9CE4DDBBD8FE09EBA7875D0E5494D02868492C16ED23C949356.apk	2014-11-26	1	0	0	0	0	0.2857	0
1126CF1C4104DF9A6A447AAC6DA81A6F0D0ED513694C1817419E6D3B9381CC23.apk	2014-02-26	1	0	0	0	0	1	0
1146B61E11AD2242733AEEAC3B7A4D5DF73A22EE1EFEFFC6293D5BD87CCD672C.apk	2014-11-30	0.8462	0	0	0.1538	0	1	0
119EBAD2ADF5B2700BC3C944368E97E813D463C372837ACDE8C854AD091708F1.apk	2014-10-13	0.8889	0	0	0.1111	0	1	0
119FC9C749BAA814A46B26658EF05C076852B76A30971BCD088923833B9EADF8.apk	2014-10-27	0	0	0	0	0	0	0
11A82FE7C00FDF2A953DA78D56525C4C016A35A926D38F412EFB05AA0F9D9C8D.apk	2014-10-13	0	0	0	0	0	0	0
11B23186AB57A71674B65919F5A95DD5F383D01C9DCC81E4D7BFBCB9140F0F86.apk	2014-03-16	0	0	0	0	0	0	0
11B5EB0759A9BAB3A1C08225B3C441FDADF02AA41B19B18C39BD069FE35E4BF8.apk	2014-11-26	0	0	0	0	0	0	0
11DFC323837019B5AC738FDE91A794F280102AC0F961F547DB0E9D6F7364D7BB.apk	2014-11-25	1	0	0	0	0	0.4118	0
11F74AB74089A4F1CBD28BF5512D155F73F1EFCACFA16338FAD0E5C071A28A72.apk	2014-06-04	0	0	0	0	0	0	0
1212AF5B9120B1803FA6C625369BC456700B649B942B44F16B65638ED3C6C523.apk	2014-07-01	1	0	0	0	0	1	0
1251F0E1E76E4070B2E56C832C43935B25C1ACD45C29D00F6D70B5FBF6A406DD.apk	2014-01-11	0	0	0	0	0	0	0
127CEC65A670EA35C0C2325F0BA1C539CB908DC5039AD64FDF4AD590459F3D4C.apk	2014-11-30	0	0	0	0	0	0	0
1286B7018CCFA2F50DFD201EB29A7FC2FA3B88F426E4B82D5DA54D004899B711.apk	2014-05-05	1	0	0	0	0	1	0
129D5C2AD1CC828F3AE931A7CA40D50F32F0EC4B4B944509535B4FC7C135F0E9.apk	2014-01-17	0	0	0	0	0	0	0
12ACBAA2F6A7A2E61BDE2BDDE2316785F9B095792ED5B62CD29762B661C44C00.apk	2014-10-26	0	0	0	0	0	0	0
12C7C79D12FAD99748DB74176530ED937A19809C0746B77E88DF4E92175202C0.apk	2014-04-04	0	0	0	0	0	0	0
1373628ECCACC5878AFC80FAA1B6ECBF326585D4B0C7E01E25C9EA5F7CD68A0B.apk	2014-06-14	1	0	0	0	0	1	0
1380478CBFB5136706C57D9E48AA9587C55363DC49F24B56398CE4BBF269A396.apk	2014-10-11	0	0	0.9091	0.0909	0	0.0909	0
1380BE2D6CB469713EB64C2283B8CAF553955F6E2A16CD48B409A81D6DAF6F14.apk	2014-10-16	0	0	0	0	0	0	0
13BAA941F040819A595E07A48DBD50F838DB73B669DCA6FA457E98D019F99B3E.apk	2014-02-14	0	0	0	0	0	0	0
13DE5EAF5BFE4E72EE5FD3F92E6527605EB1C2CFA82CA6733461B5C78A6F7CBD.apk	2014-11-17	0.7	0	0.3	0	0	0	0
143095674EA65B136FCEE39AEAB2D8D724859971A459AD47350DAD350F235BCA.apk	2014-07-06	0	0	0	0	0	0	0
145AE7A9FA856C21F0702E13DE2957FF849D15EBE10EF7797575FB83EEC37E2D.apk	2014-10-27	1	0	0	0	0	1	0
14A72E491468B7CD120075BCDD7627B3B61289E02E272DB2DD227704E411FB4F.apk	2014-12-26	0	0	0	0	0	0	0
14C7AF3A51AD5EAD730AA3A11DDD4BAEED01CADA6FDEDFB2FB9DA3480A455A81.apk	2014-08-27	1	0	0	0	0	0.5625	0
14FB76AF386CE1804D9D88DF2C28B05E5308FF3AE5B8DC039551BA909DD69C12.apk	2014-02-04	1	0	0	0	0	0.5455	0
153D92DCE71C5991276D2F56D4CDCE013A529B85621E6E9A7ED6A18873633932.apk	2014-02-04	0	0	0	0	0	0	0
1551DC2428F9A3AD5B8CDF586E1AC6F7410E8D11CD0B8F86290CAF29053AE6D1.apk	2014-02-12	0	0	0	1	1	0	0
1565F4583CE9D27C3C318D40826153BE2DB2FB238EE695BE5F240DAF5967C119.apk	2014-11-24	1	0	0	0	0	1	0
156DF199B6A84060038A22DEE14CE92AF781BE635967A6584B1279EEDD031166.apk	2014-02-14	0	0	0	0	0	0	0
158B389EB00C235CD1A3AD4617DFE1C110C4B1E14CAFE8EE52F7EC623B7E9335.apk	2014-01-18	0	0	0.7143	0.2857	0	0.0179	0
158EE0D9C9F54B71403274AC9CA60B1E97D03B4841BAE2D44981D1FC6F293CFE.apk	2014-10-27	1	0	0	0	0	1	0
15BEC2159362ABAAD2602CED2092390E14523D5D18B1427143662E0955B3776D.apk	2014-08-08	1	0	0	0	0	0.5	0
15C2D7636CE522213BC133A0C42F561F31BE9CF7C1C7ABB21E0D7B1B83E758A6.apk	2014-10-13	1	0	0	0	0	0	0
15CD182DA4FE0CCE1CE8A81AB8C719C4838CDB31749569E90DE4161F078624E5.apk	2014-11-12	1	0	0	0	0	1	0
15F784809E48F862A59893CE1FAB979CEC6828C732AFB6690E1A5228F70FAABC.apk	2014-02-13	0	0	1	0	0	1	0
160B623D1CC9DFF4EEDFF847990B5BACB04277F00F62BD067ACB5FF6F58C7D43.apk	2014-11-30	0	0	0	0	0	0	0
160F89F8B8A9A1092A0057D8AF700DED3BDCEEA3A90F60529D64D88949F56CCE.apk	2014-12-23	0	0	0	0	0	0	0
162F661C7DEBB1D2AE443E73C24891FB7041BE1CB162DD93A3545FE1F9A5BAB0.apk	2014-10-16	0.6818	0	0.3182	0	0	0	0
163FF97E740C8838A010B10E6E5D54B7F4933D8D5E488AF2B07D2890A6534FF2.apk	2014-02-12	0	0	0	0	0	0	0
168D5744C1BC8B400ADDDB199D82701A53C56FB3549ABE822E360E85C02E323A.apk	2014-02-14	0	0	0	0	0	0	0
169769D47E0E04723FC41186ADC69103FE429FC2DD17C8BEC2A7973E8D92B4DC.apk	2014-05-06	0	0	0	0	0	0	0
16A9D9730409802C603D584DC9AB860D14AF5AD71D1ED3BC0D64B81F7920D20C.apk	2014-12-01	0	0	0	0	0	0	0
16AD912DC59F527C18529F3030525E07F13DE25F0517A17E50ECAF70FEBAAA63.apk	2014-02-16	0	0	0	0	0	0	0
16ADA4468E2340AD2C4ABDA68457E72FA24E1E76103E5E6C904A58BC98507BF2.apk	2014-02-04	0	0	0	0	0	0	0
16B0CAB9119529D0E27B7BB53DD760DBCC15623DE86C9AA745DB9F23B8A0EE33.apk	2014-11-16	0	0	0	1	0	1	0
16C14BD225257396CB7B42F8255B8D2C661CC7B4FA24EC25DB8D98987611DB52.apk	2014-02-04	0	0	0	0	0	0	0
16E677603597AC33E107AD01EC0ED936F32425DD4D3298D687F6B52B210D97AE.apk	2014-12-29	0	0	0	1	0	0	0
172891A1C2877533086E7B3B54422B8C4FD8A6220C07501B1B35A56AD93B167E.apk	2014-06-27	0	0	0	1	1	0	0
173E3B583CF386F5D3DC84481E42B84C452D414D55EB24A236ACCF1DD826B7D4.apk	2014-10-14	0	0	0	0	0	0	0
176826947DF45BF12C820A45239B3E984BF7D1E5A20DCD0494AAB1B68F88B8BB.apk	2014-11-16	0	0	0	0	0	0	0
177F4701125EE7B288C5F84D5BF88EB69C8A83EAC1D18745DE2E3741D5D39A9C.apk	2014-05-26	1	0	0	0	0	1	0
17B65FAEC618AE4D5DFEE198264A31A95995E41AEC478077C2BE6B8D390BC9C0.apk	2014-04-08	0	0	1	0	0	0	0
17DC19FC98CA806885529E7BEB56BEF92360DD2A423A719601408408BE375618.apk	2014-02-03	0	0	0	0	0	0	0
17DEC451E45259D19CAFDAF189E58E95587B5B8A8317008E97023539C511FE94.apk	2014-03-16	0	0	0	1	0	1	0
181B15DF8AD402AC7CFF182C82F7C8C6DDB6F3A5E1C8E279B6ADD470BD17E7DD.apk	2014-11-30	1	0	0	0	0	1	0
1867E950F8B64F9287EC87665915039ED6294D7DF3E1142052F14DECBDFFAFE1.apk	2014-02-10	0	0	1	0	0	1	0
18809262AFE499309C4E67D06E1E7475FAC9E0778D2D8C739CDAC1C4A91C2EE3.apk	2014-10-27	1	0	0	0	0	1	0
18882DC76150A838F328956627BF2124DB73C01E2062AA4CBB2CCAC527985BFB.apk	2014-11-22	1	0	0	0	0	0.2	0
189F3F04D7B8091D8628CB527EE6C5ED2162AA330E67421612297BA42E3E006C.apk	2014-01-08	0	0	0	0	0	0	0
18A964FF15BBC458B56091805A8B59A7A0973C1C15CBEEDB92C965C64CBE0B15.apk	2014-05-26	1	0	0	0	0	1	0
18AC91D66FEB0C305823A1F503A40BBF20DEC36996FE537DE8F703F02DE1CD81.apk	2014-01-29	0	0	0	0	0	0	0
18BACF5946AE665B61961178739B863D4B7D8C99DE3737994692434FEB6FDF00.apk	2014-11-14	1	0	0	0	0	0.2353	0
18D9A68C67F107CE9DDA02B675AD5E005277F287ADF01CAD984CA7C7FB394A11.apk	2014-10-13	0	0	0	0	0	0	0
25C553E167A274467C8B86362B9B99158DB3E9B0E42A4CBE1DC3E16D28A5EBF0.apk	2014-04-28	0.1818	0.0909	0.7273	0	0.0909	0	0
33E65F2BD45EF2D5999F95F8250AEE5AF0B1C2E5E067999E1A1081B734099288.apk	2014-11-12	1	0	0	0	0	0.4828	0
3CA276ABDDE0270425B3DD49C166223F1A57AE40E2176144E9199BE987740168.apk	2014-05-06	1	0	0	0	0	1	0
46391C4B2C31C0D0821420CB10DFA379A25A675A6627E002BC81134DEB077E25.apk	2014-04-28	0.8947	0	0	0.1053	0.1053	0.1053	0
4C5C5A097699BE61DFF0447F67E77BACE7AF7095E6584E32F78B371EBA21AF8B.apk	2014-11-12	0	0	1	0	0	0	0
4D33CF91E24BA2C823A98BA6F644988B7D075BC3764830ACBD8F8C229F698F08.apk	2014-04-28	0	0	1	0	0	0	0
54431FFF45C37E284589F0418DA028FA012CF37EC23F06A4AE7BEC56C9DD3069.apk	2014-11-16	1	0	0	0	0	0.2857	0
6C4E8DB6D940A22500F01FF57DB6525C520CD92FE258E162CAC7AD5BBAA56CEC.apk	2014-03-14	1	0	0	0	0	0.0952	0
7C4A138FC92BFB0C5B966601951CE9B6D6352217D31E76E5589990FD05B628D7.apk	2014-04-28	0	0	1	0	0	0	0
8558F3405F144453CC802AA610D4B5475173E3340864B8FCE3DE5B0B862BCF55.apk	2014-11-21	0	0	1	0	0	0	0
8DBBA00C430FA83BCD5A9327321500222FF55F249F9DBA43071DF3EE198D7BC0.apk	2014-04-28	1	0	0	0	0	0.2857	0
986B13AF6AF46483A173F8CA77E71E48F04B6C6768FB5439AC638154760168EE.apk	2014-04-24	0	0	0	0	0	0	0
9E67D59450B524ACA4030C6CE8651A0BE6CE5376C0145EC830B37B559C967B32.apk	2014-04-28	0	0	1	0	0	0	0
A9E1498EDB681ADB5CCD0F32FB3B9B96CB97BA5076C0A1D46CE26627C51A205D.apk	2014-04-28	0	0	1	0	0	0	0
AD78A1792733A9139CCF280ED5145843174BCBB29AA6124A7D164CBD5F71F3BE.apk	2014-11-18	1	0	0	0	0	0.3	0
DE572DF4BD748F82C52F06FC467067BC63DA96137475E2CBE8DB571067FDCD9B.apk	2014-04-28	1	0	0	0	0	0	0
0076604F0C631B9039F86472B3EEBBEFBB07DAF23BD9693B43DDD289466BDC9F.apk	2014-03-13	0	0	0	0	0	0	0
02B99D85A17BFE6E4AA6EEF1D6043A6E11341F26A8BE038D626A0E02AB046917.apk	2014-02-10	0	0	0	0	0	0	0
04A5AF60FBEC19BC5107414C870D0B5EFA7DB9A209F9F4ADAA9F013DB2077A92.apk	2014-06-08	0	0	0	0	0	0	0
04B2168410BE4A40FA81177C691071520C39DC82B274521FE54503FF68F2691A.apk	2014-04-09	0	0	0	0	0	0	0
07CEB41AE3C2DCCE9A2C4F74525018ABCD9260DC3D3825C6BEF89E5333069852.apk	2014-07-01	0	0	0.68	0.32	0	0.12	0
089F39A184AC072382A4386CDDE7C6CD1D2B37FFFBC72C92ADC1F0BDE36E77A1.apk	2014-02-10	0	0	0	0	0	0	0
08EF76ADE1EB6FA1376A142930BD23C1CEDCE03B872C008B7281C288691DF8AC.apk	2014-02-15	0	0	0	0	0	0	0
094C8A129BF0DF51DF97203DE38C0BCACF01742379A35B41B315B0AB6D8E86E8.apk	2014-02-15	0	0	0	0	0	0	0
09A75B09B17AFEA0CB1625C56DA3C7A2A57B9605B755568B1A4FC20319F16282.apk	2014-06-03	0.9714	0	0	0.0286	0	0.5429	0
0A4BA6E183479C3D05F08B6053E8FEFFD6C340151192DEEDD6A07088960F7953.apk	2014-02-14	0	0	0	0	0	0	0
0B83CBCC903DC4CFF1652A981B505693312030132B2088E3FD81AD24B4E58666.apk	2014-01-11	0	0	0.5918	0.4082	0	0.0204	0
0BA75961B1630759ACACF73E223D49CE6DCF2EE18A966ACA35ABE068E1545DC4.apk	2014-01-27	0	0	0	0	0	0	0
0C41EAC80CA572C6A399BEEBB8476AB1FAE1C5FD13AD4FBDA9CC512C37BEFE57.apk	2014-02-01	1	0	0	0	0	0	0
0C61157DD02B91FF841012B1AEE7B41E3F4B93CEE11033667204D654220E6388.apk	2014-01-30	0.7083	0	0	0.2917	0	0.7083	0
0D76D113B9023D2A00D3F506CC245938ACE28161E5CF1B9594B3E1691AE9C934.apk	2014-02-26	1	0	0	0	0	0	0
0EFB222BBE6546A22A7F16ADB7A7525D09D50BC763FFCB29A0D95BAD2EBC6C32.apk	2014-01-23	0.6471	0	0	0.3529	0	0.6471	0
102CCB91B8E767F66C98FF5D5EA4BFFB6DEE7FA20DBA363473FEA1DAFEF15DFC.apk	2014-02-17	0	0	0	0	0	0	0
10A384975C0377A2F8C79B962DCB10496D83A17475C69919C8AC42D95872C9B7.apk	2014-01-30	1	0	0	0	0	1	0
111A75AA867D2191A5B1B7E9459BBB339242BFC3F349AD1FADC6BA54FB975043.apk	2014-01-24	0.55	0	0	0.45	0	0.55	0
11A58C00AC25D3E25C27D631EFF9D39387F96C479BE63BD7906F4FD4C9E26BF4.apk	2014-01-08	0	0	1	0	0	0.1875	0
11C7BED185081601569B13116B86973B2DC30364B723B052D6275C6B5518D796.apk	2014-01-30	0	0	0	0	0	0	0
11EC0FCA89A1D2CA996B95F722BC53CB8AFEC24AB06EBDD82C6236D8DCFFB223.apk	2014-02-15	0.9259	0	0	0.0741	0	0	0
121908DC4C7C07788B8BD25AD62F1C4BFD25970B675DC8C13B2332D944E1D6CC.apk	2014-12-23	0	0	0	0	0	0	0
12753416A54DFE5B3971FE868CE6BA9DED84EA66535B2606F9C12E7415E6773C.apk	2014-02-11	0	0	0	0	0	0	0
12CE8AE05882C208292A5C9F00D6351656479835D5E95F45B2003210602D4A5C.apk	2014-12-05	1	0	0	0	0	0	0
130351946105766A4CB2761527E4A1E3081D419362C3C6971BBC77A659F38B7C.apk	2014-06-02	0.9897	0	0.0103	0	0	0.0103	0
1361D5A58F58E8B7927D2B494FF159A9C3A87F49F795767E20AA8CBBB22D6819.apk	2014-04-05	0	0	0.6691	0.3309	0	0.0074	0
14CD4603D8C7A0A4BEE53B6DE5CEBEB6774E581E3958752CD9CFAD567AE616AD.apk	2014-06-27	0.4857	0	0.2857	0.2286	0.2286	0.4857	0
155D34D0BD98DE064A74424F452146DDEE9F3270317AFC2D1442F18F3B24FC7F.apk	2014-01-26	0	0	0	0	0	0	0
16C24F2A0BF4E420E01D1E61AF5F92A613B9FA6E58DBD055B51380C0970CB249.apk	2014-03-14	0	0	1	0	0	0.0341	0
18BF8981108D8573DC7AEA03B8F719FB9F681245B5FDACD4942D44C113A94391.apk	2014-06-09	1	0	0	0	0	0.5	0
1918D99FF3222D9DD6A8A5DB67A0C12654F41E90195BAB9CB85EA4338976D136.apk	2014-06-19	0	0	0	0	0	0	0
1C6A8D6D5DDD9B0C7BED3F81591B7951907DDBA90DF72BE80F0EB5CAF6DE0152.apk	2014-01-05	0	0	0	0	0	0	0
1CE9CF9DB53E732F5293FBDC86255EAF91239C213A3D2AEF9C3849E15EF22DF3.apk	2014-12-05	0	0	0	0	0	0	0
1D33298F4BDD0F08DAFE150D327E8BA2536647718E9F725D18E9A4418632F233.apk	2014-01-21	0	0	0.6364	0.3636	0	0.2727	0
1E0D25CC9B7417A1B0EF2B8C49176075E1E40BBE01867D2982BF107887DFD2B9.apk	2014-02-24	0	0	0.5226	0.4774	0	0	0
1E20B910FFC096253F6726EDB8849BB14F34CDF58C65F78EC6C4A69B1CB77607.apk	2014-02-15	0	0	0	0	0	0	0
1E5F2514C9CD5FFABA1AF6857A7B07BCE63935B468A6C7F8B31BE9DBACB431F4.apk	2014-01-30	0	0	0	0	0	0	0
1F09872917B854446C9D4F95890C4CA234BED3E9D7BB639E0B0914475B5CF802.apk	2014-07-05	0	0	0	0	0	0	0
1FA4104324B005384A859FEF984DA04EFD27631EA2431AF2C373DC1FBAC48522.apk	2014-06-16	0	0	0.5833	0.4167	0	0.0556	0
2067A6D0ECD4AAF7C76BB4BC3FC0419F7985BB2A77D584582066EA4820F7DD67.apk	2014-02-14	0	0	0	1	0	0	0
2086FAFAB951AB485E3A31B3D2AF402B905916DF01C8224DDBFD56A929FB2FCE.apk	2014-01-30	0	0	0.5116	0.4884	0	0	0
228E931037E18926B9D7828194EDC6429643AEF1E5D95DF9092FD870A80D35F7.apk	2014-01-30	0.0825	0	0.0412	0.8763	0.8247	0.0619	0
228F1974F060CD4BF6EAAAE8A2763B88B1D08272387B7894CF3267ED791327B5.apk	2014-02-15	0	0	0	0	0	0	0
22D3E3D10E6C64CF5459E5A671DEC0F159A395B49670C8C9BBF9236AEC97F72D.apk	2014-01-12	0	0	0	0	0	0	0
23C03A38DF8F3C6EF716C2FFDB70C9E3AE40252AFB857AF8F2B7344539E2BD39.apk	2014-02-26	0	0	0	0	0	0	0
24EF1F489ED6119C3398B8967DE2582CB1589E8ECF5D360D32B7BA607A2B542B.apk	2014-06-03	0	0	1	0	0	1	0
252C1819AD71DBC42DB369CD418875A03CD58BAF7A3D3B834787C7F9EC819987.apk	2014-02-15	0	0	0	0	0	0	0
2604F91D012F64C0E1C512ED282A59526684F847A5B44832E22E1E2FBFB1098C.apk	2014-02-19	0	0	0	0	0	0	0
2682F357CAB809FC301934BFFCEC491F5602F266A43284FD958A63CD20B3B939.apk	2014-02-15	0	0	0	0	0	0	0
27A28321BD79D5881FB04A51A5020D45C4A0D1DE3530BECC4550CE0505FDE4FB.apk	2014-02-14	0.2339	0	0.4211	0.345	0	0.0058	0
2862B44412DECB101F5BA85F30860883E0303E92E7B2C82C2DAFCE11F0ABB756.apk	2014-02-15	0	0	0	0	0	0	0
2936D09011CF510C8267F25A73313E9092FDBA55127EC71E65D4D70350363482.apk	2014-01-30	0	0	0.5833	0.4167	0	0	0
2B94E81F0A6A10D349ACB75960A59402A4915CEEE2EEBE9D776226330B979A29.apk	2014-01-25	0	0	0	0	0	0	0
2BB47744B4BBDE078D951B36059EC32BC37C4C559D3307750F7359B05F7DF500.apk	2014-02-15	0	0	0	0	0	0	0
2C76BB9F9EFD58ED95791E10AB5416C7E72C587E3895CBEBEE77943CD455E1CC.apk	2014-04-08	0	0	0	0	0	0	0
2CFDF77117D45F00178363CF7747E576E68FDE94D9428D7A27F4F17C0FDB008F.apk	2014-02-18	1	0	0	0	0	0	0
2EA5AAA62FE406B8BDD805BBA08D0B38F93E3B3A0B670A6915479614578F536B.apk	2014-01-30	0.7368	0	0	0.2632	0	0.7368	0
310C973202716DC62BEDDBF1F3B59ED2499DD1D9BC88395F0FC77053A13C8C6D.apk	2014-02-15	0	0	0	0	0	0	0
3126BFFA234FBEEEE21948956C85033F767653E221F3AA3534233672AC9BDE49.apk	2014-02-15	0	0	0	0	0	0	0
320076C85CD074EBD797FA2DA25FB1C14D401A0FF13311D95D1C650B1CB082BD.apk	2014-01-22	0	0	0.5024	0.4976	0	0.0048	0
32ED84AD21D50A0FA2B716EA77A7CE30A9DE5A9A8669FF6D49DAADC8D8FD7291.apk	2014-03-26	0	0	1	0	0	0	0
3309D9FA7A09B1004286A051C257F100F82BDB5ED38C2B2BB51CB0AEDB750D8A.apk	2014-01-30	0.7	0	0	0.3	0	0.7	0
33FB1237AC36C695A3C26704ED4DF819E0004399421C5BE2A121C7833532CC41.apk	2014-09-06	0	0	1	0	0	0	0
341A5E44B91EF04B2D5B34DDB897D1443655D49B5A4FBEE87C8687C86F7D8B13.apk	2014-01-30	0	0	0.087	0.913	0	0.087	0
349187EC98D6B616DD4A22AA82ACB81BCDDA01DB87993315DB8C26F7C01B0BBD.apk	2014-02-15	0	0	0	0	0	0	0
34DFE3B24473E45FF93354133C2F627A82CAD424F63ADBB4C99BF86218B175BE.apk	2014-06-18	1	0	0	0	0	0.984	0
35895357950D181E9D9AD9BF9A2E3B886E42462ADACBCD272A68B5BAD967880D.apk	2014-01-30	0.1111	0	0.5983	0.2906	0	0	0
35FA4FC2E32BF7D16A86A91902D6DF46462DA41CB314ADD40482A9FFA22CDE36.apk	2014-06-18	0	0	0	0	0	0	0
366087453C9665C8ED9299A6D0830DE756E41FD6222225A1DE021E92F2EE3907.apk	2014-02-15	0	0	1	0	0	1	0
367CBFECDAEECF1E46643571414782C914A50DA8D25B796B3F6B304AF091453A.apk	2014-02-04	0	0	0	1	0	0	0
36AA004F9E49E8AD489C0413E5D57654B4C6BCC62682EFE5E635F05EF6709C19.apk	2014-01-29	0	0	0.3333	0.6667	0	0.3333	0
370EAA5F701C88D855C35CD14B116310AA4C27E5296418920C51ABBF6F8FD909.apk	2014-08-28	0.0294	0	0	0.9706	0	0	0
37CA2CCC41D5A6F0811F9BE38C21AC2783D3AED5A9B3ED9158D96637978A8E9F.apk	2014-03-12	0	0	0	1	0	0.8333	0
384A4AA442CCD146DC648FD762D0D7897E5766879B1A68D3A637E73F71FCA21C.apk	2014-06-08	0	0	1	0	0	0	0
38B000CF70A1043C1188A1F41D1228B0EBAF8BCD9E6FD97A5E7B78835F731EE5.apk	2014-06-07	1	0	0	0	0	0	0
3900BB51590C8D43111FA02D3C7FFD9C903CB76F3F2CD25DB9E9BC6AD5BFF26A.apk	2014-02-01	1	0	0	0	0	0	0
396F09ABBB21D2E6C1F2CFC5D438508A7D2CE6EDD332DD5D4430CCC233876EE2.apk	2014-01-11	0	0	0.5556	0.4444	0	0.0159	0
39CD23ED5B060FD223E848C3889CC7AEEC5764A0D4DC11D08C2331FB0FFDC1C8.apk	2014-06-04	0	0	0	0	0	0	0
39DDB7BE580EEEC0E6850FA97FB73E165CC0696D1BCABCABCDCE4667ED5582AD.apk	2014-01-24	0	0	0.355	0.645	0	0.0087	0
39E9577964DEEB4A9EF55F138F3B08D51BA8E9561F1FD1C416B563C9DC69042E.apk	2014-03-13	0	0	0	0	0	0	0
3AD288C5EE712DBF45E0E6FD1A3EA1D3624505A5DF7E0105C5DC38F7655646AE.apk	2014-01-29	0	0	0	0	0	0	0
3BEC0373F5321677407B527CB9C859C50ADF861545FA18550762C5FDCB89A31C.apk	2014-01-24	0	0	0.5455	0.4545	0.2955	0.0682	0
3D126D299E03D9DCC95C57CA3F00732A4FBCF571A4ACBEC7ECAD3FFC6BFE5595.apk	2014-01-30	0	0	0	1	0	1	0
3DC7F45B65E45DB2F07988D05E15737BA78DCC39CFD0C6056430CAD22BD07674.apk	2014-03-26	0	0	0.9286	0.0714	0	0.0714	0
41B9FD2C406A698391C64CDB3C833D0838A256FEDC39CD3B19C38229626F6AB6.apk	2014-01-25	0	0	0	0	0	0	0
41C20613E3269D42314EF9166D887A9E2DBD7F693C50FC39266D5440267D5F04.apk	2014-05-16	1	0	0	0	0	0	0
4200FBD8CE4DD265FDACF53DFEC4508ECF880885AB2EDB85C7DB43939A0EC2BD.apk	2014-02-04	0	0	0	0	0	0	0
42415D547E42349675DEB93A01FE1CDC14FCE568FBEE5CCE308FC21E7654189B.apk	2014-01-30	0.95	0	0	0.05	0	0.45	0
43A55432E5AF7683D06C732A390E279D607FBA02D162E6750D2B7B81BAC6A6C3.apk	2014-05-14	0	0	1	0	0	0	0
43C86A0856E137AFD4DD1AC51694BDA6A37112073592FE14D18109BE376BF8F1.apk	2014-06-13	0	0	0	0	0	0	0
44E3BA4A1BFA4D4A0D1F431C1FEA54ED8306F20F7C70C5830EE6BFCBD2F4703D.apk	2014-07-01	0	0	0	0	0	0	0
454C724854DCB379536B91BFE6B06A1BA0B402A911F4F98799A7665501126362.apk	2014-01-30	0.9167	0	0	0.0833	0	0.9167	0
457852F86DAD694BBAF23AF2AD8DA19C75D3052DB9FB5D8338DD8481291193F1.apk	2014-12-09	0	0	0.4	0.6	0	0.4	0
45C4EEDB68B10414E506ADC0E38E8718E39B8341A5C06E13C016F3CEA0E209BC.apk	2014-02-23	0.5556	0	0	0.4444	0.2222	0.1111	0
4661FAA000AE8E0949579C0F1E252C6E3C88CB2EBE070BBD3544741C38E4CBA1.apk	2014-02-25	1	0	0	0	0	0.4167	0
46908E70240E4DF3B930825F9B0D7FAF48C802ACB89C9EE03F9970F4B2EB9DDE.apk	2014-01-12	0	0	0	0	0	0	0
48B3140BD8D36F0530E4A28F6C0D0111F33959039B913959F09762181658828F.apk	2014-02-15	0	0	0	0	0	0	0
49777A3E55382199047AA2A52D77376BFB8AC4824530D42F4E2025A6C5CE77D4.apk	2014-12-16	0	0	0	0	0	0	0
4ACD4431F1D7E5E3B2578812F3295005AD1CF43C81F6DCB4432DBB21958D1C49.apk	2014-01-29	0.6667	0	0.3333	0	0	0	0
4C7EBB4164DEE38BC9E9D51922A1FA9CE9E331B540CD2770CE5BFB7205242413.apk	2014-01-30	0	0	1	0	0	0.0333	0
4C887745EE1FCBA20F466D33DA53A679285F8F8D5E7256A96E58A6B5C6CC1DD8.apk	2014-01-30	0	0	0	0	0	0	0
4DC17D2DF68D6BBCCDDA64EC1C973BE64AA82F37B6539017E9929D2CC645F146.apk	2014-01-30	0.5909	0	0	0.4091	0	0.5909	0
4FFD452C5006A59B6EA187C7099EB219CDD1FEC9BA6C3DA9C93F5EFE8060E695.apk	2014-12-16	0	0	0	0	0	0	0
51236622B60273181B942DF55A0181D13DD6FE9813F5132EC4308236ADB8445A.apk	2014-06-15	0	0	0.5686	0.4314	0	0	0
52AF891F66EDF9EC4C06E8EA34F5A61193239170ED42A9ACD4226F7BEF9048E9.apk	2014-09-19	0.6667	0	0.3333	0	0	0	0
5332DBA85F47158A3FB9FA0E69F133E4BCF6495CE4268322BEBE3C8C5F52D282.apk	2014-06-18	0.9917	0	0.0083	0	0	0.9708	0
5483A9B361C2B72D7C6E25C1DC99C625ADA6F891596708F7C0851F00185865D4.apk	2014-06-14	0	0	0	0	0	0	0
54AD1814D03C12F5512EF5FDCF4F236970D919D3386D2ACF2D4B074C223022AA.apk	2014-06-16	0	0	0	0	0	0	0
555E1175DCB353CFED2A5314A0E16849D0C16EBCB554E8263ECE45199CB08258.apk	2014-05-02	0	0	0	0	0	0	0
562427A577E24F0B8EDE2FB69AE2B0D867C36B44A2B03EC6A84EAAE7AE07DC04.apk	2014-02-15	0	0	0	0	0	0	0
56783F41FF099EE9CE38F5EB48E5D183195CC3D27516F866B771CE8B24503430.apk	2014-01-12	0.2132	0	0.4225	0.3643	0	0	0
57DB54C2960DD3BD09AE5E8A9E26BDEA345BF92894A6991F28B2D8CC9B50474B.apk	2014-06-15	0.7889	0	0	0.2111	0.5333	0.0444	0
57FA7DBE6FF35F3DE358034134D548739DD50CF7749A32FBB8A4BFA67A0F858D.apk	2014-02-10	0	0	0	0	0	0	0
587F8478DD8B1935C285856E8599898AE6CAF6E1C6F14243626F55B1842390A0.apk	2014-06-18	0	0	1	0	0	0	0
58E2EEC8F288FB6AA262273E4D2FE03D5D89019CB53784F881900D089471248E.apk	2014-06-15	0	0	0	0	0	0	0
590A8F9CE476074D9C08FC18BF689E9AAF9609FEA1F59A4D3A48B987F2DDEA46.apk	2014-01-29	0	0	0.5	0.5	0	0.125	0
591D49EC45616B239B716C52C7797040BFBE7E4B53889C9F1BE1D1643F293D36.apk	2014-06-13	0.9412	0	0	0.0588	0	0.7059	0
5A95F74467F3226904BB91D1E2D78ADF9196A0DB27BF7E022528C6C9CB0CF52B.apk	2014-01-30	0.64	0	0	0.36	0	0.64	0
5AF60779EEC8A9B836FC898DBB857E111FB80D7990BD460EFDA94FEAB9459814.apk	2014-02-15	1	0	0	0	0	0	0
5C5EA1593C49038351A3753CA059B91876000906D5A11B303BC37899973BD457.apk	2014-05-13	0.75	0	0.25	0	0	0.625	0
5D7A4EF3C325023FAF2A82C3E90E9B179961177FC5E6F2D4BD63DAEA503E7831.apk	2014-02-15	0	0	1	0	0	0	0
5E61DFCC38E11F33ECBEEB5F7FB55D1DAC3088FEB00A06B17F62C7053333E1BF.apk	2014-04-12	0	0	0	0	0	0	0
5E66221410B7C0186FD40DC79744D432DF341E04D97910C8CC33EF2E463844CC.apk	2014-05-12	0	0	0	0	0	0	0
5ED983723477EB11F1C3198393D20AE89A2A955A09B3664F719F1F89C093E0B2.apk	2014-01-26	0.8421	0	0.0526	0.1053	0	0.9474	0
5FAAD79FE384C02BEF88DF066E87078CC11EA87D349F7790C20321943B5A7048.apk	2014-02-15	0	0	0	0	0	0	0
613F9D470B79B060A82154B13CE8EA133C9B648A544240173E2F814D648C3F3B.apk	2014-02-15	0	0	0	0	0	0	0
62578C4F48BA977878057985EDFDE1B7C44307CBF8CE87DAE76BA4A7F3F2EA2F.apk	2014-02-15	0	0	0	0	0	0	0
6435FB3455EF3DC530E56E30ACE7FF5BBB8945B0C85C9BD89D8B8970434BBE3F.apk	2014-02-14	1	0	0	0	0	0	0
64960668DFD224E16F84DF76B5CC398749A71B2E34D98CFDEF51F34340AEBF8F.apk	2014-02-15	0	0	0	0	0	0	0
654C208CA3288387FA9A9868877695FEEB70B80F461FA7E2081C3D9D4F02FD02.apk	2014-07-08	0	0	0	0	0	0	0
655AB29791659FD81D8976156EF5534479A6DBF15199B4A44BD558ACEB2526AD.apk	2014-06-18	0	0	1	0	0	0	0
656F129DBE2350467B8CEA2F68FC77FF5F943FDB4633FD352F9DCB5AD36E5270.apk	2014-01-11	0	0	0	0	0	0	0
65836BD04C4F262205F5EE4C52C2DFE02A20CC3CE0309BE4B1466D032EF839D1.apk	2014-02-11	0.3784	0	0.3108	0.3108	0	0.0135	0
65EA0B35C59266955A541AFB1C12C835FF60D7216DB7508E8D08191AE11AA618.apk	2014-01-30	0	0	0	0	0	0	0
66D0E1FAE05434C595DA44D4DA796DBEE9499FB19C393988757A3F1E01BBBE14.apk	2014-07-01	0	0	0	0	0	0	0
67AD889F77C3BC4B2C725D48A5E808B1E3B2C851509CABE16404BFFB3CF56558.apk	2014-04-08	0	0	1	0	0	0	0
68346E1C692856ADCE08BB8744474C8ED650BDC442C1860FCC844951ED2366A6.apk	2014-01-28	0	0	1	0	0	0	0
6894531C2C9B872987A0EE56A811BEEE60D85B573F3507A372CB699EEA06EBFE.apk	2014-06-07	0	0	1	0	0	1	0
6AD08CB7FFA66ECA366C736AE5A3233FC83EB4A26B6239AF750A54610B348F44.apk	2014-01-27	0	0	0.0137	0.9863	0	0.0137	0
6B00B341F2D0BB686A3802A6512479D21A1D5E1A2F3844CA30B5806A0AC96CA4.apk	2014-06-20	0.1731	0	0.4615	0.3654	0.0192	0.1154	0
6BAA7E4F45C4ED251D73C454726C14B8E951EAFAA6FD26721518652230B42AF0.apk	2014-01-30	0.7273	0	0	0.2727	0	0.7273	0
6C9910AF2E34B1BC9ADB215444B851D5FE5BD900821BDD5BA3267C87D1FC6B25.apk	2014-02-15	0	0	0	0	0	0	0
6CD49D78B6A0383383BD28BFE6AB4E21F08E07A1B0E26BCB0AAFD3BC900F435B.apk	2014-02-15	0.2931	0	0	0.7069	0.6552	0.2931	0
6E122330159F91700D06E8DA33DBB02A724D8AB27FED109A5A3E6E1D058C5B9B.apk	2014-03-08	0	0	0	0	0	0	0
6E83D744F47CD7935D5D8451F7E6BEA2664B5821CE1D6F1E6A1D8BD0059CB9FE.apk	2014-02-22	0	0	0.5225	0.4775	0	0	0
6F8FD5C09EA9E1C2E9ACDD0F6AD6F4ED13D9F100C58BC9BD94FBF0D23D318C7D.apk	2014-05-12	0	0	0	0	0	0	0
70D702D9CC73C4AB304150CF023B1679E77E0E8BE74C8389BB2191A3D2108D04.apk	2014-01-07	0	0	0	0	0	0	0
715141C402D35DA78F89A0D3DBDE7E38BC715B89998608F4763F39FBE8A028F0.apk	2014-06-18	0	0	0.5125	0.4875	0	0	0
740A5F5BF956C2D5D252B88A95B8F8D7AAB597A9D945208B9C3DDD589D2580E8.apk	2014-03-26	0	0	0	0	0	0	0
749EC22C514532DF9954FAEE897C6AE5C5C9FDB807BEDAABBE077A096DD05FDE.apk	2014-07-05	0	0	1	0	0	0	0
753EAA0515495E81F0B8B1B9FACD5A991AC90B72DEDD0A72B38AE35793E7DDF7.apk	2014-01-30	0.8571	0	0	0.1429	0	0.8571	0
75C50F8FE73AA940C1C1BCE30AB8745607752824AC3CE2817907B11DB66F98F3.apk	2014-06-03	1	0	0	0	0	0	0
7632A9F57359AD16E1A92B6884868E8ADC1254E500F9113AE45FB8B8CA186C83.apk	2014-02-15	0	0	0	0	0	0	0
76909C0AEF979E6F657A1317C44CACA9C86184B20437575F9CA054DDA0C252BE.apk	2014-01-31	0	0	0	0	0	0	0
76DBC86D14A58801BB1B30A8E8DF920AAAF1F145922409F570F9F758716BCBCB.apk	2014-02-24	0.6667	0	0.3333	0	0	0	0
7710CC7873A444B465FD78BE9131B3C4CC9F9097178F69703019650BFD23319A.apk	2014-02-15	0	0	0	0	0	0	0
77B826236DB28DB7B6DACAA5CFEDACA2527E67811828067C3E29243ACB6F6C87.apk	2014-01-27	0	0	0.4444	0.5556	0	0	0
78A440E52B3D1904E5968258AF99C971914A4F2318EA6085503E09EB8A0E7436.apk	2014-05-14	1	0	0	0	0	0	0
794FAE8BE88694E88E20D51DF832A5953DA743141447729EEED62CDBBCEE8235.apk	2014-02-15	0	0	0	0	0	0	0
7999616852350F8F919E902C995B0A836BF235B1AC38C634F3FAA97EC545151F.apk	2014-01-31	0	0	0.8519	0.1481	0.1481	0.0741	0
7A0791087AD0A7F00E917C2F34D4DBE62DCCC7B34A26CC9E48D0C4269B601B84.apk	2014-02-24	0	0	0	1	0	0	0
7A7DF18D6613E5758926D518F3AAE8E7064458D1FED58021FA9BBC743D2CD49F.apk	2014-01-07	0	0	0	1	0	1	0
7B50FC6AD526BC6244754963CBBCE72461C21D3D3034682497EC5B9CA29B3167.apk	2014-02-15	0	0	0	0	0	0	0
7BDBDDD2326BDE303809A29A1D00D13A0B1E49BE55D9DB6BA74A70B4166253DA.apk	2014-01-27	0	0	0	0	0	0	0
7BDDDAE1FF7696C007B8082043DE39D440DEDA0381EED051E602A2F65B631A92.apk	2014-07-05	0	0	1	0	0	0	0
7C7EBE4E54284467E77C3CEAB8983408F21A992EB2DD29241BA702BF1A93F005.apk	2014-07-07	0	0	1	0	0	0	0
7DCD807E3B1B6B7716A43EEE003EDF936BC679A2044BA2D68B2FDACE07AFAAA5.apk	2014-06-18	0	0	1	0	0	0	0
7E73CDB076A8F63494597950556448CC417A0C2400B1A1C835E7456D73413450.apk	2014-01-27	0.3835	0	0.3083	0.3083	0	0.0075	0
7F0525AFF04BED773069F95D6C899A848024267BDC3A3AAE46085CCB8A64117E.apk	2014-02-14	0	0	1	0	0	0.0435	0
82E6BD42B309DBAEC0303E3C6DC8D239CDF7D8C2EFD959EA02AEEAF5B29588FA.apk	2014-05-31	0	0	0	0	0	0	0
836BA14E5D351B499AE975BDF88F4EDE87A9CCD30BFA4CC03934AC5764AE36B9.apk	2014-02-14	0	0	0	0	0	0	0
83E0ADE3E4C641859A2797DC923C33D01267A63E9803F2DC7ABBFE37AA7FFE57.apk	2014-12-16	0	0	0	1	1	0	0
84A22BADB09B3BB18AA7BC55645264C536C34C46751566EB780D2BA5133929D9.apk	2014-07-01	0	0	0.3348	0.6652	0	0.3348	0
84D763F14474354AB6BBEA278D437391F7F9214DC8C4FE395D5B312D0E2B84A3.apk	2014-08-14	0	0	1	0	0	0.0714	0
8541CB0C7624481CED1EFBE260CB0BA852A1AD84BB37E693384632B3A20BC29B.apk	2014-02-15	0	0	1	0	0	0	0
856778060C39CBAD56F6FF172CC9FA476E803E944162BB25CC6B20D5A7A11828.apk	2014-02-12	0	0	1	0	0	0	0
859F3A42C21A13B5A58F8326CDA062A4DB64078BF10B04E406E88A2A42351EB4.apk	2014-07-01	0	0	0	0	0	0	0
85F93EFC1D718BB8792D430CE4A5EA1353756D10D0D2AFD5C2A0DE6A5E2C4BC2.apk	2014-06-08	0	0	1	0	0	0	0
864C3A7C6F91FEB3E91AEA01639F25848CFBE8EB89AB5B8A86FD78F42487F2EB.apk	2014-06-18	0	0	0	0	0	0	0
864CCFC9653B3C973934E590AB7FDA00F91BCEB8964152327B47C0B7F3AD6F01.apk	2014-01-26	0	0	0	0	0	0	0
86698AA0B3081DB7666A4CA53DD0ED5448B5D3A0C1DCD1A724EE4EF4495ADE74.apk	2014-06-15	0	0	0	0	0	0	0
866A55CC84B230A7032563DB3C4DFB3952BFB42DA2473B6085D5464BD352DD46.apk	2014-02-15	0	0	0	0	0	0	0
882844B8D731B691783B5F4FA7381BDA2E6C701BA8B4D5CC5BEF8522481BB9EA.apk	2014-01-05	0	0	0	0	0	0	0
882D9C1F20C6C5F5CA41C2B8DE1037894717E2340EBD79399007AF332AA01803.apk	2014-01-27	0	0	1	0	0	0	0
88445B200907A3694A07C616C765C5BB5C89ED2BE8521FB79AC8AFBD34621A75.apk	2014-01-08	0	0	1	0	0	1	0
88684BF108DF4146D88FB311DC84C0E1B52DA3DEF43702020AC5C5421F18B12A.apk	2014-02-04	1	0	0	0	0	0	0
8A42D6C8C57C4D6B640FC0BDF8AA10E1E0AB9A3CE74D3F887E84A0A2F52BFF19.apk	2014-01-30	0	0	0.0417	0.9583	0	0.0139	0
8A97B6A883982ADB29E54101F1EA8985E2DCF85B7B23312BA4DC70DD6FD5A2CF.apk	2014-06-14	0.5441	0	0	0.4559	0	0.1029	0
8BA8C9BAC1F94C0BC4B382B52FA085D40247682EDF43F49E4B26F23B477B84BC.apk	2014-02-15	0	0	1	0	0	0	0
8C4E609A0C2212B33D7622B031EB945A99B12C963C348A8C8D184F1D59F648AB.apk	2014-01-31	0	0	0	1	0	0	0
8CA72D6C8746709872A5BFDDC55C4E3C4DD1D947E08FA8E2C0CF397575212295.apk	2014-06-12	0.5	0	0	0.5	0	0	0
8CED4BC3BE73A353D904B401B85634DEF825A734CF7477BF4F1CCBB34D42D874.apk	2014-06-16	0	0	0.3714	0.6286	0	0.0286	0.3143
8D014FADEF7B0357263AE8BD3A329C3FB5F2C11F32105C0F39F9F01945DDDADA.apk	2014-06-13	0	0	0	0	0	0	0
8DBB04CB9BEB2EC8521E1D373B034871E83F6B1DC3F41180736182F8A9D39A9E.apk	2014-07-09	0	0	0	0	0	0	0
8E007DC9884FBCD48540A138B802ECAE9F61561AE1374A357987853754E01381.apk	2014-02-12	0	0	1	0	0	0	0
8F5788FE210BE10EE7BC6CE0E5F7814BB604127E4E8C8A5B4EA2BE444B6C5B94.apk	2014-11-09	0.2403	0	0.5116	0.2481	0	0	0
8F9AD5A2496489F9FE86131998EAE55A99A60D73E09E1E9AD73F526ADFF9F854.apk	2014-12-05	0	0	0	0	0	0	0
8FF771EB995887148A04698884E77E960C9520043F64F375D4ED4658A6DFE8F1.apk	2014-11-04	0.3423	0	0.3826	0.2752	0	0.0201	0
912BD4F0F99352FBEC4F204617ADDDFFECC91E44579C10A74FE097F2E83AE667.apk	2014-06-16	0	0	0	0	0	0	0
91892904CB5531F547AA6932BC0E36EF89ED5856445B83F48B084E48963BE7AA.apk	2014-02-15	0	0	0	0	0	0	0
919570190BA988DFCD41EBF9C9282967F5EE0115A09C3E5D057B7D1480295F08.apk	2014-01-24	0.2366	0	0.4152	0.3482	0	0	0
9205E8A5442F19636AE044C0FC82B31EA02842FDAFFC48919EB69158A9089526.apk	2014-06-27	0	0	0.6705	0.3295	0	0.0114	0
929DEB09B29CF814B013CA5972180388F696F886863FAB3E12BE85F88064A718.apk	2014-06-21	0.7317	0	0.1463	0.122	0.0732	0.5854	0
93E57BAC1E18CFDED1BE72BAA948D924A447C6682ED6792C8D6336F51284149B.apk	2014-06-19	0.5714	0	0.4286	0	0	0.2857	0
9409605515760EBB65AC95320CFECAA0CDDD21885ADCE5F2D8FF849DBF1ACB08.apk	2014-01-31	0	0	1	0	0	0	0
948B93CE49A10B8D50A877DDF348DFC289457EB4928C893189AE14388622B8BF.apk	2014-02-21	0	0	1	0	0	0	0
9510E1638C3234ADBC532A1D8815E2104D8BA341F9275054060738B38D2B21E3.apk	2014-02-15	0	0	0	0	0	0	0
953506CDEAF9411E98DFB7DFF1BE3ECF1D4D2D69CEFFE97CB5E677FFDA003D7B.apk	2014-02-17	0	0	0	0	0	0	0
954C8A5212007106290A879150B625C9096A0C9D7EB9BB7A6F327B28ED5820D8.apk	2014-01-07	1	0	0	0	0	0	0
95AF9564D27D67185034B853A8E1C2DB3F9002C367345174304B030209CBAFAB.apk	2014-12-24	0	0	0	0	0	0	0
95C08B610B0594B6C0FF5208053958911D153BB410887C021B9A6FC588BA00EB.apk	2014-03-26	0	0	0.5	0.5	0	0.5	0
968F165FDEF414084711F6083F9ECDC78E9856AE5FA3ABBEF12FB2FC0352CB47.apk	2014-01-30	0	0	1	0	0	0	0
97979E960C060FE2B2E8189CB835075F6788798F3D172829B3C8573ECFC79C2B.apk	2014-01-30	0.3034	0	0.4438	0.2528	0	0.0056	0
983E87AF9C7C11BF759018E97BB96C1F85BD59C60A65EEFD099E1BB95C85017D.apk	2014-01-27	0	0	1	0	0	0	0
988ABB95573BCD8DA6083507F8A2B00C504A96F821FFCDF0967C56D209CD4CF7.apk	2014-01-29	0.4286	0.2321	0	0.3393	0.0179	0.4821	0
9954F082BC8E4DB1A2B6B9511CD843A1D0729957778672BFF524C1156D22D953.apk	2014-02-15	0	0	0	0	0	0	0
99820BE9BE0DD9929363EF91F7B665F1D13DD478C6BFCAFC8F744886665AE940.apk	2014-01-22	0	0	1	0	0	0	0
9A7531A1C11C160E35BA117E96536518272B048BCC4EE91D790397D663A47352.apk	2014-02-15	0	0	1	0	0	0	0
9C8E2290A1878C0C36CBCAE63BC45F0A0E216642D739D4F751BCC8BCA6EAEDBF.apk	2014-01-30	0	0	0	0	0	0	0
9E2247567050558DC1C2A302C7982E5DE337EB413DF9F9EEB802E4FCA59C80B2.apk	2014-05-14	1	0	0	0	0	0	0
9E5038897CB199B72FF5A45F401BC65CB51B6F31436A6AF1A4489EE83F67F31A.apk	2014-02-01	0	0	1	0	0	0.8667	0
9E50FC64A1D57D2FBDAD5AC584B0849DADEF5EF60A060BD571F66E99EBF399C9.apk	2014-07-06	0	0	1	0	0	0	0
9F70983991F689F571787B382B6C8DE343DBF112DA9EB9380287B3D4154BD75F.apk	2014-01-25	0.6316	0	0.1053	0.2632	0	0.0526	0
A0A106E2096764580727920AD5101223F2D2572D3EE29A5ECF6E0D6753D1C4CE.apk	2014-03-11	0	0	0	0	0	0	0
A0E529868517EF918AEFE350ADE67463B534614877C99FF9107BDB815B34195F.apk	2014-06-16	0.4615	0	0.3077	0.2308	0.4615	0.0769	0
A134D02815C7D05D1E0D1DE22527E6BD5820AFC448B248720B8A9FB66A4338DE.apk	2014-01-31	0.6667	0	0.3333	0	0	0	0
A20FCEDA7604117776C01A31678D8615396F6F4B083B315980891900993F4894.apk	2014-02-14	0	0	0.6	0.4	0	0.2	0
A2F3437A3B057BEABD373FEFB661DF1D3E9B753B2CCBA450D295C1F0554ECFEC.apk	2014-02-24	0.6667	0	0.3333	0	0	0	0
A3983318F275DC6BE5959EF20DFF2B5E76E743911EB9C8C32FCBE060465FF5EC.apk	2014-01-30	0	0	0	0	0	0	0
A58E0E0AB92D3EF8D33541071A09E1A542B6AD50B17D0D40752D2EAEE715A140.apk	2014-01-24	0.8	0	0	0.2	0	0.8	0
A5ABFF77149DD7A0AACE093067356CA2D4641CD96766E713E729C257D9CCA94E.apk	2014-01-11	0	0	0	0	0	0	0
A5C3E03D047D70551ED3D79E441C5853F5090E2BF33E6F31F070B8FAF5856408.apk	2014-12-30	0	0	0	1	0	0	0
A5E3705D65D9A68A4C7DAA28A34C246EB0874D7379FFEBC1FBD9B3902C377BC7.apk	2014-06-18	0.2976	0	0.7024	0	0	0.7024	0
A637641872C09AFCF351A6DDBC75589FEC65FD25A8C28DA47AA02DC266CAD72B.apk	2014-02-04	0	0	1	0	0	0	0
A6811E8D2A99414E5A34C72A195251369133F697932EB4BEF10E615CCFEAFA3F.apk	2014-01-27	0	0	0	1	0	0	0
A7342AC717A3008FB1CDC5AD959E5E7D408D4FEF808B8658D7DD81C8205A745C.apk	2014-02-22	0.8	0	0	0.2	0	0.8	0
A7A2D7C3C29914198417C76D19ACC8E8374E7BE5FD1C1E1CF3F8625F8FCD47E6.apk	2014-07-01	0	0	0	1	0	0	0
A7E8C6F08E9AF8524329B59F58469EDE11BE949D36FB8A7C266D52B199189B07.apk	2014-02-15	0.8	0	0	0.2	0.3	0.5	0
A8A71EC676FC95225572F3F9888CCDB1BD75B7ABD8F4FB99896770645E1D3921.apk	2014-01-30	0	0	0.6667	0.3333	0	0	0
A8AF589A953004B14EA26AD55E95679D83B003A4C45CBD20B693B56A7FB9D5EB.apk	2014-06-18	0	0	0.375	0.625	0	0.375	0
A8EAC62D3F8418BA1AB4C230DE7FDF0D5AE2CFC07E3A22D92C30601442C8CAB6.apk	2014-07-01	0	0	1	0	0	0	0
A90FCF6A81E896A48DA3C8F50CCB1B47FE29B4511C33FB61523283913440AA40.apk	2014-07-01	0.5	0	0	0.5	0	0	0
A92B9BA2966B9BECFC359581B9C33ED2611879A84B23FF8FECCAF707FB6F107B.apk	2014-03-28	0	0	0	1	0	0	0
A9360F56AB49533BC63174E20654245FF65DA75DDBC05A3DA5C5E95A60BD56D3.apk	2014-01-26	0	0	0	0	0	0	0
A965D5B45110733E92522856D69EB98034E77B46D3F0D5F88E7E587D4942BF2A.apk	2014-05-19	0	0	0	0	0	0	0
A9B79FD72E201CE16DEDC2878CCCF9CC536C1D920F10CD7D64278E1A7E478280.apk	2014-05-12	0	0	0	0	0	0	0
A9BF5B3B2F364F823A5F9DA79EF56663417000FBBBC3B661E6A69643C8C6FC9D.apk	2014-02-15	0	0	0	0	0	0	0
A9D107568A81153DA9B3CBE25A89A7815427F882E530AD4FC0EC85AA22A002BC.apk	2014-01-25	0	0	0	0	0	0	0
AB4CB7AC36978428FDD0BC8BB42A7799AA727443739CB4289C96009F7743C255.apk	2014-01-27	0.1852	0	0.5463	0.2685	0	0	0
AB5E560DCF1632A12FB3D5348ED2BDB72E13B24CE8CF7410B2AD5BDDA0096D39.apk	2014-03-01	0	0	0	1	1	0	0
AB7DC1B616452131C907B1D28E6989CC59D37726799AD93391D2FE0C67864D6A.apk	2014-07-05	0	0	1	0	0	0	0
AC7C7FA7B0D7DDC41B40C5DDD860DC0454AE147E87782BBCC9D5518F900CE7A5.apk	2014-01-30	0	0	0	0	0	0	0
0034EED5F766C2DDD67F9CDC673435DC4C9B1BD18800DEF4E772CDD31B453186.apk	2014-01-29	0	0	1	0	0	0	0
00DD8FB0E7A6DD60759C29D9851807527FF54D7E639C08719E0F8620D3FC47F2.apk	2014-01-11	0	0	0	0	0	0	0
0624775D59B6F7F435B3AF1EFFE47E17DEA09770EBE06D77D180A46779919DA0.apk	2014-02-08	0	0	0.0036	0.9964	0	0.6559	0
0705F033786F24BEC7233B87E20A98B20724E41BBD2B6E8120E5D5BAE987D3E1.apk	2014-01-13	0	0	1	0	0	0	0
0B32851F9215D246C7D898C76D457E916D50094B84753DB3CFB66A6D1D3E2C3D.apk	2014-11-09	0	0	0	0	0	0	0
0CDDF2C62AE2CA260BE31B89568E009F5C14315D08878C1145B0BBCC1F1C5184.apk	2014-03-13	0.75	0	0	0.25	0	0.6429	0
0FFF232A1D339E626DD95CD2BF9E3EEDA12AA130539095586160C558DA0FDC8B.apk	2014-01-23	0.5652	0	0.0725	0.3623	0	0.1014	0
1AA81E1569FF93EB1CE7D7280737BA10408F5CAED3046F5F99D28CEB3B8F01BE.apk	2014-02-24	0	0	1	0	0	0	0
1BAA85C1B05010985C4E5A91319CD7743F92F1E2090CB9DDF8FDDE29AB3528CB.apk	2014-08-17	0	0	1	0	0	0	0
212FBAB13C0A6061F6221E299846000839B7803FBDBE5AB93D95C5E701CC0002.apk	2014-06-04	0.9375	0	0	0.0625	0	0.0938	0
22448CFBAEDCE41ECE15647A96F842AD586DD68F13DBE57143A525525DB8608A.apk	2014-02-10	0.2059	0	0.4119	0.3822	0	0.2059	0
228A251995C433B3D6618AB7EB483089F5DA51A343EDDA7D0B56A9558D1A5075.apk	2014-01-29	0	0	1	0	0	0	0
230B63BFAF22007BF194A4B257CE7CE8600DF64F8226CF2F6FE18188E19E4DAD.apk	2014-02-04	0	0	0	0	0	0	0
2887C4A5003AA9D99B6F3D72D0667A4E730C40F4DA97CF28A9877ADE92290003.apk	2014-05-02	0	0	0	0	0	0	0
28E1456D8D3B8A11C930A1C6C48101FD2840234ABFEBDD2C7A6458542B36E5B2.apk	2014-02-08	0	0	0.9388	0.0612	0	0.0408	0
29C3496CEDAB8A148C362EA5A33EA4AF66D570683124E31004DEFE1226F1A880.apk	2014-02-10	0	0	1	0	0	1	0
2B2DC209B58FE7F27459AEC1C0E9F872997EA0ADFD4843FFE8E858F18CA79500.apk	2014-02-15	0	0	1	0	0	0	0
300AF0268B41DB83AF88C01B42D6598CDD1822A886E708AA937E4462A837AE20.apk	2014-01-27	0	0	1	0	0	0.4522	0
30B3842FBEFFF055E74F6599DAC76D1B24A6360EF13AFCB75A841D8C3A9AF7D9.apk	2014-02-18	0.5	0	0.5	0	0	0	0
35B23FAAA19579B8FF18D89F32E87447B556EB0B827C780B957D2FF790C2B132.apk	2014-01-08	0	0	0.3333	0.6667	0	0.7037	0
375A96C7A2A03AA18CD62C2D800BEAB18E62AEE657CDFBF967AD8251A0AF39C2.apk	2014-04-05	1	0	0	0	0	0.5	0
37AC42D928067D5E756DE7FE32733E0E7808C7593C8BEE00355AE30F932971DF.apk	2014-02-06	0	0	0	0	0	0	0
38E631B3E19EC6ABE12B6D654FC7127CF6A293F2929019B33C73363EB6D21258.apk	2014-06-25	0	0	0	1	0	1	0
3B640AC9A6B2F0ACEE9C8466CC3CA3BF3E390BBD2EA59345A68FCFB599BCB4BD.apk	2014-01-30	0	0	0	1	0.1111	0.5833	0
3CD0721B59DF1A619955D8D4AB09C4F16AF615D57E3BDC970303D3AADADDDF50.apk	2014-10-08	0	0	0	0	0	0	0
444F07F3D67BD372DE110CC5761EFCA3E59EC66D71B85EC481965D4F0C63F084.apk	2014-12-16	0	0	0.0532	0.9468	0	0.6489	0
464B628CE3C0260A2BEAB8682A06C80370EDCF228EC0F5DEB0DF1387F90D9A16.apk	2014-01-29	0.8507	0	0	0.1493	0	0.7612	0
4956C24F6B88A8DB6BAB11F94DCC5C748C4619632AB5BA1BC30DE1AD4E0C5CCE.apk	2014-08-21	0	0	1	0	0	0	0
4A8EA106C56A593B13220787DE2D58656041BAE53C38911D3B730378F4AB13AD.apk	2014-06-24	0.4227	0	0.026	0.5513	0	0.2777	0
4D9BECCD90C498FB94A0F2946159BAAB1CB84B967C11DA087E2E1343FFA8DD62.apk	2014-03-14	0	0	0	0	0	0	0
4DA404D13E913FC3E57B28D635D8FE3C2BA3983B86E8A217476C08616FCB8A8A.apk	2014-08-24	0.6333	0.2	0.1667	0	0	0	0
505C9C2D78C49801212C9F43675B0656168BBFAC1F64977F0B77519D3B707603.apk	2014-01-29	0	0	1	0	0	0	0
557CA540D5A5B388B3EE6FC931489689EE8C830158ECB1EBF27E80AB35C93485.apk	2014-02-10	1	0	0	0	0	0.4667	0
5974FD778E72400999DB5CDED80FE89C060DF2DA5DB1B81C8670F4F0B8146C14.apk	2014-03-23	1	0	0	0	0	0.3943	0
5FEE05BAEEEF8A2B33540D7691D2A0E5699FE6B1C3C3122E6DF7139FD468504C.apk	2014-02-08	0.8603	0	0	0.1397	0	0.8971	0
60F652B01246BEA19CF9859FB5CCEA647EB33174FCC84ACCE64717ECC3123924.apk	2014-02-13	0	0	0	0	0	0	0
629307C19FC70B875075C145E6FBA2C69DDC6354B2CD374CD8A01628C137714E.apk	2014-02-11	0	0	0	0	0	0	0
6DECEA863593EF9DF825C2A661EF3A36888654EB59FC81EE07E9733249AFC2A9.apk	2014-01-29	0	0	1	0	0	0	0
735076628808FF49D3B298FF3F9F1ACA27C1EE8D82CCAD3E9267AF3FC4D47DB0.apk	2014-03-08	1	0	0	0	0	0.8548	0
79095B46134B220C19F37A402AE6580A03FE1434883FBD3622A9F596D7A75EF0.apk	2014-01-28	1	0	0	0	0	1	0
7A341534CCADB1A0327F004E62C5B9A251EE07E7232F8796ECDD6BDE03F9957B.apk	2014-02-04	0.7778	0	0.2222	0	0	0	0
7BC82AD76FB1A9617C0D5FBDE88D46254FB09032DBBECB00D596D8A72B34837B.apk	2014-01-28	0.888	0	0	0.112	0	0.104	0
7E9FF16453736FCA502106EA9C37EA4C7775638193060B9AB386E8024FA6AAD7.apk	2014-02-13	0	0	1	0	0	0	0
88EF2DC85FF7A6E0BE060F70EB1B729F4332E920F5DDA5AAB5AED2DBE7BFF5E7.apk	2014-01-02	0	0	0	0	0	0	0
8D4E024A8C98E264DB624201CB587EEC1E857E65814C2D5DB1CEC348E0EF1D5A.apk	2014-02-11	0	0	1	0	0	0.2222	0
9634CECEDF8A474FA0F1527DEED10CCC9157A7170F31D852916040CE72780512.apk	2014-03-19	1	0	0	0	0	0.9167	0
98FA36B2E4BF3C52250A52D0598496BF724217371E2559AB737B8C9D30C9CEEE.apk	2014-02-04	0	0	0	1	0	0	0
A398124CDDE7709BB4CA747862239AF446248FCC4FD0462082C31322559A34B9.apk	2014-07-04	0	0	1	0	0	0.5	0
A5B47FBDE5380AD4B5588A466CAE5B2C5C9DE0D2E4F0360FD7CEBF6C55616193.apk	2014-01-28	0	0	0	0	0	0	0
A61AB1D0D47B9D0A3C00C0B5D4B6AA1CB6D0E5C8C70D2E0058E8B10EADE75EA6.apk	2014-01-23	0	0	0.0238	0.9762	0	0.6032	0
A742D94457A6B1D4CFB3C43D2AF03B9F0C8DEB1BCC7E4DDD2432053E660939C1.apk	2014-01-29	0	0	1	0	0	0	0
A913839AB49492D52F0890A8B4E78130DE56D3EDF90907CA791798517D81296C.apk	2014-03-26	0.521	0	0	0.479	0	0.7647	0
AA31EECD004766FFF39A93741116D7943F6AA32311F7104DAD6B770EFD258E77.apk	2014-01-29	0	0	0.72	0.28	0	0.68	0
AB2BB9FDF8DAEF3008DFBC71F4D6778EE0C51137B5167DC2D663DBFB1C4D5228.apk	2014-01-29	0	0	0	0	0	0	0
ABD84CC0C3EFBDA6207424B6D1C4A80D6A5CE27CAC6D10E384C3E8C37B3C0882.apk	2014-01-28	1	0	0	0	0	1	0
B0E25305B66D8BE4CE24BF368CF7E54897B8135DDED64A17E88DE6818118F345.apk	2014-02-11	0	0	0	0	0	0	0
B3F4412E97D3A2330EC2B6615A4815B7F98472603125492F195F1805C0251490.apk	2014-01-11	1	0	0	0	0	0.8406	0
B3F5E679A34A49E4B6C504D02411B18225C3DAECA8AF0F5CFA3B46CA9C9F40EF.apk	2014-02-12	0	0	0	1	0	0.5	0
B7A2ABC2DAD2F3426993A02B7241C60E29EEB595EEA59C7BDEA0CA2F8155F95E.apk	2014-09-14	0	0	0.08	0.92	0.52	0.08	0
BF2986343CD31694E24FE224995633D7CA7F67397793160A6FDAB582F3860379.apk	2014-05-16	0	0	1	0	0	0	0
C0B389A378D102FA6D1F2AF11A645E5D0ADFFD0AA7083F372A04C49E86DB8E75.apk	2014-05-16	0.6209	0	0.0095	0.3697	0	0.2464	0
C107C7C855080AAB021449DCF28C30744EE50F170109E709088F1DDC1431F6D1.apk	2014-02-14	0	0	0.1512	0.8488	0.2093	0.407	0
C2C24A933AA423DB6312BC967292C7426B4A4511358A5DF0C158E295C1562D82.apk	2014-01-30	0	0	0	0	0	0	0
C3D7AAD95B3449E9B0B604A4EEC05021BB95809E48A77D572B04C47290322605.apk	2014-01-31	0	0	1	0	0	1	0
C4C8E29DF44D183DA143AADDA3E7D73FAF278C2EB240EB940776AC877D394D71.apk	2014-01-16	0.9459	0	0	0.0541	0	0.0811	0
C552BD3B24F142BBBC553A72B701A72C1E35E259E172D5B05AC59471733ECD42.apk	2014-02-11	0.6324	0	0.0432	0.3243	0	0.2703	0.0108
C90F5BFB78334E40323F767597137269D610FA16DEB917959DE2974147D46A61.apk	2014-03-11	0	0	0.0172	0.9828	0	0.5	0
CA83250696B68084BC003375B3E4F8371C81122B227352FAD424A3EC4B771CF5.apk	2014-05-10	0	0	0	0	0	0	0
CBAF8DCA9DB53C85E56AADAD5130F2045B8054CDE53BA18428A148C996DDCC86.apk	2014-02-12	0	0	0	0	0	0	0
CC52FD2E17931B3D141EEA4E1696E2A7C509D72218A6B88AFEECD7A0EAFB12D3.apk	2014-01-25	0	0	0.9565	0.0435	0	0.087	0
CDADECC4B0CB4D39109D866D66F281B79A74EF3DBB77CCA8F444597FD4989EC6.apk	2014-05-02	0	0	0	0	0	0	0
D0A1C6A3DF6E79C0EFA319A8D81217F836BC829D88A1323D842AA770B5040930.apk	2014-02-15	0	0	0	0	0	0	0
D32E9CB15ECA152D267B37AD438CDDCD25ED03E02A73E6D024ACC7FC0ED71C23.apk	2014-06-16	0.7679	0	0	0.2321	0	0.6964	0.0536
D508B8CFAEBE72F8E32C43B7C06FDD33874119C9F59A9E18A96FA17E5E37DCC0.apk	2014-01-29	0	0	1	0	0	0	0
D75B5FE8224BED3D892FE6C8DCA70EED21D9B8ED090B5CCD0BACA535EF4636A7.apk	2014-02-04	0	0	1	0	0	0	0
D84211325F48A2F6F5480648BAFDCFD0EC6BFDBBEC679003D4FB004D79D0D647.apk	2014-03-12	0	0	1	0	0	0	0
D93E21A956EBC64A77FBE0996E05B5E048381C104BB803C7FD9EEEF3D3C4F471.apk	2014-02-04	0	0	1	0	0	0	0
DF2F58533C9E44EB661DE963C919C83E1A732EEC6CBF8D5E286C612AD9A7527A.apk	2014-01-29	0	0	1	0	0	0	0
E0C2A3C7D2927E5564B2F091C80FE0D521F5B3A23FF6E9EA5D733F3D069AB25E.apk	2014-01-29	0	0	1	0	0	0	0
E189657F2726DEFF9762BE5CC8F586A00BC9EB1C8C6D59AD73750F1996D62476.apk	2014-01-28	0.5867	0	0	0.4133	0	0.5733	0
E2E93A199CC58E221B6714BFB12485426C683D03A277FA4D9581F1C0F1D5B14C.apk	2014-01-22	0.375	0.125	0.3333	0.1667	0	0.6667	0
EA560D7BF8C89CF99E921AFE3EE512D91CBAF33F0A38BB86736371D8DF8DCB89.apk	2014-03-17	0	0	0.1818	0.8182	0	0.7273	0
ED1324A046E0E03AAD9C40E993FF7378F71B0E7945B33F540EF3EE94260BC602.apk	2014-12-10	0	0	1	0	0	0	0
EEE23C46182F5A6B362857A22B7EC04C002408C64543B567A0DA396C84207F1B.apk	2014-01-30	0	0	1	0	0	0	0
F51F1EAA223A6B8D7FD589458D11FAA0DA4A7A0BF55BC98F1D962FB47E343DB9.apk	2014-03-18	0	0	0	0	0	0	0
F5503B8B2CCC2A71F72FBA9D944C86D8C4403FE78488F25447BF391EC3CD8029.apk	2014-06-29	0	0	0	0	0	0	0
F973BF86D15555142599E6E9B9F1B4A16666BF1E1A4D910D8BDE23531A5D5B03.apk	2014-02-04	0	0	1	0	0	0	0
FB414800DF1ED7285C7BD4D7274A745D064AE2A4F40DB512A61E3AB9625504C8.apk	2014-03-12	0	0	1	0	0	0	0
com.ouah06.ouah_06_10_n	2014-07-08	0	0	0	0	0	0	0
com.ouah11.ouah_11_28_n	2014-11-09	0	0	0	0	0	0	0
com.ouah6.ouah_06_43_n	2014-06-20	0	0	0	0	0	0	0
com.byeoljji.byeoljji_02_40_n	2014-10-26	0	0	1	0	0	0	0
com.byeoljji.byeoljji_02_17_n	2014-10-26	0	0	1	0	0	0	0
com.smartsm.smart_13_24_n	2014-09-17	0	0	1	0	0	0	0
com.axa.axa_01_40	2014-10-21	0	0	0	0	0	0	0
com.gift.bloodstrike	2014-08-27	0	0	0	0	0	0	0
com.makem.makem_02_31_n	2014-10-16	0	0	1	0	0	0	0
com.endwar.fanghua	2014-09-30	0	0	0	0	0	0	0
cn.ddm.MobileAcceleration_V5	2014-11-05	0.9946	0	0	0.0054	0	0.3587	0
com.usist.usist_01_16_n	2014-11-11	0	0	1	0	0	0	0
com.makem.makem_01_46_n	2014-07-08	0	0	0	0	0	0	0
com.purplebug.mydoctorfinder	2014-01-31	1	0	0	0	0	0.7879	0
com.onecomputer.onecom_01_40_n	2014-07-23	0	0	0	0	0	0	0
com.dreamis.dreamis_07_21_n	2014-12-19	0	0	0	0	0	0	0
mdavfo.yilmug.link	2014-09-07	0	0	0	0	0	0	0
com.dreamstudis.epicdefenseqlan1	2014-04-03	0	0	0	0	0	0	0
com.mobilioz.komiknaruto	2014-04-02	1	0	0	0	0	0.9512	0
com.yooncom.yoon_05_29_n	2014-09-20	0	0	1	0	0	0	0
com.giogio.giogio_01_30_n	2014-11-26	0	0	1	0	0	0	0
com.androidantivirus.testvirus	2014-06-03	0	0	0.5	0.5	0.25	0	0
com.conn.ttjj	2014-11-06	0	0	0	0	0	0	0
com.appskorea.apps_01_28_n	2014-08-26	0	0	1	0	0	0	0
com.ouah3.ouah_03_32_n	2014-06-20	0	0	1	0	0	0	0
com.storm.phonegap.miaohong	2014-07-20	1	0	0	0	0	0	0
com.kingroot.RushRoot	2014-04-28	0	0	0	0	0	0	0
com.doudou.dzk	2014-03-15	0	0	0	0	0	0	0
com.mplus.mplus_09_22_n	2014-06-21	0	0	1	0	0	0	0
com.makinfo.pro.arabiciptv	2014-06-15	0	0	1	0	0	1	0
com.mplus.mplus_09_06_n	2014-09-25	0	0	1	0	0	0	0
com.oxmk.oxmk_02_44	2014-09-17	0	0	1	0	0	0	0
com.miyi.qmsj	2014-09-23	0	0	0	0	0	0	0
com.byeoljji.byeoljji_02_23_n	2014-10-26	0	0	1	0	0	0	0
com.rock.ltzjmnb.baidu	2014-10-04	0	0	0	0	0	0	0
com.tpad.jsdx.ncdd	2014-07-02	0	0	0	0	0	0	0
com.kingroot.RushRoot	2014-04-28	0	0	0	0	0	0	0
org.starsoftcandy.jewels	2014-12-17	0	0	0	0	0	0	0
com.mzqr.mmsky	2014-06-22	0	0	1	0	0	0	0
com.dreamis.dreamis_07_05_n	2014-09-18	0	0	1	0	0	0	0
com.oxmk.oxmk_01_12	2014-03-11	0	0	1	0	0	0	0
com.msolution2.msolution_02_33	2014-12-24	0	0	1	0	0	0	0
com.joydesign1.joy_01_11	2014-12-13	0	0	1	0	0	0	0
com.ltgd.act.gdzw	2014-02-08	0	0	0	0	0	0	0
com.ms.bbllk	2014-04-09	0	0	0	0	0	0	0
com.chanshuhung.asdailystoryen	2014-07-18	0	0	0	0	0	0	0
com.tmmspersonal.testeicar.free	2014-07-08	0	0	0	1	0	0	0
com.cubeappblock.wars	2014-11-11	0	0	0	0	0	0	0
com.kingroot.RushRoot	2014-04-28	0	0	0	0	0	0	0
com.v0001.g0185	2014-11-24	0	0	0	0	0	0	0
apps.antibaned.com.suratyasinmp3	2014-06-17	1	0	0	0	0	0.9091	0
com.adliving.adliving_02_20_n	2014-08-28	0	0	1	0	0	0	0
com.zl.game.candyline.wipay.skix	2014-03-27	0	0	0	0	0	0	0
com.tpad.cs.cpa	2014-02-22	0	0	0	0	0	0	0
com.wyjmhgoall.GoPeotry	2014-02-24	0	0	0	0	0	0	0
com.mplus.mplus_09_07_n	2014-09-29	0	0	1	0	0	0	0
com.mplus.mplus_10_42_n	2014-12-31	0	0	1	0	0	0	0
com.telerik.eChildStudy	2014-07-04	1	0	0	0	0	0.9412	0
com.aviatosystems.ugatalk	2014-11-26	0	0	0	0	0	0	0
com.dcc03yunva.shootaer	2014-04-03	0	0	0	0	0	0	0
com.aydada.phuongphapgiaibthoahoc	2014-07-08	0	0	0	1	0	0	0.8667
com.axa.axa_01_25	2014-07-03	0	0	0	0	0	0	0
com.mplus.mplus_09_08_n	2014-09-24	0	0	1	0	0	0	0
com.ouah2.ouah_02_26_n	2014-07-08	0	0	0	0	0	0	0
com.BarondaAmbon	2014-07-30	0.5455	0	0	0.4545	0.4545	0	0
com.example.cuijinplay	2014-09-24	0	0	0	0	0	0	0
air.net.chanca	2014-07-14	0	0	1	0	0	0	0
com.ouah11.ouah_11_05_n	2014-09-05	0	0	0	0	0	0	0
com.joydesign2.joy_02_30	2014-09-10	0	0	1	0	0	0	0
com.kingroot.RushRoot	2014-04-28	0	0	0	0	0	0	0
com.byeoljji.byeoljji_03_14_n	2014-10-19	0	0	1	0	0	0	0
com.qq.cleancuijin	2014-09-28	0	0	0	0	0	0	0
com.zwenyu.car23.overSea	2014-11-03	0	0	0	0	0	0	0
com.mplus.mplus_10_27_n	2014-10-18	0	0	1	0	0	0	0
com.linkstudio.FruitLinkwo	2014-02-11	0	0	0	0	0	0	0
com.smartsm.smart_13_10_n	2014-11-25	0	0	1	0	0	0	0
com.mplus07.mplus_07_22_n	2014-12-25	0	0	1	0	0	0	0
com.monngondelam	2014-07-25	0	0	1	0	0	0	0
com.monngondelam	2014-07-25	0	0	0	0	0	0	0
loc.mada.game2048	2014-07-20	0	0	0	1	1	0	0
com.mplus.mplus_09_04_n	2014-10-19	0	0	1	0	0	0	0
com.makem.makem_02_36_n	2014-09-04	0	0	1	0	0	0	0
com.gbbcompany.tuvi2014	2014-01-17	1	0	0	0	0	0.3125	0
com.makem.makem_02_38_n	2014-08-23	0	0	1	0	0	0	0
com.lifeapp01.life_02_40_n	2014-12-18	0	0	0	0	0	0	0
yc.gjxlqy.appsky	2014-05-08	0	0	0	0	0	0	0
com.joyinn.gyuivgh	2014-12-14	0	0	0	0	0	0	0
com.andnottech.morningandnight	2014-02-16	0	0	0	1	0	1	0
com.kait.shangxiawuqiannian	2014-03-03	0.4634	0.3659	0	0.1707	0	1	0
com.kadir.runner	2014-11-13	0	0	1	0	0	0	0
com.aou.aoucandy	2014-09-29	0	0	0	0	0	0	0
com.mplus.mplus_09_01_n	2014-10-04	0	0	1	0	0	0	0
com.gbbcompany.tuvi2014	2014-01-17	1	0	0	0	0	0.9091	0
com.monster.game120	2014-12-06	0	0	0	0	0	0	0
com.byeoljji.byeoljji_02_13_n	2014-10-26	0	0	1	0	0	0	0
cn.com.sz.apk.process.manager	2014-09-29	0.2296	0	0	0.7704	0	0.563	0
com.makem.makem_02_28_n	2014-10-23	0	0	1	0	0	0	0
com.txhf.hlppm	2014-11-07	1	0	0	0	0	0	0
com.exyuplus.tv	2014-06-11	0	0	0	0	0	0	0
