0034EED5F766C2DDD67F9CDC673435DC4C9B1BD18800DEF4E772CDD31B453186.apk	0	0	1	0	0	0	0
00654E46C4256A6626C6A7EAB9EE03482C4E73E47DBD962E581FFB9E5D5548E3.apk	0	0	1	0	0	0	0
00DD8FB0E7A6DD60759C29D9851807527FF54D7E639C08719E0F8620D3FC47F2.apk	0	0	0	0	0	0	0
0196E6B67D0EFA40752D085247B20633CCEF536BD9F14F1CF800C66D475D59B2.apk	0	0	0.4459	0.5541	0.5096	0.2102	0
024271CA9A19C85F297E82962F178B2C614BFFBF3B56CAB90C1BB55065D5D899.apk	0	0	0.0217	0.9783	0	0.587	0
03B1486DE6B48F063DCC455F2529257B9B4ED4C910ECC36D750545E4E08EBE8A.apk	0	0	1	0	0	0	0
052F90B8829BDC0BF6B55DCF116DD69ECFBF4B180D052026AA67B296B6997BD0.apk	0	0	1	0	0	0	0
053BCD4648BE4E25E283A67BA1FA75414248C52139FFF81E238636222900AD55.apk	0	0	0	0	0	0	0
05BEDECCA9BB59130A9ED049C7A7543B28BDF37A42C00F713C20EE11BE6AB6A5.apk	0.766	0.1532	0.0724	0.0084	0	0	0
0624775D59B6F7F435B3AF1EFFE47E17DEA09770EBE06D77D180A46779919DA0.apk	0	0	0.0036	0.9964	0	0.6559	0
06B98527846034BC88A46EF131A4D4DD75705F050CFDAC5B01F9A1F651F91FCD.apk	0	0	0	0	0	0	0
06F9C10A15D01774445249BCF2245467C25A4E73C65614C724F7D8AF43731271.apk	0	0	0.0706	0.9294	0	0.6353	0
0705F033786F24BEC7233B87E20A98B20724E41BBD2B6E8120E5D5BAE987D3E1.apk	0	0	1	0	0	0	0
08D0DD81AFC70E3054815B07E48C3BC913C45ED194B7F51D25EDBCBCDEECCCF6.apk	0	0	1	0	0	0	0
0B16EBDE3EF93C2EE7DC17E41A35EBDB2A72FC6AC2B4BF6CA69B7AEE63FFA6EC.apk	0.6218	0	0	0.3782	0	0.8718	0
0B32851F9215D246C7D898C76D457E916D50094B84753DB3CFB66A6D1D3E2C3D.apk	0	0	0	0	0	0	0
0BA9D79F662D9CF48F7BFC38BAD16746F627E9F3EC3DD9F30601A5F9864D90F2.apk	0	0	0	0	0	0	0
0C180665121FA076C739AD6E5A01441605DEA8AC87A82C7D050F5F3DFDBA70F7.apk	0	0	0	0	0	0	0
0C53F64A7D3459FB5C616196B570AB0043B079FDF7E397986B4E158E85F97D31.apk	0	0	0	0	0	0	0
0CDDF2C62AE2CA260BE31B89568E009F5C14315D08878C1145B0BBCC1F1C5184.apk	0.75	0	0	0.25	0	0.6429	0
0D1195F7DAB7836FAE92BFDFFE208F68B10C707B2B70646D9C9F8A2E699AC6DD.apk	0.3158	0	0.2105	0.4737	0.0263	0.5263	0
0D45D059018A0D4A578691E7B9960338A31B1B99239F26CBB4EBC0781D8D86AB.apk	0	0	0	0	0	0	0
0F596F83B00B75C0569653CAD3FE22C36CE1284776E9EA54667FE0FD2C8DC338.apk	0	0	0	0	0	0	0
0F648A1E70840E66AA5E3BBBB017B6AD069DFC8207596827AB8E7DD243E93DE0.apk	0	0	1	0	0	0.5357	0
0FFF232A1D339E626DD95CD2BF9E3EEDA12AA130539095586160C558DA0FDC8B.apk	0.5652	0	0.0725	0.3623	0	0.1014	0
1037A3C92A2CA812A779FDFB0C75E74174931A425297FAC932BD7FF169388690.apk	0	0	1	0	0	0	0
10FDA7CD8C0B48ACE3CA4981927F50887722ED294AE27F8E9E078E18256C4BBF.apk	0.4211	0	0	0.5789	0	0.3158	0
126AF6D55E5EDB8662A3FBBBC83DB781756C31A1A7FEC630D361F974F7CDF278.apk	1	0	0	0	0	0	0
133C33CB5551AAAE1D80C0F6508B61BEC100CB945C1FB0562D5C191D8919907E.apk	0	0	0	0	0	0	0
14D749A815441C1AFD963541F2DC719A76AB7C18CB1AFBE1054233F0FFD07E4F.apk	0	0	1	0	0	0	0
153A8478D4675F60C7C4128D61B30164EBBFCBF551EE3BD3D589BFE6A95654AB.apk	0	0	1	0	0	0	0
15FBE9A6F3E764AE48B5A48B70BA9DEC9758DF181ADD97D9642CA28FC1E6EA51.apk	0	0	0	1	0	0.5	0
1671E4BB7F5AE4CEE113A7B356AB7F67D6A63681C76D8307C4EA9CAD565CA5F4.apk	1	0	0	0	0	0.7027	0
16878CCF6714386D452BB1207AD2DA8969C349462ED3D849579C12CF8BB19480.apk	0.8571	0	0	0.1429	0	0.8571	0
16AE4BEB643DDDD1F3E5D01B3D2C0A473D51E54AFA8448459E728377E6DEC9F6.apk	0	0	1	0	0	0	0
1768A067BE1E12A8E1AC835F1E50AF1027684C3B7041CB7BA83F4FAC43C7EB6F.apk	0	0	0.4098	0.5902	0	0.7623	0
1854D3C6C3C99E3718DD78E9FDF67E49F5B73C8A0A07A8A52E3251B20A84B82D.apk	1	0	0	0	0	0.925	0
18C304822E7D5262EE3911C146F4B4B136A587A0044FB6C56EA80C7973C9740E.apk	0.9674	0	0	0.0326	0.0326	0.8587	0
19855B00AA9C3F8842477E05C55CA6957220E4E6808B8D69E40427D2233B9952.apk	0	0	0	0	0	0	0
19D875BAEFD95EB4A66461C8EE7FCCA3EF689888A231A753A476BC35AB66935B.apk	0.5974	0	0.0909	0.3117	0	0.7403	0
1A3E24C3E4AF7A98CDF65683002C77BC247EE3893FFCA71C1839394A7F9942CC.apk	0	0	0.5	0.5	0	0	0
1AA81E1569FF93EB1CE7D7280737BA10408F5CAED3046F5F99D28CEB3B8F01BE.apk	0	0	1	0	0	0	0
1B16144BCC6DAD823F42226FC9AAE9BCA2C17BB604A5DFE18A5B624F02715D6E.apk	0	0	0	0	0	0	0
1B65D9424AE834E0A1E3FD124CF3350776DC7F5697729836740564CD11D01D0A.apk	0	0	0	0	0	0	0
1BAA85C1B05010985C4E5A91319CD7743F92F1E2090CB9DDF8FDDE29AB3528CB.apk	0	0	1	0	0	0	0
1C8D1CF4887DD1C30850F5015F8FE8A5C97F2F73874FE5EDC96FE7C8CE311617.apk	0	0	0	1	0	1	0
1D0FB838DC46ED1B988EA05826899D97DD54044D85C45CA1B1B5CB7A68D1F6A1.apk	1	0	0	0	0	0.1	0
1EA51906D17606FB5376BC6A106A665BFA3DBC22614845230D48FE0E6A0B5C92.apk	0	0	0	0	0	0	0
1FDB6FC8DB0E20CAE11D23DE2DECB9F9CBB6CBDFA30ED94072023C735B0683DF.apk	0	0	0.9231	0.0769	0	0.0769	0
202B8E1084495B9D3EDA0F8C7F8A5CDA18D21D36C75F0BB655EB661C6E309F2A.apk	0.7593	0	0	0.2407	0	0.7593	0
20465E44AC7EFB72C07492B57E906E4E5E4834BE808B6A570047F9B8A509AF76.apk	1	0	0	0	0	0	0
212FBAB13C0A6061F6221E299846000839B7803FBDBE5AB93D95C5E701CC0002.apk	0.9375	0	0	0.0625	0	0.0938	0
21347D7E7F0CED7107C85AD24F0671E9C2B896357830A1C322D1FC35BE6ECF5F.apk	0	0	1	0	0	0	0
217446A642116486227A42F1CA07D2B576C433052EAD48682FABAE264CBAED74.apk	0	0	0	0	0	0	0
22448CFBAEDCE41ECE15647A96F842AD586DD68F13DBE57143A525525DB8608A.apk	0.2059	0	0.4119	0.3822	0	0.2059	0
2262DDD243405500CF89C28D3673E778EB32DACE9C0B547C67712F54DFCC3A47.apk	0	0	1	0	0	0.2579	0
226707881A1021D9874463D201FC14BABFFEDE5C21158F0022E4A1824F483941.apk	0	0	0	0	0	0	0
228A251995C433B3D6618AB7EB483089F5DA51A343EDDA7D0B56A9558D1A5075.apk	0	0	1	0	0	0	0
230B63BFAF22007BF194A4B257CE7CE8600DF64F8226CF2F6FE18188E19E4DAD.apk	0	0	0	0	0	0	0
235D3AB461DBE6E5074694A744CC8BE8B2562DA22E19AA2BD2414B6411D821E8.apk	0	0	0	1	0	0.5	0
2428A2EE238519BE4A67275B5375269ADC6CC8C3BA56CC946D3519D8EF71883C.apk	1	0	0	0	0	0.8889	0
246C6715BB2A11CBDD1B1F0C085D35804B98B23BAE61A569693C47D112E6628C.apk	0	0	0	0	0	0	0
247A8F34F9F0C880421D82B9EBC08F734473B00AE1E11C8D6CCF417CA43E8BF2.apk	0	0	0	0	0	0	0
25F43F2DC5A04701A10031D06BE21AC4B3CC5C94ECCF46015B83B23967C447B2.apk	0	0	0	0	0	0	0
2667F5D76567F60C7205470DA34E0B8465224688A7CC496F058088A0395851B8.apk	0	0	0.1538	0.8462	0.8462	0	0
27CF1AA25BE55673FE90BDCF8C243575503085F30F9DB8380D23B8495A9DD557.apk	0	0	1	0	0	0.4884	0
2887C4A5003AA9D99B6F3D72D0667A4E730C40F4DA97CF28A9877ADE92290003.apk	0	0	0	0	0	0	0
28E1456D8D3B8A11C930A1C6C48101FD2840234ABFEBDD2C7A6458542B36E5B2.apk	0	0	0.9388	0.0612	0	0.0408	0
29B68829735B6D77F80D9E7697BC96FC36FF6D6CAC8DF0CABC8C7144BEB5F8A8.apk	1	0	0	0	0	0.8338	0
29C3496CEDAB8A148C362EA5A33EA4AF66D570683124E31004DEFE1226F1A880.apk	0	0	1	0	0	1	0
2B2DC209B58FE7F27459AEC1C0E9F872997EA0ADFD4843FFE8E858F18CA79500.apk	0	0	1	0	0	0	0
2C8D5B1A5DD658336218836A22D5601B65F87890A744F3C2650FE557FF6274CF.apk	0.8333	0	0	0.1667	0	0.8333	0
2CB04DAF34F12B60637A65FD9B18E460F846BCE741FEE0B5F3427CCB245F5E9A.apk	0	0	0	0	0	0	0
2CBD02AE5E536F180FBE05C63672D95922E0F8AAACE5847456DF0154E8760C64.apk	0	0	0	0	0	0	0
2CC92519544E869098DD293E5741B3DE7A4738071E766826129AD7E92142C4B2.apk	0	0	1	0	0	1	0
2D9E429BCDEDA803E9A9469B2C1C153D17296DAFF424E50847CE9D0E4571E083.apk	0.4167	0	0	0.5833	0	0.5	0
2E89084A05B86195A8E86A2CD53C270477760C26102CA96B1C59C31902273DF4.apk	0.7969	0	0.0312	0.1719	0.0781	0.125	0
2EE4B2B04D2E16368FBB0CA7BF4831C89BF922581140372B0F1B1E152D155E40.apk	0	0	1	0	0	0.494	0
2F2EBEB8021DDF1117E5EE13E59D0455668D9456E62C0B3BA0E130F29B4A4BE0.apk	0	0	0	0	0	0	0
2F7D9FC92EF188DF5DA6356A284AABD18AA0C81F78CE7C03B937E510EA96A2D1.apk	0	0	0	0	0	0	0
300AF0268B41DB83AF88C01B42D6598CDD1822A886E708AA937E4462A837AE20.apk	0	0	1	0	0	0.4522	0
30558A02C9C421584121C993BA4B8666D9F28A9AD6B4ED477F88A539403D0512.apk	0	0	0.8571	0.1429	0.1429	0	0
308F47DA528254875D45E06C70CDE2C0DF834FCA8EF4AAE7E82C62E70D0D8EDF.apk	0	0	0.6792	0.3208	0	0.3208	0
30B3842FBEFFF055E74F6599DAC76D1B24A6360EF13AFCB75A841D8C3A9AF7D9.apk	0.5	0	0.5	0	0	0	0
31DE6CACC56D46A4886C0599CC86D6B56938BAD2085975B8620F87437C89B0B0.apk	0	0	0	0	0	0	0
32220DEA740F99872B77CDB9644B976ACB03A93BE20B57E8DEDCD46BE960DEBC.apk	0	0	0	0	0	0	0
33388C4EAFD4DC676F2CD5773507832BC1B9E465C7854630AF35660DD3ADDE0D.apk	0	0	0	0	0	0	0
333FBEBA4BD33E3E88E052E473139CA4BDBD734152BB002029B9D7D641FCF1FE.apk	1	0	0	0	0	1	0
34E6AC5EA065F17674CA563350528D97C79F48DA86ECBBD8F9605F3101831C1F.apk	0.9888	0	0	0.0112	0	0.191	0
34EF8D40F437ADFC7D735AD87AE64F1A0EA3511D007EE744C97C9A9951656527.apk	0	0	0	0	0	0	0
3511605D5F2BEC0F3BAFCDE90F5EBBF74664D405070D089C60033FA58F332E12.apk	0	0	0	0	0	0	0
357A86BA51B93BB84889B8EE84ED45EA6A7CE46FACAFB58B547598ABEC1D05FA.apk	0	0	0	0	0	0	0
35ADF5BDB88C1A304FA1AA0116031F345E189210ABD708DE503CBA65533A1071.apk	0	0	0	0	0	0	0
35B23FAAA19579B8FF18D89F32E87447B556EB0B827C780B957D2FF790C2B132.apk	0	0	0.3333	0.6667	0	0.7037	0
35F9B6DE5C2E4F86244E6C18E28C854C9F278DB5A8E3BCBF1C4D75612991838F.apk	0	0	0	0	0	0	0
3635734D81C7051373733DA8B01789FE43047EA0573F042A29F94F78412CE189.apk	0	0	0	0	0	0	0
3719A4DD128223B75608276929AB493459A32D8B9E010BB5788DF03B581A6176.apk	1	0	0	0	0	0.9651	0
375A96C7A2A03AA18CD62C2D800BEAB18E62AEE657CDFBF967AD8251A0AF39C2.apk	1	0	0	0	0	0.5	0
376A85996E417A0A268E8349FEBB1081748F89421C2A667B7C205F7CD2B9720D.apk	0	0	1	0	0	0	0
37AC42D928067D5E756DE7FE32733E0E7808C7593C8BEE00355AE30F932971DF.apk	0	0	0	0	0	0	0
37F1634ED06496F29F2C2F4EB3515EE803CC66432A49A2E10747E3F15495E41D.apk	0	0	0	0	0	0	0
38E631B3E19EC6ABE12B6D654FC7127CF6A293F2929019B33C73363EB6D21258.apk	0	0	0	1	0	1	0
3AA3E1813BFE7725BE8A3808D0502DB8358EA1C93B53EB5323CE9332961E1A13.apk	0	0	0.0714	0.9286	0	0.631	0
3B640AC9A6B2F0ACEE9C8466CC3CA3BF3E390BBD2EA59345A68FCFB599BCB4BD.apk	0	0	0	1	0.1111	0.5833	0
3C2C2E26E78C19E539F458E66A684F5BCDDA0DB326C1DC5ECA9370C4D5D25FEC.apk	1	0	0	0	0	1	0
3CD0721B59DF1A619955D8D4AB09C4F16AF615D57E3BDC970303D3AADADDDF50.apk	0	0	0	0	0	0	0
3D8861EAE6E166FCDEE76E8ED0C832C104082F0E2F311FD5FC17DE0A6DBB46E3.apk	0	0	0	0	0	0	0
3E9853E54B33C40035F237E198F673C856C90E5FDCA0FA3DBBD0EEC18BDD3276.apk	0	0	1	0	0	0.5	0
3FB94D9D06C41A00D3D9A0BDE9F8D0911093E533BA7F75CBD4AFEDBF4F0EE9C6.apk	1	0	0	0	0	0.9412	0
40894BC37CE2E6C1659A9979F16CBC7C7B0705F3CE61942D2090F624D8A89733.apk	0.8	0	0	0.2	0	1	0
42CEFB3F442376078ABB741E85F6CDFD72CA3AE0FBAEC6B73CDB2D46775192C0.apk	0	0	0.0225	0.9775	0	0.573	0
439C3051C1C136832375A99F874584A6DA6669A65D8070E72BED09C83F22F118.apk	0	0	0	0	0	0	0
43E82D4E959EC28417C7BC21BF02666D18D086A9E28D94E6146FF4F0C45EE7E8.apk	0	0	1	0	0	0.5	0
444F07F3D67BD372DE110CC5761EFCA3E59EC66D71B85EC481965D4F0C63F084.apk	0	0	0.0532	0.9468	0	0.6489	0
453C05975E8D67CC7D23418CEBEADC08FE59883EA5EA7AF00C086A9569EFB82E.apk	0	0	0.1053	0.8947	0.0526	0.6316	0
458209DF5B6106BBC361532315117D370AF554DC20F6814ADFBB2D58BAAB2153.apk	0.0357	0.3214	0	0.6429	0.9643	0.0357	0
45BBD0844FE531E85658F7FE17C20552A1848F8A9885AAE4D761811CA8819CB9.apk	0	0	0	0	0	0	0
45FD229E903F74B21A535358645BF456BCBE1D0408DEA9DC19BED4AFB9E77E24.apk	0	0	0	0	0	0	0
464B628CE3C0260A2BEAB8682A06C80370EDCF228EC0F5DEB0DF1387F90D9A16.apk	0.8507	0	0	0.1493	0	0.7612	0
48F3A0F9BDEFFE8BC781155FE3177F42033E56DECAAC0AD427A8DAB55F843B29.apk	0	0	0	0	0	0	0
48FE6EB3C6756F114137BB9A5933924D9377592DECACAA175F27B28CEF0088D5.apk	1	0	0	0	0	0.7959	0
4956C24F6B88A8DB6BAB11F94DCC5C748C4619632AB5BA1BC30DE1AD4E0C5CCE.apk	0	0	1	0	0	0	0
4A6B343D0AFD92E58232B190EBFF07559E2A0DA4F5EF2DEF30C0A0060D504D36.apk	0	0	1	0	0	0	0
4A8EA106C56A593B13220787DE2D58656041BAE53C38911D3B730378F4AB13AD.apk	0.4227	0	0.026	0.5513	0	0.2777	0
4B4AAC75C4CB3FE6C02473479B581118C3711D1A4F1D4E691F30C95337BF1C88.apk	0	0	0	1	0	0.5	0
4BA99D0292A2DFAB93EEE59A44AF22579E8B9A5C61AF9F2A8191227A551B28C7.apk	0	0	0	0	0	0	0
4C6F8B5CD0FAC6BAA6D4F950D78E67BB0B2109943735D2E2031770B413425A6F.apk	0.7544	0	0	0.2456	0	0.2281	0
4C805386EEC7DD62E9E48D63921E1160F9FC3EA0F6605E948926337BB51082F7.apk	1	0	0	0	0	1	0
4CE6A88333A5209A94D433E2DF0E6FA13C9577787B15A9D662686AE7174C5EEC.apk	1	0	0	0	0	0.8036	0
4D539E0D251982F766AA8E1B33D86B17BC3D0406C8551F24EE51DD00401188CD.apk	0	0	1	0	0	0	0
4D9BECCD90C498FB94A0F2946159BAAB1CB84B967C11DA087E2E1343FFA8DD62.apk	0	0	0	0	0	0	0
4DA404D13E913FC3E57B28D635D8FE3C2BA3983B86E8A217476C08616FCB8A8A.apk	0.6333	0.2	0.1667	0	0	0	0
4F7E624D8694BD280E5BF0E196AD690A7E312856B16E97B4809FD5C041AF97F3.apk	0	0	0.6713	0.3287	0	0.3427	0
505C9C2D78C49801212C9F43675B0656168BBFAC1F64977F0B77519D3B707603.apk	0	0	1	0	0	0	0
50E5C05B49345D5326E42B1C00B5202EE3370126E683B9BCD41A01E29A8B6C6C.apk	1	0	0	0	0	0	0
50F19BA9AE0EC6B3D4242CEE91CC85FBC0582ECA280B6ADF541994A23A37CC5A.apk	0	0	0	0	0	0	0
527ED621FD6329D9229D6156159EF60CB1C579DE17D50265693733B2EC08AEEC.apk	0	0	1	0	0	0	0
54D64125349C2388610F628CB7C6FF8D12B3B4B9362BA6251B9AC70AD302495F.apk	0	0	1	0	0	0	0
54FB07412BDC51CF8A9CA6A56314E0B19E6C597E2AE0091CCAF99DC53B5226CF.apk	0	0	1	0	0	0	0
557CA540D5A5B388B3EE6FC931489689EE8C830158ECB1EBF27E80AB35C93485.apk	1	0	0	0	0	0.4667	0
5645100CAB79E66F729FD37E6E3599FD8F7433C6EA30CF4C357872960F70F585.apk	0	0	1	0	0	0	0
567E307C2481DEA88CD9FBEF3761A5E16B003A683F8CCD84ABF1FBF3C0943051.apk	0.7237	0	0	0.2763	0	0.6184	0.0132
583FFA25915EEB6C6B33F0F2DE16D6B246B696D7AA0767452DF8007835BC90EA.apk	0	0	0	0	0	0	0
58D84E12AC511A9657BDA48188082B186F7ADAA0FB6C687768B038494113C8C9.apk	0.7381	0	0.2619	0	0	0.7857	0
5974FD778E72400999DB5CDED80FE89C060DF2DA5DB1B81C8670F4F0B8146C14.apk	1	0	0	0	0	0.3943	0
5A439541D5711CA56051E9624F813D39037D0291D397A05CEE832CCC3CDD7CFE.apk	0	0	1	0	0	0.5	0
5A84DB8B8CB37351A47BBD109A307BB67FE338E69676B35EA37BD1E9CEFF9242.apk	0	0	0	0	0	0	0
5C4CBEC594600CF18940B4DB35BF1FA817EC72CAC4B83299DC48DF91ACFFE4FE.apk	0	0	0	0	0	0	0
5CCEBE7C05C56B0ECB13D512DFF69BA90E9A022EDD5A5BCE3AEA0FE570E63FCC.apk	0	0	1	0	0	0.4962	0
5D4900077C2116C6E53B6B9D7B3056B63369584C7268F3BA2A3F2CD45F5E247D.apk	0	0	0	0	0	0	0
5FCEC6C5D0CCDF9812422255DEB8FA270A6BA07FCAEBC7BF9E7C6BEEAAAA91F6.apk	0	0	1	0	0	0.2532	0
5FEE05BAEEEF8A2B33540D7691D2A0E5699FE6B1C3C3122E6DF7139FD468504C.apk	0.8603	0	0	0.1397	0	0.8971	0
60F652B01246BEA19CF9859FB5CCEA647EB33174FCC84ACCE64717ECC3123924.apk	0	0	0	0	0	0	0
629307C19FC70B875075C145E6FBA2C69DDC6354B2CD374CD8A01628C137714E.apk	0	0	0	0	0	0	0
62BC00CED55685AAC2E07FB241B3320B9191332B6073495531F3E28C3AC8D2D0.apk	0	0	0	1	0	0.5	0
64C7353F7E6B4834FE92036A02EC357DA2EA2E260D60C5A0CCED80E52EC5FF51.apk	0	0	0	0	0	0	0
6542E5B1605E1A70BFD109854CAF4616A18A937BE3E8D5BCFF79381963962CA0.apk	0	0	1	0	0	0	0
6570D83D1AF3276458201F317956B45340A58DC0439D7F8E90D649E80287D610.apk	0	0	0	0	0	0	0
6687F7F601237C1DE9557ED59954B63DBC6BCA343029C3F625F96298EB766760.apk	0	0	0	0	0	0	0
67331DD8980F265059BAAC16BA9BD2C043E0C54194BE1A657BAA43F52621976A.apk	0	0	0	0	0	0	0
682859CC84390C3E253E7CCAF2E7D45A692F018C4BD5A05FEB25A0EFD0606DB3.apk	0	0	1	0	0	0	0
6A291BC3FCD6ACAF88DA3AC5B2B17637A6D23067DBAAB1C45286BD37F10B0F21.apk	0.5	0	0.5	0	0	0	0
6A6967223FBC5A44837333A655F7C1D698CEA2B1553CE129CB205CA39B4F379C.apk	0	0	0	0	0	0	0
6BA4E267C191669650D415E7538E25BB9B9B6374E7C395DB0E33FEC7363541D3.apk	0.1394	0	0.4808	0.3798	0	0.6827	0
6C45E87BB8A946B43BD7A8352100B56582547B9C2E457CB8669D8F35F7E13A9E.apk	0	0	0	0	0	0	0
6D9520435F86CDEDD400B03F70CE7E0078578EAC089FE21D842F4ECAA111BD55.apk	0	0	1	0	0	0	0
6DECEA863593EF9DF825C2A661EF3A36888654EB59FC81EE07E9733249AFC2A9.apk	0	0	1	0	0	0	0
6E54E6D1F2803E4E31FDD58B730C5907D5F36F3FFB9FBF62F8550580B63E10C0.apk	0	0	0.7143	0.2857	0	0.2857	0
6F1D49ADA84C94876F44141D4FEDC0BB1EF91BE5CF77EDC4A69EE66BC2AF2731.apk	1	0	0	0	0	0.9091	0
6F56531F5B9EF240EAFD22CAF86A1B2036A4D88E64B46A8D5419EA245AF1663F.apk	0	0	1	0	0	0.5	0
6F68FB687F0A4EFACA7248EFC8957048A45FE82424DC6F93DA1ABCFD606C9C52.apk	0	0	0	0	0	0	0
7027205245FCE45FFD6FAB0B46AC1AE0EF5BA80C4BA7087CD9F97199B60574E9.apk	0	0	0	0	0	0	0
71597E159EA42DFBD8296802E65D591DBBE72DEC2389F58437F9A5499B9321FD.apk	1	0	0	0	0	0	0
71819DF42C0DF40E629EA1D4FA4DE7A84B0F0155E86E6DA1FB1194658C9C699A.apk	0.7635	0	0.2365	0	0	0	0
71C9B9A18F5778DEEEC4EFC233E018CFB9F03750BB1A1ABFD09100B9D0CF31FF.apk	0	0	1	0	0	0.5	0
71EC7B12B08D35145CD13DE373ACEA7C718A4AF7C22B7FF4B42B3A6D92DADB84.apk	0	0	0	0	0	0	0
72ACAFA7307BAD1C2264DB85795533C7DB315FD542DE9A92D7F064A09017C739.apk	0	0	0	0	0	0	0
73234CF5E96536C3D5F8BE455FF447434973C3B07782BC3C3D16565DD12BF740.apk	0	0	0	0	0	0	0
735076628808FF49D3B298FF3F9F1ACA27C1EE8D82CCAD3E9267AF3FC4D47DB0.apk	1	0	0	0	0	0.8548	0
7443492A8FB95A1202C3D852EA7C36324D5C0DBDEF5A0A630EE96E6E9DDB2BB2.apk	0	0	0	0	0	0	0
7497A620030731C52487D5A8141CD379C284BEC80163971C949B9E97470BA1F9.apk	0.5846	0	0	0.4154	0	0.5077	0
74D38C62B0C7F1D04FF7C27753FCE3061914A6BC9A38044F3A4C8A3391831696.apk	0	0	0	0	0	0	0
780AAE123672A5D48606DF307569F42BD4D02931C4A157168BE77370DED0D4B5.apk	0	0	0.6	0.4	0	0	0
79095B46134B220C19F37A402AE6580A03FE1434883FBD3622A9F596D7A75EF0.apk	1	0	0	0	0	1	0
79D6205A4FB641BDB6C517ACC3237F27610B6A09FC39EEEDF66925E9EE5CF28A.apk	0	0	0	0	0	0	0
7A341534CCADB1A0327F004E62C5B9A251EE07E7232F8796ECDD6BDE03F9957B.apk	0.7778	0	0.2222	0	0	0	0
7BC82AD76FB1A9617C0D5FBDE88D46254FB09032DBBECB00D596D8A72B34837B.apk	0.888	0	0	0.112	0	0.104	0
7CD48AA3639CCDA74C26B55D1F2E242D0BFE1CBB17AF0C0CD82BA8DCA948BBCD.apk	0.5	0	0.5	0	0	0	0
7DA5D5D6A877A8154DCDD35F70DAB7856376B7D7A5136B6ED1512A1CFE3A79AE.apk	0	0	0	0	0	0	0
7E9FF16453736FCA502106EA9C37EA4C7775638193060B9AB386E8024FA6AAD7.apk	0	0	1	0	0	0	0
80274638D8251B5A4EDEFCF3FA89CBB08BBF9172A1395584A09788D2A357EEB3.apk	0	0	0.0179	0.9821	0	0.7768	0
8036EE2D566D278FC6AC8CE16CA13B9A34F6B0DF3F45299B77CA7714579347DC.apk	0	0	1	0	0	0	0
8043739EBCF3DBCC52924170149C353B8386D92BA19B5B0A84A46D2E991BD402.apk	0	0	0	0	0	0	0
815531B157278ACF6F72152573364707A1AA8EFD8AE15EB3DFFDBCDBC4D1E41C.apk	0	0	1	0	0	0.5714	0
820B3EF95A38AA11AFE019AF2A7FE2B8E308CF7818AFE1599BA9EC4F761E385A.apk	0	0	0	0	0	0	0
82C0AB3A5D54D4104F29122E684AF155683083EA9652FFF4A2A5F94731600D17.apk	1	0	0	0	0	0.8677	0
82D733D5F5839D79AB8A5CB3C21B519BED33B46248A492F80BCD112FDAB86B5F.apk	1	0	0	0	0	0.8444	0
833D1382A745531FFF0D66941964DFCDCC063AF383984130805AA4443469D11A.apk	0	0	1	0	0	0.1128	0
8824428F395A67108A1C94D831D83B9B3128C397C8A62CE764BD1786F50D3FD2.apk	0	0	0	1	0	0	0
8836677BBE71B557E64163DC0316B91AECEDF622AFB8AA1B7D50720AACED8BD9.apk	0	0	0	0	0	0	0
88EF2DC85FF7A6E0BE060F70EB1B729F4332E920F5DDA5AAB5AED2DBE7BFF5E7.apk	0	0	0	0	0	0	0
8AFE5483F2D929209ED080885D55D5A19014D458F30CE1F204DBF907D211E6E7.apk	0	0	0.8696	0.1304	0	0.087	0
8C6357F27626AE0A801F513012CFDAF9A089969D25D512E7101A0D1D525310AD.apk	0	0	0	0	0	0	0
8D00BC0F8A804870A0EFBA98AFCF2A98A49555B288313780766D8622A79CF180.apk	0	0	0	0	0	0	0
8D4E024A8C98E264DB624201CB587EEC1E857E65814C2D5DB1CEC348E0EF1D5A.apk	0	0	1	0	0	0.2222	0
8E35E363C5E29F395C83CEED4933C65378E248B9689420480E350EEB6441F27C.apk	0.2667	0	0	0.7333	0	0.6667	0
8F96A9C4AB3A93479D1E842721887023E27A19BEACD39BB14E3127655C281894.apk	1	0	0	0	0	0	0
90022C6A576A5967C59CD92EE2E47D2396F89C15E03AA40FF4E2401DBCCC1AC3.apk	0	0	0	0	0	0	0
90F389AAE64AB31573A8F24F6E7E2EFB63C09EB3F033286C0299A1FAF6B6CF41.apk	1	0	0	0	0	0.8143	0
92546567B0295C90353FBCEEBBC456751F0F29CFBCD5C0FE6A4333017505F861.apk	0.3611	0.125	0.3333	0.1806	0	0.6528	0
92B20CE266F2322D7B902DD728494C2F6B370653CD8944FFF97829730AFFFBD0.apk	0	0	0	0	0	0	0
9478A239A170F7D162CF43F3AB70E972C0B545FA9CB2E0AB923F4ED6BB8FE7C0.apk	0	0	0	0	0	0	0
962E47EF46AD1F071C89A3745BCD0DC2974566D239B282D50117A54D1975788F.apk	0.8333	0	0	0.1667	0	0.8333	0
9634CECEDF8A474FA0F1527DEED10CCC9157A7170F31D852916040CE72780512.apk	1	0	0	0	0	0.9167	0
971E1C6A93C9546B9A124AC3CE02BB1763FB32BDD7736F061383A36D68365935.apk	0.8467	0	0	0.1533	0	0.1022	0
97327CB0B40DB59394F6EFD18C79C055623FB0D35906EEC1F2E1B85A19F3F624.apk	0	0	0.4	0.6	0	0.5429	0
9782DFF1671262DFF6E17E83B89B8497C35BCE6BB782961CB18E759AFE32163D.apk	0	0	0	0	0	0	0
979D7386E6B89BF7413459999C2E1E2BC01AB61236E5EF610FE80F70E161275F.apk	1	0	0	0	0	0.2143	0
97B2CE893CE26F4A76BC8B3D110109D7B2B4945BEEFF05EA6073CD9B235E57B4.apk	0	0	0	0	0	0	0
9854FE5A7D3F9D5373A20EA32474C136984ACBED00F2F25B76F516EB0A6AE246.apk	0	0	0.7	0.3	0	0	0
98C72A6059770BAEA789B602CC90F6ED06B58453792AFD276AC327A8FEA364D9.apk	0.2	0	0.6	0.2	0	0.8	0
98FA36B2E4BF3C52250A52D0598496BF724217371E2559AB737B8C9D30C9CEEE.apk	0	0	0	1	0	0	0
9A25BFAA382F2D8F374E58FB0240B268548A8157F1677BFA71516C765A6E04D1.apk	0	0	0.9565	0.0435	0.0435	0	0
9C53A04D64524DA52DAD8E1510AA07F3E42A86D56F99C8A3F1239D3842BDB2AB.apk	0	0	0.0312	0.9688	0	0.5104	0
9C8791F7DFB086E93982B1E18F26D68C09B8784B9C7F9E831C53CC5A1ED72FD0.apk	0	0	0	0	0	0	0
9C9A3681D5A9B47E28D3798AE85A5D9C50659A014F1F4E606626FE5FA8DDC666.apk	0	0	0	0	0	0	0
9D93F95F43DDACBE1A6158BF256D2451383A6BEA764DA3CE1723C8E9DAD9923B.apk	0	0	0	0	0	0	0
9F3C2E28055822BB93684E35BFC85F387D4A8DD81CF33911346458A4D5E2219F.apk	0	0	0.0405	0.9595	0	0.7162	0
9F6DB20E6F032583B8664492030A0B4CAC7F98F9DF547604B0D50F03A122B8CF.apk	0	0	0.7143	0.2857	0.2857	0	0
A00567E658198BAE2F4EE2F6501D580EC4A304915BAECA5BB8A9A4306D39AD09.apk	0	0	1	0	0	1	0
A28F95C9BD31D58469DF145278FDB07048C1598811C64E3ACF37E05F56EEDE3C.apk	0	0	0	0	0	0	0
A33A2F33E998F1A985627094865EE243CA2B7AA8274FC03D10D1A08D4FDE73EC.apk	0	0	0.001	0.999	0	0.5005	0
A398124CDDE7709BB4CA747862239AF446248FCC4FD0462082C31322559A34B9.apk	0	0	1	0	0	0.5	0
A5B47FBDE5380AD4B5588A466CAE5B2C5C9DE0D2E4F0360FD7CEBF6C55616193.apk	0	0	0	0	0	0	0
A5C42C17913F5BBC70F24CB87C9E7930D48CD7A34E14492EBA0353A583228E32.apk	0.7778	0	0	0.2222	0	0.3333	0
A61AB1D0D47B9D0A3C00C0B5D4B6AA1CB6D0E5C8C70D2E0058E8B10EADE75EA6.apk	0	0	0.0238	0.9762	0	0.6032	0
A6CD9AC1894ED7DAA4A2538A546C2EA321AF4CCED120398FEBC44DC6596BF845.apk	1	0	0	0	0	0.4769	0
A742D94457A6B1D4CFB3C43D2AF03B9F0C8DEB1BCC7E4DDD2432053E660939C1.apk	0	0	1	0	0	0	0
A7837F507DA3A504F80E61FA3CE09E9B088BB1E02F0F0C12255D92E6E23B7ED5.apk	0	0	0	1	0	0.5	0
A8693F898C36FE6CACA7E556AD9CCB7ECB61D9A8140F41585BB64AE27054503F.apk	0	0	1	0	0	0	0
A913839AB49492D52F0890A8B4E78130DE56D3EDF90907CA791798517D81296C.apk	0.521	0	0	0.479	0	0.7647	0
AA31EECD004766FFF39A93741116D7943F6AA32311F7104DAD6B770EFD258E77.apk	0	0	0.72	0.28	0	0.68	0
AB2BB9FDF8DAEF3008DFBC71F4D6778EE0C51137B5167DC2D663DBFB1C4D5228.apk	0	0	0	0	0	0	0
AB7A0EA545F4E5C0226A190EC38EABD7B7FBCA639AA11D65A657B2D441CB8AA1.apk	0	0	0	0	0	0	0
ABC859BB93C7EE92FF80D6936CA7E764BCED36444D51C29ABB9C57244F6506E2.apk	0	0	0	0	0	0	0
ABD84CC0C3EFBDA6207424B6D1C4A80D6A5CE27CAC6D10E384C3E8C37B3C0882.apk	1	0	0	0	0	1	0
AC662AE0A503AA61A1C6D71E8941F7B66AA8A44961DD41D15DF4EAC3F1E6A0B2.apk	0.5	0	0.5	0	0	0	0
ACC823D625386041AA6DAC57DBADB21FBE5A2F0A0E8A593C4E465788954FCF4F.apk	0	0	0.0385	0.9615	0	0.641	0
AD00324AD190BBD0326DC0B1568B003CCC273BA81090B2E7B8DBB2096FBA90D9.apk	0	0	0	0	0	0	0
ADC78FFBDE69C0F7D3E99675BCECB421945363052B84088B5C5F31745A202F4C.apk	0	0	0	0	0	0	0
ADE260EC4346DA2211C7D41061F3950BBA13FCD66F9F6DDB10B96A214783089C.apk	0	0	0	0	0	0	0
AED362E807BF5C178314C90C22EDD857EA4CA25B297539A81A2EB7B96A82829B.apk	0.34	0	0.66	0	0	0	0
AFC2E6A0656173695EAEA588DB488BA7FAA645955849F68DB1C59B534EDFAE3B.apk	1	0	0	0	0	0	0
B0088736DBA8FDE8F274B5A3C1E3CCA7D79F7470581F3C7303B962BC5EBE4874.apk	0	0	0	0	0	0	0
B0786FD58F2296E570E48F56F5A9D7AE1E66F44B834148C1FEA5F55B3ED2C7B1.apk	0	0	1	0	0	0	0
B0E25305B66D8BE4CE24BF368CF7E54897B8135DDED64A17E88DE6818118F345.apk	0	0	0	0	0	0	0
B116B5C1DB67EC219D2B9B05CE264DF9B18D77A27B4D05335E577BBC1441CD42.apk	0	0	0.9286	0.0714	0	0.0952	0
B229BC974FA5AC0B61665216657B0764E392344A1C856537F18073950BD3A2E5.apk	0	0	1	0	0	0.4961	0
B3F4412E97D3A2330EC2B6615A4815B7F98472603125492F195F1805C0251490.apk	1	0	0	0	0	0.8406	0
B3F5E679A34A49E4B6C504D02411B18225C3DAECA8AF0F5CFA3B46CA9C9F40EF.apk	0	0	0	1	0	0.5	0
B4A23F114DA491784F1A598340EBBFC9811FD2C26DF3B4AE674EA7E220946320.apk	0	0	0	0	0	0	0
B6FA5B65FEDF1EAA864CABFDC2D0287A739E56261739D8B68C1F1164D7CD3EC1.apk	0	0	1	0	0	0	0
B7A2ABC2DAD2F3426993A02B7241C60E29EEB595EEA59C7BDEA0CA2F8155F95E.apk	0	0	0.08	0.92	0.52	0.08	0
B8232112F743A64F70B4B905E037A51042F50C4888735045B18C10663923DC91.apk	0	0	1	0	0	0.4961	0
BA38C586AD5831FD60E58DF726F2530A46DF760D866358C662CADD7B6B968BDD.apk	0	0	1	0	0	0	0
BABB18A0C22142308E7C47688502F197E5BA8AB0B1B4FAEFE62ED8D5CBA48297.apk	0	0	0	0	0	0	0
BBF519CBCE129743189AA83BF46482D573AAA2F78B25A689A7DCC3924A79AA44.apk	0	0	1	0	0	1	0
BC60769A42770856FD40D2A93EB6CCDAD5D99F04092B12BA79E83FC26104B58D.apk	0.8333	0	0	0.1667	0	0.8333	0
BC8D48D761EAD235767A72F8E0A10E504D72B8355FE28DD318BB6C74475427DB.apk	1	0	0	0	0	0.4	0
BE11D11EA1B273C4BFF62AF43E014641982119522BBBC71FC7EFC33A68CC0BB5.apk	0	0	0	0	0	0	0
BE63857681F4E63006267D6C97DF71E93347E2B3C3D8F015681C3CBFB23FE641.apk	0	0	0	0	0	0	0
BE6924FB88485B58A0D87363111787D2DB0AF98DF8FDA7636F62808F012FACCB.apk	0	0	0	0	0	0	0
BF2986343CD31694E24FE224995633D7CA7F67397793160A6FDAB582F3860379.apk	0	0	1	0	0	0	0
C0B389A378D102FA6D1F2AF11A645E5D0ADFFD0AA7083F372A04C49E86DB8E75.apk	0.6209	0	0.0095	0.3697	0	0.2464	0
C107C7C855080AAB021449DCF28C30744EE50F170109E709088F1DDC1431F6D1.apk	0	0	0.1512	0.8488	0.2093	0.407	0
C167BA8EA76968D9AA2936322117EED6E3EC66A695E3A5D95597E6C142668965.apk	0	0	0	0	0	0	0
C2119A653B0376DF55CB092502B823F471E0E270F3E9E3E5E6FE45A452A12F0B.apk	0	0	0	0	0	0	0
C299CB062C1F2B623745BEA12DC7A0256EA49FB30C7779441A5C39B207B9E75B.apk	0	0	0	0	0	0	0
C2C24A933AA423DB6312BC967292C7426B4A4511358A5DF0C158E295C1562D82.apk	0	0	0	0	0	0	0
C3064F562906FA41C549CD087EFEB647F395D46539445B4AB6003652B1B9755E.apk	0	0	0	0	0	0	0
C3D7AAD95B3449E9B0B604A4EEC05021BB95809E48A77D572B04C47290322605.apk	0	0	1	0	0	1	0
C4C8E29DF44D183DA143AADDA3E7D73FAF278C2EB240EB940776AC877D394D71.apk	0.9459	0	0	0.0541	0	0.0811	0
C552BD3B24F142BBBC553A72B701A72C1E35E259E172D5B05AC59471733ECD42.apk	0.6324	0	0.0432	0.3243	0	0.2703	0.0108
C75B808B36991329ED59E4FD470626D509B780D0AA6E1B8CF80DED627B6D5BBB.apk	0	0	0	1	1	0	0
C7FF08D930AECE86F84F11927157F4CC97A74536F9573BC615DE4840D647BA2A.apk	0	0	0	0	0	0	0
C90F5BFB78334E40323F767597137269D610FA16DEB917959DE2974147D46A61.apk	0	0	0.0172	0.9828	0	0.5	0
CA79F63699A0C9DAC806116A6D13BC688CCA6524F9912615DC45E1ECBAF5D37C.apk	0	0	0	0	0	0	0
CA83250696B68084BC003375B3E4F8371C81122B227352FAD424A3EC4B771CF5.apk	0	0	0	0	0	0	0
CBAF8DCA9DB53C85E56AADAD5130F2045B8054CDE53BA18428A148C996DDCC86.apk	0	0	0	0	0	0	0
CBDBFC8BD9F3C8435B7EBAFA3C87DBF6B1F9674D223223F817CDF873885B48AE.apk	0	0	0	0	0	0	0
CBF35007E2F7FC5454059F68D9A7B28CAD5C5AF84E5EC5BBC0CA171F3E62A60B.apk	0	0	1	0	0	0	0
CC52FD2E17931B3D141EEA4E1696E2A7C509D72218A6B88AFEECD7A0EAFB12D3.apk	0	0	0.9565	0.0435	0	0.087	0
CCF651BE928FA80C135D857E1E1A492FDE83D5F94219942C69AE0345CA121389.apk	0	0	0.0227	0.9773	0	0.5909	0
CD046E7D416FA4D8B8624B6ADB5A9F87C0ED5FB52DAADEA030D18E700E395AC5.apk	0	0	0	0	0	0	0
CDADECC4B0CB4D39109D866D66F281B79A74EF3DBB77CCA8F444597FD4989EC6.apk	0	0	0	0	0	0	0
CF658923217C45E09965B2DCAD827F95988F49160E957F9E2C0505208660793B.apk	0	0	0	0	0	0	0
CFBB6DC98146C3874D84BEF6527A3927BFF8D335BB408F734BFDC197939C0CE6.apk	0	0	1	0	0	0	0
D0A1C6A3DF6E79C0EFA319A8D81217F836BC829D88A1323D842AA770B5040930.apk	0	0	0	0	0	0	0
D1146706E6292054146BCA796229EFAD09E3906F701E4F679B1CA8A104AECBBE.apk	0	0	0	0	0	0	0
D190412D702A139ABE6C8C8423C83B57052750584695D58F0E3BC2805ECCA3A7.apk	0.5682	0	0	0.4318	0	0.7614	0
D20C5D9C8E24BEED445A71CA56EF3EFB8174B614A32013BEEF266ED8CA02453E.apk	0	0	0.473	0.527	0	0.527	0
D266BF70131B231F812C2664B7C6922D754DC40BBF26A9233FCAD2F7BC96FA13.apk	0.7547	0	0	0.2453	0	0.7547	0
D2D9E0F4A4BABA5CF75B89E66E6A791F532E303B59FCDBAD26A9697A34EC6949.apk	0	0	0	0	0	0	0
D2F2FBF935B5F903C54EB81FD76A8FCF79D7E67D0F0BB0843E89D44C4E764A44.apk	0	0	0	1	0	0.5	0
D32E6D4701CB01309C8CBDFF17798A690B255F2B9C6E56AD2A5DE4ED9D63E815.apk	0	0	0	0	0	0	0
D32E9CB15ECA152D267B37AD438CDDCD25ED03E02A73E6D024ACC7FC0ED71C23.apk	0.7679	0	0	0.2321	0	0.6964	0.0536
D508B8CFAEBE72F8E32C43B7C06FDD33874119C9F59A9E18A96FA17E5E37DCC0.apk	0	0	1	0	0	0	0
D5327FE16788830BE5C9F3C7A0C75ACA476EE8058D8CEF57E1228703E50F2A11.apk	0	0	1	0	0	0	0
D6CD10AF47D17A63BFE01473E761A78CAA599840608391CFB94044DC8EDA369E.apk	0	0	0	0	0	0	0
D731CAE085F7AB5B9DE51401209093F07E6BDB1589FBDD4D3C1554BEC98D2C6A.apk	0	0	0	0	0	0	0
D744ADE26162DFB911A1690F8796E6C2FBE0C15C267A6BAFC18367C98009439F.apk	0	0	0	0	0	0	0
D75B5FE8224BED3D892FE6C8DCA70EED21D9B8ED090B5CCD0BACA535EF4636A7.apk	0	0	1	0	0	0	0
D84211325F48A2F6F5480648BAFDCFD0EC6BFDBBEC679003D4FB004D79D0D647.apk	0	0	1	0	0	0	0
D91F7DC33F84537981556E9CB058591BCB99684C9454B1CB55CB17D05435EA35.apk	0	0	0	0	0	0	0
D93E21A956EBC64A77FBE0996E05B5E048381C104BB803C7FD9EEEF3D3C4F471.apk	0	0	1	0	0	0	0
DA6EC0E77E6991E5B7D3D14BD82EDE94079449FBC3E937D22A4551534320AE83.apk	0	0	0.2	0.8	0	0.64	0
DAA8FCEBE7D383B62E1665BFC904B87B3E1E8FEBDB01E483AED89D1C9F008538.apk	0.6667	0.0159	0.0079	0.3095	0.3016	0.0952	0
DB1B77D37EF90F6F83817B148FD9756295CDC4FFFE29FF03BFD2F6D95DCF4B25.apk	1	0	0	0	0	0.625	0
DBF0A661ACB77A316840D2067853116ACD306B36F501AADBD6609364C3559D20.apk	0	0	0	0	0	0	0
DBFEFE9985270BDD668D276976DFEA84C8B17E46DB7D560D6348DA7DDD461C1F.apk	0	0	0	0	0	0	0
DC5F883EC29BD3E18556197DFEFE590DEC1EF83194AC5741B787619595C42DD5.apk	1	0	0	0	0	0.9118	0
DCCAA6429826871F6B8672B9F2CE5709156DC13E9D8AED97D1ECE630722AFC9B.apk	1	0	0	0	0	0.9677	0
DCF962F04E43FDF9348F15964AF7AD357FE104172F8A2448B15DB227A88B8812.apk	0.3947	0	0.6053	0	0	0	0
DE22A47241358BBB851A1D084DE6D844DE18EF7CC99387A7B461A5E6993E1ADF.apk	0.4868	0	0.5	0.0132	0.0132	0	0
DE4A31FEFA5AF7EB488A2B4934AF664C3D034717A9375ECB848ED14E13DE342C.apk	0	0	1	0	0	0.6043	0
DEA1867ECBE7D3C458A480301D0746CD55F60CC14946B9BC3496A94328A68EED.apk	1	0	0	0	0	0.3929	0
DEC24414333F6C8AE82ED9D4200D1A4EAE186917AD3A7245FADF5D7A3332A522.apk	0	0	0	0	0	0	0
DEDB60D56AE9E68C017663AC0F7A75810EA67332BBBEB7FC96E57D204CB73543.apk	0	0	0	0	0	0	0
DF2F58533C9E44EB661DE963C919C83E1A732EEC6CBF8D5E286C612AD9A7527A.apk	0	0	1	0	0	0	0
DF574725BD477DF0D20326EC90484EE5BF16428C44B3B4D5A3669022E9A7B033.apk	0	0	1	0	0	0.05	0
DFD4798EF6B28B0BBAF61EC748FB60579BC4CB660DD878F5ADC97BC83D92CA81.apk	0.55	0	0.2	0.25	0	0.8	0
E003B042C53FD49AA535CF0D9F6B98DB101D9A3F69158CB4114992136D55ED69.apk	1	0	0	0	0	0.25	0
E081A755BD59B07E6E9182A1405E980C39F3650171C5C4F156BC62097114E79D.apk	0	0	1	0	0	1	0
E08C4F2E42BECB326F53843381B1F5E02D5BB50EDF2129F383F37A101540EDE1.apk	0	0	0	0	0	0	0
E0C2A3C7D2927E5564B2F091C80FE0D521F5B3A23FF6E9EA5D733F3D069AB25E.apk	0	0	1	0	0	0	0
E0E17DB2B003AA11459A05BADE33B3D99B2C3359D7929C8811A5A9E3662CAB0C.apk	0.4694	0	0.4694	0.0612	0.0612	0	0
E0EB67E1F79732023CC3F11938FFA73146291CC355F3AB8A378740CF0BD170FD.apk	0	0	0.4	0.6	0	1	0
E1827B74247D2DC0AB72E4E77D040A40078D7E71527D144BE110A6FBFC242C3D.apk	0	0	0	0	0	0	0
E189657F2726DEFF9762BE5CC8F586A00BC9EB1C8C6D59AD73750F1996D62476.apk	0.5867	0	0	0.4133	0	0.5733	0
E2E93A199CC58E221B6714BFB12485426C683D03A277FA4D9581F1C0F1D5B14C.apk	0.375	0.125	0.3333	0.1667	0	0.6667	0
E301ECDF6FD96AAEBC05C58F176E03C4DF597990EE544524BB8C4BEB70C843D1.apk	0	0	0	0	0	0	0
E37F15439B7680AE2305B6385451815860C2081F70387F97B443FCF03B68CB9E.apk	0	0	1	0	0	0	0
E42468BDA9CE428AD78F61343203E3CBA69BC028286A397207DDF59A4E7BB169.apk	1	0	0	0	0	0.914	0
E4EA6B1C48E28209AA22F9837CA1E5496F304ACBDEDD847F06E978B3D0FC0728.apk	0.7917	0	0	0.2083	0	0.7917	0
E5B593A5E38E08BFB0A7FC7AE5F07D2C6DCB9C2A1420B9DC4B44B04743F2FFD3.apk	0	0	0	0	0	0	0
E71824BF98BE735E2F6275F3AA2E25DEB5FDA2C9CD9F5876353979487AA3C550.apk	0	0	0	0	0	0	0
E81A00FF3A25C87C0EC0B8FF5263D8829D4E13E1284B7E63F8C135D0103A1D8B.apk	0	0	0	0	0	0	0
E88AD338B2135BB156B2759FB1F716EAB4D82C1057226B8F85313ABF45AD4559.apk	0	0	0	0	0	0	0
EA560D7BF8C89CF99E921AFE3EE512D91CBAF33F0A38BB86736371D8DF8DCB89.apk	0	0	0.1818	0.8182	0	0.7273	0
EA73EC085EFF4BBAD3A12A8F13398989854863383FCE6BE0F67944A1D52A3291.apk	0	0	1	0	0	0	0
EAC3115A750EAFEFCADA9DFA7711DEEA5A7EF1E0D8870876E3197E7B113CBBA9.apk	0	0	0	0	0	0	0
EB011BBBDF93158550122C5ADAAE5D433245B67426BF8257317C74BBAA081BA1.apk	0	0	1	0	0	0.3333	0
EB76E7FD0861EABAD84AFA9C0D7BDAEF9301CF3FE9B27E0A683D114A95B897B0.apk	0	0	0	0	0	0	0
EBBC78D52DA9DF6CB37C231F64C3F592D9874446EF9421914B9EA52AFBAA3B46.apk	0	0	1	0	0	0	0
EC901AF0DEC1BB1A596E52478AFF531D5D0DE69AE2A6A3F549A6E3BEEFBB1D65.apk	1	0	0	0	0	0.2979	0
EC9542C93C2C2C8691C9B12E62DD0955C4A1E5B9F08897D4733D83672A9D17F3.apk	0	0	0	0	0	0	0
ED1324A046E0E03AAD9C40E993FF7378F71B0E7945B33F540EF3EE94260BC602.apk	0	0	1	0	0	0	0
EE08C9B15277CA75196F3362539883D6281F26491FA8C4CF43759C87342BA83B.apk	0	0	0	0	0	0	0
EE3663EFE3140ABE04DDA941D1C619B76172F0F125976AD39D8E10E0AB016D7D.apk	0	0	0	0	0	0	0
EEE23C46182F5A6B362857A22B7EC04C002408C64543B567A0DA396C84207F1B.apk	0	0	1	0	0	0	0
EF29D592C107EA1A49FBD8A55FDB76FBD415878E65B00110DFEEF081783DCD3E.apk	1	0	0	0	0	0.2007	0
F04F23B47BF27D02FAC2C70B874659300DD6C0EF71DBF4BA7EF12B8009D13A61.apk	0	0	0	0	0	0	0
F1DCCB96C6A9F08F4988DC0769CF24A9071AC867AE37FDBF2EEFC13BC13AFC0C.apk	0	0	0	0	0	0	0
F2D3572C522DF7AC775C7179EA5EF4114A912144B5F7F56DC567C00044B2FBDB.apk	0	0	0.2917	0.7083	0	0.75	0
F3570A5D2718D3AEC9354F7A0F34ED50E2AB9698549E865CA0A46E9B554EEF53.apk	0	0	0.5	0.5	0	0	0
F42188CA7B54450338D7EDDDD8A65C9B5483ADE561505EA5C8184ACD6ED76FE0.apk	0	0	1	0	0	1	0
F4DBF9B948323CA35B5AB27A276AA87B010D3212E4D3C9C4337994C583446D8D.apk	0	0	0	0	0	0	0
F51F1EAA223A6B8D7FD589458D11FAA0DA4A7A0BF55BC98F1D962FB47E343DB9.apk	0	0	0	0	0	0	0
F5503B8B2CCC2A71F72FBA9D944C86D8C4403FE78488F25447BF391EC3CD8029.apk	0	0	0	0	0	0	0
F5534B01424B8FFEB7DBBB14B73234DB09DC9B9B507F79EFED819605E524E003.apk	0	0	0	0	0	0	0
F56F8A9A1D247A6F7B7161B1BD2E5E56680BA4682DC0ADA973AADF74B6FB6DAC.apk	0	0	0	0	0	0	0
F5DC6FB97283634839BA664253686E412ACD76B73DEA6A378ADBAF52998B17B9.apk	0	0	0	0	0	0	0
F5F5483DC09904B5809E0399437E56A0CFB8133FF02D67A962C3C5C92AA14B7D.apk	0	0	1	0	0	0	0
F6E722FF402342FF533B5E660B08BFA5881D6285DFCD100522B2B03EABC803D0.apk	0	0	0.5429	0.4571	0	0.5143	0
F7A8973880BC6905CBFB4C2B02F98FFC97A98101CB9BB8EFF1E0E4E3CFE9F4EA.apk	0	0	0	0	0	0	0
F84A466F4A521A19AFFF19B9DD751D271EC941560AC12945C3FEE344B1D6B59D.apk	0	0	0.0118	0.9882	0	0.7337	0
F973BF86D15555142599E6E9B9F1B4A16666BF1E1A4D910D8BDE23531A5D5B03.apk	0	0	1	0	0	0	0
F9B16C2FD3F97C1B69341E1E8554265CAF8F3745374CF68DDC47B09F483FF15B.apk	0	0	1	0	0	0.2842	0
FADF2AC4CD3C0895D388B6F8366337D711A2E39C72B72E75911198A08B7270DC.apk	0	0	0.2759	0.7241	0	0.6897	0
FB414800DF1ED7285C7BD4D7274A745D064AE2A4F40DB512A61E3AB9625504C8.apk	0	0	1	0	0	0	0
FB4F3F46EDFEDCEC53350933E5484BCD21C86EC226E818AE03B4A6F27531CBB3.apk	1	0	0	0	0	1	0
FD876D6055AC5CA7DE469E74EA6FF421898C11EBC30951C52E953743311BF0FD.apk	0	0	0	0	0	0	0
FE6A73AA404A6A951226E9399BA9FB5AC62F1AECDBC1E285E4A0E9F3B8C6BE70.apk	0	0	0	0	0	0	0
FE9F248FB5F66D7E7AFA0122552FD6384198C5E6858A7074E341C568C78D4023.apk	0	0	1	0	0	0	0
FFA2E928FD1AC8CE41243E8DF9DCF06D679E7319CA90ED0250E485031D7E19C3.apk	0.4	0.6	0	0	0	0.9	0
