SMSspy	VirusShare	Basebridge	Airpush/StopSMS	Jifake	Pjapps	KMIN	BENIGN	Boxer	OpFake	Penetho	GGTracker	FakePlay	Jsmshider/Xsider	YZHC	FakeInst	GingerMaster/GingerBreaker	MobileTx	HippoSMS	FakeDoc	BackFlash/Crosate	Plankton	GoldDream	Gamex	Mania	ProxyTrojan/NotCompatible/NioServ	FakeTimer	Imlog	GPspy	Geinimi	GingerBreak	DroidKungfu	DroidDream
model RandomForestClassifier(bootstrap=True, class_weight=None, criterion='gini',
            max_depth=None, max_features='auto', max_leaf_nodes=None,
            min_samples_leaf=1, min_samples_split=2,
            min_weight_fraction_leaf=0.0, n_estimators=100, n_jobs=1,
            oob_score=False, random_state=None, verbose=0,
            warm_start=False)	feature set [1, 2, 3, 4, 5, 6, 7, 8, 9, 10, 11, 12, 13, 14, 15, 16, 17, 18, 19, 20, 21, 22, 23, 24, 25, 26, 27, 28, 29, 30, 31, 32, 33, 34, 35, 36, 37, 38, 39, 40, 41, 42, 43, 44, 45, 46, 47, 48, 49, 50, 51, 52, 53, 54, 55, 56, 57, 58, 59, 60, 61, 62, 63, 64, 65, 66, 67, 68, 69, 70, 71, 72, 73, 74, 75, 76, 77, 78, 79, 80, 81, 82, 83, 84, 85, 86, 87, 88, 89, 90, 91, 92, 93, 94, 95, 96, 97, 98, 99, 100, 101, 102, 103, 104, 105, 106, 107, 108, 109, 110, 111, 112, 113, 114, 115, 116, 117, 118, 119, 120, 121, 122]
41	0	0	1	0	0	1	0	0	0	0	0	0	0	0	0	
0	8	0	1	0	0	4	0	0	0	0	0	0	0	0	0	
0	0	0	4	0	0	1	0	0	0	2	0	0	0	0	0	
0	0	0	288	0	0	5	0	0	0	2	0	0	0	0	0	
0	0	0	3	5	0	8	0	0	0	0	0	0	0	1	0	
0	0	0	1	0	2	0	0	0	0	2	0	0	0	0	0	
0	1	0	6	4	0	54	0	0	0	0	0	0	0	0	2	
0	0	0	2	0	0	0	0	0	0	3	0	0	0	0	0	
0	0	0	5	0	0	0	0	8	0	0	0	0	0	0	0	
0	0	0	0	0	0	1	0	0	10	2	0	0	0	0	0	
0	0	0	19	0	1	5	1	0	0	25	0	0	0	1	1	
0	0	0	0	0	0	0	0	0	0	0	5	0	0	0	0	
0	0	0	0	0	0	1	0	0	0	2	0	12	0	0	0	
0	0	0	1	0	0	0	0	0	0	1	0	0	4	1	0	
0	0	0	4	0	0	0	0	0	0	0	0	0	0	11	0	
0	0	0	15	0	0	13	0	0	1	9	0	0	0	1	10	
model RandomForestClassifier(bootstrap=True, class_weight=None, criterion='gini',
            max_depth=None, max_features='auto', max_leaf_nodes=None,
            min_samples_leaf=1, min_samples_split=2,
            min_weight_fraction_leaf=0.0, n_estimators=100, n_jobs=1,
            oob_score=False, random_state=None, verbose=0,
            warm_start=False)	feature set [1, 2, 3, 10, 13, 16, 19, 37, 39, 41, 53, 55, 57, 58, 59, 60, 61, 63, 73, 74, 75, 76, 78, 80, 81, 82, 83, 84, 93, 94, 95, 96, 105, 106, 117, 118, 11, 14, 22, 24, 30, 35, 38, 40, 43, 44, 54, 56, 62, 64, 65, 67, 86, 88, 99, 100, 101, 102, 103, 104, 107, 108, 12, 15, 23, 28, 32, 34, 36, 42]
42	0	0	0	0	0	1	0	0	0	0	0	0	0	0	0	
0	8	0	1	0	0	4	0	0	0	0	0	0	0	0	0	
0	0	0	4	0	0	2	0	0	0	1	0	0	0	0	0	
0	0	0	287	0	0	5	0	0	0	3	0	0	0	0	0	
0	0	0	5	5	0	6	0	0	0	0	0	0	0	1	0	
0	0	0	0	0	3	0	0	0	0	2	0	0	0	0	0	
0	1	0	6	4	0	53	0	0	0	1	0	0	0	0	2	
0	0	0	2	0	0	0	0	0	0	3	0	0	0	0	0	
0	0	0	4	0	0	0	0	8	0	1	0	0	0	0	0	
0	0	0	0	0	0	1	0	0	10	2	0	0	0	0	0	
0	0	0	16	0	1	7	1	0	0	25	0	1	0	1	1	
0	0	0	0	0	0	0	0	0	0	0	5	0	0	0	0	
0	0	0	0	0	0	1	0	0	0	2	0	12	0	0	0	
0	0	0	1	0	0	0	0	0	0	1	0	0	4	1	0	
0	0	0	2	1	0	0	0	0	0	1	0	0	0	11	0	
0	0	0	13	0	0	14	0	0	1	10	0	0	0	1	10	
model SVC(C=1.0, cache_size=200, class_weight=None, coef0=0.0,
  decision_function_shape=None, degree=3, gamma='auto', kernel='rbf',
  max_iter=-1, probability=False, random_state=None, shrinking=True,
  tol=0.001, verbose=False)	feature set [1, 2, 3, 4, 5, 6, 7, 8, 9, 10, 11, 12, 13, 14, 15, 16, 17, 18, 19, 20, 21, 22, 23, 24, 25, 26, 27, 28, 29, 30, 31, 32, 33, 34, 35, 36, 37, 38, 39, 40, 41, 42, 43, 44, 45, 46, 47, 48, 49, 50, 51, 52, 53, 54, 55, 56, 57, 58, 59, 60, 61, 62, 63, 64, 65, 66, 67, 68, 69, 70, 71, 72, 73, 74, 75, 76, 77, 78, 79, 80, 81, 82, 83, 84, 85, 86, 87, 88, 89, 90, 91, 92, 93, 94, 95, 96, 97, 98, 99, 100, 101, 102, 103, 104, 105, 106, 107, 108, 109, 110, 111, 112, 113, 114, 115, 116, 117, 118, 119, 120, 121, 122]
0	0	0	43	0	0	0	0	0	0	0	0	0	0	0	0	
0	0	0	13	0	0	0	0	0	0	0	0	0	0	0	0	
0	0	0	7	0	0	0	0	0	0	0	0	0	0	0	0	
0	0	0	295	0	0	0	0	0	0	0	0	0	0	0	0	
0	0	0	17	0	0	0	0	0	0	0	0	0	0	0	0	
0	0	0	5	0	0	0	0	0	0	0	0	0	0	0	0	
0	0	0	67	0	0	0	0	0	0	0	0	0	0	0	0	
0	0	0	5	0	0	0	0	0	0	0	0	0	0	0	0	
0	0	0	13	0	0	0	0	0	0	0	0	0	0	0	0	
0	0	0	13	0	0	0	0	0	0	0	0	0	0	0	0	
0	0	0	53	0	0	0	0	0	0	0	0	0	0	0	0	
0	0	0	5	0	0	0	0	0	0	0	0	0	0	0	0	
0	0	0	15	0	0	0	0	0	0	0	0	0	0	0	0	
0	0	0	7	0	0	0	0	0	0	0	0	0	0	0	0	
0	0	0	15	0	0	0	0	0	0	0	0	0	0	0	0	
0	0	0	49	0	0	0	0	0	0	0	0	0	0	0	0	
model SVC(C=1.0, cache_size=200, class_weight=None, coef0=0.0,
  decision_function_shape=None, degree=3, gamma='auto', kernel='rbf',
  max_iter=-1, probability=False, random_state=None, shrinking=True,
  tol=0.001, verbose=False)	feature set [1, 2, 3, 10, 13, 16, 19, 37, 39, 41, 53, 55, 57, 58, 59, 60, 61, 63, 73, 74, 75, 76, 78, 80, 81, 82, 83, 84, 93, 94, 95, 96, 105, 106, 117, 118, 11, 14, 22, 24, 30, 35, 38, 40, 43, 44, 54, 56, 62, 64, 65, 67, 86, 88, 99, 100, 101, 102, 103, 104, 107, 108, 12, 15, 23, 28, 32, 34, 36, 42]
0	0	0	43	0	0	0	0	0	0	0	0	0	0	0	0	
0	0	0	11	0	0	2	0	0	0	0	0	0	0	0	0	
0	0	0	7	0	0	0	0	0	0	0	0	0	0	0	0	
0	0	0	295	0	0	0	0	0	0	0	0	0	0	0	0	
0	0	0	16	0	0	1	0	0	0	0	0	0	0	0	0	
0	0	0	5	0	0	0	0	0	0	0	0	0	0	0	0	
0	0	0	61	0	0	6	0	0	0	0	0	0	0	0	0	
0	0	0	5	0	0	0	0	0	0	0	0	0	0	0	0	
0	0	0	13	0	0	0	0	0	0	0	0	0	0	0	0	
0	0	0	13	0	0	0	0	0	0	0	0	0	0	0	0	
0	0	0	53	0	0	0	0	0	0	0	0	0	0	0	0	
0	0	0	5	0	0	0	0	0	0	0	0	0	0	0	0	
0	0	0	15	0	0	0	0	0	0	0	0	0	0	0	0	
0	0	0	7	0	0	0	0	0	0	0	0	0	0	0	0	
0	0	0	15	0	0	0	0	0	0	0	0	0	0	0	0	
0	0	0	46	0	0	3	0	0	0	0	0	0	0	0	0	
model SVC(C=1.0, cache_size=200, class_weight=None, coef0=0.0,
  decision_function_shape=None, degree=3, gamma='auto', kernel='linear',
  max_iter=-1, probability=False, random_state=None, shrinking=True,
  tol=0.001, verbose=False)	feature set [1, 2, 3, 4, 5, 6, 7, 8, 9, 10, 11, 12, 13, 14, 15, 16, 17, 18, 19, 20, 21, 22, 23, 24, 25, 26, 27, 28, 29, 30, 31, 32, 33, 34, 35, 36, 37, 38, 39, 40, 41, 42, 43, 44, 45, 46, 47, 48, 49, 50, 51, 52, 53, 54, 55, 56, 57, 58, 59, 60, 61, 62, 63, 64, 65, 66, 67, 68, 69, 70, 71, 72, 73, 74, 75, 76, 77, 78, 79, 80, 81, 82, 83, 84, 85, 86, 87, 88, 89, 90, 91, 92, 93, 94, 95, 96, 97, 98, 99, 100, 101, 102, 103, 104, 105, 106, 107, 108, 109, 110, 111, 112, 113, 114, 115, 116, 117, 118, 119, 120, 121, 122]
42	0	0	0	0	0	1	0	0	0	0	0	0	0	0	0	
0	7	0	0	0	0	5	0	0	0	0	0	0	0	0	1	
0	0	0	2	0	0	1	0	1	0	1	0	0	2	0	0	
0	0	1	278	1	0	5	0	0	0	8	0	1	0	0	1	
0	0	0	2	3	0	9	0	0	0	0	0	0	0	2	1	
0	0	0	1	0	3	0	0	0	0	1	0	0	0	0	0	
0	3	0	5	7	0	50	0	0	0	2	0	0	0	0	0	
0	0	0	3	0	0	0	0	0	0	2	0	0	0	0	0	
0	0	0	2	0	0	0	0	9	0	2	0	0	0	0	0	
0	0	0	1	0	0	2	0	0	10	0	0	0	0	0	0	
0	0	0	18	1	1	7	0	1	0	23	0	0	1	1	0	
0	0	0	0	0	0	0	0	0	0	0	5	0	0	0	0	
0	0	0	0	0	0	0	0	0	0	1	0	13	0	0	1	
0	0	0	3	0	0	0	0	0	0	1	0	0	3	0	0	
0	0	0	2	1	0	0	0	0	0	0	0	0	0	12	0	
0	2	0	8	1	0	13	0	1	1	12	0	1	0	0	10	
model SVC(C=1.0, cache_size=200, class_weight=None, coef0=0.0,
  decision_function_shape=None, degree=3, gamma='auto', kernel='linear',
  max_iter=-1, probability=False, random_state=None, shrinking=True,
  tol=0.001, verbose=False)	feature set [1, 2, 3, 10, 13, 16, 19, 37, 39, 41, 53, 55, 57, 58, 59, 60, 61, 63, 73, 74, 75, 76, 78, 80, 81, 82, 83, 84, 93, 94, 95, 96, 105, 106, 117, 118, 11, 14, 22, 24, 30, 35, 38, 40, 43, 44, 54, 56, 62, 64, 65, 67, 86, 88, 99, 100, 101, 102, 103, 104, 107, 108, 12, 15, 23, 28, 32, 34, 36, 42]
42	0	0	0	0	0	1	0	0	0	0	0	0	0	0	0	
0	7	0	0	0	0	5	0	0	0	1	0	0	0	0	0	
0	0	0	2	0	0	2	0	1	0	1	0	0	1	0	0	
0	0	0	281	0	0	6	0	0	0	8	0	0	0	0	0	
0	0	0	3	2	0	10	0	0	0	0	0	0	0	2	0	
0	0	0	0	0	3	0	0	0	0	2	0	0	0	0	0	
0	2	0	7	6	0	51	0	0	0	1	0	0	0	0	0	
0	0	0	3	0	0	0	0	0	0	2	0	0	0	0	0	
0	0	0	1	0	0	2	0	9	0	1	0	0	0	0	0	
0	0	0	1	0	0	2	0	0	10	0	0	0	0	0	0	
0	0	0	16	0	1	9	0	0	0	25	0	1	0	1	0	
0	0	0	0	0	0	0	0	0	0	0	5	0	0	0	0	
0	0	0	0	0	0	0	0	0	0	2	0	12	1	0	0	
0	0	0	4	0	0	0	0	0	1	2	0	0	0	0	0	
0	0	0	2	0	0	0	0	0	0	1	0	0	0	12	0	
0	1	0	13	1	0	14	0	1	1	14	0	0	0	0	4	
model DecisionTreeClassifier(class_weight=None, criterion='gini', max_depth=None,
            max_features=None, max_leaf_nodes=None, min_samples_leaf=1,
            min_samples_split=2, min_weight_fraction_leaf=0.0,
            presort=False, random_state=None, splitter='best')	feature set [1, 2, 3, 4, 5, 6, 7, 8, 9, 10, 11, 12, 13, 14, 15, 16, 17, 18, 19, 20, 21, 22, 23, 24, 25, 26, 27, 28, 29, 30, 31, 32, 33, 34, 35, 36, 37, 38, 39, 40, 41, 42, 43, 44, 45, 46, 47, 48, 49, 50, 51, 52, 53, 54, 55, 56, 57, 58, 59, 60, 61, 62, 63, 64, 65, 66, 67, 68, 69, 70, 71, 72, 73, 74, 75, 76, 77, 78, 79, 80, 81, 82, 83, 84, 85, 86, 87, 88, 89, 90, 91, 92, 93, 94, 95, 96, 97, 98, 99, 100, 101, 102, 103, 104, 105, 106, 107, 108, 109, 110, 111, 112, 113, 114, 115, 116, 117, 118, 119, 120, 121, 122]
42	0	0	0	0	0	0	0	0	0	1	0	0	0	0	0	
0	9	0	0	0	0	2	0	0	0	1	0	0	0	0	1	
0	0	2	1	0	0	0	1	1	0	2	0	0	0	0	0	
0	1	1	263	2	0	6	2	2	0	7	1	0	2	1	7	
0	1	0	0	8	0	4	0	0	0	1	0	0	0	2	1	
0	0	1	0	0	2	1	0	0	0	0	0	0	1	0	0	
0	2	0	3	5	0	45	0	0	0	4	0	0	0	0	8	
0	0	0	1	0	0	0	1	0	0	2	0	1	0	0	0	
0	0	0	1	0	0	0	0	9	0	1	0	0	1	0	1	
0	0	0	1	0	0	1	0	1	7	1	0	0	0	0	2	
0	1	0	12	3	1	3	2	3	1	18	0	1	0	1	7	
0	0	0	0	0	0	0	0	0	0	0	5	0	0	0	0	
0	0	0	0	0	1	0	0	0	0	2	0	10	1	0	1	
0	0	0	0	0	1	0	0	1	0	1	0	0	0	0	4	
0	0	0	3	0	0	0	0	0	2	2	0	0	0	8	0	
0	0	1	4	1	0	10	2	2	1	9	0	1	2	0	16	
model DecisionTreeClassifier(class_weight=None, criterion='gini', max_depth=None,
            max_features=None, max_leaf_nodes=None, min_samples_leaf=1,
            min_samples_split=2, min_weight_fraction_leaf=0.0,
            presort=False, random_state=None, splitter='best')	feature set [1, 2, 3, 10, 13, 16, 19, 37, 39, 41, 53, 55, 57, 58, 59, 60, 61, 63, 73, 74, 75, 76, 78, 80, 81, 82, 83, 84, 93, 94, 95, 96, 105, 106, 117, 118, 11, 14, 22, 24, 30, 35, 38, 40, 43, 44, 54, 56, 62, 64, 65, 67, 86, 88, 99, 100, 101, 102, 103, 104, 107, 108, 12, 15, 23, 28, 32, 34, 36, 42]
41	0	0	0	0	0	0	0	0	0	1	1	0	0	0	0	
0	9	0	1	0	0	2	0	0	0	0	0	0	0	0	1	
0	0	0	2	0	0	0	0	0	0	2	0	0	0	1	2	
1	1	4	262	1	0	6	1	2	3	7	0	1	0	0	6	
0	0	0	3	8	0	4	0	0	0	0	0	1	0	1	0	
0	0	0	0	0	3	0	0	0	1	1	0	0	0	0	0	
1	2	0	3	6	0	44	0	1	0	2	0	0	0	0	8	
0	0	0	1	1	0	0	0	0	0	2	0	0	0	0	1	
0	0	0	2	0	0	0	0	9	0	0	0	0	1	1	0	
0	0	0	1	0	0	0	0	0	7	1	0	0	0	0	4	
0	0	1	10	1	2	4	2	1	0	22	0	0	1	2	7	
0	0	0	0	0	0	0	0	0	0	0	5	0	0	0	0	
0	0	0	1	0	0	0	0	0	0	2	0	11	0	0	1	
0	0	0	1	0	1	1	0	0	0	1	0	1	1	0	1	
0	0	0	2	1	0	0	0	0	2	0	0	0	0	9	1	
0	1	0	5	1	2	9	1	1	1	6	0	1	2	1	18	
model KNeighborsClassifier(algorithm='auto', leaf_size=30, metric='minkowski',
           metric_params=None, n_jobs=1, n_neighbors=5, p=2,
           weights='uniform')	feature set [1, 2, 3, 4, 5, 6, 7, 8, 9, 10, 11, 12, 13, 14, 15, 16, 17, 18, 19, 20, 21, 22, 23, 24, 25, 26, 27, 28, 29, 30, 31, 32, 33, 34, 35, 36, 37, 38, 39, 40, 41, 42, 43, 44, 45, 46, 47, 48, 49, 50, 51, 52, 53, 54, 55, 56, 57, 58, 59, 60, 61, 62, 63, 64, 65, 66, 67, 68, 69, 70, 71, 72, 73, 74, 75, 76, 77, 78, 79, 80, 81, 82, 83, 84, 85, 86, 87, 88, 89, 90, 91, 92, 93, 94, 95, 96, 97, 98, 99, 100, 101, 102, 103, 104, 105, 106, 107, 108, 109, 110, 111, 112, 113, 114, 115, 116, 117, 118, 119, 120, 121, 122]
42	0	0	0	0	0	0	0	0	0	1	0	0	0	0	0	
0	7	0	0	0	0	5	0	0	0	1	0	0	0	0	0	
0	0	0	2	0	0	2	0	1	0	0	0	1	1	0	0	
2	0	0	267	0	0	9	1	0	2	7	0	0	2	2	3	
0	0	0	2	4	0	8	0	0	0	0	0	0	0	2	1	
0	0	0	1	0	1	0	0	0	0	2	0	0	0	0	1	
0	3	0	7	5	0	47	0	0	0	4	0	1	0	0	0	
0	0	0	3	0	0	0	0	0	0	1	0	1	0	0	0	
0	0	0	3	0	0	0	0	9	0	1	0	0	0	0	0	
0	0	0	1	0	0	2	0	0	10	0	0	0	0	0	0	
0	0	0	14	0	1	8	1	0	2	21	0	2	2	1	1	
0	0	0	0	0	0	0	0	0	0	0	5	0	0	0	0	
0	0	0	0	0	0	0	0	0	0	0	0	14	0	0	1	
0	0	0	1	1	0	0	0	0	1	0	0	0	3	0	1	
0	0	0	1	1	0	1	0	0	0	0	0	0	0	12	0	
0	4	0	17	0	0	10	0	1	2	7	0	4	1	0	3	
model KNeighborsClassifier(algorithm='auto', leaf_size=30, metric='minkowski',
           metric_params=None, n_jobs=1, n_neighbors=5, p=2,
           weights='uniform')	feature set [1, 2, 3, 10, 13, 16, 19, 37, 39, 41, 53, 55, 57, 58, 59, 60, 61, 63, 73, 74, 75, 76, 78, 80, 81, 82, 83, 84, 93, 94, 95, 96, 105, 106, 117, 118, 11, 14, 22, 24, 30, 35, 38, 40, 43, 44, 54, 56, 62, 64, 65, 67, 86, 88, 99, 100, 101, 102, 103, 104, 107, 108, 12, 15, 23, 28, 32, 34, 36, 42]
42	0	0	0	0	0	0	0	0	0	1	0	0	0	0	0	
0	7	0	0	0	0	5	0	0	0	1	0	0	0	0	0	
0	0	0	1	0	0	1	0	1	0	1	0	1	1	1	0	
1	0	0	269	0	0	10	0	0	0	7	0	0	1	2	5	
0	0	0	3	1	0	11	0	0	0	0	0	0	0	2	0	
0	0	0	1	0	0	0	0	0	0	4	0	0	0	0	0	
0	2	0	7	5	0	44	0	0	1	7	0	0	0	0	1	
0	0	0	2	0	0	0	0	0	0	2	0	0	0	0	1	
0	0	0	3	0	0	0	0	9	0	1	0	0	0	0	0	
0	0	0	1	0	0	2	0	0	10	0	0	0	0	0	0	
1	0	0	11	0	0	9	1	0	1	25	0	1	1	1	2	
0	0	0	0	0	0	0	0	0	0	0	5	0	0	0	0	
0	0	0	0	0	0	0	0	0	0	1	0	13	0	0	1	
0	0	0	2	0	0	0	0	0	1	1	0	0	3	0	0	
0	0	0	2	0	0	1	0	0	0	0	0	0	0	12	0	
0	4	0	14	0	0	8	1	1	1	12	0	2	0	0	6	
model GaussianNB()	feature set [1, 2, 3, 4, 5, 6, 7, 8, 9, 10, 11, 12, 13, 14, 15, 16, 17, 18, 19, 20, 21, 22, 23, 24, 25, 26, 27, 28, 29, 30, 31, 32, 33, 34, 35, 36, 37, 38, 39, 40, 41, 42, 43, 44, 45, 46, 47, 48, 49, 50, 51, 52, 53, 54, 55, 56, 57, 58, 59, 60, 61, 62, 63, 64, 65, 66, 67, 68, 69, 70, 71, 72, 73, 74, 75, 76, 77, 78, 79, 80, 81, 82, 83, 84, 85, 86, 87, 88, 89, 90, 91, 92, 93, 94, 95, 96, 97, 98, 99, 100, 101, 102, 103, 104, 105, 106, 107, 108, 109, 110, 111, 112, 113, 114, 115, 116, 117, 118, 119, 120, 121, 122]
40	0	0	2	1	0	0	0	0	0	0	0	0	0	0	0	
0	10	1	1	1	0	0	0	0	0	0	0	0	0	0	0	
0	0	1	0	0	0	1	0	0	0	4	0	0	1	0	0	
0	2	3	190	4	0	16	15	3	3	32	0	0	0	6	21	
0	2	0	0	12	0	1	0	0	0	0	0	0	0	1	1	
0	0	0	1	0	3	0	0	0	0	1	0	0	0	0	0	
0	19	0	0	7	0	20	0	0	0	1	0	0	1	1	18	
0	0	0	0	0	0	0	2	1	0	2	0	0	0	0	0	
0	0	0	1	2	0	0	1	7	0	1	0	0	1	0	0	
0	0	0	0	0	1	1	0	0	3	0	0	0	0	0	8	
0	1	0	9	0	1	7	5	0	1	12	0	0	1	1	15	
0	0	0	0	0	0	0	0	0	0	0	5	0	0	0	0	
0	0	0	1	0	1	0	0	0	1	1	0	11	0	0	0	
0	0	0	1	0	0	1	0	0	0	2	0	0	3	0	0	
0	0	0	1	0	0	0	0	0	0	2	0	0	0	11	1	
0	6	3	3	1	0	2	1	1	1	13	0	0	2	5	11	
model GaussianNB()	feature set [1, 2, 3, 10, 13, 16, 19, 37, 39, 41, 53, 55, 57, 58, 59, 60, 61, 63, 73, 74, 75, 76, 78, 80, 81, 82, 83, 84, 93, 94, 95, 96, 105, 106, 117, 118, 11, 14, 22, 24, 30, 35, 38, 40, 43, 44, 54, 56, 62, 64, 65, 67, 86, 88, 99, 100, 101, 102, 103, 104, 107, 108, 12, 15, 23, 28, 32, 34, 36, 42]
40	0	0	2	0	0	0	0	0	0	0	0	0	0	0	1	
0	10	1	0	2	0	0	0	0	0	0	0	0	0	0	0	
0	0	2	0	0	0	0	0	0	0	4	0	0	1	0	0	
0	2	4	188	6	0	17	24	3	5	17	0	1	0	3	25	
0	2	0	0	12	0	1	0	0	0	0	0	0	0	1	1	
0	0	0	0	0	3	0	0	0	0	1	0	0	1	0	0	
0	18	1	0	10	0	17	0	0	0	0	0	0	0	1	20	
0	0	0	0	0	0	0	2	1	0	1	0	0	1	0	0	
0	0	0	1	2	0	0	1	7	0	1	0	0	1	0	0	
0	0	0	0	0	1	2	0	0	3	0	0	0	0	0	7	
0	1	1	2	1	3	8	10	0	1	7	0	2	2	1	14	
0	0	0	0	0	0	0	0	0	0	0	5	0	0	0	0	
0	0	0	0	0	1	1	0	0	0	1	0	12	0	0	0	
0	0	0	0	0	0	1	0	0	0	1	0	0	4	1	0	
0	0	0	1	0	0	0	0	0	0	2	0	0	0	10	2	
0	7	1	1	1	0	5	1	1	1	8	0	0	1	5	17	
model MultinomialNB(alpha=1.0, class_prior=None, fit_prior=True)	feature set [1, 2, 3, 4, 5, 6, 7, 8, 9, 10, 11, 12, 13, 14, 15, 16, 17, 18, 19, 20, 21, 22, 23, 24, 25, 26, 27, 28, 29, 30, 31, 32, 33, 34, 35, 36, 37, 38, 39, 40, 41, 42, 43, 44, 45, 46, 47, 48, 49, 50, 51, 52, 53, 54, 55, 56, 57, 58, 59, 60, 61, 62, 63, 64, 65, 66, 67, 68, 69, 70, 71, 72, 73, 74, 75, 76, 77, 78, 79, 80, 81, 82, 83, 84, 85, 86, 87, 88, 89, 90, 91, 92, 93, 94, 95, 96, 97, 98, 99, 100, 101, 102, 103, 104, 105, 106, 107, 108, 109, 110, 111, 112, 113, 114, 115, 116, 117, 118, 119, 120, 121, 122]
42	0	0	0	0	0	1	0	0	0	0	0	0	0	0	0	
0	0	0	0	0	0	12	0	0	0	1	0	0	0	0	0	
0	0	0	2	0	0	3	0	0	1	1	0	0	0	0	0	
1	0	0	273	0	0	16	0	0	0	5	0	0	0	0	0	
0	0	0	5	1	0	9	0	0	0	1	0	0	0	1	0	
0	0	0	0	0	0	1	0	0	0	4	0	0	0	0	0	
1	0	0	3	0	0	62	0	0	0	1	0	0	0	0	0	
0	0	0	4	0	0	0	0	0	0	1	0	0	0	0	0	
0	0	0	10	0	0	2	0	0	0	1	0	0	0	0	0	
0	0	0	10	0	0	2	0	0	0	1	0	0	0	0	0	
1	0	0	17	0	0	12	0	0	1	21	0	0	0	1	0	
5	0	0	0	0	0	0	0	0	0	0	0	0	0	0	0	
0	0	0	3	0	0	1	0	0	0	11	0	0	0	0	0	
0	0	0	4	0	0	2	0	0	0	1	0	0	0	0	0	
0	0	0	3	0	0	0	0	0	0	1	0	0	0	11	0	
0	3	0	16	0	0	19	0	0	1	10	0	0	0	0	0	
model MultinomialNB(alpha=1.0, class_prior=None, fit_prior=True)	feature set [1, 2, 3, 10, 13, 16, 19, 37, 39, 41, 53, 55, 57, 58, 59, 60, 61, 63, 73, 74, 75, 76, 78, 80, 81, 82, 83, 84, 93, 94, 95, 96, 105, 106, 117, 118, 11, 14, 22, 24, 30, 35, 38, 40, 43, 44, 54, 56, 62, 64, 65, 67, 86, 88, 99, 100, 101, 102, 103, 104, 107, 108, 12, 15, 23, 28, 32, 34, 36, 42]
42	0	0	0	0	0	1	0	0	0	0	0	0	0	0	0	
0	0	0	0	0	0	12	0	0	0	1	0	0	0	0	0	
0	0	0	2	0	0	1	0	0	0	3	0	0	0	1	0	
2	0	0	275	0	0	11	0	0	0	7	0	0	0	0	0	
1	0	0	3	1	0	9	0	0	0	1	0	0	0	2	0	
0	0	0	0	0	0	0	0	0	0	5	0	0	0	0	0	
0	0	0	8	0	0	55	0	0	0	4	0	0	0	0	0	
0	0	0	4	0	0	0	0	0	0	1	0	0	0	0	0	
0	0	0	10	0	0	2	0	0	0	1	0	0	0	0	0	
0	0	0	10	0	0	1	0	0	0	2	0	0	0	0	0	
0	0	0	20	0	0	13	0	1	0	18	0	0	0	1	0	
5	0	0	0	0	0	0	0	0	0	0	0	0	0	0	0	
0	0	0	7	0	0	1	0	0	0	7	0	0	0	0	0	
0	0	0	5	0	0	1	0	0	0	1	0	0	0	0	0	
0	0	0	3	0	0	1	0	0	0	0	0	0	0	11	0	
0	3	0	18	0	0	17	0	0	0	11	0	0	0	0	0	
model BernoulliNB(alpha=1.0, binarize=0.0, class_prior=None, fit_prior=True)	feature set [1, 2, 3, 4, 5, 6, 7, 8, 9, 10, 11, 12, 13, 14, 15, 16, 17, 18, 19, 20, 21, 22, 23, 24, 25, 26, 27, 28, 29, 30, 31, 32, 33, 34, 35, 36, 37, 38, 39, 40, 41, 42, 43, 44, 45, 46, 47, 48, 49, 50, 51, 52, 53, 54, 55, 56, 57, 58, 59, 60, 61, 62, 63, 64, 65, 66, 67, 68, 69, 70, 71, 72, 73, 74, 75, 76, 77, 78, 79, 80, 81, 82, 83, 84, 85, 86, 87, 88, 89, 90, 91, 92, 93, 94, 95, 96, 97, 98, 99, 100, 101, 102, 103, 104, 105, 106, 107, 108, 109, 110, 111, 112, 113, 114, 115, 116, 117, 118, 119, 120, 121, 122]
42	0	0	0	0	0	1	0	0	0	0	0	0	0	0	0	
0	10	0	0	0	0	3	0	0	0	0	0	0	0	0	0	
0	0	1	1	0	0	0	0	2	0	1	0	0	2	0	0	
1	2	3	201	2	0	18	3	3	2	14	1	0	12	3	30	
0	0	0	2	6	0	6	0	0	0	0	1	0	0	2	0	
0	0	0	0	0	2	0	0	0	0	2	0	0	1	0	0	
0	7	0	0	4	0	47	0	0	0	7	2	0	0	0	0	
0	0	0	0	0	0	1	0	0	0	3	0	0	1	0	0	
0	0	2	2	1	0	0	0	8	0	0	0	0	0	0	0	
0	0	0	0	0	0	1	0	0	10	2	0	0	0	0	0	
0	1	0	6	0	1	7	0	3	1	26	0	3	2	1	2	
0	0	0	0	0	0	0	0	0	0	0	5	0	0	0	0	
0	0	0	0	0	0	1	0	0	0	0	0	12	2	0	0	
0	0	1	1	0	0	0	0	0	0	1	0	0	3	1	0	
0	0	0	0	0	0	0	0	0	0	0	1	0	0	14	0	
0	7	0	2	2	0	16	0	1	1	9	0	2	1	2	6	
model BernoulliNB(alpha=1.0, binarize=0.0, class_prior=None, fit_prior=True)	feature set [1, 2, 3, 10, 13, 16, 19, 37, 39, 41, 53, 55, 57, 58, 59, 60, 61, 63, 73, 74, 75, 76, 78, 80, 81, 82, 83, 84, 93, 94, 95, 96, 105, 106, 117, 118, 11, 14, 22, 24, 30, 35, 38, 40, 43, 44, 54, 56, 62, 64, 65, 67, 86, 88, 99, 100, 101, 102, 103, 104, 107, 108, 12, 15, 23, 28, 32, 34, 36, 42]
42	0	0	0	0	0	1	0	0	0	0	0	0	0	0	0	
0	10	0	0	0	0	2	0	0	0	1	0	0	0	0	0	
0	0	0	2	0	0	0	0	1	2	1	0	0	1	0	0	
1	0	2	200	4	0	16	1	2	1	13	3	0	11	3	38	
0	1	0	2	4	0	7	0	0	0	0	1	0	0	2	0	
0	0	0	0	0	2	0	0	0	0	2	0	0	1	0	0	
0	8	0	0	6	0	49	0	0	0	3	0	0	0	0	1	
0	0	0	0	0	0	1	0	0	0	2	0	0	2	0	0	
0	0	0	0	2	0	0	0	8	0	0	0	0	2	1	0	
0	0	0	0	0	0	1	0	0	10	2	0	0	0	0	0	
0	0	0	6	0	1	7	1	0	1	27	0	2	3	2	3	
0	0	0	0	0	0	0	0	0	0	0	5	0	0	0	0	
0	0	0	0	0	0	1	0	0	0	0	0	12	2	0	0	
0	0	0	1	0	0	0	0	0	0	1	0	0	4	1	0	
0	0	0	0	0	0	0	0	0	0	0	1	0	0	14	0	
0	6	0	5	2	0	14	0	0	1	12	0	1	3	3	2	
