Pjapps	VirusShare	MobileTx	YZHC	FakeInst	GingerMaster/GingerBreaker	ProxyTrojan/NotCompatible/NioServ	HippoSMS	FakeDoc	KMIN	FakePlay	BENIGN	Mania	OpFake	BackFlash/Crosate	Plankton	Airpush/StopSMS	GoldDream	DroidKungfu	Jifake	Gamex
model SVC(C=1.0, cache_size=200, class_weight=None, coef0=0.0,
  decision_function_shape=None, degree=3, gamma='auto', kernel='rbf',
  max_iter=-1, probability=False, random_state=None, shrinking=True,
  tol=0.001, verbose=False)	feature set [1, 2, 3, 4, 5, 6, 7, 8, 9, 10, 11, 12, 13, 14, 15, 16, 17, 18, 19, 20, 21, 22, 23, 24, 25, 26, 27, 28, 29, 30, 31, 32, 33, 34, 35, 36, 37, 38, 39, 40, 41, 42, 43, 44, 45, 46, 47, 48, 49, 50, 51, 52, 53, 54, 55, 56, 57, 58, 59, 60, 61, 62, 63, 64, 65, 66, 67, 68, 69, 70, 71, 72, 73, 74, 75, 76, 77, 78, 79, 80, 81, 82, 83, 84, 85, 86, 87, 88, 89, 90, 91, 92, 93, 94, 95, 96, 97, 98, 99, 100, 101, 102, 103, 104, 105, 106, 107, 108, 109, 110, 111, 112, 113, 114, 115, 116, 117, 118, 119, 120, 121, 122]
0	0	0	0	0	5	0	
0	0	0	0	0	27	0	
0	0	0	0	0	11	0	
0	0	0	0	0	8	0	
0	0	0	0	0	33	0	
0	0	0	0	0	136	0	
0	0	0	0	0	40	0	
model SVC(C=1.0, cache_size=200, class_weight=None, coef0=0.0,
  decision_function_shape=None, degree=3, gamma='auto', kernel='rbf',
  max_iter=-1, probability=False, random_state=None, shrinking=True,
  tol=0.001, verbose=False)	feature set [1, 2, 3, 10, 13, 16, 19, 37, 39, 41, 53, 55, 57, 58, 59, 60, 61, 63, 73, 74, 75, 76, 78, 80, 81, 82, 83, 84, 93, 94, 95, 96, 105, 106, 117, 118, 11, 14, 22, 24, 30, 35, 38, 40, 43, 44, 54, 56, 62, 64, 65, 67, 86, 88, 99, 100, 101, 102, 103, 104, 107, 108, 12, 15, 23, 28, 32, 34, 36, 42]
0	0	0	0	0	5	0	
0	0	0	0	0	27	0	
0	0	0	0	0	11	0	
0	0	0	0	0	8	0	
0	0	0	0	0	33	0	
0	0	0	0	0	136	0	
0	0	0	0	0	40	0	
model SVC(C=1.0, cache_size=200, class_weight=None, coef0=0.0,
  decision_function_shape=None, degree=3, gamma='auto', kernel='linear',
  max_iter=-1, probability=False, random_state=None, shrinking=True,
  tol=0.001, verbose=False)	feature set [1, 2, 3, 4, 5, 6, 7, 8, 9, 10, 11, 12, 13, 14, 15, 16, 17, 18, 19, 20, 21, 22, 23, 24, 25, 26, 27, 28, 29, 30, 31, 32, 33, 34, 35, 36, 37, 38, 39, 40, 41, 42, 43, 44, 45, 46, 47, 48, 49, 50, 51, 52, 53, 54, 55, 56, 57, 58, 59, 60, 61, 62, 63, 64, 65, 66, 67, 68, 69, 70, 71, 72, 73, 74, 75, 76, 77, 78, 79, 80, 81, 82, 83, 84, 85, 86, 87, 88, 89, 90, 91, 92, 93, 94, 95, 96, 97, 98, 99, 100, 101, 102, 103, 104, 105, 106, 107, 108, 109, 110, 111, 112, 113, 114, 115, 116, 117, 118, 119, 120, 121, 122]
3	0	0	0	0	2	0	
0	18	0	0	1	7	1	
0	1	10	0	0	0	0	
0	1	0	7	0	0	0	
0	1	0	0	27	3	2	
0	2	0	1	6	126	1	
2	10	0	0	7	15	6	
model SVC(C=1.0, cache_size=200, class_weight=None, coef0=0.0,
  decision_function_shape=None, degree=3, gamma='auto', kernel='linear',
  max_iter=-1, probability=False, random_state=None, shrinking=True,
  tol=0.001, verbose=False)	feature set [1, 2, 3, 10, 13, 16, 19, 37, 39, 41, 53, 55, 57, 58, 59, 60, 61, 63, 73, 74, 75, 76, 78, 80, 81, 82, 83, 84, 93, 94, 95, 96, 105, 106, 117, 118, 11, 14, 22, 24, 30, 35, 38, 40, 43, 44, 54, 56, 62, 64, 65, 67, 86, 88, 99, 100, 101, 102, 103, 104, 107, 108, 12, 15, 23, 28, 32, 34, 36, 42]
3	1	0	0	0	1	0	
0	15	0	0	1	11	0	
0	1	10	0	0	0	0	
0	1	0	7	0	0	0	
0	0	0	0	28	4	1	
0	2	0	0	6	128	0	
1	9	0	0	7	21	2	
model DecisionTreeClassifier(class_weight=None, criterion='gini', max_depth=None,
            max_features=None, max_leaf_nodes=None, min_samples_leaf=1,
            min_samples_split=2, min_weight_fraction_leaf=0.0,
            presort=False, random_state=None, splitter='best')	feature set [1, 2, 3, 4, 5, 6, 7, 8, 9, 10, 11, 12, 13, 14, 15, 16, 17, 18, 19, 20, 21, 22, 23, 24, 25, 26, 27, 28, 29, 30, 31, 32, 33, 34, 35, 36, 37, 38, 39, 40, 41, 42, 43, 44, 45, 46, 47, 48, 49, 50, 51, 52, 53, 54, 55, 56, 57, 58, 59, 60, 61, 62, 63, 64, 65, 66, 67, 68, 69, 70, 71, 72, 73, 74, 75, 76, 77, 78, 79, 80, 81, 82, 83, 84, 85, 86, 87, 88, 89, 90, 91, 92, 93, 94, 95, 96, 97, 98, 99, 100, 101, 102, 103, 104, 105, 106, 107, 108, 109, 110, 111, 112, 113, 114, 115, 116, 117, 118, 119, 120, 121, 122]
1	1	0	0	0	3	0	
1	11	0	1	4	5	5	
0	0	10	0	1	0	0	
0	0	0	7	0	0	1	
1	0	0	0	27	2	3	
3	7	0	0	2	117	7	
0	11	0	1	5	5	18	
model DecisionTreeClassifier(class_weight=None, criterion='gini', max_depth=None,
            max_features=None, max_leaf_nodes=None, min_samples_leaf=1,
            min_samples_split=2, min_weight_fraction_leaf=0.0,
            presort=False, random_state=None, splitter='best')	feature set [1, 2, 3, 10, 13, 16, 19, 37, 39, 41, 53, 55, 57, 58, 59, 60, 61, 63, 73, 74, 75, 76, 78, 80, 81, 82, 83, 84, 93, 94, 95, 96, 105, 106, 117, 118, 11, 14, 22, 24, 30, 35, 38, 40, 43, 44, 54, 56, 62, 64, 65, 67, 86, 88, 99, 100, 101, 102, 103, 104, 107, 108, 12, 15, 23, 28, 32, 34, 36, 42]
2	1	0	0	1	1	0	
1	13	0	1	1	6	5	
0	2	9	0	0	0	0	
0	0	0	7	0	0	1	
0	1	0	0	22	2	8	
2	5	0	0	5	114	10	
1	9	0	1	8	7	14	
model KNeighborsClassifier(algorithm='auto', leaf_size=30, metric='minkowski',
           metric_params=None, n_jobs=1, n_neighbors=5, p=2,
           weights='uniform')	feature set [1, 2, 3, 4, 5, 6, 7, 8, 9, 10, 11, 12, 13, 14, 15, 16, 17, 18, 19, 20, 21, 22, 23, 24, 25, 26, 27, 28, 29, 30, 31, 32, 33, 34, 35, 36, 37, 38, 39, 40, 41, 42, 43, 44, 45, 46, 47, 48, 49, 50, 51, 52, 53, 54, 55, 56, 57, 58, 59, 60, 61, 62, 63, 64, 65, 66, 67, 68, 69, 70, 71, 72, 73, 74, 75, 76, 77, 78, 79, 80, 81, 82, 83, 84, 85, 86, 87, 88, 89, 90, 91, 92, 93, 94, 95, 96, 97, 98, 99, 100, 101, 102, 103, 104, 105, 106, 107, 108, 109, 110, 111, 112, 113, 114, 115, 116, 117, 118, 119, 120, 121, 122]
4	0	0	0	0	1	0	
1	17	0	0	1	7	1	
0	1	10	0	0	0	0	
0	1	0	7	0	0	0	
1	1	0	0	25	6	0	
1	1	1	1	4	126	2	
3	8	0	0	10	13	6	
model KNeighborsClassifier(algorithm='auto', leaf_size=30, metric='minkowski',
           metric_params=None, n_jobs=1, n_neighbors=5, p=2,
           weights='uniform')	feature set [1, 2, 3, 10, 13, 16, 19, 37, 39, 41, 53, 55, 57, 58, 59, 60, 61, 63, 73, 74, 75, 76, 78, 80, 81, 82, 83, 84, 93, 94, 95, 96, 105, 106, 117, 118, 11, 14, 22, 24, 30, 35, 38, 40, 43, 44, 54, 56, 62, 64, 65, 67, 86, 88, 99, 100, 101, 102, 103, 104, 107, 108, 12, 15, 23, 28, 32, 34, 36, 42]
3	1	0	0	0	1	0	
0	14	0	0	0	9	4	
0	1	10	0	0	0	0	
0	1	0	7	0	0	0	
0	3	0	0	21	8	1	
1	1	2	2	5	121	4	
3	12	1	0	5	14	5	
model GaussianNB()	feature set [1, 2, 3, 4, 5, 6, 7, 8, 9, 10, 11, 12, 13, 14, 15, 16, 17, 18, 19, 20, 21, 22, 23, 24, 25, 26, 27, 28, 29, 30, 31, 32, 33, 34, 35, 36, 37, 38, 39, 40, 41, 42, 43, 44, 45, 46, 47, 48, 49, 50, 51, 52, 53, 54, 55, 56, 57, 58, 59, 60, 61, 62, 63, 64, 65, 66, 67, 68, 69, 70, 71, 72, 73, 74, 75, 76, 77, 78, 79, 80, 81, 82, 83, 84, 85, 86, 87, 88, 89, 90, 91, 92, 93, 94, 95, 96, 97, 98, 99, 100, 101, 102, 103, 104, 105, 106, 107, 108, 109, 110, 111, 112, 113, 114, 115, 116, 117, 118, 119, 120, 121, 122]
2	1	0	0	0	2	0	
0	8	0	0	5	5	9	
0	1	10	0	0	0	0	
0	1	0	6	0	1	0	
0	1	0	0	23	0	9	
2	31	0	0	8	84	11	
0	8	0	0	5	15	12	
model GaussianNB()	feature set [1, 2, 3, 10, 13, 16, 19, 37, 39, 41, 53, 55, 57, 58, 59, 60, 61, 63, 73, 74, 75, 76, 78, 80, 81, 82, 83, 84, 93, 94, 95, 96, 105, 106, 117, 118, 11, 14, 22, 24, 30, 35, 38, 40, 43, 44, 54, 56, 62, 64, 65, 67, 86, 88, 99, 100, 101, 102, 103, 104, 107, 108, 12, 15, 23, 28, 32, 34, 36, 42]
2	2	0	0	0	1	0	
0	10	0	0	5	3	9	
0	1	10	0	0	0	0	
0	1	0	6	0	1	0	
0	0	0	0	25	0	8	
1	33	0	0	8	82	12	
0	11	0	0	5	8	16	
model MultinomialNB(alpha=1.0, class_prior=None, fit_prior=True)	feature set [1, 2, 3, 4, 5, 6, 7, 8, 9, 10, 11, 12, 13, 14, 15, 16, 17, 18, 19, 20, 21, 22, 23, 24, 25, 26, 27, 28, 29, 30, 31, 32, 33, 34, 35, 36, 37, 38, 39, 40, 41, 42, 43, 44, 45, 46, 47, 48, 49, 50, 51, 52, 53, 54, 55, 56, 57, 58, 59, 60, 61, 62, 63, 64, 65, 66, 67, 68, 69, 70, 71, 72, 73, 74, 75, 76, 77, 78, 79, 80, 81, 82, 83, 84, 85, 86, 87, 88, 89, 90, 91, 92, 93, 94, 95, 96, 97, 98, 99, 100, 101, 102, 103, 104, 105, 106, 107, 108, 109, 110, 111, 112, 113, 114, 115, 116, 117, 118, 119, 120, 121, 122]
0	0	0	0	0	5	0	
0	9	0	0	4	14	0	
0	0	1	0	0	10	0	
0	4	0	0	0	4	0	
0	0	0	0	26	7	0	
0	0	1	0	9	126	0	
0	3	0	0	12	25	0	
model MultinomialNB(alpha=1.0, class_prior=None, fit_prior=True)	feature set [1, 2, 3, 10, 13, 16, 19, 37, 39, 41, 53, 55, 57, 58, 59, 60, 61, 63, 73, 74, 75, 76, 78, 80, 81, 82, 83, 84, 93, 94, 95, 96, 105, 106, 117, 118, 11, 14, 22, 24, 30, 35, 38, 40, 43, 44, 54, 56, 62, 64, 65, 67, 86, 88, 99, 100, 101, 102, 103, 104, 107, 108, 12, 15, 23, 28, 32, 34, 36, 42]
0	1	0	0	0	4	0	
0	7	0	0	4	16	0	
0	0	2	0	0	9	0	
0	4	0	0	0	4	0	
0	0	0	0	26	7	0	
0	0	0	0	7	129	0	
0	3	0	0	13	24	0	
model BernoulliNB(alpha=1.0, binarize=0.0, class_prior=None, fit_prior=True)	feature set [1, 2, 3, 4, 5, 6, 7, 8, 9, 10, 11, 12, 13, 14, 15, 16, 17, 18, 19, 20, 21, 22, 23, 24, 25, 26, 27, 28, 29, 30, 31, 32, 33, 34, 35, 36, 37, 38, 39, 40, 41, 42, 43, 44, 45, 46, 47, 48, 49, 50, 51, 52, 53, 54, 55, 56, 57, 58, 59, 60, 61, 62, 63, 64, 65, 66, 67, 68, 69, 70, 71, 72, 73, 74, 75, 76, 77, 78, 79, 80, 81, 82, 83, 84, 85, 86, 87, 88, 89, 90, 91, 92, 93, 94, 95, 96, 97, 98, 99, 100, 101, 102, 103, 104, 105, 106, 107, 108, 109, 110, 111, 112, 113, 114, 115, 116, 117, 118, 119, 120, 121, 122]
4	0	0	0	0	1	0	
0	18	0	2	3	3	1	
0	1	10	0	0	0	0	
0	1	0	6	0	1	0	
0	6	0	0	24	3	0	
0	3	0	1	14	104	14	
1	14	0	1	15	8	1	
model BernoulliNB(alpha=1.0, binarize=0.0, class_prior=None, fit_prior=True)	feature set [1, 2, 3, 10, 13, 16, 19, 37, 39, 41, 53, 55, 57, 58, 59, 60, 61, 63, 73, 74, 75, 76, 78, 80, 81, 82, 83, 84, 93, 94, 95, 96, 105, 106, 117, 118, 11, 14, 22, 24, 30, 35, 38, 40, 43, 44, 54, 56, 62, 64, 65, 67, 86, 88, 99, 100, 101, 102, 103, 104, 107, 108, 12, 15, 23, 28, 32, 34, 36, 42]
3	1	0	0	0	1	0	
0	19	0	0	4	2	2	
0	1	10	0	0	0	0	
0	1	0	7	0	0	0	
0	0	0	0	30	2	1	
2	2	0	1	12	103	16	
1	9	0	0	17	12	1	
