Pjapps	VirusShare	MobileTx	YZHC	FakeInst	GingerMaster/GingerBreaker	ProxyTrojan/NotCompatible/NioServ	HippoSMS	FakeDoc	KMIN	FakePlay	BENIGN	Mania	OpFake	BackFlash/Crosate	Plankton	Airpush/StopSMS	GoldDream	DroidKungfu	Jifake	Gamex
model RandomForestClassifier(bootstrap=True, class_weight=None, criterion='gini',
            max_depth=None, max_features='auto', max_leaf_nodes=None,
            min_samples_leaf=1, min_samples_split=2,
            min_weight_fraction_leaf=0.0, n_estimators=100, n_jobs=1,
            oob_score=False, random_state=None, verbose=0,
            warm_start=False)	feature set [1, 2, 3, 4, 5, 6, 7, 8, 9, 10, 11, 12, 13, 14, 15, 16, 17, 18, 19, 20, 21, 22, 23, 24, 25, 26, 27, 28, 29, 30, 31, 32, 33, 34, 35, 36, 37, 38, 39, 40, 41, 42, 43, 44, 45, 46, 47, 48, 49, 50, 51, 52, 53, 54, 55, 56, 57, 58, 59, 60, 61, 62, 63, 64, 65, 66, 67, 68, 69, 70, 71, 72, 73, 74, 75, 76, 77, 78, 79, 80, 81, 82, 83, 84, 85, 86, 87, 88, 89, 90, 91, 92, 93, 94, 95, 96, 97, 98, 99, 100, 101, 102, 103, 104, 105, 106, 107, 108, 109, 110, 111, 112, 113, 114, 115, 116, 117, 118, 119, 120, 121, 122]
3	0	0	0	0	2	0	
0	12	0	0	1	6	8	
0	1	10	0	0	0	0	
0	1	0	7	0	0	0	
0	1	0	0	26	4	2	
0	1	0	0	0	134	1	
0	11	0	0	4	11	14	
model RandomForestClassifier(bootstrap=True, class_weight=None, criterion='gini',
            max_depth=None, max_features='auto', max_leaf_nodes=None,
            min_samples_leaf=1, min_samples_split=2,
            min_weight_fraction_leaf=0.0, n_estimators=100, n_jobs=1,
            oob_score=False, random_state=None, verbose=0,
            warm_start=False)	feature set [1, 2, 3, 10, 13, 16, 19, 37, 39, 41, 53, 55, 57, 58, 59, 60, 61, 63, 73, 74, 75, 76, 78, 80, 81, 82, 83, 84, 93, 94, 95, 96, 105, 106, 117, 118, 11, 14, 22, 24, 30, 35, 38, 40, 43, 44, 54, 56, 62, 64, 65, 67, 86, 88, 99, 100, 101, 102, 103, 104, 107, 108, 12, 15, 23, 28, 32, 34, 36, 42]
2	0	0	0	0	2	1	
0	12	0	0	2	6	7	
0	1	10	0	0	0	0	
0	1	0	7	0	0	0	
0	0	0	0	24	6	3	
0	0	0	0	2	132	2	
0	8	0	0	3	12	17	
model SVC(C=1.0, cache_size=200, class_weight=None, coef0=0.0,
  decision_function_shape=None, degree=3, gamma='auto', kernel='rbf',
  max_iter=-1, probability=False, random_state=None, shrinking=True,
  tol=0.001, verbose=False)	feature set [1, 2, 3, 4, 5, 6, 7, 8, 9, 10, 11, 12, 13, 14, 15, 16, 17, 18, 19, 20, 21, 22, 23, 24, 25, 26, 27, 28, 29, 30, 31, 32, 33, 34, 35, 36, 37, 38, 39, 40, 41, 42, 43, 44, 45, 46, 47, 48, 49, 50, 51, 52, 53, 54, 55, 56, 57, 58, 59, 60, 61, 62, 63, 64, 65, 66, 67, 68, 69, 70, 71, 72, 73, 74, 75, 76, 77, 78, 79, 80, 81, 82, 83, 84, 85, 86, 87, 88, 89, 90, 91, 92, 93, 94, 95, 96, 97, 98, 99, 100, 101, 102, 103, 104, 105, 106, 107, 108, 109, 110, 111, 112, 113, 114, 115, 116, 117, 118, 119, 120, 121, 122]
0	0	0	0	0	5	0	
0	0	0	0	0	27	0	
0	0	0	0	0	11	0	
0	0	0	0	0	8	0	
0	0	0	0	0	33	0	
0	0	0	0	0	136	0	
0	0	0	0	0	40	0	
model SVC(C=1.0, cache_size=200, class_weight=None, coef0=0.0,
  decision_function_shape=None, degree=3, gamma='auto', kernel='rbf',
  max_iter=-1, probability=False, random_state=None, shrinking=True,
  tol=0.001, verbose=False)	feature set [1, 2, 3, 10, 13, 16, 19, 37, 39, 41, 53, 55, 57, 58, 59, 60, 61, 63, 73, 74, 75, 76, 78, 80, 81, 82, 83, 84, 93, 94, 95, 96, 105, 106, 117, 118, 11, 14, 22, 24, 30, 35, 38, 40, 43, 44, 54, 56, 62, 64, 65, 67, 86, 88, 99, 100, 101, 102, 103, 104, 107, 108, 12, 15, 23, 28, 32, 34, 36, 42]
0	0	0	0	0	5	0	
0	0	0	0	0	27	0	
0	0	0	0	0	11	0	
0	0	0	0	0	8	0	
0	0	0	0	0	33	0	
0	0	0	0	0	136	0	
0	0	0	0	0	40	0	
model SVC(C=1.0, cache_size=200, class_weight=None, coef0=0.0,
  decision_function_shape=None, degree=3, gamma='auto', kernel='linear',
  max_iter=-1, probability=False, random_state=None, shrinking=True,
  tol=0.001, verbose=False)	feature set [1, 2, 3, 4, 5, 6, 7, 8, 9, 10, 11, 12, 13, 14, 15, 16, 17, 18, 19, 20, 21, 22, 23, 24, 25, 26, 27, 28, 29, 30, 31, 32, 33, 34, 35, 36, 37, 38, 39, 40, 41, 42, 43, 44, 45, 46, 47, 48, 49, 50, 51, 52, 53, 54, 55, 56, 57, 58, 59, 60, 61, 62, 63, 64, 65, 66, 67, 68, 69, 70, 71, 72, 73, 74, 75, 76, 77, 78, 79, 80, 81, 82, 83, 84, 85, 86, 87, 88, 89, 90, 91, 92, 93, 94, 95, 96, 97, 98, 99, 100, 101, 102, 103, 104, 105, 106, 107, 108, 109, 110, 111, 112, 113, 114, 115, 116, 117, 118, 119, 120, 121, 122]
1	0	0	0	0	2	2	
0	14	0	0	0	5	8	
0	1	10	0	0	0	0	
0	1	0	7	0	0	0	
0	0	0	0	27	2	4	
0	1	0	1	4	121	9	
2	9	0	0	5	13	11	
model SVC(C=1.0, cache_size=200, class_weight=None, coef0=0.0,
  decision_function_shape=None, degree=3, gamma='auto', kernel='linear',
  max_iter=-1, probability=False, random_state=None, shrinking=True,
  tol=0.001, verbose=False)	feature set [1, 2, 3, 10, 13, 16, 19, 37, 39, 41, 53, 55, 57, 58, 59, 60, 61, 63, 73, 74, 75, 76, 78, 80, 81, 82, 83, 84, 93, 94, 95, 96, 105, 106, 117, 118, 11, 14, 22, 24, 30, 35, 38, 40, 43, 44, 54, 56, 62, 64, 65, 67, 86, 88, 99, 100, 101, 102, 103, 104, 107, 108, 12, 15, 23, 28, 32, 34, 36, 42]
0	1	0	0	0	1	3	
0	13	0	0	0	4	10	
0	1	10	0	0	0	0	
0	1	0	7	0	0	0	
0	0	0	0	27	2	4	
0	2	0	0	3	120	11	
1	8	0	0	5	11	15	
model DecisionTreeClassifier(class_weight=None, criterion='gini', max_depth=None,
            max_features=None, max_leaf_nodes=None, min_samples_leaf=1,
            min_samples_split=2, min_weight_fraction_leaf=0.0,
            presort=False, random_state=None, splitter='best')	feature set [1, 2, 3, 4, 5, 6, 7, 8, 9, 10, 11, 12, 13, 14, 15, 16, 17, 18, 19, 20, 21, 22, 23, 24, 25, 26, 27, 28, 29, 30, 31, 32, 33, 34, 35, 36, 37, 38, 39, 40, 41, 42, 43, 44, 45, 46, 47, 48, 49, 50, 51, 52, 53, 54, 55, 56, 57, 58, 59, 60, 61, 62, 63, 64, 65, 66, 67, 68, 69, 70, 71, 72, 73, 74, 75, 76, 77, 78, 79, 80, 81, 82, 83, 84, 85, 86, 87, 88, 89, 90, 91, 92, 93, 94, 95, 96, 97, 98, 99, 100, 101, 102, 103, 104, 105, 106, 107, 108, 109, 110, 111, 112, 113, 114, 115, 116, 117, 118, 119, 120, 121, 122]
0	1	0	0	0	1	3	
1	8	0	0	2	7	9	
0	0	10	0	1	0	0	
0	0	0	8	0	0	0	
0	1	0	0	27	2	3	
0	5	1	1	7	108	14	
0	9	1	1	7	6	16	
model DecisionTreeClassifier(class_weight=None, criterion='gini', max_depth=None,
            max_features=None, max_leaf_nodes=None, min_samples_leaf=1,
            min_samples_split=2, min_weight_fraction_leaf=0.0,
            presort=False, random_state=None, splitter='best')	feature set [1, 2, 3, 10, 13, 16, 19, 37, 39, 41, 53, 55, 57, 58, 59, 60, 61, 63, 73, 74, 75, 76, 78, 80, 81, 82, 83, 84, 93, 94, 95, 96, 105, 106, 117, 118, 11, 14, 22, 24, 30, 35, 38, 40, 43, 44, 54, 56, 62, 64, 65, 67, 86, 88, 99, 100, 101, 102, 103, 104, 107, 108, 12, 15, 23, 28, 32, 34, 36, 42]
2	1	0	0	1	1	0	
0	11	2	0	1	1	12	
0	0	10	0	0	0	1	
0	0	0	7	0	0	1	
0	1	0	0	24	5	3	
1	7	0	1	3	110	14	
1	9	1	2	5	6	16	
model KNeighborsClassifier(algorithm='auto', leaf_size=30, metric='minkowski',
           metric_params=None, n_jobs=1, n_neighbors=5, p=2,
           weights='uniform')	feature set [1, 2, 3, 4, 5, 6, 7, 8, 9, 10, 11, 12, 13, 14, 15, 16, 17, 18, 19, 20, 21, 22, 23, 24, 25, 26, 27, 28, 29, 30, 31, 32, 33, 34, 35, 36, 37, 38, 39, 40, 41, 42, 43, 44, 45, 46, 47, 48, 49, 50, 51, 52, 53, 54, 55, 56, 57, 58, 59, 60, 61, 62, 63, 64, 65, 66, 67, 68, 69, 70, 71, 72, 73, 74, 75, 76, 77, 78, 79, 80, 81, 82, 83, 84, 85, 86, 87, 88, 89, 90, 91, 92, 93, 94, 95, 96, 97, 98, 99, 100, 101, 102, 103, 104, 105, 106, 107, 108, 109, 110, 111, 112, 113, 114, 115, 116, 117, 118, 119, 120, 121, 122]
4	0	0	0	0	0	1	
1	14	0	0	1	7	4	
0	1	10	0	0	0	0	
0	1	0	7	0	0	0	
1	1	0	0	24	5	2	
1	1	1	1	4	126	2	
3	8	0	0	6	12	11	
model KNeighborsClassifier(algorithm='auto', leaf_size=30, metric='minkowski',
           metric_params=None, n_jobs=1, n_neighbors=5, p=2,
           weights='uniform')	feature set [1, 2, 3, 10, 13, 16, 19, 37, 39, 41, 53, 55, 57, 58, 59, 60, 61, 63, 73, 74, 75, 76, 78, 80, 81, 82, 83, 84, 93, 94, 95, 96, 105, 106, 117, 118, 11, 14, 22, 24, 30, 35, 38, 40, 43, 44, 54, 56, 62, 64, 65, 67, 86, 88, 99, 100, 101, 102, 103, 104, 107, 108, 12, 15, 23, 28, 32, 34, 36, 42]
2	1	0	0	0	1	1	
0	11	0	0	0	9	7	
0	1	10	0	0	0	0	
0	1	0	7	0	0	0	
0	3	0	0	20	8	2	
1	0	2	2	5	121	5	
3	10	1	0	3	12	11	
model GaussianNB()	feature set [1, 2, 3, 4, 5, 6, 7, 8, 9, 10, 11, 12, 13, 14, 15, 16, 17, 18, 19, 20, 21, 22, 23, 24, 25, 26, 27, 28, 29, 30, 31, 32, 33, 34, 35, 36, 37, 38, 39, 40, 41, 42, 43, 44, 45, 46, 47, 48, 49, 50, 51, 52, 53, 54, 55, 56, 57, 58, 59, 60, 61, 62, 63, 64, 65, 66, 67, 68, 69, 70, 71, 72, 73, 74, 75, 76, 77, 78, 79, 80, 81, 82, 83, 84, 85, 86, 87, 88, 89, 90, 91, 92, 93, 94, 95, 96, 97, 98, 99, 100, 101, 102, 103, 104, 105, 106, 107, 108, 109, 110, 111, 112, 113, 114, 115, 116, 117, 118, 119, 120, 121, 122]
2	1	0	0	0	1	1	
1	12	0	0	7	3	4	
0	1	10	0	0	0	0	
0	1	0	6	0	1	0	
0	1	0	0	30	0	2	
2	20	0	0	10	62	42	
1	8	0	0	11	6	14	
model GaussianNB()	feature set [1, 2, 3, 10, 13, 16, 19, 37, 39, 41, 53, 55, 57, 58, 59, 60, 61, 63, 73, 74, 75, 76, 78, 80, 81, 82, 83, 84, 93, 94, 95, 96, 105, 106, 117, 118, 11, 14, 22, 24, 30, 35, 38, 40, 43, 44, 54, 56, 62, 64, 65, 67, 86, 88, 99, 100, 101, 102, 103, 104, 107, 108, 12, 15, 23, 28, 32, 34, 36, 42]
2	2	0	0	0	1	0	
0	16	0	0	6	1	4	
0	1	10	0	0	0	0	
0	1	0	6	0	1	0	
0	0	0	0	30	0	3	
1	28	0	0	10	64	33	
0	12	0	0	12	2	14	
model MultinomialNB(alpha=1.0, class_prior=None, fit_prior=True)	feature set [1, 2, 3, 4, 5, 6, 7, 8, 9, 10, 11, 12, 13, 14, 15, 16, 17, 18, 19, 20, 21, 22, 23, 24, 25, 26, 27, 28, 29, 30, 31, 32, 33, 34, 35, 36, 37, 38, 39, 40, 41, 42, 43, 44, 45, 46, 47, 48, 49, 50, 51, 52, 53, 54, 55, 56, 57, 58, 59, 60, 61, 62, 63, 64, 65, 66, 67, 68, 69, 70, 71, 72, 73, 74, 75, 76, 77, 78, 79, 80, 81, 82, 83, 84, 85, 86, 87, 88, 89, 90, 91, 92, 93, 94, 95, 96, 97, 98, 99, 100, 101, 102, 103, 104, 105, 106, 107, 108, 109, 110, 111, 112, 113, 114, 115, 116, 117, 118, 119, 120, 121, 122]
0	0	0	0	0	5	0	
0	9	0	0	2	14	2	
0	0	1	0	0	9	1	
0	4	0	0	0	4	0	
0	0	0	0	23	6	4	
0	0	1	0	8	124	3	
0	3	0	0	7	19	11	
model MultinomialNB(alpha=1.0, class_prior=None, fit_prior=True)	feature set [1, 2, 3, 10, 13, 16, 19, 37, 39, 41, 53, 55, 57, 58, 59, 60, 61, 63, 73, 74, 75, 76, 78, 80, 81, 82, 83, 84, 93, 94, 95, 96, 105, 106, 117, 118, 11, 14, 22, 24, 30, 35, 38, 40, 43, 44, 54, 56, 62, 64, 65, 67, 86, 88, 99, 100, 101, 102, 103, 104, 107, 108, 12, 15, 23, 28, 32, 34, 36, 42]
0	1	0	0	0	4	0	
0	7	0	0	3	16	1	
0	0	2	0	0	9	0	
0	4	0	0	0	4	0	
0	0	0	0	25	6	2	
0	0	0	0	7	129	0	
0	2	0	0	8	21	9	
model BernoulliNB(alpha=1.0, binarize=0.0, class_prior=None, fit_prior=True)	feature set [1, 2, 3, 4, 5, 6, 7, 8, 9, 10, 11, 12, 13, 14, 15, 16, 17, 18, 19, 20, 21, 22, 23, 24, 25, 26, 27, 28, 29, 30, 31, 32, 33, 34, 35, 36, 37, 38, 39, 40, 41, 42, 43, 44, 45, 46, 47, 48, 49, 50, 51, 52, 53, 54, 55, 56, 57, 58, 59, 60, 61, 62, 63, 64, 65, 66, 67, 68, 69, 70, 71, 72, 73, 74, 75, 76, 77, 78, 79, 80, 81, 82, 83, 84, 85, 86, 87, 88, 89, 90, 91, 92, 93, 94, 95, 96, 97, 98, 99, 100, 101, 102, 103, 104, 105, 106, 107, 108, 109, 110, 111, 112, 113, 114, 115, 116, 117, 118, 119, 120, 121, 122]
4	0	0	0	0	1	0	
0	16	0	2	2	4	3	
0	1	10	0	0	0	0	
0	1	0	6	0	0	1	
0	6	0	0	23	1	3	
0	3	0	2	12	110	9	
1	8	0	1	12	6	12	
model BernoulliNB(alpha=1.0, binarize=0.0, class_prior=None, fit_prior=True)	feature set [1, 2, 3, 10, 13, 16, 19, 37, 39, 41, 53, 55, 57, 58, 59, 60, 61, 63, 73, 74, 75, 76, 78, 80, 81, 82, 83, 84, 93, 94, 95, 96, 105, 106, 117, 118, 11, 14, 22, 24, 30, 35, 38, 40, 43, 44, 54, 56, 62, 64, 65, 67, 86, 88, 99, 100, 101, 102, 103, 104, 107, 108, 12, 15, 23, 28, 32, 34, 36, 42]
3	1	0	0	0	1	0	
0	18	0	0	2	3	4	
0	1	10	0	0	0	0	
0	1	0	7	0	0	0	
0	0	0	0	26	2	5	
3	2	0	2	10	105	14	
1	6	0	0	12	8	13	
