1	1	1	1	1	1	1	1	1	1	1	1	1	1	1	1	1	1	1	1	
1	1	1	1	10	10	10	10	1	1	1	1	1	1	1	1	1	1	1	1	
1	5	2	22	13	13	13	13	1	2	1	1	1	1	1	1	1	1	1	1	
1	1	1	1	1	1	1	1	1	1	1	1	6	6	6	6	26	12	26	33	
1	1	1	1	1	1	1	1	1	1	1	1	10	10	10	10	25	11	25	32	
1	1	1	1	1	1	1	1	1	1	1	1	1	1	1	1	18	4	18	25	
1	1	1	1	1	1	1	1	1	1	1	1	1	1	1	1	17	3	17	24	
1	1	1	1	1	1	1	1	1	1	1	1	5	5	5	5	29	15	29	36	
1	1	1	1	1	1	1	1	1	1	1	1	9	9	9	9	28	14	28	35	
1	1	1	1	1	1	1	1	1	1	1	1	13	13	13	13	13	1	13	20	
1	1	1	1	3	3	3	3	1	1	1	1	1	1	1	1	1	1	1	1	
1	1	1	14	2	2	2	2	1	1	1	1	1	1	1	1	1	1	1	1	
1	1	1	1	1	1	1	1	1	1	1	1	26	26	26	26	27	13	27	34	
1	1	1	2	1	1	1	1	3	8	1	1	27	27	27	27	30	16	30	37	
1	1	1	9	1	1	1	1	1	20	1	1	24	24	24	24	11	1	11	18	
1	1	1	13	1	1	1	1	1	13	1	1	25	25	25	25	10	1	10	17	
1	1	1	11	7	7	7	7	1	1	1	1	1	1	1	1	1	1	1	1	
1	9	1	18	12	12	12	12	1	23	1	1	1	1	1	1	1	1	1	1	
1	1	1	1	1	1	1	1	1	16	1	1	1	1	1	1	7	1	7	14	
1	1	1	1	1	1	1	1	11	1	1	1	4	4	4	4	6	1	6	13	
1	1	1	1	1	1	1	1	5	3	1	1	1	1	1	1	1	1	1	6	
1	1	1	8	1	1	1	1	13	22	1	1	1	1	1	1	1	1	1	7	
1	1	1	1	8	8	8	8	17	21	1	1	1	1	1	1	1	1	1	1	
1	1	1	1	1	1	1	1	1	1	1	1	1	1	1	1	1	1	1	1	
1	1	1	12	1	1	1	1	7	29	1	1	1	1	1	1	1	1	1	1	
1	1	1	7	1	1	1	1	1	32	1	1	1	1	1	1	1	1	1	1	
1	1	1	1	1	1	1	1	19	31	4	1	1	1	1	1	1	1	1	1	
1	1	1	1	1	1	1	1	14	36	1	1	1	1	1	1	1	1	1	1	
1	1	1	1	1	1	1	1	21	9	5	3	21	21	21	21	19	5	19	26	
1	1	1	1	1	1	1	1	2	38	1	1	23	23	23	23	20	6	20	27	
1	1	1	1	1	1	1	1	20	11	6	1	2	2	2	2	1	1	1	8	
1	1	1	1	1	1	1	1	1	24	1	1	1	1	1	1	2	1	2	9	
1	1	1	1	1	1	1	1	1	33	1	4	1	1	1	1	1	1	1	1	
1	1	1	1	1	1	1	1	22	39	7	5	1	1	1	1	1	1	1	1	
1	1	1	1	1	1	1	1	1	1	1	1	16	16	16	16	16	2	16	23	
1	1	1	1	1	1	1	1	18	28	3	1	19	19	19	19	15	1	15	22	
1	1	1	1	1	1	1	1	16	19	2	1	1	1	1	1	1	1	1	4	
1	1	1	1	1	1	1	1	15	18	1	1	1	1	1	1	1	1	1	5	
1	1	1	1	1	1	1	1	12	1	1	1	15	15	15	15	21	7	21	28	
1	1	1	1	1	1	1	1	10	4	1	1	7	7	7	7	5	1	5	12	
1	1	1	1	1	1	1	1	9	6	1	1	8	8	8	8	1	1	1	1	
1	1	1	10	1	1	1	1	1	1	1	1	3	3	3	3	1	1	1	1	
1	1	1	1	1	1	1	1	1	1	1	1	1	1	1	1	24	10	24	31	
1	1	1	1	1	1	1	1	1	1	1	1	1	1	1	1	23	9	23	30	
1	1	1	1	1	1	1	1	1	1	1	1	1	1	1	1	9	1	9	16	
1	1	1	1	1	1	1	1	1	7	1	1	11	11	11	11	12	1	12	19	
1	1	1	4	9	9	9	9	1	25	1	1	1	1	1	1	1	1	1	1	
1	1	1	15	1	1	1	1	1	34	1	1	1	1	1	1	1	1	1	1	
1	1	1	6	11	11	11	11	6	26	1	6	1	1	1	1	1	1	1	1	
1	6	1	17	14	14	14	14	4	10	1	1	1	1	1	1	1	1	1	1	
1	1	1	1	1	1	1	1	1	1	1	1	22	22	22	22	22	8	22	29	
1	1	1	1	1	1	1	1	1	30	1	2	17	17	17	17	8	1	8	15	
1	1	1	5	1	1	1	1	1	27	1	1	1	1	1	1	3	1	3	10	
1	1	1	1	1	1	1	1	1	12	1	1	1	1	1	1	1	1	1	1	
1	2	1	16	4	4	4	4	1	15	1	1	1	1	1	1	1	1	1	1	
1	1	1	23	6	6	6	6	1	1	1	1	1	1	1	1	1	1	1	1	
1	1	1	1	1	1	1	1	1	1	1	1	1	1	1	1	1	1	1	1	
1	1	1	1	1	1	1	1	1	1	1	1	1	1	1	1	1	1	1	1	
2	3	1	21	18	18	18	18	8	37	1	1	1	1	1	1	1	1	1	1	
1	7	3	19	15	15	15	15	1	35	1	1	1	1	1	1	1	1	1	1	
3	4	1	20	16	16	16	16	1	17	1	1	1	1	1	1	1	1	1	1	
5	10	4	24	17	17	17	17	1	14	1	1	1	1	1	1	1	1	1	1	
1	1	1	1	1	1	1	1	1	1	1	1	20	20	20	20	31	17	31	38	
1	1	1	1	1	1	1	1	1	1	1	1	18	18	18	18	32	18	32	39	
1	1	1	1	1	1	1	1	1	1	1	1	1	1	1	1	1	1	1	2	
1	1	1	1	1	1	1	1	1	5	1	1	1	1	1	1	4	1	4	11	
1	1	1	1	1	1	1	1	1	1	1	1	12	12	12	12	1	1	1	3	
1	1	1	3	1	1	1	1	1	1	1	1	1	1	1	1	1	1	1	1	
4	8	1	25	5	5	5	5	23	40	8	7	1	1	1	1	1	1	1	1	
1	1	1	1	1	1	1	1	24	41	9	8	14	14	14	14	14	1	14	21	

66	61	67	46	53	53	53	53	47	30	62	63	44	44	44	44	39	53	39	32	
