246C6715BB2A11CBDD1B1F0C085D35804B98B23BAE61A569693C47D112E6628C.apk	2017-01-12	0	0	0	0	0	0	0
com.mozgame.fruitmania	2017-01-13	0	0	0	0	0	0	0
com.mozgame.cookie.family	2017-01-12	0	0	0	0	0	0	0
com.arroyaapps.homecabinetdesign	2017-01-07	0	0	0	0	0	0	0
com.aaronbalderapps.entrancedoordesignideas	2017-01-28	0	0	0	0	0	0	0
com.arroyaapps.beautifulbotanicalgardens	2017-01-17	0	0	0	0	0	0	0
com.rrg.bubblewonders	2017-01-12	0	0	0	0	0	0	0
com.vnsoft.fulllivewallpaper	2017-01-13	0.5645	0	0.2903	0.1452	0	0.7258	0
com.wb.gc.ttxfk.mi	2017-01-14	0	0	0	0	0	0	0
com.arroyaapps.babyroomdesignideas	2017-03-01	0	0	0	0	0	0	0
com.arroyaapps.beautifulbotanicalgardens	2017-01-17	0	0	0	0	0	0	0
wb.gc.xmxx.zxb.xm	2017-01-13	0	0	0	0	0	0	0
com.mtstudio.anwopay	2017-01-13	0	0	0	0	0	0	0
com.arroyaapps.backyardwoodprojects	2017-01-18	0	0	0	0	0	0	0
com.arroyaapps.bathroominteriordesigns	2017-01-15	0	0	0	0	0	0	0
com.arroyaapps.awesomecheesecakeideas	2017-01-21	0	0	0	0	0	0	0
com.arroyaapps.backyardwoodprojects	2017-01-18	0	0	0	0	0	0	0
com.arroyaapps.apartmentdesignideas	2017-01-18	0	0	0	0	0	0	0
com.mozgame.fruitjourney	2017-01-14	0	0	0	0	0	0	0
com.padyun.spring	2017-01-13	0.8438	0	0	0.1562	0	0.8438	0
com.arroyaapps.bedroompaintingideas	2017-01-14	0	0	0	0	0	0	0
com.mozgame.cookie.family	2017-01-12	0	0	0	0	0	0	0
com.arroyaapps.crochetdoiliesideas	2017-01-22	0	0	0	0	0	0	0
com.ayans.mathformula	2017-01-13	0.8667	0	0	0.1333	0	0.8667	0
com.mozgame.cookie.family	2017-01-12	0	0	0	0	0	0	0
com.mozgame.fruitmania	2017-01-13	0	0	0	0	0	0	0
com.LovelyBedroomDesign.JoyceBurklin	2017-02-01	0	0	0	0	0	0	0
com.arroyaapps.romanticcandlelightdinner	2017-02-10	0	0	0	0	0	0	0
com.arroyaapps.aquariumdecorationideas	2017-01-25	0	0	0	0	0	0	0
com.app.mathsformulas	2017-01-13	0.8694	0	0	0.1306	0	0.8694	0
000A9A96862464F06A67834DC365A4B0E79AEDDF2AABF710855145412773C457.apk	2017-02-05	0	0	0	0	0	0	0
02A858CEABC5B7B466D842D5AD1B84BE3B863A091BB8B7AFDFF2F2CA852A3651.apk	2017-03-14	0.9011	0	0.011	0.0879	0	0.7582	0
038397DDFC76471127BBEBDEDB9685A9497D47B7FFA360FE03A11635B4B63008.apk	2017-06-19	0.9432	0	0.0227	0.0341	0	0.6705	0
04E54F640016D61E62D3F6BE16AC2CC3E300907CA53D9A1B888C5EA631B3CF2F.apk	2017-01-25	0	0	0	0	0	0	0
04F7CC6FB91B34D14E1338A3EF9819D8FA7991676AD31B6D2FA0C627A4D4E013.apk	2017-03-03	0	0	0	0	0	0	0
0873BE954A0ABB36C309589D70E111E0B99B2D573E94C3505C219DC364A8B1A1.apk	2017-01-23	0	0	0	0	0	0	0
08901BAAC53D45334704013F7AF2C42A0D587D80C9E311BE0D9EDF8549B0E77D.apk	2017-03-23	0	0	0	0	0	0	0
0A9A587EF78467AC459BFEC946201C6A6A091B1A745ADC0CE60AD3CF59423067.apk	2017-04-13	0	0	0	0	0	0	0
0C2D1591A6DC47291137E36ADA79E1BCB876840BD8EC0107D59FDADA4467D123.apk	2017-03-02	0	0	0	0	0	0	0
0C625C2D972222144358640207A08FCDD4A48042AB2755A17EDB958DA6F396E2.apk	2017-01-19	0	0	0	0	0	0	0
0D2533FEF8F72B76899608D72E2CC5496AC366340559968E021AA4A19D82D416.apk	2017-03-24	0	0	0	0	0	0	0
0D9572A37EA0DF7B550CD5C9017D86A79244454D36130F91CC5C13B92AFEEC8F.apk	2017-03-20	1	0	0	0	0	0	0
11A87F5CA49E9311309B6F273DD40609EAAAE3A960AF4FABE0C853A40C155A2E.apk	2017-01-25	0	0	0	0	0	0	0
1317B395DBB84564EA43A5706FD87F5E24E97FA581D87258DF0082DBE41512FE.apk	2017-03-18	0	0	0	0	0	0	0
14509EBD816DA763E2A6E85D7A4FC084E19A0D3A24ACBFC39185D165584ED6C8.apk	2017-02-09	0.9692	0	0.0154	0.0154	0	0.5538	0
176AC550C4D4EBBF2A89FF44E9B1B2149896891669372A1386DC2B5F6551526B.apk	2017-03-03	0.7879	0	0.0303	0.1818	0.1212	0.3182	0
17E380B958C454E37803135E80117FAC3959272245EE9D318546AFB71BF64DCD.apk	2017-02-01	0	0	0	0	0	0	0
1C1CFB14FCA6E3916C3C02D3152563081AC22629CEA56F1634114EEDF576A152.apk	2017-01-25	0	0	0	0	0	0	0
1CD49FCF74FA22C42B30D524F400E55D7E72280E3286E4155B7D30ACDAD4C4B8.apk	2017-02-23	0	0	0	0	0	0	0
1D56A8E4CA1C1B13165EAB77335A34862080150BF7EC5EE1F921F760A72B7A1A.apk	2017-01-11	0.6182	0	0	0.3818	0.3818	0.6182	0
1D72F82226C524DE0482443A41699EE802429A4B2A066503C39CAAFFA95923F5.apk	2017-02-21	0.9316	0	0.0085	0.0598	0	0.5726	0
1E2C8D3FDED5DE45906E9CF72A06C86D2D6E74936FFE507EB5D8AF2C2636D8EC.apk	2017-01-27	0	0	0.375	0.625	0.0625	0	0
230524F4A1C8CB22444910AE29EE1F4628A6995E34BD4474B30BC288DE86A0CD.apk	2017-01-19	0	0	0	0	0	0	0
24A0C99A918E242BA311DF3A88C64DA51555F73CD35CBB7A1599350C3F4A135A.apk	2017-03-23	0	0	0	0	0	0	0
291D2FD133EC093608AA20B7BC923DA06F9FE6EDC768F667ABAF1BE9604F32B8.apk	2017-04-18	0.9545	0	0	0.0455	0	0	0
2985AC057A6718AB10379FB1057FB1C3B848B9799E992D718F0F18114A596E28.apk	2017-03-23	0	0	0	0	0	0	0
2AEC48F46B9D9850CE090F5C29A0148B9BC2F17FC2C8BC63A4B0F3A3D78754B4.apk	2017-03-13	0	0	0	0	0	0	0
2E0525E653D10261343B0CCC079D66E8ED30A7AEB99D1ED8BDFB3F28388C6EF1.apk	2017-03-12	0.9219	0	0.0156	0.0625	0.0312	0.625	0
2F0AE4D13F53D48E3F143EF64C6A9BBB5F7DD048DAD51A34872163014A95201F.apk	2017-02-11	0	0	0	0	0	0	0
319064EDE2495CE929D91AEE053D2507CE33F806B1681196F16D11FAA070F369.apk	2017-01-11	0.8846	0	0.0577	0.0577	0	0	0
32D75429A918C546EBD48AD349E0EDBB780F56D70002698C32282D6261B5EC4E.apk	2017-02-23	0	0	0	0	0	0	0
3768AA0D59FBD5E1692B32E9E9C82C7D5910AF3B73C80C4B6961D0570EFE9BB8.apk	2017-03-20	0.9459	0	0	0.0541	0	0	0
38E020A0091E9486AF9B148B741EF789D36E029CEB53A34798320BAFD756697D.apk	2017-02-13	0	0	0	0	0	0	0
3901DA90ED0423800C06E279070AB5D4A63C974F027EE40F5044E2123BD3118A.apk	2017-02-22	0	0	0	0	0	0	0
3A9ABFCFDA73329870223FA8796287127E273ACDF454CAD5E43113853C1CA25D.apk	2017-02-16	0.9355	0	0.0161	0.0484	0	0.5	0
3B379AAB1EBD48C1D553FAADC9AE8B7639933D46CD4C29E16CEBE1056FBF16CA.apk	2017-01-25	0.9658	0	0	0.0342	0	0.7778	0
3C89267E574646A69BE4C182B1E390285C6C7C513F7D48B55703F7863DAAA034.apk	2017-01-25	0	0	0	0	0	0	0
3D026CEB7689664F43F87E80627954D25A3DEA160B9FC5EE81ADB616C5BDFE34.apk	2017-02-02	0	0	0	0	0	0	0
3D70D04D0F27F7BB09591259AF9F3770900A5EE27A39E54AE550C901D7D788FE.apk	2017-02-09	0	0	0	0	0	0	0
3EB9BBC73EFB340F20934C1D5EAA769245FE51D7AEE63A5DE9FF8FF99E84EC81.apk	2017-01-25	1	0	0	0	0	0	0
3EFA054813F4222FC9E26CFFAAD3073E81F7BAF1DAAF1652754C6F0FA8006A63.apk	2017-02-02	0	0	0	0	0	0	0
3F02012A8E5236BE5FAAA20F175DD21BD27D87509F33B4927BA69922F89D069C.apk	2017-05-15	0.4138	0	0	0.5862	0	0.1724	0
4302FD385D00B1DFAA453124C9560DD6DBC208E94ED0B5F8CB453E42282A6013.apk	2017-02-09	1	0	0	0	0	0	0
445BFB1B63DE31A4C37A936D139AC348E96591CF75FDD16851AE782C66484B16.apk	2017-03-20	1	0	0	0	0	0	0
46768C34CDD668412B4FC7750CF5C583876F70707E08CD4C65D9D7A58AE1CE30.apk	2017-03-21	0.7793	0	0	0.2207	0	0.5724	0
470640C7E0D14B4A3375E1C46477679ACD718E598803F8B84715CB05DB38EB3B.apk	2017-03-13	0.9167	0	0.0278	0.0556	0	0	0
49DC0D47965E1319EE099E02A1CA79A3D6DDDEB7C1D71006487F1288C7AA2ED3.apk	2017-01-28	0	0	0	0	0	0	0
4A694A5E0C8E7B93DFD8DAE19BF9FAA7BD2E505028C3232ECB690406ADECD2A6.apk	2017-03-07	0	0	0	0	0	0	0
57C61E1866D661D1D084FD60779E48DA491A785F9F9B3EBDBBD33C83BC684F54.apk	2017-01-25	0.9383	0	0	0.0617	0	0.679	0
5804F35D1C4E7DBFCC7E6878B9E304D4A625C3C7AFE8A76B7F3A885A557B274E.apk	2017-01-18	0	0	0	0	0	0	0
5857D8FBA8ADD552F0BA15CFA4FD261506D4F5A444276684B082C568A7105BA9.apk	2017-03-10	0	0	0	0	0	0	0
5921632D4EBFA8F6CDE3049706D349651F63AAC2A001B9EE3FDFBC1466DD0E97.apk	2017-02-21	1	0	0	0	0	0	0
5A61406F63A3442C028EC9A1E48E01BC078DD624BFB06C0EF79B91BAD780BE84.apk	2017-01-03	0	0	0	0	0	0	0
5CC463DD537617BA6B4EBEBDCB5CB4997BE0D2924C24D3AD3C2CE37CBD1BD5B7.apk	2017-02-01	0	0	0	0	0	0	0
5DA1E2765DF20CEC14992C1D2EDE86EC8ACC275B67DAE2EDBBD859CD35B55435.apk	2017-03-20	0	0	0.8	0.2	0	0	0
5FF1189C24D6379CF83B26AC31D4361184273AEBD4E5D70EC6C85E791E214306.apk	2017-02-16	0	0	1	0	0	0	0
60E6F8C41BD8FF1AF7B27CA868C34D8A53CE9E74E0DCB793A661F4A5A00A6818.apk	2017-01-12	0	0	0	0	0	0	0
6322778339DA6828F4AC77B3BF3ADF767D4AC42D11AB42662D8358A89F68EAA5.apk	2017-06-14	0	0	0	0	0	0	0
653849142DBF8102D7BA4B52FDB7499373C88F0C213B61B34EA3504777E3647D.apk	2017-01-31	0	0	0	0	0	0	0
65F9C215665B61B103D7A8924E1CD46D4BD04E76C7EA7241882B0BEAB1055F11.apk	2017-02-06	0	0	0	0	0	0	0
668934A6C6D28621E5445CA0819A3F85DD7485143BC37D92FEA5F95747A13086.apk	2017-01-18	0	0	0	0	0	0	0
681618FAF7F38DDFB6C86D68CABFC715E75FA651DB87F18C690C4B94A0EF28DA.apk	2017-01-18	0	0	0	0	0	0	0
694C2BCAD1F99CF3A6446B439B3573567FC228841CE4EC5BEC5286069A03ACFE.apk	2017-01-17	0	0	0	0	0	0	0
6A1395AE674F508741FD7A5FB5AF9A854D20FC15664171904978456A0111C62E.apk	2017-01-25	1	0	0	0	0	0	0
6A711CD4738C7F592DE2BDB085674F57E56AAE22DBC79C277254E7C1E60674E7.apk	2017-04-17	0.9429	0	0.0286	0.0286	0	0.5143	0
6AD4A23EEDAF39E4681EBE1F47FA1FE2F312EE787E87AC11CDCB7A9FB652D55E.apk	2017-03-08	0	0	0	0	0	0	0
6B42B0972FCDA7CBFD8D4114CFDA51ECF4042EB79AFB56586AE83FE00BF0CA31.apk	2017-02-15	0.6364	0	0	0.3636	0.0909	0.5455	0
6C8F140F97A5C8E2CC4921087284C4728D595EF6E4F82EA10B1363902E4F5CDD.apk	2017-03-08	1	0	0	0	0	0	0
6DAA26B9019AE5AEC74FDF290565CF1684BCB8CEA872E4EB7E60BB61C108757A.apk	2017-03-21	0	0	0	0	0	0	0
6E2435EE8F0F4590C025ED332CF31BA8190CA88B814DE50112EDAD1B40E24F24.apk	2017-03-02	0	0	0	0	0	0	0
6F2F5A772E83FE8142EE11F3B5BCC9FC71670622CCDE24AAD289BF2F1DF052CB.apk	2017-03-02	0	0	0	0	0	0	0
70481F6A4DF32B3335D62E72A0A531E20BC6AF8AAA3A564B364DC1F5B9B43AD6.apk	2017-01-02	0	0	0	0	0	0	0
70642821DD5C22D13EFC21CFA0597690899D07AF0A31F828EA0C0B6F4B26B1CA.apk	2017-01-25	0	0	0	0	0	0	0
73BC834091F0E6C8C71F09C1AB18F3CDD6A2590770F0B570FCBF0E1860427AFB.apk	2017-01-23	0	0	0	0	0	0	0
744440E8BFBB515A16AF23C472BA10C2A9B2A131BC174171C446DD57E0870492.apk	2017-01-19	0	0	0	0	0	0	0
758824EB3D1D18977D57DB911991EBF096DC03D4DE3F09CAFA67437A977C9993.apk	2017-02-16	0	0	0	0	0	0	0
75A51D85DCF12A3FEDF5043ECA8EC36194E3259AC863D50C795D1B190004E625.apk	2017-01-28	1	0	0	0	0	0	0
760583A21B1956E030E639A445AE952757C5BC6220BC38E78FD522413039E3B6.apk	2017-02-22	0	0	0	0	0	0	0
762288E5A2E40D6AD78AFEB67C9EC14A8350E03C5A07C481E636B6859BC3DE8A.apk	2017-02-20	0	0	0	0	0	0	0
7A4EC953304F93E6C5FCCA012FC9E380523B0219AA3F72968899824289EBA3E4.apk	2017-01-19	1	0	0	0	0	0	0
7B6987DD55227E73FDA0F380C539FB13019F860F58166C07A4DA144EAFE46C26.apk	2017-02-20	0	0	0	0	0	0	0
7C66491DA03074F55DD46185A512689A252C921B52D4360FDF0FE9067DF01FBF.apk	2017-02-03	0.9565	0	0.0217	0.0217	0	0.1087	0
7C74915BED63C058FEB6945A095AAEC1E61389507C18E1D3EFBA5251B50B93B9.apk	2017-02-16	0.5	0	0	0.5	0	0	0
7D10CEC0167F559B0ECC18F9F3359D46018EE727B2005F93396B68F1E19A12D3.apk	2017-02-19	0.6364	0.1818	0	0.1818	0.0455	0.7273	0
806769BA52F7D1712FE7101DE12ABDD3B22722BE6278075771BD1847C4C42BFF.apk	2017-03-02	0	0	0	0	0	0	0
81796C6EE52B45C805B18D253CE1828B3C067A1A945E32E29CF699E8244EF131.apk	2017-03-13	0.2314	0	0.7686	0	0	0.7686	0
8436CC2503A8ABC85EED81AF9E1206B1985F8E65034924950AE3610FE3EDAA8A.apk	2017-01-18	0	0	0	0	0	0	0
88D0D2B81F22A57EDE74105B73C8B126ABA0095D645963E2FECD2A0EEF344CE9.apk	2017-01-12	0.9452	0	0.0137	0.0411	0	0.6986	0
892688DBA855FD6BB13DBA11FF7992E8E3333805B637E5965464A857FC9CCA2B.apk	2017-02-11	0.9091	0	0	0.0909	0	0	0
89B9BD248E7E201D0293056B246874D7549AC9478A0FB2B5FFE88C3D70978025.apk	2017-03-08	0	0	0.6579	0.3421	0	1	0
8AB43DF4EDA75D357F011042C3DEFF3FFC073EF1800520252894854B971FCB06.apk	2017-01-30	1	0	0	0	0	0	0
8B50EC928F5B6212A273DAE38CDD44EB6C2B0A906BB92F3B1D5FBBC57B61B28D.apk	2017-01-18	0	0	0	0	0	0	0
8FAC14CFCBF09C74708E5EEE26F62176E46BE196BD91A33B1C0A43DAE75F94EA.apk	2017-02-01	0	0	0	0	0	0	0
8FF347FA27D4D8199F6FED450F3398029422D7252EEC07EEBB5B730030850B2E.apk	2017-03-07	0.2857	0	0.2857	0.4286	0	0	0
9047A67AED4B302B2CD4F0CE3C4ECFA439DB94A2DC5D8AF541E4983B42165BFF.apk	2017-03-18	0	0	0	0	0	0	0
905B52C83CE609485AC6B1BCC042D5DE69DFD3D6629DE216BA3ADC4A64B7582C.apk	2017-01-19	0.9254	0	0.0299	0.0448	0	0.5821	0
944A872A54B080C73D4708A6A3EE494E044FB583CDEC778A491F43687E91AC8C.apk	2017-02-18	0	0	0	0	0	0	0
96CBB5FADC1AAF21182F0AEE55630F798A25BF1765D39E118933F737B30088AB.apk	2017-02-16	0	0	1	0	0	0	0
96D5B11E3DF0709DDA7EA59812ED595D693D456A7BB66A52FE939D4EDB1AFF78.apk	2017-04-14	0	0	0.5	0.5	0	0	0
975F042D15769172022BDBF23E9C4CCBDEB80346FCABABA27A383B9DAEE11A43.apk	2017-03-23	0.7831	0	0	0.2169	0	0.5714	0
97B091D38F85CF9AA49F851176F80FF88D3C9B5DF9DD63015C606935CEA8C881.apk	2017-01-01	1	0	0	0	0	0	0
98324CBE5FF3DE6436BDD5D8C4122F034F64EEFF7F8439018653953067691158.apk	2017-06-30	0	0	0	1	0	0	0
990A1DC1A3617A0C4A306F625D8D1FA40FB6E6562969DBCE06DC766BC2923F35.apk	2017-02-13	0	0	0	0	0	0	0
9BF48E82BE3077A32FAFFDF3502C969AF9EF08B6B031BA158ADFADD439714ED5.apk	2017-03-22	0	0	0	0	0	0	0
9D52672F3C145D17A05F0E7439B0E6BCDBC3D2D9022254D5AA14CE23E4FD6E07.apk	2017-02-09	0	0	0	0	0	0	0
A0B323E87017890AE848101C4439A91EFBAE077831F5E0811405F83B2978469D.apk	2017-02-01	0	0	0	0	0	0	0
A12D7DCAB28510A95A7C451B7B5B8BDA9BFEC8405FD09AE8BF354AF5DABAC3A1.apk	2017-03-22	0	0	0	0	0	0	0
A1D63FC64A14AEE9B3BC8A8D986FD9916DDCB0A36C2679CD97B53341B4ADC3BB.apk	2017-01-19	0	0	0	0	0	0	0
A2DAE64E6E19F36738031A3AA5E4245F7269F6BAD57806C33E8A472EC154DE75.apk	2017-03-23	0	0	0	0	0	0	0
A2EB6A85AC4B1BF6A0D4E8B901B57D4B4E82CDF69DB8DE7D35B233F86A814788.apk	2017-02-09	0.9178	0	0.0274	0.0548	0	0.2192	0
A5433CF0980178EA5EE7B1A40467402A7A1B1ED89CAA15E3CAF712160156DC3E.apk	2017-02-02	0	0	0	0	0	0	0
A569798BF27BA2AFBFAA764D9DB225B95C080C16C7A24114A4411EF61EB9841F.apk	2017-01-19	0	0	0	0	0	0	0
A84B4B2CD20C2B9D32BC5D5E35C39DD35DDF17092D5E77E48CD1FEE2FEFC0F80.apk	2017-01-03	0	0	0	0	0	0	0
A89846DAF9A472860364693C0E92DC92F8D64BCF108BDBE729A269C9FC24BFCB.apk	2017-03-03	0	0	0	0	0	0	0
A94C78A063A6D1394CB9E53927468C017AFC29A8A364A320EB67D9FF3E235C1D.apk	2017-02-09	0	0	0	0	0	0	0
AB82E419AC74399C5E44BDAC45DC52D3FADBBEDD86D0867CB39B78E656222693.apk	2017-02-02	0	0	0	0	0	0	0
AB8F8C94011447B38B24727E1E21E8A104C927E2938855CC2508356D7673E75E.apk	2017-02-11	0.9398	0	0.012	0.0482	0	0.7952	0
AB9E20CC7B1CC2B75120C22115E4829D31F2056E6025F28CB86B9B0DFDEE6E11.apk	2017-02-09	0	0	0	0	0	0	0
AC435FD1BCEE4038621C3C57F6309D77461EEE61C3F9C6B65BEEED436E9E598D.apk	2017-01-30	0.9157	0	0	0.0843	0	0.6988	0
AC970B98A1EBC346A621BA2883414B901D2DA1B83A3EE4AC153E5EF2FE74161F.apk	2017-01-25	0	0	0	0	0	0	0
ADD821139B48EDCF835CEB6BA5D8D568B85B713A5E8804FA4D73F5B60D970E3C.apk	2017-03-10	1	0	0	0	0	0	0
AEBC682C6F1AD877C5E19C3EBEE09804D387299BD764FC0158FABD192CDC5092.apk	2017-01-26	0	0	0	0	0	0	0
AF322642B2656290E7412123261CAAB46CE695BEFC738BAA65AF9D0E6C63F905.apk	2017-01-25	0.9286	0	0.0286	0.0429	0	0.6286	0
B0FEE72DF47A5958C12CD50707CD9536D99FCC0CEE36876910B14FEF0C201F98.apk	2017-03-20	0.9302	0	0.0116	0.0581	0	0.6395	0
B170563AC8D2D60BECC39309A3044CFE7F06A791ADA17B9C868BC1E28D92FDED.apk	2017-02-28	0	0	0	0	0	0	0
B175A3636E298B01C9E2AC83E9FE5AFE221883C65886EF8904EEB56D13591C9A.apk	2017-01-20	0	0	0	0	0	0	0
B39551FC238D4B085B15BFA0B322B5F083EB9520CB0E7DEDD41F1AB943DFFB88.apk	2017-03-01	0.9545	0	0	0.0455	0	0	0
B3F27F5BA2BD20DD6B411ABD0A922382D9B46CBD2FF07835165F1B765087DA5F.apk	2017-01-25	0.7705	0	0.0164	0.2131	0.1639	0.4426	0
B62945D0E1BA1BB1AC71F26365CD23B3F6BDDE2AEF07CBD81CD32D4C446CF667.apk	2017-04-05	0	0	0	0	0	0	0
B66C840698B86E798B0E2BDC3443098A1E0A2538496B33B905558C8D886F0D02.apk	2017-02-21	0	0	0	0	0	0	0
B7C406518643847A1BBD45F363C346CF01DD6D384F5E7181471FEABB68E37F74.apk	2017-05-04	1	0	0	0	0	0	0
B9BF4FCD89CCA82B8EE668A65B53E10FCE633E257F9576102159C5AAA3D11E4F.apk	2017-03-10	0	0	0	0	0	0	0
BA486A7C5E7407BEA5CAB083AE7BF24C31D9D3784137987CDBBFF03994381B86.apk	2017-06-23	0	0	0	0	0	0	0
BC1C3E85EF61C882F9E17D1F5EF4E1B898FDA65546CC9D30D642386BF62FC1DB.apk	2017-01-07	0	0	0	0	0	0	0
BC1D73988E9F917FE0028BC99519CFC402E5F4EF4ADB60D37EA8AF62862309CC.apk	2017-02-16	0.9196	0	0.0268	0.0536	0	0.4018	0
BC3A9DA1131B9D0759ACDE01BDADDF87393CA27D6D624F44E670A368886F4CFB.apk	2017-03-02	0	0	0	0	0	0	0
C3BB8A4F3D50C6A9DF6336DD37F168BA8E482695273786CBB5E3E7F241F66200.apk	2017-03-08	0.9722	0	0.0139	0.0139	0	0.6389	0
C456A7A7387B7DA5FF795483531815DE26A2DFD48E2424B09E1101A0CE649F67.apk	2017-02-28	0	0	0	0	0	0	0
C60F4C28A3F06D3BFE11C794EE10A00A406DC120FB5B37F6B96665DE4C1FB686.apk	2017-03-17	1	0	0	0	0	0	0
CB5DD1512FB45E595988FD13D84C500B96EA7D53344199DB496B5DF2F1A31F79.apk	2017-02-17	0	0	0.3125	0.6875	0.6875	0	0
CCC11BD5701D552865985182EDB4C118BD0EF6946CDB20E8BDE12E650A8676A7.apk	2017-01-18	0	0	0	0	0	0	0
CCCD061A7C8B46D3F6CA73B90091BD9D91A5B2375BB55A0F4C6C294B3D11F400.apk	2017-01-19	0.881	0	0.0476	0.0714	0	0.1905	0
CCE6E1A666851CF0AAC201DF3F8626103CA5AFFD2D21702447B0A7A4D460A219.apk	2017-03-14	0	0	0	0	0	0	0
CD5D5230E557638CE28BE753608D4C3F9AB2412A4981CD694CFF1F800CEF4939.apk	2017-01-29	0	0	0	0	0	0	0
CF520117ACCC9E0B372A596FFE09F1EFCFB26C40950BFC416A127255D30CC685.apk	2017-02-01	0	0	0	0	0	0	0
D035E5CF8FAE800076A923C50B019063A3AF2E9E147F989DDBF35114445D0A5F.apk	2017-03-17	0.9412	0	0.0196	0.0392	0	0	0
D0D717FDE50064540153C9A3AACCB6BE00E8D24340D72DA43B430BF0BBE25183.apk	2017-04-07	0	0	0	0	0	0	0
D1D9F111511A8A427AFB294D04B70BFFF535C34DA24758F0734170E5C469745E.apk	2017-03-11	1	0	0	0	0	0	0
D2E2A770646E252A56AB47055D15C9289482D796017A70C12FF7B3CC6AA7A158.apk	2017-02-16	0	0	0	0	0	0	0
D3DC7B57B09BB79BC37DEB1F188C96F81D7D67889834995C22E911A441341B2C.apk	2017-05-13	0	0	0.25	0.75	0	0	0
D4875D733D56A42AE3536267D04F52859ED1BBC25B2C6B8F67727FA1A4114FFE.apk	2017-01-23	1	0	0	0	0	0	0
D65D7267AC94BA181EFF462E0268FE6FC666F4A0EBB1C20E252D31A318F96370.apk	2017-03-12	0.9298	0	0	0.0702	0	0	0
D6B5CA39B718E0B7F9091C8B17C5ACF0A2A3C0A1A15BA9A0D05658AE1363F788.apk	2017-03-20	0.1667	0	0	0.8333	0	0	0
DA162FBA647449DD55318D9D2FDC77A4EFE79218CEA54979E27CE798085F3504.apk	2017-03-22	0	0	0	0	0	0	0
DB159E6756954E3C0B91C46E1687352134248BE2622AF99B1D84B1D82137E216.apk	2017-03-11	0	0	0	0	0	0	0
DC1F6BCB66C04973D40CED383825F5F99EFB3F68053B1EB0A97F8A9BA4CDCF24.apk	2017-03-07	0	0	0	0	0	0	0
DCD08C8F4B6D37C96A14C9E8114AD737554AD7E023781BA2C6DD7D8BB58489D1.apk	2017-03-02	0.4286	0	0	0.5714	0	0.1429	0
DD8FD6654459009AFC2B958F4333CC90C704FED3DAE23DDD190845CF4FC2918A.apk	2017-01-19	0	0	0	0	0	0	0
DDBB5D8FADD930EBE4B0BDDA5239576D7D1C8BEF8D580220EA9EC4C370E78D2A.apk	2017-03-27	0.9444	0	0	0.0556	0	0	0
DDD9509C2669E62050D359168A6602DF2E6118F61DD7B8ED6C927AFECF91B61B.apk	2017-03-22	0.967	0	0.011	0.022	0	0.4725	0
DE69F7ACDBD926B5A22D8BF402C55040E36D4F3DC48D85F696372A1D5B83A62D.apk	2017-01-10	0	0	0	0	0	0	0
DEBF147860EAB30C4BA8AD9900DE13E3F653A6D6A952C2C626F548C8F149642C.apk	2017-02-15	0.9655	0	0	0.0345	0	0.7126	0
E18323508DD17074D730D66411C18186E26D46EA87F246396758C9EDB1A21DA0.apk	2017-01-25	0	0	0	0	0	0	0
E2448A93C69EEC562C109562019A808DB1B4E4F2FC376BBF4E2DD117B861F73D.apk	2017-03-07	0	0	0	0	0	0	0
E3D790F3524C8577B090A25240BB31A1570E5942831FFB05C27E4980C8B29D6A.apk	2017-02-13	0	0	0	0	0	0	0
E3DAD5B519253B2FC3FA9BD9E281C17CDE0F828C489E81C7BC3DE3C2066331A5.apk	2017-01-24	0	0	0	0	0	0	0
E4F694B34B34B52BBEB6772EB3CA366522921720E3D286FE142A8B76F421DD22.apk	2017-02-16	1	0	0	0	0	0	0
E5E84D4E9891BCEA6A9DB3AFBF7FBD02520953FB6064AA7DF0A51ABF288E8682.apk	2017-02-16	0	0	0	0	0	0	0
E71296E524B4183B178B2568BA52A719C2CFCA0D829296EBE3F4D733D6042D2F.apk	2017-02-09	0	0	0	0	0	0	0
E80CACE44D4EAE2399F77087345171F0D150F4B418D3D5B2BC64A875D618677B.apk	2017-02-16	0.8012	0	0	0.1988	0	0.6023	0
E810440239F0E6DB0CBCDB52C73815C40229E4476AC16BEB3F6C57DF0F995D88.apk	2017-03-14	0.96	0	0	0.04	0	0.6933	0
E8920BB0CB906BA95295644624FB84C2045313F9555D96203FE723FB0895DA6F.apk	2017-02-14	0.8852	0	0.0492	0.0656	0	0	0
E9AD0F059888B370B01B9B243FAEC51E7E08C08CD72BB10E980CF3F06E0B782E.apk	2017-03-10	0	0	0	0	0	0	0
EABDD6C0BED06C48B0944E3F7C8D4B1B8B1ACE6D983C0B2DDBCA431D8B8F3EF4.apk	2017-02-16	0	0	1	0	0	0	0
EAC4016C7C2B2F36A0676DD64D95F453315DB9D28DFC29403E9D5A941EE77768.apk	2017-02-02	1	0	0	0	0	0	0
EDE416B521D6BD33BF70953E764172B8114DEE0270F1BA59B581090E353DCE40.apk	2017-02-28	1	0	0	0	0	0	0
EE8D99FEBB49E55B4D762865B275B3047951DA76281CDBE7AE14BDD3DD9F34A3.apk	2017-02-13	0	0	0	0	0	0	0
EF1068E3F0FACECBE151885D6F41478F335C5D7C8CBB1D72F8DADD1C177FE0E0.apk	2017-01-25	0	0	0	0	0	0	0
EFE7A271936932E165CBB359167461D87E6AEC95863EFD98948EFD9E19B1BCE1.apk	2017-03-09	0	0	0	0	0	0	0
F0A8BFAD340791DB69740F3BCB2F8A6320129A7AF1E38199D1639979F96355C7.apk	2017-03-20	0	0	0	0	0	0	0
F1B4A1F0D0D66D1F49C6E27C6F4BB55D94C086C950A0CDEB46F2F0AAA15F20A3.apk	2017-03-21	0	0	0	0	0	0	0
F1D0CC2E757ECDF7DEDBFD0B741D7696FD7F20C4C3237462E839711B601491B1.apk	2017-03-10	0	0	0	0	0	0	0
F33CA27F36F4C9D2893CA30357C17B831C4CAD0C78A261D14D183E3197B6DE39.apk	2017-05-30	0	0	0	0	0	0	0
F50805A41B214DEC4D1A95DE8C69333B012DB125DBEEE5983A46D3B12B459841.apk	2017-02-13	0	0	0	0	0	0	0
F665F2D11D5D814AB849DCBACE68647BB88133C38F63AD57042344EE4F0AA8F7.apk	2017-02-03	0.875	0	0	0.125	0	0	0
FB003D48D73352E82E890E56DB56FA3FFAA0F8A14258E8839E4F40FA58A00455.apk	2017-03-04	0.938	0	0.0078	0.0543	0	0.6124	0
FB51CF488FD0D2741F60A36013321CEEB33925449EA5773F69AB48C7850EF117.apk	2017-02-07	0	0	0	0	0	0	0
FCEF76604A72A2ECBD15CBE81AC49B710833352D778B8933C728EC4AF8643736.apk	2017-02-17	0.8367	0	0	0.1633	0.0612	0.8367	0
FE94F09D81F57FD2288C2AA334714CF62E1A847E2DE8E0B3FCF3C1CBEFF307CA.apk	2017-01-19	0	0	0	0	0	0	0
FF98C188D55352BB20E3B5B1DC2C76A451327B4B83CD1723DA2482A41083B6CA.apk	2017-03-04	1	0	0	0	0	0	0
FFBCC04C11DBB6CC220A365236CD834E08F7A480E736DF55E4D2E7D7A2EC1615.apk	2017-01-19	0	0	0	0	0	0	0
