246C6715BB2A11CBDD1B1F0C085D35804B98B23BAE61A569693C47D112E6628C.apk	2017-01-12	0.1478	0.0148	0.0704	0.0116	0.0833	0.6667	0.0411	0.1445	0	0	0	0	0.0833	0.0855	0	0	0	0	0	0	0.9	0.9107	1	1	0.0167	0.0037	0	0	0.3333	0.0438	0.25	0.0035	0	0	0	0	0.1667	0.4622	0.25	0.4181	0	0	0	0	0	0	0	0	0.5	0.494	0.5	0.5784	0.0049	0.0025	0.0008	0.0008	0	0	1	1	0	0	0	0	0	0	0	0	1	1	0	0	0	0	0	0	0	0	0	0	0	0	0	0	0	0
com.mozgame.fruitmania	2017-01-13	0.1205	0	0.1326	0	0	0	0	0	0	0	0	0	0	0	0	0	0	0	0	0	1	1	0	0	0	0	0	0	0	0	0	0	0	0	0	0	0	0	0	0	0	0	0	0	0	0	0	0	0	0	0	0	0.0241	0.012	0.0079	0.0078	0	0	1	1	0	0	0	0	0	0	0	0	0	0	0	0	0	0	0	0	1	1	0	0	0	0	0	0	0	0
com.mozgame.cookie.family	2017-01-12	0.1205	0	0.1327	0	0	0	0	0	0	0	0	0	0	0	0	0	0	0	0	0	1	1	0	0	0	0	0	0	0	0	0	0	0	0	0	0	0	0	0	0	0	0	0	0	0	0	0	0	0	0	0	0	0.0241	0.012	0.0079	0.0078	0	0	1	1	0	0	0	0	0	0	0	0	0	0	0	0	0	0	0	0	1	1	0	0	0	0	0	0	0	0
com.arroyaapps.homecabinetdesign	2017-01-07	0.119	0.0804	0.2318	0.0545	0.25	0.7778	0.0616	0.55	0	0	0	0	0	0	0	0	0	0	0	0	0.975	0.9938	1	1	0.025	0.0062	0	0	0.9259	0.9211	0.9524	0.9524	0	0	0	0	0.0741	0.0789	0.0476	0.0476	0	0	0	0	0	0	0	0	0	0	0	0	0.006	0.003	0.0014	0.0014	1	1	0	0	0	0	0	0	0	0	0	0	1	1	0	0	0	0	0	0	0	0	0	0	0	0	0	0	0	0
com.aaronbalderapps.entrancedoordesignideas	2017-01-28	0.1187	0.0801	0.2299	0.0537	0.25	0.7778	0.0613	0.5502	0	0	0	0	0	0	0	0	0	0	0	0	0.975	0.9938	1	1	0.025	0.0062	0	0	0.9259	0.921	0.9524	0.9523	0	0	0	0	0.0741	0.079	0.0476	0.0477	0	0	0	0	0	0	0	0	0	0	0	0	0.0059	0.003	0.0014	0.0014	1	1	0	0	0	0	0	0	0	0	0	0	1	1	0	0	0	0	0	0	0	0	0	0	0	0	0	0	0	0
com.arroyaapps.beautifulbotanicalgardens	2017-01-17	0.1187	0.0801	0.2299	0.0537	0.25	0.7778	0.0613	0.5501	0	0	0	0	0	0	0	0	0	0	0	0	0.975	0.9938	1	1	0.025	0.0062	0	0	0.9259	0.9211	0.9524	0.9524	0	0	0	0	0.0741	0.0789	0.0476	0.0476	0	0	0	0	0	0	0	0	0	0	0	0	0.0059	0.003	0.0014	0.0014	1	1	0	0	0	0	0	0	0	0	0	0	1	1	0	0	0	0	0	0	0	0	0	0	0	0	0	0	0	0
com.rrg.bubblewonders	2017-01-12	0.1205	0	0.1326	0	0	0	0	0	0	0	0	0	0	0	0	0	0	0	0	0	1	1	0	0	0	0	0	0	0	0	0	0	0	0	0	0	0	0	0	0	0	0	0	0	0	0	0	0	0	0	0	0	0.0241	0.012	0.0079	0.0078	0	0	1	1	0	0	0	0	0	0	0	0	0	0	0	0	0	0	0	0	1	1	0	0	0	0	0	0	0	0
com.vnsoft.fulllivewallpaper	2017-01-13	0.0865	0.0277	0.153	0.0407	0.2516	0.5882	0.0811	0.1322	0	0	0	0	0.0126	0.0012	0	0	0	0	0	0	0.9811	0.9976	1	1	0.0063	0.0012	0	0	0.7843	0.3346	0.8	0.8399	0.0196	0.0176	0	0	0.1373	0.057	0.1667	0.1281	0	0	0	0	0.0196	0.0016	0	0	0.0392	0.5892	0.0333	0.032	0.0201	0.0348	0.0046	0.0452	0.9459	0.9942	0	0	0.027	0.0029	0.027	0.0029	0	0	0	0	0	0	0	0	0	0	0	0	0.0781	0.0282	0	0	0.7188	0.8791	0.0781	0.039	0.125	0.0537
com.wb.gc.ttxfk.mi	2017-01-14	0.0968	0.0161	0.0784	0.0121	0	0	0	0	0	0	0	0	0	0	0	0	0	0	0	0	0.8333	0.8461	0	0	0.1667	0.1539	0	0	0	0	0	0	0	0	0	0	0	0	0	0	0	0	0	0	0	0	0	0	1	1	0	0	0	0	0	0	0	0	0	0	0	0	0	0	0	0	0	0	0	0	0	0	0	0	0	0	0	0	0	0	0	0	0	0	0	0
com.arroyaapps.babyroomdesignideas	2017-03-01	0.1187	0.0801	0.2299	0.0538	0.25	0.7778	0.0613	0.55	0	0	0	0	0	0	0	0	0	0	0	0	0.975	0.9938	1	1	0.025	0.0062	0	0	0.9259	0.9211	0.9524	0.9524	0	0	0	0	0.0741	0.0789	0.0476	0.0476	0	0	0	0	0	0	0	0	0	0	0	0	0.0059	0.003	0.0014	0.0014	1	1	0	0	0	0	0	0	0	0	0	0	1	1	0	0	0	0	0	0	0	0	0	0	0	0	0	0	0	0
com.arroyaapps.beautifulbotanicalgardens	2017-01-17	0.1187	0.0801	0.2299	0.0538	0.25	0.7778	0.0612	0.5497	0	0	0	0	0	0	0	0	0	0	0	0	0.975	0.9938	1	1	0.025	0.0062	0	0	0.9259	0.9212	0.9524	0.9525	0	0	0	0	0.0741	0.0788	0.0476	0.0475	0	0	0	0	0	0	0	0	0	0	0	0	0.0059	0.003	0.0014	0.0014	1	1	0	0	0	0	0	0	0	0	0	0	1	1	0	0	0	0	0	0	0	0	0	0	0	0	0	0	0	0
wb.gc.xmxx.zxb.xm	2017-01-13	0.0968	0.0161	0.0784	0.0121	0	0	0	0	0	0	0	0	0	0	0	0	0	0	0	0	0.8333	0.8461	0	0	0.1667	0.1539	0	0	0	0	0	0	0	0	0	0	0	0	0	0	0	0	0	0	0	0	0	0	1	1	0	0	0	0	0	0	0	0	0	0	0	0	0	0	0	0	0	0	0	0	0	0	0	0	0	0	0	0	0	0	0	0	0	0	0	0
com.mtstudio.anwopay	2017-01-13	0	0	0	0	0	0	0	0	0	0	0	0	0	0	0	0	0	0	0	0	0	0	0	0	0	0	0	0	0	0	0	0	0	0	0	0	0	0	0	0	0	0	0	0	0	0	0	0	0	0	0	0	0	0	0	0	0	0	0	0	0	0	0	0	0	0	0	0	0	0	0	0	0	0	0	0	0	0	0	0	0	0	0	0	0	0
com.arroyaapps.backyardwoodprojects	2017-01-18	0.1187	0.0801	0.23	0.0537	0.25	0.7778	0.0613	0.5502	0	0	0	0	0	0	0	0	0	0	0	0	0.975	0.9939	1	1	0.025	0.0061	0	0	0.9259	0.9211	0.9524	0.9522	0	0	0	0	0.0741	0.0789	0.0476	0.0478	0	0	0	0	0	0	0	0	0	0	0	0	0.0059	0.003	0.0014	0.0014	1	1	0	0	0	0	0	0	0	0	0	0	1	1	0	0	0	0	0	0	0	0	0	0	0	0	0	0	0	0
com.arroyaapps.bathroominteriordesigns	2017-01-15	0.1187	0.0801	0.2299	0.0537	0.25	0.7778	0.0613	0.5501	0	0	0	0	0	0	0	0	0	0	0	0	0.975	0.9938	1	1	0.025	0.0062	0	0	0.9259	0.9211	0.9524	0.9524	0	0	0	0	0.0741	0.0789	0.0476	0.0476	0	0	0	0	0	0	0	0	0	0	0	0	0.0059	0.003	0.0014	0.0014	1	1	0	0	0	0	0	0	0	0	0	0	1	1	0	0	0	0	0	0	0	0	0	0	0	0	0	0	0	0
com.arroyaapps.awesomecheesecakeideas	2017-01-21	0.1187	0.0801	0.2299	0.0538	0.25	0.7778	0.0612	0.5498	0	0	0	0	0	0	0	0	0	0	0	0	0.975	0.9938	1	1	0.025	0.0062	0	0	0.9259	0.9211	0.9524	0.9524	0	0	0	0	0.0741	0.0789	0.0476	0.0476	0	0	0	0	0	0	0	0	0	0	0	0	0.0059	0.003	0.0014	0.0014	1	1	0	0	0	0	0	0	0	0	0	0	1	1	0	0	0	0	0	0	0	0	0	0	0	0	0	0	0	0
com.arroyaapps.backyardwoodprojects	2017-01-18	0.1187	0.0801	0.2299	0.0538	0.25	0.7778	0.0612	0.5498	0	0	0	0	0	0	0	0	0	0	0	0	0.975	0.9938	1	1	0.025	0.0062	0	0	0.9259	0.9211	0.9524	0.9524	0	0	0	0	0.0741	0.0789	0.0476	0.0476	0	0	0	0	0	0	0	0	0	0	0	0	0.0059	0.003	0.0014	0.0014	1	1	0	0	0	0	0	0	0	0	0	0	1	1	0	0	0	0	0	0	0	0	0	0	0	0	0	0	0	0
com.arroyaapps.apartmentdesignideas	2017-01-18	0.1187	0.0801	0.2299	0.0537	0.25	0.7778	0.0613	0.5503	0	0	0	0	0	0	0	0	0	0	0	0	0.975	0.9938	1	1	0.025	0.0062	0	0	0.9259	0.9209	0.9524	0.9523	0	0	0	0	0.0741	0.0791	0.0476	0.0477	0	0	0	0	0	0	0	0	0	0	0	0	0.0059	0.003	0.0014	0.0014	1	1	0	0	0	0	0	0	0	0	0	0	1	1	0	0	0	0	0	0	0	0	0	0	0	0	0	0	0	0
com.mozgame.fruitjourney	2017-01-14	0.1205	0	0.1327	0	0	0	0	0	0	0	0	0	0	0	0	0	0	0	0	0	1	1	0	0	0	0	0	0	0	0	0	0	0	0	0	0	0	0	0	0	0	0	0	0	0	0	0	0	0	0	0	0	0.0241	0.012	0.0079	0.0078	0	0	1	1	0	0	0	0	0	0	0	0	0	0	0	0	0	0	0	0	1	1	0	0	0	0	0	0	0	0
com.padyun.spring	2017-01-13	0.0976	0.0238	0.2423	0.0202	0.125	0.5135	0.0115	0.1569	0	0	0	0	0.0132	0.0002	0	0	0	0	0	0	0.9803	0.9998	0.9474	0.9966	0.0066	0.0001	0.0526	0.0034	0.8108	0.3568	0.8947	0.7113	0.027	0.0163	0	0	0.1081	0.0929	0.1053	0.2887	0.027	0.0168	0	0	0	0	0	0	0.027	0.517	0	0	0.0186	0.0295	0.0029	0.0337	0.8966	0.9834	0.1034	0.0166	0	0	0	0	0	0	0	0	0	0	0	0	0	0	0	0	0.0217	0.0006	0	0	0.8261	0.9639	0	0	0.1522	0.0356
com.arroyaapps.bedroompaintingideas	2017-01-14	0.1187	0.0801	0.2299	0.0538	0.25	0.7778	0.0612	0.5498	0	0	0	0	0	0	0	0	0	0	0	0	0.975	0.9938	1	1	0.025	0.0062	0	0	0.9259	0.9211	0.9524	0.9524	0	0	0	0	0.0741	0.0789	0.0476	0.0476	0	0	0	0	0	0	0	0	0	0	0	0	0.0059	0.003	0.0014	0.0014	1	1	0	0	0	0	0	0	0	0	0	0	1	1	0	0	0	0	0	0	0	0	0	0	0	0	0	0	0	0
com.mozgame.cookie.family	2017-01-12	0.1205	0	0.1326	0	0	0	0	0	0	0	0	0	0	0	0	0	0	0	0	0	1	1	0	0	0	0	0	0	0	0	0	0	0	0	0	0	0	0	0	0	0	0	0	0	0	0	0	0	0	0	0	0	0.0241	0.012	0.0079	0.0078	0	0	1	1	0	0	0	0	0	0	0	0	0	0	0	0	0	0	0	0	1	1	0	0	0	0	0	0	0	0
com.arroyaapps.crochetdoiliesideas	2017-01-22	0.1187	0.0801	0.2299	0.0537	0.25	0.7778	0.0613	0.5504	0	0	0	0	0	0	0	0	0	0	0	0	0.975	0.9938	1	1	0.025	0.0062	0	0	0.9259	0.9211	0.9524	0.9524	0	0	0	0	0.0741	0.0789	0.0476	0.0476	0	0	0	0	0	0	0	0	0	0	0	0	0.0059	0.003	0.0014	0.0014	1	1	0	0	0	0	0	0	0	0	0	0	1	1	0	0	0	0	0	0	0	0	0	0	0	0	0	0	0	0
com.ayans.mathformula	2017-01-13	0.0876	0.0227	0.218	0.0105	0.1814	0.4717	0.0161	0.3377	0	0	0	0	0	0	0	0	0	0	0	0	0.9951	0.9997	1	1	0.0049	0.0003	0	0	0.8113	0.8295	0.88	0.9306	0.0189	0.0187	0	0	0.0377	0.0614	0.04	0.0596	0.0189	0.0122	0.04	0.0088	0.0943	0.0075	0.04	0.001	0.0189	0.0707	0	0	0.0116	0.0137	0.0015	0.0098	1	1	0	0	0	0	0	0	0	0	0	0	0	0	0	0	0	0	0	0	0	0	0	0	1	1	0	0	0	0
com.mozgame.cookie.family	2017-01-12	0.119	0	0.1362	0	0	0	0	0	0	0	0	0	0	0	0	0	0	0	0	0	1	1	0	0	0	0	0	0	0	0	0	0	0	0	0	0	0	0	0	0	0	0	0	0	0	0	0	0	0	0	0	0	0.0238	0.0119	0.0076	0.0076	0	0	1	1	0	0	0	0	0	0	0	0	0	0	0	0	0	0	0	0	1	1	0	0	0	0	0	0	0	0
com.mozgame.fruitmania	2017-01-13	0.1205	0	0.1326	0	0	0	0	0	0	0	0	0	0	0	0	0	0	0	0	0	1	1	0	0	0	0	0	0	0	0	0	0	0	0	0	0	0	0	0	0	0	0	0	0	0	0	0	0	0	0	0	0	0.0241	0.012	0.0079	0.0078	0	0	1	1	0	0	0	0	0	0	0	0	0	0	0	0	0	0	0	0	1	1	0	0	0	0	0	0	0	0
com.LovelyBedroomDesign.JoyceBurklin	2017-02-01	0.1187	0.0801	0.2299	0.0537	0.25	0.7778	0.0613	0.5503	0	0	0	0	0	0	0	0	0	0	0	0	0.975	0.9938	1	1	0.025	0.0062	0	0	0.9259	0.9211	0.9524	0.9524	0	0	0	0	0.0741	0.0789	0.0476	0.0476	0	0	0	0	0	0	0	0	0	0	0	0	0.0059	0.003	0.0014	0.0014	1	1	0	0	0	0	0	0	0	0	0	0	1	1	0	0	0	0	0	0	0	0	0	0	0	0	0	0	0	0
com.arroyaapps.romanticcandlelightdinner	2017-02-10	0.1187	0.0801	0.2299	0.0537	0.25	0.7778	0.0613	0.5501	0	0	0	0	0	0	0	0	0	0	0	0	0.975	0.9938	1	1	0.025	0.0062	0	0	0.9259	0.9211	0.9524	0.9524	0	0	0	0	0.0741	0.0789	0.0476	0.0476	0	0	0	0	0	0	0	0	0	0	0	0	0.0059	0.003	0.0014	0.0014	1	1	0	0	0	0	0	0	0	0	0	0	1	1	0	0	0	0	0	0	0	0	0	0	0	0	0	0	0	0
com.arroyaapps.aquariumdecorationideas	2017-01-25	0.1187	0.0801	0.2299	0.0538	0.25	0.7778	0.0612	0.5498	0	0	0	0	0	0	0	0	0	0	0	0	0.975	0.9938	1	1	0.025	0.0062	0	0	0.9259	0.9211	0.9524	0.9524	0	0	0	0	0.0741	0.0789	0.0476	0.0476	0	0	0	0	0	0	0	0	0	0	0	0	0.0059	0.003	0.0014	0.0014	1	1	0	0	0	0	0	0	0	0	0	0	1	1	0	0	0	0	0	0	0	0	0	0	0	0	0	0	0	0
com.app.mathsformulas	2017-01-13	0.0872	0.0222	0.2046	0.0109	0.1765	0.4615	0.0162	0.3254	0	0	0	0	0	0	0	0	0	0	0	0	0.9951	0.9996	1	1	0.0049	0.0004	0	0	0.8269	0.8415	0.9167	0.9752	0.0192	0.0154	0	0	0.0385	0.0602	0.0417	0.0033	0.0192	0.0124	0.0417	0.0215	0.0769	0.008	0	0	0.0192	0.0626	0	0	0.0115	0.0137	0.0013	0.0118	1	1	0	0	0	0	0	0	0	0	0	0	0	0	0	0	0	0	0	0	0	0	0	0	1	1	0	0	0	0
000A9A96862464F06A67834DC365A4B0E79AEDDF2AABF710855145412773C457.apk	2017-02-05	0.1187	0.0801	0.2294	0.0539	0.25	0.7778	0.0612	0.5463	0	0	0	0	0	0	0	0	0	0	0	0	0.975	0.9938	1	1	0.025	0.0062	0	0	0.9259	0.9211	0.9524	0.9519	0	0	0	0	0.0741	0.0789	0.0476	0.0481	0	0	0	0	0	0	0	0	0	0	0	0	0.0059	0.003	0.0015	0.0014	1	1	0	0	0	0	0	0	0	0	0	0	1	1	0	0	0	0	0	0	0	0	0	0	0	0	0	0	0	0
02A858CEABC5B7B466D842D5AD1B84BE3B863A091BB8B7AFDFF2F2CA852A3651.apk	2017-03-14	0.0592	0.0203	0.2613	0.0143	0.2521	0.6506	0.023	0.3463	0	0	0	0	0	0	0	0	0	0	0	0	0.9959	0.9999	1	1	0.0041	0.0001	0	0	0.8795	0.9074	0.9074	0.9957	0.012	0.0101	0	0	0.0361	0.0315	0.037	0.0011	0.012	0.0022	0.0185	0.0022	0	0	0	0	0.0602	0.0487	0.037	0.0011	0.0093	0.0144	0.001	0.0046	0.8947	0.9863	0.0526	0.0082	0.0263	0.0027	0.0263	0.0027	0	0	0	0	0	0	0	0	0	0	0	0	0.0169	0.0012	0	0	0.8136	0.9461	0.1356	0.0481	0.0339	0.0046
038397DDFC76471127BBEBDEDB9685A9497D47B7FFA360FE03A11635B4B63008.apk	2017-06-19	0.0556	0.0217	0.154	0.0212	0.2644	0.5735	0.0671	0.2809	0	0	0	0	0	0	0	0	0	0	0	0	1	1	1	1	0	0	0	0	0.8676	0.8963	0.8718	0.9946	0.0147	0.011	0	0	0.0588	0.0368	0.0513	0.0023	0.0147	0.0011	0.0256	0.0015	0	0	0	0	0.0441	0.0549	0.0513	0.0015	0.0115	0.0121	0.0016	0.0035	0.9167	0.986	0.0556	0.0112	0	0	0.0278	0.0028	0	0	0	0	0	0	0	0	0	0	0	0	0.0526	0.0052	0	0	0.9474	0.9948	0	0	0	0
04E54F640016D61E62D3F6BE16AC2CC3E300907CA53D9A1B888C5EA631B3CF2F.apk	2017-01-25	0.0987	0.0365	0.1218	0.0246	0.1739	0.8235	0.0914	0.6774	0	0	0	0	0	0	0	0	0	0	0	0	0.9783	0.9929	1	1	0.0217	0.0071	0	0	0.8824	0.8025	0.9286	0.8769	0	0	0	0	0.1176	0.1975	0.0714	0.1231	0	0	0	0	0	0	0	0	0	0	0	0	0.0043	0.0021	0.0012	0.0012	1	1	0	0	0	0	0	0	0	0	0	0	0	0	0	0	0	0	0	0	0	0	0	0	1	1	0	0	0	0
04F7CC6FB91B34D14E1338A3EF9819D8FA7991676AD31B6D2FA0C627A4D4E013.apk	2017-03-03	0.1187	0.0801	0.2294	0.0539	0.25	0.7778	0.0611	0.5461	0	0	0	0	0	0	0	0	0	0	0	0	0.975	0.9938	1	1	0.025	0.0062	0	0	0.9259	0.9211	0.9524	0.9523	0	0	0	0	0.0741	0.0789	0.0476	0.0477	0	0	0	0	0	0	0	0	0	0	0	0	0.0059	0.003	0.0014	0.0014	1	1	0	0	0	0	0	0	0	0	0	0	1	1	0	0	0	0	0	0	0	0	0	0	0	0	0	0	0	0
0873BE954A0ABB36C309589D70E111E0B99B2D573E94C3505C219DC364A8B1A1.apk	2017-01-23	0.2121	0.0303	0.1615	0.0162	0.4286	1	0.2927	0.973	0	0	0	0	0	0	0	0	0	0	0	0	1	1	1	1	0	0	0	0	0	0	0	0	0	0	0	0	0	0	0	0	0	0	0	0	0	0	0	0	1	1	1	1	0	0	0	0	0	0	0	0	0	0	0	0	0	0	0	0	0	0	0	0	0	0	0	0	0	0	0	0	0	0	0	0	0	0
08901BAAC53D45334704013F7AF2C42A0D587D80C9E311BE0D9EDF8549B0E77D.apk	2017-03-23	0.1187	0.0801	0.2293	0.0539	0.25	0.7778	0.0611	0.545	0	0	0	0	0	0	0	0	0	0	0	0	0.975	0.9938	1	1	0.025	0.0062	0	0	0.9259	0.9211	0.9524	0.9523	0	0	0	0	0.0741	0.0789	0.0476	0.0477	0	0	0	0	0	0	0	0	0	0	0	0	0.0059	0.003	0.0015	0.0014	1	1	0	0	0	0	0	0	0	0	0	0	1	1	0	0	0	0	0	0	0	0	0	0	0	0	0	0	0	0
0C625C2D972222144358640207A08FCDD4A48042AB2755A17EDB958DA6F396E2.apk	2017-01-19	0.0987	0.0365	0.1223	0.0241	0.1739	0.8235	0.0831	0.6689	0	0	0	0	0	0	0	0	0	0	0	0	0.9783	0.9919	1	1	0.0217	0.0081	0	0	0.8824	0.7905	0.9286	0.8771	0	0	0	0	0.1176	0.2095	0.0714	0.1229	0	0	0	0	0	0	0	0	0	0	0	0	0.0043	0.0021	0.0012	0.0011	1	1	0	0	0	0	0	0	0	0	0	0	0	0	0	0	0	0	0	0	0	0	0	0	1	1	0	0	0	0
0D9572A37EA0DF7B550CD5C9017D86A79244454D36130F91CC5C13B92AFEEC8F.apk	2017-03-20	0.1359	0.0162	0.0795	0.0008	0.0952	0.4	0.0009	0.003	0	0	0	0	0	0	0	0	0	0	0	0	1	1	1	1	0	0	0	0	0.6	0.1462	0	0	0	0	0	0	0.4	0.8538	1	1	0	0	0	0	0	0	0	0	0	0	0	0	0.0065	0.0097	0	0	1	1	0	0	0	0	0	0	0	0	0	0	0	0	0	0	0	0	0	0	0	0	0	0	1	1	0	0	0	0
11A87F5CA49E9311309B6F273DD40609EAAAE3A960AF4FABE0C853A40C155A2E.apk	2017-01-25	0.1455	0.2182	0.1942	0.1727	0.5	0.9167	0.1481	0.4583	0	0	0	0	0	0	0	0	0	0	0	0	1	1	1	1	0	0	0	0	1	1	1	1	0	0	0	0	0	0	0	0	0	0	0	0	0	0	0	0	0	0	0	0	0.0364	0.0182	0.0216	0.0144	1	1	0	0	0	0	0	0	0	0	0	0	0	0	0	0	0	0	0	0	0	0	0	0	1	1	0	0	0	0
1317B395DBB84564EA43A5706FD87F5E24E97FA581D87258DF0082DBE41512FE.apk	2017-03-18	0.0987	0.0365	0.1227	0.0244	0.1522	0.7647	0.0875	0.6594	0	0	0	0	0	0	0	0	0	0	0	0	0.9783	0.9922	1	1	0.0217	0.0078	0	0	0.8824	0.7994	0.9231	0.875	0	0	0	0	0.1176	0.2006	0.0769	0.125	0	0	0	0	0	0	0	0	0	0	0	0	0.0043	0.0021	0.0012	0.0012	1	1	0	0	0	0	0	0	0	0	0	0	0	0	0	0	0	0	0	0	0	0	0	0	1	1	0	0	0	0
14509EBD816DA763E2A6E85D7A4FC084E19A0D3A24ACBFC39185D165584ED6C8.apk	2017-02-09	0.0551	0.0224	0.1072	0.0263	0.2938	0.6	0.0461	0.1702	0	0	0	0	0	0	0	0	0	0	0	0	1	1	1	1	0	0	0	0	0.8615	0.9403	0.8205	0.9867	0.0154	0.0052	0	0	0.0615	0.0314	0.1026	0.0098	0.0154	0.001	0.0256	0.0014	0	0	0	0	0.0462	0.0221	0.0513	0.0021	0.0127	0.0114	0.0011	0.0019	0.9189	0.9854	0.0541	0.0117	0	0	0.027	0.0029	0	0	0	0	0	0	0	0	0	0	0	0	0.0303	0.0048	0	0	0.9091	0.9791	0	0	0.0606	0.0161
176AC550C4D4EBBF2A89FF44E9B1B2149896891669372A1386DC2B5F6551526B.apk	2017-03-03	0.057	0.0212	0.031	0.0359	0.2778	0.597	0.049	0.0486	0	0	0	0	0	0	0	0	0	0	0	0	1	1	1	1	0	0	0	0	0.8358	0.9705	0.85	0.9911	0.0149	0.001	0	0	0.0746	0.0145	0.075	0.0044	0.0149	0.0005	0.025	0.003	0	0	0	0	0.0597	0.0134	0.05	0.0015	0.0124	0.0089	0.0003	0.0004	0.8718	0.9705	0.0513	0.0169	0.0513	0.0084	0.0256	0.0042	0	0	0	0	0	0	0	0	0	0	0	0	0.0357	0.0091	0	0	0.9643	0.9909	0	0	0	0
1C1CFB14FCA6E3916C3C02D3152563081AC22629CEA56F1634114EEDF576A152.apk	2017-01-25	0.1187	0.0801	0.2294	0.0539	0.25	0.7778	0.0611	0.5464	0	0	0	0	0	0	0	0	0	0	0	0	0.975	0.9938	1	1	0.025	0.0062	0	0	0.9259	0.9211	0.9524	0.9523	0	0	0	0	0.0741	0.0789	0.0476	0.0477	0	0	0	0	0	0	0	0	0	0	0	0	0.0059	0.003	0.0014	0.0014	1	1	0	0	0	0	0	0	0	0	0	0	1	1	0	0	0	0	0	0	0	0	0	0	0	0	0	0	0	0
1CD49FCF74FA22C42B30D524F400E55D7E72280E3286E4155B7D30ACDAD4C4B8.apk	2017-02-23	0	0	0	0	0	0	0	0	0	0	0	0	0	0	0	0	0	0	0	0	0	0	0	0	0	0	0	0	0	0	0	0	0	0	0	0	0	0	0	0	0	0	0	0	0	0	0	0	0	0	0	0	0	0	0	0	0	0	0	0	0	0	0	0	0	0	0	0	0	0	0	0	0	0	0	0	0	0	0	0	0	0	0	0	0	0
1D56A8E4CA1C1B13165EAB77335A34862080150BF7EC5EE1F921F760A72B7A1A.apk	2017-01-11	0.1133	0.0726	0.1974	0.0361	0.2969	0.7073	0.0412	0.216	0	0	0	0	0	0	0	0	0	0	0	0	0.9844	0.9891	0.9474	0.8912	0.0156	0.0109	0.0526	0.1088	0.878	0.7307	0.9655	0.7405	0	0	0	0	0.0976	0.1883	0.0345	0.2595	0	0	0	0	0	0	0	0	0.0244	0.0809	0	0	0.0177	0.0248	0.0014	0.0043	1	1	0	0	0	0	0	0	0	0	0	0	0.3571	0.9123	0	0	0.3571	0.0747	0	0	0	0	0.0714	0.0032	0.1429	0.0065	0	0	0.0714	0.0032
1D72F82226C524DE0482443A41699EE802429A4B2A066503C39CAAFFA95923F5.apk	2017-02-21	0.0607	0.019	0.1139	0.0184	0.2341	0.6456	0.0602	0.3138	0	0	0	0	0	0	0	0	0.0079	0.0001	0	0	0.9841	0.9995	1	1	0.0079	0.0003	0	0	0.8608	0.9199	0.902	0.9958	0.0127	0.0076	0	0	0.0633	0.0318	0.0392	0.0019	0.0127	0.002	0.0196	0.0011	0	0	0	0	0.0506	0.0387	0.0392	0.0011	0.0094	0.0116	0.001	0.0028	0.8974	0.9819	0.0513	0.0135	0.0256	0.0023	0.0256	0.0023	0	0	0	0	0	0	0	0	0	0	0	0	0.0417	0.0048	0	0	0.9375	0.9928	0	0	0.0208	0.0024
1E2C8D3FDED5DE45906E9CF72A06C86D2D6E74936FFE507EB5D8AF2C2636D8EC.apk	2017-01-27	0.1032	0.0276	0.1673	0.028	0.2907	0.6522	0.051	0.2165	0.0233	0.0022	0	0	0	0	0	0	0	0	0	0	0.9186	0.9882	1	1	0.0465	0.0094	0	0	0.6957	0.8771	0.7333	0.7585	0	0	0	0	0.087	0.0569	0.1333	0.1992	0.0435	0.0083	0	0	0.0435	0.0092	0.0667	0.0381	0.1304	0.0486	0.0667	0.0042	0.0408	0.042	0.0033	0.0094	0.7941	0.9308	0.0588	0.0308	0.1176	0.0308	0	0	0.0294	0.0077	0	0	0.2286	0.2411	0	0	0	0	0	0	0	0	0	0	0.7143	0.7534	0.0571	0.0055	0	0
230524F4A1C8CB22444910AE29EE1F4628A6995E34BD4474B30BC288DE86A0CD.apk	2017-01-19	0.0987	0.0365	0.1227	0.0244	0.1522	0.7647	0.0865	0.6599	0	0	0	0	0	0	0	0	0	0	0	0	0.9783	0.9922	1	1	0.0217	0.0078	0	0	0.8824	0.8041	0.9231	0.8779	0	0	0	0	0.1176	0.1959	0.0769	0.1221	0	0	0	0	0	0	0	0	0	0	0	0	0.0043	0.0021	0.0012	0.0012	1	1	0	0	0	0	0	0	0	0	0	0	0	0	0	0	0	0	0	0	0	0	0	0	1	1	0	0	0	0
24A0C99A918E242BA311DF3A88C64DA51555F73CD35CBB7A1599350C3F4A135A.apk	2017-03-23	0.1187	0.0801	0.2294	0.0539	0.25	0.7778	0.0611	0.5461	0	0	0	0	0	0	0	0	0	0	0	0	0.975	0.9938	1	1	0.025	0.0062	0	0	0.9259	0.9211	0.9524	0.9523	0	0	0	0	0.0741	0.0789	0.0476	0.0477	0	0	0	0	0	0	0	0	0	0	0	0	0.0059	0.003	0.0014	0.0014	1	1	0	0	0	0	0	0	0	0	0	0	1	1	0	0	0	0	0	0	0	0	0	0	0	0	0	0	0	0
291D2FD133EC093608AA20B7BC923DA06F9FE6EDC768F667ABAF1BE9604F32B8.apk	2017-04-18	0.1	0.0256	0.0691	0.0159	0.2308	0.6	0.0884	0.213	0	0	0	0	0	0	0	0	0	0	0	0	0.9744	0.9835	1	1	0.0256	0.0165	0	0	0.7	0.2595	0.8333	0.6424	0	0	0	0	0.2	0.7377	0.1667	0.3576	0	0	0	0	0	0	0	0	0.1	0.0028	0	0	0.0333	0.0205	0.0027	0.0031	1	1	0	0	0	0	0	0	0	0	0	0	1	1	0	0	0	0	0	0	0	0	0	0	0	0	0	0	0	0
2985AC057A6718AB10379FB1057FB1C3B848B9799E992D718F0F18114A596E28.apk	2017-03-23	0.1111	0	0.1333	0	0	0	0	0	0	0	0	0	0	0	0	0	0	0	0	0	1	1	0	0	0	0	0	0	0	0	0	0	0	0	0	0	0	0	0	0	0	0	0	0	0	0	0	0	0	0	0	0	0.2222	0.1111	0.2	0.1333	1	1	0	0	0	0	0	0	0	0	0	0	0	0	0	0	0	0	0	0	0	0	0	0	1	1	0	0	0	0
2AEC48F46B9D9850CE090F5C29A0148B9BC2F17FC2C8BC63A4B0F3A3D78754B4.apk	2017-03-13	0.1073	0.0442	0.0829	0.0201	0.3529	0.9286	0.1129	0.6941	0	0	0	0	0	0	0	0	0	0	0	0	1	1	1	1	0	0	0	0	0.9286	0.9413	0.9231	0.9167	0	0	0	0	0.0714	0.0587	0.0769	0.0833	0	0	0	0	0	0	0	0	0	0	0	0	0.0063	0.0032	0.0012	0.0012	1	1	0	0	0	0	0	0	0	0	0	0	0	0	0	0	0	0	0	0	0	0	0	0	1	1	0	0	0	0
2E0525E653D10261343B0CCC079D66E8ED30A7AEB99D1ED8BDFB3F28388C6EF1.apk	2017-03-12	0.0584	0.0204	0.1415	0.022	0.2593	0.6364	0.0481	0.2756	0	0	0	0	0	0	0	0	0.0106	0.0001	0	0	0.9841	0.9998	1	1	0.0053	0.0001	0	0	0.8485	0.8929	0.8333	0.9906	0.0152	0.009	0	0	0.0758	0.0557	0.0952	0.0065	0.0152	0.0026	0.0238	0.0014	0	0	0	0	0.0455	0.0398	0.0476	0.0014	0.0114	0.0102	0.0016	0.0027	0.9189	0.9835	0.0541	0.0137	0	0	0.027	0.0027	0	0	0	0	0	0	0	0	0	0	0	0	0.0303	0.0066	0	0	0.9091	0.977	0	0	0.0606	0.0164
319064EDE2495CE929D91AEE053D2507CE33F806B1681196F16D11FAA070F369.apk	2017-01-11	0.0602	0.0208	0.0469	0.0305	0.225	0.5942	0.042	0.043	0	0	0	0	0	0	0	0	0.01	0.0001	0	0	0.985	0.9998	1	1	0.005	0.0001	0	0	0.8551	0.9655	0.8537	0.9747	0.0145	0.0011	0	0	0.058	0.011	0.0732	0.0101	0.0145	0.0053	0.0244	0.0088	0.0145	0.0001	0	0	0.0435	0.0169	0.0488	0.0063	0.0105	0.0117	0.0003	0.0008	0.9143	0.9567	0.0571	0.0385	0	0	0.0286	0.0048	0	0	0	0	0	0	0	0	0	0	0	0	0.0769	0.0234	0	0	0.8718	0.9703	0	0	0.0513	0.0064
32D75429A918C546EBD48AD349E0EDBB780F56D70002698C32282D6261B5EC4E.apk	2017-02-23	0	0	0	0	0	0	0	0	0	0	0	0	0	0	0	0	0	0	0	0	0	0	0	0	0	0	0	0	0	0	0	0	0	0	0	0	0	0	0	0	0	0	0	0	0	0	0	0	0	0	0	0	0	0	0	0	0	0	0	0	0	0	0	0	0	0	0	0	0	0	0	0	0	0	0	0	0	0	0	0	0	0	0	0	0	0
3768AA0D59FBD5E1692B32E9E9C82C7D5910AF3B73C80C4B6961D0570EFE9BB8.apk	2017-03-20	0.0753	0.0225	0.2817	0.011	0.2774	0.6098	0.0178	0.233	0	0	0	0	0	0	0	0	0	0	0	0	1	1	1	1	0	0	0	0	0.8293	0.5642	0.8	0.9734	0.0244	0.0178	0	0	0.0488	0.1169	0.08	0.0066	0.0244	0.0085	0.04	0.0133	0	0	0	0	0.0732	0.2926	0.08	0.0066	0.0187	0.0148	0.0019	0.0056	0.9118	0.9822	0.0588	0.0133	0	0	0.0294	0.0044	0	0	0	0	0	0	0	0	0	0	0	0	0.037	0.003	0	0	0.8889	0.9909	0	0	0.0741	0.0061
3A9ABFCFDA73329870223FA8796287127E273ACDF454CAD5E43113853C1CA25D.apk	2017-02-16	0.055	0.0221	0.1553	0.0184	0.3121	0.619	0.0621	0.4272	0	0	0	0	0	0	0	0	0	0	0	0	0.9936	0.9999	1	1	0.0064	0.0001	0	0	0.873	0.8563	0.8462	0.9932	0.0159	0.0136	0	0	0.0476	0.0633	0.0769	0.003	0.0159	0.0019	0.0256	0.0015	0	0	0	0	0.0476	0.0649	0.0513	0.0023	0.013	0.0109	0.0019	0.0035	0.9189	0.9841	0.0541	0.0127	0	0	0.027	0.0032	0	0	0	0	0	0	0	0	0	0	0	0	0.0323	0.0052	0	0	0.9677	0.9948	0	0	0	0
3B379AAB1EBD48C1D553FAADC9AE8B7639933D46CD4C29E16CEBE1056FBF16CA.apk	2017-01-25	0.0571	0.023	0.1346	0.0165	0.3043	0.5846	0.0801	0.4142	0	0	0	0	0	0	0	0	0	0	0	0	1	1	1	1	0	0	0	0	0.8462	0.9064	0.8421	0.9938	0.0154	0.0129	0	0	0.0615	0.0423	0.0789	0.0021	0.0154	0.0026	0.0263	0.0026	0	0	0	0	0.0615	0.0358	0.0526	0.0016	0.0135	0.011	0.0016	0.0028	0.8947	0.9869	0.0526	0.0087	0.0263	0.0022	0.0263	0.0022	0	0	0	0	0	0	0	0	0	0	0	0	0.0323	0.0037	0	0	0.9355	0.995	0	0	0.0323	0.0012
3C89267E574646A69BE4C182B1E390285C6C7C513F7D48B55703F7863DAAA034.apk	2017-01-25	0.0903	0.0139	0.0807	0.0082	0.1282	0.3333	0.0701	0.2759	0	0	0	0	0	0	0	0	0	0	0	0	0.9744	0.9904	1	1	0.0256	0.0096	0	0	0.6667	0.5607	0.5	0.496	0	0	0	0	0.3333	0.4393	0.5	0.504	0	0	0	0	0	0	0	0	0	0	0	0	0.0046	0.0023	0.0012	0.0012	1	1	0	0	0	0	0	0	0	0	0	0	0	0	0	0	0	0	0	0	0	0	0	0	1	1	0	0	0	0
3D026CEB7689664F43F87E80627954D25A3DEA160B9FC5EE81ADB616C5BDFE34.apk	2017-02-02	0.1187	0.0801	0.2291	0.0539	0.25	0.7778	0.061	0.544	0	0	0	0	0	0	0	0	0	0	0	0	0.975	0.9938	1	1	0.025	0.0062	0	0	0.9259	0.9211	0.9524	0.9523	0	0	0	0	0.0741	0.0789	0.0476	0.0477	0	0	0	0	0	0	0	0	0	0	0	0	0.0059	0.003	0.0015	0.0014	1	1	0	0	0	0	0	0	0	0	0	0	1	1	0	0	0	0	0	0	0	0	0	0	0	0	0	0	0	0
3D70D04D0F27F7BB09591259AF9F3770900A5EE27A39E54AE550C901D7D788FE.apk	2017-02-09	0.1187	0.0801	0.2291	0.0539	0.25	0.7778	0.061	0.5435	0	0	0	0	0	0	0	0	0	0	0	0	0.975	0.9938	1	1	0.025	0.0062	0	0	0.9259	0.9211	0.9524	0.9523	0	0	0	0	0.0741	0.0789	0.0476	0.0477	0	0	0	0	0	0	0	0	0	0	0	0	0.0059	0.003	0.0015	0.0014	1	1	0	0	0	0	0	0	0	0	0	0	1	1	0	0	0	0	0	0	0	0	0	0	0	0	0	0	0	0
3EB9BBC73EFB340F20934C1D5EAA769245FE51D7AEE63A5DE9FF8FF99E84EC81.apk	2017-01-25	0.1361	0.0209	0.0642	0.0068	0.2308	0.625	0.0147	0.0367	0	0	0	0	0	0	0	0	0	0	0	0	1	1	1	1	0	0	0	0	0.75	0.3945	0.6	0.9545	0	0	0	0	0.25	0.6055	0.4	0.0455	0	0	0	0	0	0	0	0	0	0	0	0	0.0079	0.0052	0.0005	0	1	1	0	0	0	0	0	0	0	0	0	0	0	0	0	0	0	0	0	0	0	0	0	0	1	1	0	0	0	0
3EFA054813F4222FC9E26CFFAAD3073E81F7BAF1DAAF1652754C6F0FA8006A63.apk	2017-02-02	0.1187	0.0801	0.2293	0.0539	0.25	0.7778	0.0611	0.5457	0	0	0	0	0	0	0	0	0	0	0	0	0.975	0.9938	1	1	0.025	0.0062	0	0	0.9259	0.9211	0.9524	0.9523	0	0	0	0	0.0741	0.0789	0.0476	0.0477	0	0	0	0	0	0	0	0	0	0	0	0	0.0059	0.003	0.0014	0.0014	1	1	0	0	0	0	0	0	0	0	0	0	1	1	0	0	0	0	0	0	0	0	0	0	0	0	0	0	0	0
3F02012A8E5236BE5FAAA20F175DD21BD27D87509F33B4927BA69922F89D069C.apk	2017-05-15	0.0919	0.0223	0.0153	0.0047	0.1894	0.7188	0.029	0.3498	0	0	0	0	0.0379	0.0032	0.04	0.0084	0	0	0	0	0.9545	0.9951	0.92	0.9832	0.0076	0.0017	0.04	0.0084	0.7188	0.9139	0.6957	0.9339	0.0312	0.0048	0.0435	0.0114	0.0938	0.0629	0.0435	0.0137	0	0	0	0	0.0312	0.0032	0.0435	0.0068	0.125	0.0151	0.1739	0.0342	0.0104	0.0077	0.0002	0.0002	0.7333	0.8125	0.1333	0.1458	0.0667	0.0208	0	0	0.0667	0.0208	0	0	0.4545	0.6429	0	0	0	0	0	0	0	0	0	0	0.5455	0.3571	0	0	0	0
4302FD385D00B1DFAA453124C9560DD6DBC208E94ED0B5F8CB453E42282A6013.apk	2017-02-09	0.1442	0.0282	0.0579	0.0056	0.2391	0.5556	0.0201	0.0838	0	0	0	0	0	0	0	0	0	0	0	0	1	1	1	1	0	0	0	0	0.7778	0.5098	0.6	0.5062	0	0	0	0	0.2222	0.4902	0.4	0.4938	0	0	0	0	0	0	0	0	0	0	0	0	0.0063	0.0031	0.0002	0.0002	1	1	0	0	0	0	0	0	0	0	0	0	1	1	0	0	0	0	0	0	0	0	0	0	0	0	0	0	0	0
445BFB1B63DE31A4C37A936D139AC348E96591CF75FDD16851AE782C66484B16.apk	2017-03-20	0.1442	0.0282	0.0582	0.0059	0.2391	0.5556	0.0203	0.0809	0	0	0	0	0	0	0	0	0	0	0	0	1	1	1	1	0	0	0	0	0.7778	0.5287	0.6	0.5072	0	0	0	0	0.2222	0.4713	0.4	0.4928	0	0	0	0	0	0	0	0	0	0	0	0	0.0063	0.0031	0.0002	0.0002	1	1	0	0	0	0	0	0	0	0	0	0	1	1	0	0	0	0	0	0	0	0	0	0	0	0	0	0	0	0
46768C34CDD668412B4FC7750CF5C583876F70707E08CD4C65D9D7A58AE1CE30.apk	2017-03-21	0.0768	0.0292	0.0958	0.0166	0.2476	0.65	0.0348	0.3683	0	0	0	0	0	0	0	0	0.019	0.0072	0	0	0.9714	0.9916	1	1	0.0095	0.0012	0	0	0.9	0.9025	0.9231	0.9316	0	0	0	0	0.05	0.0808	0.0385	0.0469	0.025	0.0138	0.0385	0.0215	0	0	0	0	0.025	0.0029	0	0	0.0058	0.0102	0.0005	0.0011	1	1	0	0	0	0	0	0	0	0	0	0	0	0	0	0	0	0	0	0	0	0	0	0	1	1	0	0	0	0
470640C7E0D14B4A3375E1C46477679ACD718E598803F8B84715CB05DB38EB3B.apk	2017-03-13	0.0625	0.0181	0.0365	0.0265	0.2903	0.5833	0.0515	0.056	0	0	0	0	0	0	0	0	0	0	0	0	0.9919	0.9995	1	1	0.0081	0.0005	0	0	0.7778	0.9751	0.7619	0.9698	0.0278	0.001	0	0	0.1111	0.0145	0.0952	0.014	0.0278	0.001	0.0476	0.0076	0	0	0	0	0.0556	0.0084	0.0952	0.0086	0.0171	0.0091	0.0003	0.0003	0.9118	0.9257	0.0588	0.0693	0	0	0.0294	0.005	0	0	0	0	0	0	0	0	0	0	0	0	0.0556	0.073	0	0	0.9444	0.927	0	0	0	0
4A694A5E0C8E7B93DFD8DAE19BF9FAA7BD2E505028C3232ECB690406ADECD2A6.apk	2017-03-07	0.1187	0.0801	0.197	0.0683	0.25	0.7778	0.0495	0.3377	0	0	0	0	0	0	0	0	0	0	0	0	0.975	0.991	1	1	0.025	0.009	0	0	0.9259	0.9351	0.9524	0.9615	0	0	0	0	0.0741	0.0649	0.0476	0.0385	0	0	0	0	0	0	0	0	0	0	0	0	0.0059	0.003	0.0035	0.0027	1	1	0	0	0	0	0	0	0	0	0	0	1	1	0	0	0	0	0	0	0	0	0	0	0	0	0	0	0	0
57C61E1866D661D1D084FD60779E48DA491A785F9F9B3EBDBBD33C83BC684F54.apk	2017-01-25	0.0577	0.0229	0.1394	0.0141	0.2781	0.6418	0.0373	0.2673	0	0	0	0	0	0	0	0	0	0	0	0	0.9941	0.9999	1	1	0.0059	0.0001	0	0	0.8358	0.8541	0.8605	0.9831	0.0149	0.0162	0	0	0.0746	0.0441	0.0698	0.0112	0.0149	0.0048	0.0233	0.0034	0	0	0	0	0.0597	0.0808	0.0465	0.0022	0.013	0.0102	0.0015	0.0029	0.8947	0.9831	0.0526	0.0113	0.0263	0.0028	0.0263	0.0028	0	0	0	0	0	0	0	0	0	0	0	0	0.0333	0.0044	0	0	0.9667	0.9956	0	0	0	0
5804F35D1C4E7DBFCC7E6878B9E304D4A625C3C7AFE8A76B7F3A885A557B274E.apk	2017-01-18	0	0	0	0	0	0	0	0	0	0	0	0	0	0	0	0	0	0	0	0	0	0	0	0	0	0	0	0	0	0	0	0	0	0	0	0	0	0	0	0	0	0	0	0	0	0	0	0	0	0	0	0	0	0	0	0	0	0	0	0	0	0	0	0	0	0	0	0	0	0	0	0	0	0	0	0	0	0	0	0	0	0	0	0	0	0
5921632D4EBFA8F6CDE3049706D349651F63AAC2A001B9EE3FDFBC1466DD0E97.apk	2017-02-21	0.1377	0.0164	0.0557	0.0044	0.1429	0.4	0.015	0.0479	0	0	0	0	0	0	0	0	0	0	0	0	1	1	1	1	0	0	0	0	0.6	0.1436	0	0	0	0	0	0	0.4	0.8564	1	1	0	0	0	0	0	0	0	0	0	0	0	0	0.0066	0.0098	0.0002	0.0002	1	1	0	0	0	0	0	0	0	0	0	0	0	0	0	0	0	0	0	0	0	0	0	0	1	1	0	0	0	0
5A61406F63A3442C028EC9A1E48E01BC078DD624BFB06C0EF79B91BAD780BE84.apk	2017-01-03	0	0	0	0	0	0	0	0	0	0	0	0	0	0	0	0	0	0	0	0	0	0	0	0	0	0	0	0	0	0	0	0	0	0	0	0	0	0	0	0	0	0	0	0	0	0	0	0	0	0	0	0	0	0	0	0	0	0	0	0	0	0	0	0	0	0	0	0	0	0	0	0	0	0	0	0	0	0	0	0	0	0	0	0	0	0
5CC463DD537617BA6B4EBEBDCB5CB4997BE0D2924C24D3AD3C2CE37CBD1BD5B7.apk	2017-02-01	0.1187	0.0801	0.2291	0.0539	0.25	0.7778	0.061	0.5435	0	0	0	0	0	0	0	0	0	0	0	0	0.975	0.9938	1	1	0.025	0.0062	0	0	0.9259	0.9211	0.9524	0.9523	0	0	0	0	0.0741	0.0789	0.0476	0.0477	0	0	0	0	0	0	0	0	0	0	0	0	0.0059	0.003	0.0015	0.0014	1	1	0	0	0	0	0	0	0	0	0	0	1	1	0	0	0	0	0	0	0	0	0	0	0	0	0	0	0	0
5DA1E2765DF20CEC14992C1D2EDE86EC8ACC275B67DAE2EDBBD859CD35B55435.apk	2017-03-20	0.0815	0.0343	0.1072	0.0182	0.2048	0.7143	0.0495	0.3146	0	0	0	0	0	0	0	0	0.0241	0.0114	0	0	0.9639	0.9848	1	1	0.012	0.0038	0	0	0.9429	0.9326	0.96	0.8929	0	0	0	0	0.0571	0.0674	0.04	0.1071	0	0	0	0	0	0	0	0	0	0	0	0	0.0079	0.0039	0.0022	0.0014	0.75	0.8182	0	0	0.125	0.0909	0	0	0.125	0.0909	0	0	0.75	0.8571	0	0	0	0	0	0	0	0	0	0	0.25	0.1429	0	0	0	0
60E6F8C41BD8FF1AF7B27CA868C34D8A53CE9E74E0DCB793A661F4A5A00A6818.apk	2017-01-12	0.2239	0.0149	0.2648	0.0377	0.1333	1	0.1135	0.3988	0	0	0	0	0	0	0	0	0	0	0	0	1	1	1	1	0	0	0	0	0	0	0	0	0	0	0	0	1	1	1	1	0	0	0	0	0	0	0	0	0	0	0	0	0	0	0	0	0	0	0	0	0	0	0	0	0	0	0	0	0	0	0	0	0	0	0	0	0	0	0	0	0	0	0	0	0	0
65F9C215665B61B103D7A8924E1CD46D4BD04E76C7EA7241882B0BEAB1055F11.apk	2017-02-06	0.1073	0.0442	0.082	0.02	0.3529	0.9286	0.115	0.7009	0	0	0	0	0	0	0	0	0	0	0	0	1	1	1	1	0	0	0	0	0.9286	0.9407	0.9231	0.9167	0	0	0	0	0.0714	0.0593	0.0769	0.0833	0	0	0	0	0	0	0	0	0	0	0	0	0.0063	0.0032	0.0012	0.0012	1	1	0	0	0	0	0	0	0	0	0	0	0	0	0	0	0	0	0	0	0	0	0	0	1	1	0	0	0	0
668934A6C6D28621E5445CA0819A3F85DD7485143BC37D92FEA5F95747A13086.apk	2017-01-18	0	0	0	0	0	0	0	0	0	0	0	0	0	0	0	0	0	0	0	0	0	0	0	0	0	0	0	0	0	0	0	0	0	0	0	0	0	0	0	0	0	0	0	0	0	0	0	0	0	0	0	0	0	0	0	0	0	0	0	0	0	0	0	0	0	0	0	0	0	0	0	0	0	0	0	0	0	0	0	0	0	0	0	0	0	0
681618FAF7F38DDFB6C86D68CABFC715E75FA651DB87F18C690C4B94A0EF28DA.apk	2017-01-18	0.0987	0.0365	0.123	0.0244	0.1522	0.8235	0.087	0.6909	0	0	0	0	0	0	0	0	0	0	0	0	0.9783	0.9924	1	1	0.0217	0.0076	0	0	0.8824	0.7971	0.9286	0.8809	0	0	0	0	0.1176	0.2029	0.0714	0.1191	0	0	0	0	0	0	0	0	0	0	0	0	0.0043	0.0021	0.0012	0.0012	1	1	0	0	0	0	0	0	0	0	0	0	0	0	0	0	0	0	0	0	0	0	0	0	1	1	0	0	0	0
694C2BCAD1F99CF3A6446B439B3573567FC228841CE4EC5BEC5286069A03ACFE.apk	2017-01-17	0.1111	0	0.3242	0	0	0	0	0	0	0	0	0	0	0	0	0	0	0	0	0	1	1	0	0	0	0	0	0	0	0	0	0	0	0	0	0	0	0	0	0	0	0	0	0	0	0	0	0	0	0	0	0	0	0	0	0	0	0	0	0	0	0	0	0	0	0	0	0	0	0	0	0	0	0	0	0	0	0	0	0	0	0	0	0	0	0
6A1395AE674F508741FD7A5FB5AF9A854D20FC15664171904978456A0111C62E.apk	2017-01-25	0.1442	0.0282	0.0579	0.006	0.2391	0.5556	0.0203	0.0792	0	0	0	0	0	0	0	0	0	0	0	0	1	1	1	1	0	0	0	0	0.7778	0.5396	0.6	0.5079	0	0	0	0	0.2222	0.4604	0.4	0.4921	0	0	0	0	0	0	0	0	0	0	0	0	0.0063	0.0031	0.0002	0.0002	1	1	0	0	0	0	0	0	0	0	0	0	1	1	0	0	0	0	0	0	0	0	0	0	0	0	0	0	0	0
6A711CD4738C7F592DE2BDB085674F57E56AAE22DBC79C277254E7C1E60674E7.apk	2017-04-17	0.0546	0.0221	0.1158	0.0199	0.3077	0.6032	0.0664	0.2651	0	0	0	0	0	0	0	0	0	0	0	0	0.9936	0.9999	1	1	0.0064	0.0001	0	0	0.8571	0.8694	0.8421	0.9892	0.0159	0.008	0	0	0.0635	0.0576	0.0789	0.0074	0.0159	0.0109	0.0263	0.0013	0	0	0	0	0.0476	0.054	0.0526	0.002	0.013	0.0112	0.0013	0.0023	0.9189	0.9832	0.0541	0.014	0	0	0.027	0.0028	0	0	0	0	0	0	0	0	0	0	0	0	0.0312	0.0063	0	0	0.9375	0.9922	0	0	0.0312	0.0016
6B42B0972FCDA7CBFD8D4114CFDA51ECF4042EB79AFB56586AE83FE00BF0CA31.apk	2017-02-15	0.1001	0.0328	0.3595	0.0018	0.3115	0.6167	0.0025	0.2756	0	0	0	0	0	0	0	0	0	0	0	0	0.9891	1	1	1	0.0109	0	0	0	0.8	0.3666	0.8649	0.7125	0.0167	0.0029	0.027	0.0021	0.0167	0.0017	0	0	0.0167	0.0041	0	0	0.1	0.007	0.0541	0.0042	0.05	0.6177	0.0541	0.2812	0.0142	0.0115	0.0001	0.0015	0.9231	0.8958	0	0	0.0769	0.1042	0	0	0	0	0	0	0.4762	0.9737	0	0	0	0	0	0	0	0	0	0	0.5238	0.0263	0	0	0	0
6C8F140F97A5C8E2CC4921087284C4728D595EF6E4F82EA10B1363902E4F5CDD.apk	2017-03-08	0.1049	0.0244	0.1963	0.005	0.1729	0.3871	0.0152	0.2651	0	0	0	0	0	0	0	0	0	0	0	0	1	1	1	1	0	0	0	0	0.7742	0.8725	0.75	0.6709	0.0323	0.0587	0.0833	0.2152	0.0323	0.0084	0.0833	0.019	0	0	0	0	0.129	0.0336	0	0	0.0323	0.0268	0.0833	0.0949	0.0221	0.0134	0.0012	0.0014	0.9286	0.9789	0.0714	0.0211	0	0	0	0	0	0	0	0	0	0	0	0	0	0	0	0	0.0588	0.012	0.2353	0.0241	0.7059	0.9639	0	0	0	0
6DAA26B9019AE5AEC74FDF290565CF1684BCB8CEA872E4EB7E60BB61C108757A.apk	2017-03-21	0.0967	0.0127	0.0906	0.0078	0.1579	0.4	0.0904	0.3479	0	0	0	0	0	0	0	0	0	0	0	0	1	1	1	1	0	0	0	0	0.6	0.4877	0.5	0.4961	0	0	0	0	0.4	0.5123	0.5	0.5039	0	0	0	0	0	0	0	0	0	0	0	0	0.0051	0.0025	0.0014	0.0014	1	1	0	0	0	0	0	0	0	0	0	0	1	1	0	0	0	0	0	0	0	0	0	0	0	0	0	0	0	0
6E2435EE8F0F4590C025ED332CF31BA8190CA88B814DE50112EDAD1B40E24F24.apk	2017-03-02	0.1178	0.0517	0.1677	0.0386	0.1707	0.7778	0.113	0.7587	0	0	0	0	0	0	0	0	0	0	0	0	0.9756	0.9895	1	1	0.0244	0.0105	0	0	0.8889	0.8144	0.9286	0.8736	0	0	0	0	0.1111	0.1856	0.0714	0.1264	0	0	0	0	0	0	0	0	0	0	0	0	0.0057	0.0029	0.002	0.002	1	1	0	0	0	0	0	0	0	0	0	0	0	0	0	0	0	0	0	0	0	0	0	0	1	1	0	0	0	0
6F2F5A772E83FE8142EE11F3B5BCC9FC71670622CCDE24AAD289BF2F1DF052CB.apk	2017-03-02	0.1199	0.0497	0.1704	0.0371	0.1707	0.7647	0.0568	0.651	0	0	0	0	0	0	0	0	0	0	0	0	0.9756	0.9892	1	1	0.0244	0.0108	0	0	0.8824	0.8003	0.9231	0.9747	0	0	0	0	0.1176	0.1997	0.0769	0.0253	0	0	0	0	0	0	0	0	0	0	0	0	0.0058	0.0029	0.002	0.002	1	1	0	0	0	0	0	0	0	0	0	0	0	0	0	0	0	0	0	0	0	0	0	0	1	1	0	0	0	0
70642821DD5C22D13EFC21CFA0597690899D07AF0A31F828EA0C0B6F4B26B1CA.apk	2017-01-25	0.1187	0.0801	0.2293	0.0539	0.25	0.7778	0.0611	0.5454	0	0	0	0	0	0	0	0	0	0	0	0	0.975	0.9938	1	1	0.025	0.0062	0	0	0.9259	0.9211	0.9524	0.9523	0	0	0	0	0.0741	0.0789	0.0476	0.0477	0	0	0	0	0	0	0	0	0	0	0	0	0.0059	0.003	0.0014	0.0014	1	1	0	0	0	0	0	0	0	0	0	0	1	1	0	0	0	0	0	0	0	0	0	0	0	0	0	0	0	0
73BC834091F0E6C8C71F09C1AB18F3CDD6A2590770F0B570FCBF0E1860427AFB.apk	2017-01-23	0.1176	0.0588	0.3417	0.0348	0.5	1	0.0995	0.9767	0	0	0	0	0	0	0	0	0	0	0	0	1	1	1	1	0	0	0	0	1	1	1	1	0	0	0	0	0	0	0	0	0	0	0	0	0	0	0	0	0	0	0	0	0	0	0	0	0	0	0	0	0	0	0	0	0	0	0	0	0	0	0	0	0	0	0	0	0	0	0	0	0	0	0	0	0	0
744440E8BFBB515A16AF23C472BA10C2A9B2A131BC174171C446DD57E0870492.apk	2017-01-19	0.0947	0.0121	0.0948	0.0081	0.1538	0.4	0.0801	0.3127	0	0	0	0	0	0	0	0	0	0	0	0	1	1	1	1	0	0	0	0	0.6	0.4954	0.5	0.495	0	0	0	0	0.4	0.5046	0.5	0.505	0	0	0	0	0	0	0	0	0	0	0	0	0.0049	0.0024	0.0013	0.0013	1	1	0	0	0	0	0	0	0	0	0	0	1	1	0	0	0	0	0	0	0	0	0	0	0	0	0	0	0	0
758824EB3D1D18977D57DB911991EBF096DC03D4DE3F09CAFA67437A977C9993.apk	2017-02-16	0.0987	0.0365	0.1214	0.0244	0.1522	0.7647	0.0904	0.6664	0	0	0	0	0	0	0	0	0	0	0	0	0.9783	0.9928	1	1	0.0217	0.0072	0	0	0.8824	0.8001	0.9231	0.8721	0	0	0	0	0.1176	0.1999	0.0769	0.1279	0	0	0	0	0	0	0	0	0	0	0	0	0.0043	0.0021	0.0012	0.0012	1	1	0	0	0	0	0	0	0	0	0	0	0	0	0	0	0	0	0	0	0	0	0	0	1	1	0	0	0	0
75A51D85DCF12A3FEDF5043ECA8EC36194E3259AC863D50C795D1B190004E625.apk	2017-01-28	0.0513	0.0128	0.1952	0.0094	0.25	1	0.0467	0.9655	0	0	0	0	0	0	0	0	0	0	0	0	1	1	1	1	0	0	0	0	0	0	0	0	0	0	0	0	1	1	1	1	0	0	0	0	0	0	0	0	0	0	0	0	0.1538	0.1667	0.0514	0.1617	1	1	0	0	0	0	0	0	0	0	0	0	0	0	0	0	0	0	0	0	0	0	0	0	1	1	0	0	0	0
760583A21B1956E030E639A445AE952757C5BC6220BC38E78FD522413039E3B6.apk	2017-02-22	0.0987	0.0365	0.1226	0.0245	0.1522	0.7647	0.085	0.6521	0	0	0	0	0	0	0	0	0	0	0	0	0.9783	0.9923	1	1	0.0217	0.0077	0	0	0.8824	0.8	0.9231	0.8802	0	0	0	0	0.1176	0.2	0.0769	0.1198	0	0	0	0	0	0	0	0	0	0	0	0	0.0043	0.0021	0.0012	0.0012	1	1	0	0	0	0	0	0	0	0	0	0	0	0	0	0	0	0	0	0	0	0	0	0	1	1	0	0	0	0
762288E5A2E40D6AD78AFEB67C9EC14A8350E03C5A07C481E636B6859BC3DE8A.apk	2017-02-20	0.1187	0.0801	0.2292	0.0539	0.25	0.7778	0.0611	0.5445	0	0	0	0	0	0	0	0	0	0	0	0	0.975	0.9938	1	1	0.025	0.0062	0	0	0.9259	0.9211	0.9524	0.9523	0	0	0	0	0.0741	0.0789	0.0476	0.0477	0	0	0	0	0	0	0	0	0	0	0	0	0.0059	0.003	0.0015	0.0014	1	1	0	0	0	0	0	0	0	0	0	0	1	1	0	0	0	0	0	0	0	0	0	0	0	0	0	0	0	0
7B6987DD55227E73FDA0F380C539FB13019F860F58166C07A4DA144EAFE46C26.apk	2017-02-20	0.1187	0.0801	0.2291	0.0539	0.25	0.7778	0.061	0.5435	0	0	0	0	0	0	0	0	0	0	0	0	0.975	0.9938	1	1	0.025	0.0062	0	0	0.9259	0.9211	0.9524	0.9523	0	0	0	0	0.0741	0.0789	0.0476	0.0477	0	0	0	0	0	0	0	0	0	0	0	0	0.0059	0.003	0.0015	0.0014	1	1	0	0	0	0	0	0	0	0	0	0	1	1	0	0	0	0	0	0	0	0	0	0	0	0	0	0	0	0
7C66491DA03074F55DD46185A512689A252C921B52D4360FDF0FE9067DF01FBF.apk	2017-02-03	0.0566	0.0232	0.0259	0.0196	0.2953	0.623	0.1066	0.132	0	0	0	0	0	0	0	0	0	0	0	0	0.9933	0.9998	1	1	0.0067	0.0002	0	0	0.8525	0.9767	0.8684	0.9962	0.0164	0.0007	0	0	0.0492	0.0082	0.0526	0.0016	0.0164	0.0078	0.0263	0.0013	0	0	0	0	0.0656	0.0066	0.0526	0.0009	0.0133	0.011	0.0001	0.0002	0.9143	0.96	0.0571	0.0343	0	0	0.0286	0.0057	0	0	0	0	0	0	0	0	0	0	0	0	0.1034	0.057	0	0	0.8276	0.9326	0.0345	0.0052	0.0345	0.0052
7C74915BED63C058FEB6945A095AAEC1E61389507C18E1D3EFBA5251B50B93B9.apk	2017-02-16	0.1063	0.0597	0.0902	0.0136	0.3158	0.7812	0.0729	0.3109	0	0	0	0	0	0	0	0	0	0	0	0	1	1	1	1	0	0	0	0	0.8438	0.8957	0.84	0.8671	0	0	0	0	0.0938	0.0848	0.12	0.1049	0	0	0	0	0	0	0	0	0.0625	0.0196	0.04	0.028	0.0243	0.0205	0.0025	0.0038	1	1	0	0	0	0	0	0	0	0	0	0	0.8182	0.9843	0	0	0	0	0	0	0	0	0.1818	0.0157	0	0	0	0	0	0
7D10CEC0167F559B0ECC18F9F3359D46018EE727B2005F93396B68F1E19A12D3.apk	2017-02-19	0.1053	0.0308	0.3469	0.0014	0.3128	0.6316	0.0095	0.5917	0	0	0	0	0	0	0	0	0.0051	0	0	0	0.9744	0.9999	1	1	0.0205	0.0001	0	0	0.8596	0.8269	0.8333	0.9687	0.0175	0.0111	0.0278	0.0031	0.0175	0.013	0.0278	0.0172	0.0175	0.0148	0	0	0.0175	0.0028	0.0278	0.0031	0.0702	0.1315	0.0833	0.0078	0.0162	0.0178	0.0001	0.0008	0.9	0.9341	0	0	0.1	0.0659	0	0	0	0	0	0	0.5152	0.8163	0	0	0	0	0	0	0	0	0	0	0.303	0.0754	0	0	0.1818	0.1083
806769BA52F7D1712FE7101DE12ABDD3B22722BE6278075771BD1847C4C42BFF.apk	2017-03-02	0.1	0.04	0.0843	0.0201	0.3429	0.9286	0.1121	0.7048	0	0	0	0	0	0	0	0	0	0	0	0	1	1	1	1	0	0	0	0	0.9286	0.9412	0.9231	0.9181	0	0	0	0	0.0714	0.0588	0.0769	0.0819	0	0	0	0	0	0	0	0	0	0	0	0	0.0057	0.0029	0.0012	0.0012	1	1	0	0	0	0	0	0	0	0	0	0	0	0	0	0	0	0	0	0	0	0	0	0	1	1	0	0	0	0
8436CC2503A8ABC85EED81AF9E1206B1985F8E65034924950AE3610FE3EDAA8A.apk	2017-01-18	0	0	0	0	0	0	0	0	0	0	0	0	0	0	0	0	0	0	0	0	0	0	0	0	0	0	0	0	0	0	0	0	0	0	0	0	0	0	0	0	0	0	0	0	0	0	0	0	0	0	0	0	0	0	0	0	0	0	0	0	0	0	0	0	0	0	0	0	0	0	0	0	0	0	0	0	0	0	0	0	0	0	0	0	0	0
88D0D2B81F22A57EDE74105B73C8B126ABA0095D645963E2FECD2A0EEF344CE9.apk	2017-01-12	0.0565	0.0216	0.1317	0.0239	0.2563	0.5658	0.0345	0.1665	0	0	0	0	0	0	0	0	0	0	0	0	0.9899	0.9999	1	1	0.0101	0.0001	0	0	0.8553	0.8973	0.8605	0.9884	0.0132	0.0078	0	0	0.0658	0.0478	0.0698	0.0072	0.0132	0.001	0.0233	0.0018	0.0132	0.0004	0	0	0.0395	0.0456	0.0465	0.0027	0.0108	0.0099	0.0014	0.0026	0.9211	0.985	0.0526	0.0125	0	0	0.0263	0.0025	0	0	0	0	0	0	0	0	0	0	0	0	0.0286	0.0055	0	0	0.9714	0.9945	0	0	0	0
892688DBA855FD6BB13DBA11FF7992E8E3333805B637E5965464A857FC9CCA2B.apk	2017-02-11	0.0764	0.022	0.1833	0.0184	0.2518	0.575	0.0116	0.0616	0	0	0	0	0	0	0	0	0	0	0	0	1	1	1	1	0	0	0	0	0.8	0.1654	0.7826	0.9489	0.025	0.0045	0	0	0.075	0.2324	0.087	0.0146	0.025	0.0031	0.0435	0.0219	0	0	0	0	0.075	0.5946	0.087	0.0146	0.0187	0.0154	0.0009	0.0086	0.9118	0.9646	0.0588	0.0265	0	0	0.0294	0.0088	0	0	0	0	0	0	0	0	0	0	0	0	0.0357	0.0019	0	0	0.8571	0.9942	0	0	0.1071	0.0038
89B9BD248E7E201D0293056B246874D7549AC9478A0FB2B5FFE88C3D70978025.apk	2017-03-08	0.1286	0.0292	0.17	0.02	0.2979	0.5625	0.0445	0.185	0	0	0	0	0.0142	0.0029	0	0	0	0	0	0	0.9858	0.9971	1	1	0	0	0	0	0.75	0.8554	0.6667	0.6777	0.0625	0.016	0.1111	0.0178	0	0	0	0	0	0	0	0	0.0312	0.0122	0.0556	0.0635	0.1562	0.1164	0.1667	0.2411	0.0073	0.0018	0.0007	0.0003	0.5	0.6133	0.25	0.36	0.125	0.0133	0.125	0.0133	0	0	0	0	0	0	0	0	0	0	0	0	0.5	0.9286	0	0	0.5	0.0714	0	0	0	0
8AB43DF4EDA75D357F011042C3DEFF3FFC073EF1800520252894854B971FCB06.apk	2017-01-30	0.1377	0.0164	0.0591	0.0044	0.1429	0.4	0.0143	0.0482	0	0	0	0	0	0	0	0	0	0	0	0	1	1	1	1	0	0	0	0	0.6	0.1445	0	0	0	0	0	0	0.4	0.8555	1	1	0	0	0	0	0	0	0	0	0	0	0	0	0.0066	0.0098	0.0002	0.0002	1	1	0	0	0	0	0	0	0	0	0	0	0	0	0	0	0	0	0	0	0	0	0	0	1	1	0	0	0	0
8B50EC928F5B6212A273DAE38CDD44EB6C2B0A906BB92F3B1D5FBBC57B61B28D.apk	2017-01-18	0.1187	0.0801	0.229	0.054	0.25	0.7778	0.061	0.5428	0	0	0	0	0	0	0	0	0	0	0	0	0.975	0.9938	1	1	0.025	0.0062	0	0	0.9259	0.9211	0.9524	0.9523	0	0	0	0	0.0741	0.0789	0.0476	0.0477	0	0	0	0	0	0	0	0	0	0	0	0	0.0059	0.003	0.0015	0.0014	1	1	0	0	0	0	0	0	0	0	0	0	1	1	0	0	0	0	0	0	0	0	0	0	0	0	0	0	0	0
8FAC14CFCBF09C74708E5EEE26F62176E46BE196BD91A33B1C0A43DAE75F94EA.apk	2017-02-01	0.0987	0.0365	0.1228	0.024	0.1522	0.7647	0.0827	0.6396	0	0	0	0	0	0	0	0	0	0	0	0	0.9783	0.9919	1	1	0.0217	0.0081	0	0	0.8824	0.7925	0.9231	0.8768	0	0	0	0	0.1176	0.2075	0.0769	0.1232	0	0	0	0	0	0	0	0	0	0	0	0	0.0043	0.0021	0.0012	0.0011	1	1	0	0	0	0	0	0	0	0	0	0	0	0	0	0	0	0	0	0	0	0	0	0	1	1	0	0	0	0
8FF347FA27D4D8199F6FED450F3398029422D7252EEC07EEBB5B730030850B2E.apk	2017-03-07	0.1134	0.0385	0.036	0.0013	0.22	0.3529	0.011	0.193	0	0	0	0	0.04	0.0034	0.1818	0.2857	0	0	0	0	0.96	0.9966	0.8182	0.7143	0	0	0	0	0.8235	0.8246	0.8333	0.7818	0.0588	0.0351	0	0	0	0	0	0	0	0	0	0	0	0	0	0	0.1176	0.1404	0.1667	0.2182	0.0635	0.0363	0.0005	0.0028	0.8214	0.8807	0.1429	0.1101	0	0	0.0357	0.0092	0	0	0	0	0	0	0	0	0	0	0	0	0.125	0.0304	0	0	0.875	0.9696	0	0	0	0
9047A67AED4B302B2CD4F0CE3C4ECFA439DB94A2DC5D8AF541E4983B42165BFF.apk	2017-03-18	0.156	0.0071	0.1951	0.0179	0.0455	1	0.0004	0.0049	0	0	0	0	0	0	0	0	0	0	0	0	1	1	1	1	0	0	0	0	0	0	0	0	0	0	0	0	1	1	1	1	0	0	0	0	0	0	0	0	0	0	0	0	0.0213	0.0071	0.0032	0.0031	0	0	0.6667	0.973	0	0	0.3333	0.027	0	0	0	0	1	1	0	0	0	0	0	0	0	0	0	0	0	0	0	0	0	0
905B52C83CE609485AC6B1BCC042D5DE69DFD3D6629DE216BA3ADC4A64B7582C.apk	2017-01-19	0.0568	0.0215	0.155	0.0198	0.3023	0.6308	0.083	0.3935	0	0	0	0	0	0	0	0	0	0	0	0	0.9884	0.9998	1	1	0.0116	0.0002	0	0	0.8769	0.9138	0.8537	0.9915	0.0154	0.0114	0	0	0.0462	0.0369	0.0732	0.0059	0.0154	0.0013	0.0244	0.0013	0	0	0	0	0.0462	0.0367	0.0488	0.0013	0.0122	0.0102	0.0018	0.0036	0.9189	0.9855	0.0541	0.0116	0	0	0.027	0.0029	0	0	0	0	0	0	0	0	0	0	0	0	0.0323	0.0042	0	0	0.9677	0.9958	0	0	0	0
944A872A54B080C73D4708A6A3EE494E044FB583CDEC778A491F43687E91AC8C.apk	2017-02-18	0.1187	0.0801	0.2291	0.0539	0.25	0.7778	0.061	0.544	0	0	0	0	0	0	0	0	0	0	0	0	0.975	0.9938	1	1	0.025	0.0062	0	0	0.9259	0.9211	0.9524	0.9523	0	0	0	0	0.0741	0.0789	0.0476	0.0477	0	0	0	0	0	0	0	0	0	0	0	0	0.0059	0.003	0.0015	0.0014	1	1	0	0	0	0	0	0	0	0	0	0	1	1	0	0	0	0	0	0	0	0	0	0	0	0	0	0	0	0
96D5B11E3DF0709DDA7EA59812ED595D693D456A7BB66A52FE939D4EDB1AFF78.apk	2017-04-14	0.0911	0.0137	0.0905	0.0087	0.0822	0.1818	0.0162	0.0816	0	0	0	0	0	0	0	0	0.0274	0.0076	0	0	0.9452	0.9808	1	1	0.0274	0.0116	0	0	0.7273	0.8711	0.5	0.0323	0	0	0	0	0.1818	0.1184	0.5	0.9677	0.0909	0.0105	0	0	0	0	0	0	0	0	0	0	0.005	0.005	0.0015	0.0017	0.5	0.5	0.5	0.5	0	0	0	0	0	0	0	0	0.75	0.9865	0	0	0	0	0	0	0	0	0	0	0.25	0.0135	0	0	0	0
975F042D15769172022BDBF23E9C4CCBDEB80346FCABABA27A383B9DAEE11A43.apk	2017-03-23	0.0765	0.0294	0.0971	0.016	0.2404	0.675	0.033	0.3716	0	0	0	0	0	0	0	0	0.0192	0.0077	0	0	0.9712	0.9913	1	1	0.0096	0.001	0	0	0.9	0.8992	0.9259	0.9398	0	0	0	0	0.05	0.0852	0.037	0.0468	0.025	0.0151	0.037	0.0134	0	0	0	0	0.025	0.0005	0	0	0.0059	0.0096	0.0004	0.001	1	1	0	0	0	0	0	0	0	0	0	0	0	0	0	0	0	0	0	0	0	0	0	0	1	1	0	0	0	0
97B091D38F85CF9AA49F851176F80FF88D3C9B5DF9DD63015C606935CEA8C881.apk	2017-01-01	0.1341	0.0274	0.0516	0.002	0.25	0.5556	0.0085	0.0879	0	0	0	0	0	0	0	0	0	0	0	0	1	1	1	1	0	0	0	0	0.7778	0.4828	0.6	0.5048	0	0	0	0	0.2222	0.5172	0.4	0.4952	0	0	0	0	0	0	0	0	0	0	0	0	0.0061	0.003	0.0001	0.0001	1	1	0	0	0	0	0	0	0	0	0	0	1	1	0	0	0	0	0	0	0	0	0	0	0	0	0	0	0	0
98324CBE5FF3DE6436BDD5D8C4122F034F64EEFF7F8439018653953067691158.apk	2017-06-30	0.0728	0.0267	0.0962	0.0037	0.1743	0.7	0.0075	0.2621	0	0	0	0	0	0	0	0	0	0	0	0	0.9908	0.9995	1	1	0.0092	0.0005	0	0	0.9	0.9349	0.8929	0.9645	0	0	0	0	0.05	0.0428	0.0357	0.0213	0.025	0.013	0.0357	0.0071	0	0	0	0	0.025	0.0093	0.0357	0.0071	0.006	0.0087	0.0002	0.0027	1	1	0	0	0	0	0	0	0	0	0	0	0	0	0	0	0	0	0	0	0	0	0.0769	0.0332	0.9231	0.9668	0	0	0	0
9D52672F3C145D17A05F0E7439B0E6BCDBC3D2D9022254D5AA14CE23E4FD6E07.apk	2017-02-09	0.1073	0.0442	0.0833	0.0201	0.3529	0.9286	0.1126	0.6947	0	0	0	0	0	0	0	0	0	0	0	0	1	1	1	1	0	0	0	0	0.9286	0.9412	0.9231	0.9167	0	0	0	0	0.0714	0.0588	0.0769	0.0833	0	0	0	0	0	0	0	0	0	0	0	0	0.0063	0.0032	0.0012	0.0012	1	1	0	0	0	0	0	0	0	0	0	0	0	0	0	0	0	0	0	0	0	0	0	0	1	1	0	0	0	0
A0B323E87017890AE848101C4439A91EFBAE077831F5E0811405F83B2978469D.apk	2017-02-01	0.0646	0.019	0.0988	0.0088	0.1765	0.6	0.0551	0.6176	0	0	0	0	0	0	0	0	0	0	0	0	1	1	1	1	0	0	0	0	0.4	0.049	0.3333	0.0159	0	0	0	0	0.4	0.6569	0.3333	0.5238	0.2	0.2941	0.3333	0.4603	0	0	0	0	0	0	0	0	0.0114	0.0038	0.0031	0.0029	0	0	0.6667	0.9722	0	0	0.3333	0.0278	0	0	0	0	1	1	0	0	0	0	0	0	0	0	0	0	0	0	0	0	0	0
A12D7DCAB28510A95A7C451B7B5B8BDA9BFEC8405FD09AE8BF354AF5DABAC3A1.apk	2017-03-22	0.0987	0.0365	0.1218	0.0243	0.1522	0.7647	0.0848	0.6555	0	0	0	0	0	0	0	0	0	0	0	0	0.9783	0.9923	1	1	0.0217	0.0077	0	0	0.8824	0.8015	0.9231	0.8817	0	0	0	0	0.1176	0.1985	0.0769	0.1183	0	0	0	0	0	0	0	0	0	0	0	0	0.0043	0.0021	0.0012	0.0012	1	1	0	0	0	0	0	0	0	0	0	0	0	0	0	0	0	0	0	0	0	0	0	0	1	1	0	0	0	0
A1D63FC64A14AEE9B3BC8A8D986FD9916DDCB0A36C2679CD97B53341B4ADC3BB.apk	2017-01-19	0.0775	0.007	0.0976	0.0045	0	0	0	0	0	0	0	0	0	0	0	0	0	0	0	0	1	1	0	0	0	0	0	0	0	0	0	0	0	0	0	0	1	1	0	0	0	0	0	0	0	0	0	0	0	0	0	0	0.0141	0.007	0.0038	0.0037	0	0	1	1	0	0	0	0	0	0	0	0	1	1	0	0	0	0	0	0	0	0	0	0	0	0	0	0	0	0
A2EB6A85AC4B1BF6A0D4E8B901B57D4B4E82CDF69DB8DE7D35B233F86A814788.apk	2017-02-09	0.0566	0.021	0.0539	0.0103	0.2978	0.6515	0.0362	0.6371	0	0	0	0	0	0	0	0	0.0112	0.0001	0	0	0.9775	0.9994	1	1	0.0112	0.0005	0	0	0.8636	0.916	0.8605	0.995	0.0152	0.0055	0	0	0.0606	0.0465	0.0698	0.0028	0.0152	0.0014	0.0233	0.0008	0	0	0	0	0.0455	0.0306	0.0465	0.0014	0.0111	0.0083	0.0005	0.0008	0.9143	0.9698	0.0571	0.0264	0	0	0.0286	0.0038	0	0	0	0	0	0	0	0	0	0	0	0	0.0385	0.0137	0	0	0.9615	0.9863	0	0	0	0
A5433CF0980178EA5EE7B1A40467402A7A1B1ED89CAA15E3CAF712160156DC3E.apk	2017-02-02	0.0944	0.0346	0.1131	0.0062	0.3111	0.6364	0.0324	0.5788	0.0222	0.0024	0	0	0	0	0	0	0	0	0	0	0.9667	0.9908	1	1	0.0111	0.0068	0	0	0.9697	0.9853	0.9524	0.981	0	0	0	0	0.0303	0.0147	0.0476	0.019	0	0	0	0	0	0	0	0	0	0	0	0	0.0042	0.001	0.0021	0	1	1	0	0	0	0	0	0	0	0	0	0	0	0	0	0	0	0	0	0	0	0	0	0	1	1	0	0	0	0
A569798BF27BA2AFBFAA764D9DB225B95C080C16C7A24114A4411EF61EB9841F.apk	2017-01-19	0.0987	0.0365	0.1219	0.0245	0.1522	0.7647	0.0592	0.5867	0	0	0	0	0	0	0	0	0	0	0	0	0.9783	0.9924	1	1	0.0217	0.0076	0	0	0.8824	0.7981	0.9231	0.9826	0	0	0	0	0.1176	0.2019	0.0769	0.0174	0	0	0	0	0	0	0	0	0	0	0	0	0.0043	0.0021	0.0012	0.0012	1	1	0	0	0	0	0	0	0	0	0	0	0	0	0	0	0	0	0	0	0	0	0	0	1	1	0	0	0	0
A84B4B2CD20C2B9D32BC5D5E35C39DD35DDF17092D5E77E48CD1FEE2FEFC0F80.apk	2017-01-03	0.082	0.0164	0.2174	0.0107	0.4	1	0.0943	0.96	0	0	0	0	0	0	0	0	0	0	0	0	1	1	1	1	0	0	0	0	0	0	0	0	0	0	0	0	1	1	1	1	0	0	0	0	0	0	0	0	0	0	0	0	0.1639	0.1803	0.0555	0.1892	1	1	0	0	0	0	0	0	0	0	0	0	0	0	0	0	0	0	0	0	0	0	0	0	1	1	0	0	0	0
A89846DAF9A472860364693C0E92DC92F8D64BCF108BDBE729A269C9FC24BFCB.apk	2017-03-03	0.0971	0.0128	0.1258	0.0142	0.3396	0.7143	0.1224	0.2577	0	0	0	0	0.0377	0.018	0	0	0	0	0	0	0.9434	0.9701	0.9444	0.9523	0.0189	0.0119	0.0556	0.0477	0	0	0	0	0	0	0	0	1	1	1	1	0	0	0	0	0	0	0	0	0	0	0	0	0.0055	0.0018	0.0008	0.0008	0	0	0.6667	0.9667	0	0	0.3333	0.0333	0	0	0	0	0	0	0	0	0	0	0	0	1	1	0	0	0	0	0	0	0	0
AB82E419AC74399C5E44BDAC45DC52D3FADBBEDD86D0867CB39B78E656222693.apk	2017-02-02	0.1461	0.0112	0.082	0.0045	0	0	0	0	0	0	0	0	0.0769	0.081	0	0	0	0	0	0	0.8846	0.8918	0	0	0.0385	0.0271	0	0	1	1	0	0	0	0	0	0	0	0	0	0	0	0	0	0	0	0	0	0	0	0	0	0	0.0056	0	0	0	0	0	0	0	0	0	1	1	0	0	0	0	0	0	0	0	0	0	0	0	0	0	0	0	0	0	0	0	0	0
AB8F8C94011447B38B24727E1E21E8A104C927E2938855CC2508356D7673E75E.apk	2017-02-11	0.0579	0.0218	0.1738	0.0176	0.2577	0.6164	0.0557	0.3974	0	0	0	0	0	0	0	0	0.0103	0.0001	0	0	0.9794	0.9995	1	1	0.0103	0.0004	0	0	0.8493	0.8907	0.8444	0.9885	0.0137	0.0147	0	0	0.0548	0.0453	0.0667	0.0076	0.0137	0.0023	0.0222	0.0013	0	0	0	0	0.0685	0.0471	0.0667	0.0025	0.011	0.0113	0.002	0.0038	0.9189	0.989	0.0541	0.0088	0	0	0.027	0.0022	0	0	0	0	0	0	0	0	0	0	0	0	0.0263	0.0035	0	0	0.8947	0.993	0.0789	0.0035	0	0
AB9E20CC7B1CC2B75120C22115E4829D31F2056E6025F28CB86B9B0DFDEE6E11.apk	2017-02-09	0.1187	0.0801	0.2292	0.0539	0.25	0.7778	0.0611	0.5445	0	0	0	0	0	0	0	0	0	0	0	0	0.975	0.9938	1	1	0.025	0.0062	0	0	0.9259	0.9211	0.9524	0.9523	0	0	0	0	0.0741	0.0789	0.0476	0.0477	0	0	0	0	0	0	0	0	0	0	0	0	0.0059	0.003	0.0015	0.0014	1	1	0	0	0	0	0	0	0	0	0	0	1	1	0	0	0	0	0	0	0	0	0	0	0	0	0	0	0	0
AC435FD1BCEE4038621C3C57F6309D77461EEE61C3F9C6B65BEEED436E9E598D.apk	2017-01-30	0.0568	0.0232	0.1666	0.0238	0.2792	0.5873	0.0645	0.46	0	0	0	0	0	0	0	0	0	0	0	0	0.9935	0.9999	1	1	0.0065	0.0001	0	0	0.8571	0.9332	0.8649	0.9892	0.0159	0.0104	0	0	0.0635	0.0162	0.0541	0.0064	0.0159	0.0011	0.027	0.001	0	0	0	0	0.0476	0.0392	0.0541	0.0034	0.0129	0.0111	0.0017	0.0048	0.9143	0.9872	0.0571	0.0096	0	0	0.0286	0.0032	0	0	0	0	0	0	0	0	0	0	0	0	0.1	0.0549	0	0	0.9	0.9451	0	0	0	0
AC970B98A1EBC346A621BA2883414B901D2DA1B83A3EE4AC153E5EF2FE74161F.apk	2017-01-25	0.0983	0.0363	0.1232	0.0246	0.1522	0.7647	0.0846	0.6698	0	0	0	0	0	0	0	0	0	0	0	0	0.9783	0.9928	1	1	0.0217	0.0072	0	0	0.8824	0.8061	0.9231	0.8799	0	0	0	0	0.1176	0.1939	0.0769	0.1201	0	0	0	0	0	0	0	0	0	0	0	0	0.0043	0.0021	0.0013	0.0012	1	1	0	0	0	0	0	0	0	0	0	0	0	0	0	0	0	0	0	0	0	0	0	0	1	1	0	0	0	0
ADD821139B48EDCF835CEB6BA5D8D568B85B713A5E8804FA4D73F5B60D970E3C.apk	2017-03-10	0.1442	0.0282	0.058	0.0059	0.2391	0.5556	0.02	0.0791	0	0	0	0	0	0	0	0	0	0	0	0	1	1	1	1	0	0	0	0	0.7778	0.5402	0.6	0.5079	0	0	0	0	0.2222	0.4598	0.4	0.4921	0	0	0	0	0	0	0	0	0	0	0	0	0.0063	0.0031	0.0002	0.0002	1	1	0	0	0	0	0	0	0	0	0	0	1	1	0	0	0	0	0	0	0	0	0	0	0	0	0	0	0	0
AF322642B2656290E7412123261CAAB46CE695BEFC738BAA65AF9D0E6C63F905.apk	2017-01-25	0.0575	0.0217	0.1594	0.0187	0.2733	0.6	0.0516	0.3033	0	0	0	0	0	0	0	0	0	0	0	0	0.9942	0.9999	1	1	0.0058	0.0001	0	0	0.8615	0.8779	0.8718	0.9917	0.0154	0.0126	0	0	0.0615	0.0497	0.0513	0.0041	0.0154	0.0013	0.0256	0.0017	0	0	0	0	0.0462	0.0585	0.0513	0.0025	0.0124	0.0104	0.0017	0.0036	0.9189	0.9864	0.0541	0.0109	0	0	0.027	0.0027	0	0	0	0	0	0	0	0	0	0	0	0	0.0323	0.0039	0	0	0.9677	0.9961	0	0	0	0
B0FEE72DF47A5958C12CD50707CD9536D99FCC0CEE36876910B14FEF0C201F98.apk	2017-03-20	0.0554	0.0211	0.1164	0.0252	0.2812	0.6066	0.063	0.2043	0	0	0	0	0	0	0	0	0	0	0	0	1	1	1	1	0	0	0	0	0.8689	0.9305	0.8378	0.9891	0.0164	0.0078	0	0	0.0492	0.0336	0.0811	0.0079	0.0164	0.0009	0.027	0.0012	0	0	0	0	0.0492	0.0272	0.0541	0.0018	0.0128	0.0111	0.0015	0.0025	0.9189	0.9893	0.0541	0.0085	0	0	0.027	0.0021	0	0	0	0	0	0	0	0	0	0	0	0	0.0312	0.0037	0	0	0.9375	0.995	0	0	0.0312	0.0012
B175A3636E298B01C9E2AC83E9FE5AFE221883C65886EF8904EEB56D13591C9A.apk	2017-01-20	0	0	0	0	0	0	0	0	0	0	0	0	0	0	0	0	0	0	0	0	0	0	0	0	0	0	0	0	0	0	0	0	0	0	0	0	0	0	0	0	0	0	0	0	0	0	0	0	0	0	0	0	0	0	0	0	0	0	0	0	0	0	0	0	0	0	0	0	0	0	0	0	0	0	0	0	0	0	0	0	0	0	0	0	0	0
B39551FC238D4B085B15BFA0B322B5F083EB9520CB0E7DEDD41F1AB943DFFB88.apk	2017-03-01	0.0734	0.0211	0.2465	0.0177	0.2424	0.5526	0.0119	0.0886	0	0	0	0	0	0	0	0	0	0	0	0	1	1	1	1	0	0	0	0	0.8158	0.2249	0.8095	0.9462	0.0263	0.0068	0	0	0.0789	0.1077	0.0952	0.0154	0.0263	0.0041	0.0476	0.0308	0	0	0	0	0.0526	0.6564	0.0476	0.0077	0.0189	0.0133	0.0014	0.0125	0.9118	0.9649	0.0588	0.0263	0	0	0.0294	0.0088	0	0	0	0	0	0	0	0	0	0	0	0	0.0417	0.0019	0	0	0.9583	0.9981	0	0	0	0
B3F27F5BA2BD20DD6B411ABD0A922382D9B46CBD2FF07835165F1B765087DA5F.apk	2017-01-25	0.0587	0.0228	0.1002	0.0136	0.2824	0.6364	0.0481	0.3371	0	0	0	0	0	0	0	0	0	0	0	0	0.9941	1	1	1	0.0059	0	0	0	0.8485	0.8856	0.8571	0.9923	0.0152	0.0098	0	0	0.0606	0.0479	0.0714	0.0051	0.0152	0.0017	0.0238	0.0015	0	0	0	0	0.0606	0.0549	0.0476	0.001	0.0124	0.0104	0.0009	0.0017	0.8889	0.9848	0.0556	0.0101	0.0278	0.0025	0.0278	0.0025	0	0	0	0	0	0	0	0	0	0	0	0	0.0333	0.0042	0	0	0.9667	0.9958	0	0	0	0
B66C840698B86E798B0E2BDC3443098A1E0A2538496B33B905558C8D886F0D02.apk	2017-02-21	0	0	0	0	0	0	0	0	0	0	0	0	0	0	0	0	0	0	0	0	0	0	0	0	0	0	0	0	0	0	0	0	0	0	0	0	0	0	0	0	0	0	0	0	0	0	0	0	0	0	0	0	0	0	0	0	0	0	0	0	0	0	0	0	0	0	0	0	0	0	0	0	0	0	0	0	0	0	0	0	0	0	0	0	0	0
B7C406518643847A1BBD45F363C346CF01DD6D384F5E7181471FEABB68E37F74.apk	2017-05-04	0.1355	0.0161	0.0487	0.0031	0.1429	0.4	0.012	0.0483	0	0	0	0	0	0	0	0	0	0	0	0	1	1	1	1	0	0	0	0	0.6	0.1449	0	0	0	0	0	0	0.4	0.8551	1	1	0	0	0	0	0	0	0	0	0	0	0	0	0.0065	0.0097	0.0002	0.0002	1	1	0	0	0	0	0	0	0	0	0	0	0	0	0	0	0	0	0	0	0	0	0	0	1	1	0	0	0	0
B9BF4FCD89CCA82B8EE668A65B53E10FCE633E257F9576102159C5AAA3D11E4F.apk	2017-03-10	0	0	0	0	0	0	0	0	0	0	0	0	0	0	0	0	0	0	0	0	0	0	0	0	0	0	0	0	0	0	0	0	0	0	0	0	0	0	0	0	0	0	0	0	0	0	0	0	0	0	0	0	0	0	0	0	0	0	0	0	0	0	0	0	0	0	0	0	0	0	0	0	0	0	0	0	0	0	0	0	0	0	0	0	0	0
BC1C3E85EF61C882F9E17D1F5EF4E1B898FDA65546CC9D30D642386BF62FC1DB.apk	2017-01-07	0.0893	0.0536	0.1985	0.0402	0.6	0.3333	0.2451	0.4038	0	0	0	0	0	0	0	0	0	0	0	0	1	1	1	1	0	0	0	0	0.6667	0.5769	1	1	0	0	0	0	0.3333	0.4231	0	0	0	0	0	0	0	0	0	0	0	0	0	0	0.0714	0.0357	0.0247	0.0232	0.5	0.2812	0.5	0.7188	0	0	0	0	0	0	0	0	1	1	0	0	0	0	0	0	0	0	0	0	0	0	0	0	0	0
BC1D73988E9F917FE0028BC99519CFC402E5F4EF4ADB60D37EA8AF62862309CC.apk	2017-02-16	0.0579	0.021	0.0617	0.0133	0.2649	0.6418	0.072	0.5453	0	0	0	0	0	0	0	0	0.0108	0.0001	0	0	0.9784	0.9995	1	1	0.0108	0.0004	0	0	0.8358	0.9359	0.8837	0.9974	0.0149	0.0048	0	0	0.0746	0.0317	0.0465	0.0013	0.0149	0.0016	0.0233	0.0002	0	0	0	0	0.0597	0.026	0.0465	0.0011	0.0122	0.01	0.0005	0.0009	0.8718	0.9698	0.0513	0.0211	0.0513	0.006	0.0256	0.003	0	0	0	0	0	0	0	0	0	0	0	0	0.0312	0.0106	0	0	0.9375	0.9876	0	0	0.0312	0.0018
BC3A9DA1131B9D0759ACDE01BDADDF87393CA27D6D624F44E670A368886F4CFB.apk	2017-03-02	0	0	0	0	0	0	0	0	0	0	0	0	0	0	0	0	0	0	0	0	0	0	0	0	0	0	0	0	0	0	0	0	0	0	0	0	0	0	0	0	0	0	0	0	0	0	0	0	0	0	0	0	0	0	0	0	0	0	0	0	0	0	0	0	0	0	0	0	0	0	0	0	0	0	0	0	0	0	0	0	0	0	0	0	0	0
C3BB8A4F3D50C6A9DF6336DD37F168BA8E482695273786CBB5E3E7F241F66200.apk	2017-03-08	0.0566	0.0203	0.1505	0.019	0.2888	0.6418	0.0578	0.3201	0	0	0	0	0	0	0	0	0	0	0	0	0.9947	0.9999	1	1	0.0053	0.0001	0	0	0.8806	0.9071	0.8605	0.989	0.0149	0.0123	0	0	0.0448	0.0462	0.0698	0.0078	0.0149	0.0055	0.0233	0.0008	0	0	0	0	0.0448	0.0289	0.0465	0.0024	0.0112	0.0106	0.0018	0.0031	0.9189	0.9867	0.0541	0.0106	0	0	0.027	0.0027	0	0	0	0	0	0	0	0	0	0	0	0	0.0286	0.0047	0	0	0.9714	0.9953	0	0	0	0
C456A7A7387B7DA5FF795483531815DE26A2DFD48E2424B09E1101A0CE649F67.apk	2017-02-28	0.1518	0.0179	0.1246	0.0392	0.0588	0.5	0.0009	0.0028	0	0	0	0	0	0	0	0	0	0	0	0	1	1	1	1	0	0	0	0	0	0	0	0	0	0	0	0	1	1	1	1	0	0	0	0	0	0	0	0	0	0	0	0	0.0179	0.0089	0.0058	0.0057	0	0	1	1	0	0	0	0	0	0	0	0	0	0	0	0	0	0	0	0	1	1	0	0	0	0	0	0	0	0
C60F4C28A3F06D3BFE11C794EE10A00A406DC120FB5B37F6B96665DE4C1FB686.apk	2017-03-17	0.1442	0.0282	0.0581	0.0061	0.2391	0.5556	0.02	0.0771	0	0	0	0	0	0	0	0	0	0	0	0	1	1	1	1	0	0	0	0	0.7778	0.5535	0.6	0.5088	0	0	0	0	0.2222	0.4465	0.4	0.4912	0	0	0	0	0	0	0	0	0	0	0	0	0.0063	0.0031	0.0002	0.0002	1	1	0	0	0	0	0	0	0	0	0	0	1	1	0	0	0	0	0	0	0	0	0	0	0	0	0	0	0	0
CB5DD1512FB45E595988FD13D84C500B96EA7D53344199DB496B5DF2F1A31F79.apk	2017-02-17	0.1923	0.0577	0.1542	0.0477	0.4	0.6667	0.2524	0.4769	0	0	0	0	0	0	0	0	0	0	0	0	1	1	1	1	0	0	0	0	0.6667	0.5077	0.5	0.3548	0	0	0	0	0	0	0	0	0	0	0	0	0	0	0	0	0.3333	0.4923	0.5	0.6452	0.1346	0.0577	0.0338	0.0308	1	1	0	0	0	0	0	0	0	0	0	0	0	0	0	0	0	0	0	0	0	0	0	0	1	1	0	0	0	0
CCC11BD5701D552865985182EDB4C118BD0EF6946CDB20E8BDE12E650A8676A7.apk	2017-01-18	0.0833	0	0.1107	0	0	0	0	0	0	0	0	0	0	0	0	0	0	0	0	0	1	1	0	0	0	0	0	0	0	0	0	0	0	0	0	0	0	0	0	0	0	0	0	0	0	0	0	0	0	0	0	0	0	0	0	0	0	0	0	0	0	0	0	0	0	0	0	0	0	0	0	0	0	0	0	0	0	0	0	0	0	0	0	0	0	0
CCCD061A7C8B46D3F6CA73B90091BD9D91A5B2375BB55A0F4C6C294B3D11F400.apk	2017-01-19	0.0577	0.0222	0.029	0.0133	0.2881	0.6618	0.0299	0.2097	0	0	0	0	0	0	0	0	0.0113	0.0002	0	0	0.9774	0.9986	1	1	0.0113	0.0012	0	0	0.8382	0.9611	0.8667	0.9936	0.0147	0.0014	0	0	0.0588	0.0189	0.0444	0.0026	0.0147	0.0011	0.0222	0.0009	0	0	0	0	0.0735	0.0175	0.0667	0.003	0.0114	0.0108	0.0002	0.0003	0.9143	0.9535	0.0571	0.0407	0	0	0.0286	0.0058	0	0	0	0	0	0	0	0	0	0	0	0	0.0909	0.0507	0	0	0.8182	0.9355	0.0909	0.0138	0	0
CCE6E1A666851CF0AAC201DF3F8626103CA5AFFD2D21702447B0A7A4D460A219.apk	2017-03-14	0.2857	0	0.2092	0	0	0	0	0	0	0	0	0	0	0	0	0	0	0	0	0	1	1	0	0	0	0	0	0	0	0	0	0	0	0	0	0	0	0	0	0	0	0	0	0	0	0	0	0	0	0	0	0	0	0	0	0	0	0	0	0	0	0	0	0	0	0	0	0	0	0	0	0	0	0	0	0	0	0	0	0	0	0	0	0	0	0
D035E5CF8FAE800076A923C50B019063A3AF2E9E147F989DDBF35114445D0A5F.apk	2017-03-17	0.0592	0.0248	0.0825	0.0111	0.2323	0.7229	0.016	0.5175	0	0	0	0	0	0	0	0	0.0051	0.0004	0	0	0.9798	0.9987	1	1	0.0101	0.0006	0	0	0.8554	0.9074	0.8667	0.9925	0.012	0.0037	0	0	0.0602	0.041	0.0833	0.0053	0.012	0.0019	0.0167	0.0009	0	0	0	0	0.0602	0.0459	0.0333	0.0013	0.0105	0.0108	0.0003	0.0009	0.8857	0.9738	0.0571	0.0157	0.0286	0.0052	0.0286	0.0052	0	0	0	0	0	0	0	0	0	0	0	0	0.0278	0.0041	0.0278	0.0021	0.8333	0.9855	0.1111	0.0083	0	0
D1D9F111511A8A427AFB294D04B70BFFF535C34DA24758F0734170E5C469745E.apk	2017-03-11	0.1442	0.0282	0.0584	0.0057	0.2391	0.5556	0.0203	0.0838	0	0	0	0	0	0	0	0	0	0	0	0	1	1	1	1	0	0	0	0	0.7778	0.5098	0.6	0.5062	0	0	0	0	0.2222	0.4902	0.4	0.4938	0	0	0	0	0	0	0	0	0	0	0	0	0.0063	0.0031	0.0002	0.0002	1	1	0	0	0	0	0	0	0	0	0	0	1	1	0	0	0	0	0	0	0	0	0	0	0	0	0	0	0	0
D2E2A770646E252A56AB47055D15C9289482D796017A70C12FF7B3CC6AA7A158.apk	2017-02-16	0.0987	0.0365	0.1224	0.0244	0.1522	0.7647	0.0815	0.6459	0	0	0	0	0	0	0	0	0	0	0	0	0.9783	0.9925	1	1	0.0217	0.0075	0	0	0.8824	0.7997	0.9231	0.8873	0	0	0	0	0.1176	0.2003	0.0769	0.1127	0	0	0	0	0	0	0	0	0	0	0	0	0.0043	0.0021	0.0012	0.0012	1	1	0	0	0	0	0	0	0	0	0	0	0	0	0	0	0	0	0	0	0	0	0	0	1	1	0	0	0	0
D3DC7B57B09BB79BC37DEB1F188C96F81D7D67889834995C22E911A441341B2C.apk	2017-05-13	0.0936	0.0167	0.2971	0.028	0.1782	0.5	0.0059	0.0289	0	0	0	0	0	0	0	0	0	0	0	0	1	1	1	1	0	0	0	0	0.7778	0.0951	1	1	0.0556	0.0144	0	0	0.0556	0.0024	0	0	0.0556	0.0024	0	0	0	0	0	0	0.0556	0.8857	0	0	0.0222	0.0158	0.0033	0.0276	0.9167	0.9694	0.0833	0.0306	0	0	0	0	0	0	0	0	0	0	0	0	0	0	0	0	0.0588	0.0024	0	0	0.9412	0.9976	0	0	0	0
D4875D733D56A42AE3536267D04F52859ED1BBC25B2C6B8F67727FA1A4114FFE.apk	2017-01-23	0.1402	0.0274	0.0535	0.0021	0.2391	0.5556	0.0083	0.0853	0	0	0	0	0	0	0	0	0	0	0	0	1	1	1	1	0	0	0	0	0.7778	0.4939	0.6	0.5055	0	0	0	0	0.2222	0.5061	0.4	0.4945	0	0	0	0	0	0	0	0	0	0	0	0	0.0061	0.003	0.0001	0.0001	1	1	0	0	0	0	0	0	0	0	0	0	1	1	0	0	0	0	0	0	0	0	0	0	0	0	0	0	0	0
D65D7267AC94BA181EFF462E0268FE6FC666F4A0EBB1C20E252D31A318F96370.apk	2017-03-12	0.0763	0.0209	0.2565	0.0139	0.2374	0.5526	0.0328	0.3145	0	0	0	0	0	0	0	0	0	0	0	0	1	1	1	1	0	0	0	0	0.8158	0.7485	0.8095	0.9472	0.0263	0.0249	0	0	0.0526	0.0465	0.0476	0.0026	0.0263	0.005	0.0476	0.0053	0	0	0	0	0.0789	0.1751	0.0952	0.0449	0.0187	0.0148	0.0033	0.0074	0.9118	0.9861	0.0588	0.0105	0	0	0.0294	0.0035	0	0	0	0	0	0	0	0	0	0	0	0	0.037	0.0031	0	0	0.8889	0.9859	0	0	0.0741	0.0109
D6B5CA39B718E0B7F9091C8B17C5ACF0A2A3C0A1A15BA9A0D05658AE1363F788.apk	2017-03-20	0.0946	0.0586	0.0388	0.0047	0.4048	0.7692	0.0257	0.2619	0	0	0	0	0	0	0	0	0	0	0	0	1	1	1	1	0	0	0	0	0.8077	0.7143	0.8	0.7273	0	0	0	0	0.1154	0.1905	0.15	0.2273	0	0	0	0	0	0	0	0	0.0769	0.0952	0.05	0.0455	0.0203	0.0158	0.004	0.0063	1	1	0	0	0	0	0	0	0	0	0	0	0	0	0	0	0	0	0	0	0	0	0	0	1	1	0	0	0	0
D9A400538516E3E2AEE1476F49983B72B82526DCDBDF7C50F852F5833BF15F12.apk	2017-03-08	0.1384	0.0063	0.0882	0.011	0	0	0	0	0	0	0	0	0.0909	0.0937	0	0	0	0	0	0	0.9091	0.9063	0	0	0	0	0	0	0	0	0	0	0	0	0	0	1	1	0	0	0	0	0	0	0	0	0	0	0	0	0	0	0.0063	0	0	0	0	0	0	0	0	0	1	1	0	0	0	0	0	0	0	0	0	0	0	0	0	0	0	0	0	0	0	0	0	0
DA162FBA647449DD55318D9D2FDC77A4EFE79218CEA54979E27CE798085F3504.apk	2017-03-22	0.0929	0.0122	0.093	0.0081	0.1842	0.6	0.0907	0.4077	0	0	0	0	0	0	0	0	0	0	0	0	1	1	1	1	0	0	0	0	0.6	0.4892	0.6667	0.6118	0	0	0	0	0.4	0.5108	0.3333	0.3882	0	0	0	0	0	0	0	0	0	0	0	0	0.0049	0.0024	0.0013	0.0013	1	1	0	0	0	0	0	0	0	0	0	0	1	1	0	0	0	0	0	0	0	0	0	0	0	0	0	0	0	0
DC1F6BCB66C04973D40CED383825F5F99EFB3F68053B1EB0A97F8A9BA4CDCF24.apk	2017-03-07	0.1131	0.0428	0.0852	0.0197	0.3243	0.9286	0.1072	0.6916	0	0	0	0	0	0	0	0	0	0	0	0	0.973	0.9865	1	1	0.027	0.0135	0	0	0.9286	0.9414	0.9231	0.9167	0	0	0	0	0.0714	0.0586	0.0769	0.0833	0	0	0	0	0	0	0	0	0	0	0	0	0.0061	0.0031	0.0012	0.0012	1	1	0	0	0	0	0	0	0	0	0	0	0	0	0	0	0	0	0	0	1	1	0	0	0	0	0	0	0	0
DCD08C8F4B6D37C96A14C9E8114AD737554AD7E023781BA2C6DD7D8BB58489D1.apk	2017-03-02	0.0992	0.0244	0.0538	0.0074	0.1967	0.7667	0.0158	0.1981	0	0	0	0	0.041	0.0013	0.0417	0.0077	0	0	0	0	0.9426	0.9976	0.9167	0.9846	0.0164	0.0011	0.0417	0.0077	0.7	0.9032	0.6522	0.6978	0.0333	0.0062	0.0435	0.0267	0.1	0.0695	0.087	0.1911	0	0	0	0	0.0333	0.0035	0.0435	0.0133	0.1333	0.0176	0.1739	0.0711	0.0122	0.0089	0.0003	0.0003	0.7333	0.7778	0.1333	0.1778	0.0667	0.0222	0	0	0.0667	0.0222	0	0	0.4545	0.5918	0	0	0	0	0	0	0	0	0	0	0.5455	0.4082	0	0	0	0
DD8FD6654459009AFC2B958F4333CC90C704FED3DAE23DDD190845CF4FC2918A.apk	2017-01-19	0.0987	0.0365	0.1644	0.0222	0.1522	0.7647	0.0437	0.527	0	0	0	0	0	0	0	0	0	0	0	0	0.9783	0.9945	1	1	0.0217	0.0055	0	0	0.8824	0.8378	0.9231	0.8974	0	0	0	0	0.1176	0.1622	0.0769	0.1026	0	0	0	0	0	0	0	0	0	0	0	0	0.0043	0.0021	0.0015	0.0012	1	1	0	0	0	0	0	0	0	0	0	0	0	0	0	0	0	0	0	0	0	0	0	0	1	1	0	0	0	0
DDBB5D8FADD930EBE4B0BDDA5239576D7D1C8BEF8D580220EA9EC4C370E78D2A.apk	2017-03-27	0.0759	0.0207	0.2888	0.0108	0.25	0.5676	0.0172	0.2348	0	0	0	0	0	0	0	0	0	0	0	0	1	1	1	1	0	0	0	0	0.8108	0.576	0.7619	0.9636	0.027	0.019	0	0	0.0541	0.0798	0.0952	0.0081	0.027	0.0057	0.0476	0.0202	0	0	0	0	0.0811	0.3194	0.0952	0.0081	0.019	0.0156	0.002	0.0064	0.9118	0.9799	0.0588	0.0151	0	0	0.0294	0.005	0	0	0	0	0	0	0	0	0	0	0	0	0.0357	0.0032	0	0	0.8571	0.9905	0	0	0.1071	0.0064
DDD9509C2669E62050D359168A6602DF2E6118F61DD7B8ED6C927AFECF91B61B.apk	2017-03-22	0.0585	0.0214	0.1769	0.0166	0.2741	0.6111	0.0494	0.3656	0	0	0	0	0	0	0	0	0.0102	0.0001	0	0	0.9797	0.9998	1	1	0.0102	0.0001	0	0	0.875	0.9038	0.8636	0.9938	0.0139	0.0133	0	0	0.0417	0.0405	0.0682	0.0031	0.0139	0.0023	0.0227	0.0019	0	0	0	0	0.0556	0.04	0.0455	0.0012	0.0116	0.0122	0.0017	0.0036	0.8974	0.9868	0.0513	0.0088	0.0256	0.0022	0.0256	0.0022	0	0	0	0	0	0	0	0	0	0	0	0	0.0488	0.0042	0	0	0.9268	0.9926	0.0244	0.0032	0	0
DE69F7ACDBD926B5A22D8BF402C55040E36D4F3DC48D85F696372A1D5B83A62D.apk	2017-01-10	0.2121	0.0303	0.1638	0.0164	0.4286	1	0.296	0.9851	0	0	0	0	0	0	0	0	0	0	0	0	1	1	1	1	0	0	0	0	0	0	0	0	0	0	0	0	0	0	0	0	0	0	0	0	0	0	0	0	1	1	1	1	0	0	0	0	0	0	0	0	0	0	0	0	0	0	0	0	0	0	0	0	0	0	0	0	0	0	0	0	0	0	0	0	0	0
DEBF147860EAB30C4BA8AD9900DE13E3F653A6D6A952C2C626F548C8F149642C.apk	2017-02-15	0.0571	0.023	0.1531	0.0185	0.2927	0.6364	0.0564	0.3688	0	0	0	0	0	0	0	0	0	0	0	0	1	1	1	1	0	0	0	0	0.8485	0.8855	0.8571	0.992	0.0152	0.0112	0	0	0.0606	0.0427	0.0714	0.0057	0.0152	0.0025	0.0238	0.0011	0	0	0	0	0.0606	0.0581	0.0476	0.0011	0.0132	0.0111	0.0014	0.0031	0.8947	0.9838	0.0526	0.0108	0.0263	0.0027	0.0263	0.0027	0	0	0	0	0	0	0	0	0	0	0	0	0.0938	0.0711	0	0	0.8438	0.8997	0	0	0.0625	0.0292
E18323508DD17074D730D66411C18186E26D46EA87F246396758C9EDB1A21DA0.apk	2017-01-25	0.0983	0.0363	0.1226	0.0243	0.1522	0.7647	0.0858	0.6605	0	0	0	0	0	0	0	0	0	0	0	0	0.9783	0.9927	1	1	0.0217	0.0073	0	0	0.8824	0.8	0.9231	0.8759	0	0	0	0	0.1176	0.2	0.0769	0.1241	0	0	0	0	0	0	0	0	0	0	0	0	0.0043	0.0021	0.0012	0.0012	1	1	0	0	0	0	0	0	0	0	0	0	0	0	0	0	0	0	0	0	0	0	0	0	1	1	0	0	0	0
E3DAD5B519253B2FC3FA9BD9E281C17CDE0F828C489E81C7BC3DE3C2066331A5.apk	2017-01-24	0.0765	0.0055	0.0869	0.0199	0.0714	1	0.0006	0.0028	0	0	0	0	0	0	0	0	0	0	0	0	1	1	1	1	0	0	0	0	0	0	0	0	0	0	0	0	1	1	1	1	0	0	0	0	0	0	0	0	0	0	0	0	0.0109	0.0109	0.0034	0.0034	1	1	0	0	0	0	0	0	0	0	0	0	0	0	0	0	0	0	0	0	0	0	0	0	1	1	0	0	0	0
E4F694B34B34B52BBEB6772EB3CA366522921720E3D286FE142A8B76F421DD22.apk	2017-02-16	0.1294	0.0235	0.0924	0.0194	0.0909	0.5	0.0522	0.2483	0	0	0	0	0	0	0	0	0	0	0	0	1	1	1	1	0	0	0	0	0.5	0.2517	1	1	0	0	0	0	0.5	0.7483	0	0	0	0	0	0	0	0	0	0	0	0	0	0	0.0353	0.0118	0.0099	0.0049	1	1	0	0	0	0	0	0	0	0	0	0	0	0	0	0	0	0	0	0	0	0	0	0	1	1	0	0	0	0
E5E84D4E9891BCEA6A9DB3AFBF7FBD02520953FB6064AA7DF0A51ABF288E8682.apk	2017-02-16	0.0987	0.0365	0.1226	0.0246	0.1522	0.7647	0.0721	0.6304	0	0	0	0	0	0	0	0	0	0	0	0	0.9783	0.9932	1	1	0.0217	0.0068	0	0	0.8824	0.7967	0.9231	0.9113	0	0	0	0	0.1176	0.2033	0.0769	0.0887	0	0	0	0	0	0	0	0	0	0	0	0	0.0043	0.0021	0.0012	0.0012	1	1	0	0	0	0	0	0	0	0	0	0	0	0	0	0	0	0	0	0	0	0	0	0	1	1	0	0	0	0
E71296E524B4183B178B2568BA52A719C2CFCA0D829296EBE3F4D733D6042D2F.apk	2017-02-09	0.1187	0.0801	0.2295	0.0539	0.25	0.7778	0.0611	0.5466	0	0	0	0	0	0	0	0	0	0	0	0	0.975	0.9938	1	1	0.025	0.0062	0	0	0.9259	0.9211	0.9524	0.9523	0	0	0	0	0.0741	0.0789	0.0476	0.0477	0	0	0	0	0	0	0	0	0	0	0	0	0.0059	0.003	0.0014	0.0014	1	1	0	0	0	0	0	0	0	0	0	0	1	1	0	0	0	0	0	0	0	0	0	0	0	0	0	0	0	0
E80CACE44D4EAE2399F77087345171F0D150F4B418D3D5B2BC64A875D618677B.apk	2017-02-16	0.077	0.0293	0.0949	0.0179	0.2476	0.65	0.0442	0.3678	0	0	0	0	0	0	0	0	0.019	0.0075	0	0	0.9714	0.9915	1	1	0.0095	0.001	0	0	0.9	0.9133	0.9231	0.9272	0	0	0	0	0.05	0.073	0.0385	0.0412	0.025	0.0128	0.0385	0.0316	0	0	0	0	0.025	0.0009	0	0	0.0059	0.0103	0.0005	0.0011	1	1	0	0	0	0	0	0	0	0	0	0	0	0	0	0	0	0	0	0	0	0	0	0	1	1	0	0	0	0
E810440239F0E6DB0CBCDB52C73815C40229E4476AC16BEB3F6C57DF0F995D88.apk	2017-03-14	0.0562	0.0243	0.1534	0.0198	0.3125	0.6053	0.0545	0.3461	0	0	0	0	0	0	0	0	0	0	0	0	0.9943	0.9999	1	1	0.0057	0.0001	0	0	0.8684	0.9014	0.8696	0.9921	0.0132	0.0113	0	0	0.0658	0.0462	0.087	0.0067	0.0132	0.0012	0.0217	0.0006	0	0	0	0	0.0395	0.04	0.0217	0.0006	0.0121	0.0128	0.0016	0.0037	0.8947	0.9882	0.0526	0.0071	0.0263	0.0024	0.0263	0.0024	0	0	0	0	0	0	0	0	0	0	0	0	0.075	0.0651	0	0	0.85	0.9317	0.05	0.0021	0.025	0.001
E8920BB0CB906BA95295644624FB84C2045313F9555D96203FE723FB0895DA6F.apk	2017-02-14	0.0557	0.0209	0.0356	0.0345	0.2698	0.6197	0.023	0.0173	0	0	0	0	0	0	0	0	0.0106	0.0002	0	0	0.9788	0.9989	1	1	0.0106	0.001	0	0	0.831	0.9784	0.8409	0.959	0.0141	0.0007	0	0	0.0704	0.011	0.0682	0.0154	0.0141	0.0003	0.0227	0.0085	0	0	0	0	0.0704	0.0096	0.0682	0.0171	0.01	0.0112	0.0002	0.0004	0.9118	0.964	0.0588	0.0315	0	0	0.0294	0.0045	0	0	0	0	0	0	0	0	0	0	0	0	0.0789	0.0515	0	0	0.7895	0.935	0.1053	0.0108	0.0263	0.0027
E9AD0F059888B370B01B9B243FAEC51E7E08C08CD72BB10E980CF3F06E0B782E.apk	2017-03-10	0	0	0	0	0	0	0	0	0	0	0	0	0	0	0	0	0	0	0	0	0	0	0	0	0	0	0	0	0	0	0	0	0	0	0	0	0	0	0	0	0	0	0	0	0	0	0	0	0	0	0	0	0	0	0	0	0	0	0	0	0	0	0	0	0	0	0	0	0	0	0	0	0	0	0	0	0	0	0	0	0	0	0	0	0	0
EABDD6C0BED06C48B0944E3F7C8D4B1B8B1ACE6D983C0B2DDBCA431D8B8F3EF4.apk	2017-02-16	0	0	0	0	0	0	0	0	0	0	0	0	0	0	0	0	0	0	0	0	0	0	0	0	0	0	0	0	0	0	0	0	0	0	0	0	0	0	0	0	0	0	0	0	0	0	0	0	0	0	0	0	0	0	0	0	0	0	0	0	0	0	0	0	0	0	0	0	0	0	0	0	0	0	0	0	0	0	0	0	0	0	0	0	0	0
EAC4016C7C2B2F36A0676DD64D95F453315DB9D28DFC29403E9D5A941EE77768.apk	2017-02-02	0.1442	0.0282	0.0583	0.006	0.2391	0.5556	0.0202	0.0792	0	0	0	0	0	0	0	0	0	0	0	0	1	1	1	1	0	0	0	0	0.7778	0.5396	0.6	0.5079	0	0	0	0	0.2222	0.4604	0.4	0.4921	0	0	0	0	0	0	0	0	0	0	0	0	0.0063	0.0031	0.0002	0.0002	1	1	0	0	0	0	0	0	0	0	0	0	1	1	0	0	0	0	0	0	0	0	0	0	0	0	0	0	0	0
EDE416B521D6BD33BF70953E764172B8114DEE0270F1BA59B581090E353DCE40.apk	2017-02-28	0.1573	0.0187	0.0817	0.0074	0.0714	0.4	0.0105	0.0769	0	0	0	0	0	0	0	0	0	0	0	0	1	1	1	1	0	0	0	0	0.6	0.2308	0	0	0	0	0	0	0.4	0.7692	1	1	0	0	0	0	0	0	0	0	0	0	0	0	0.0075	0.0112	0.0009	0.0011	1	1	0	0	0	0	0	0	0	0	0	0	0	0	0	0	0	0	0	0	0	0	0	0	1	1	0	0	0	0
EF1068E3F0FACECBE151885D6F41478F335C5D7C8CBB1D72F8DADD1C177FE0E0.apk	2017-01-25	0.0987	0.0365	0.1193	0.0263	0.1522	0.7647	0.0716	0.527	0	0	0	0	0	0	0	0	0	0	0	0	0.9783	0.991	1	1	0.0217	0.009	0	0	0.8824	0.8514	0.9231	0.8974	0	0	0	0	0.1176	0.1486	0.0769	0.1026	0	0	0	0	0	0	0	0	0	0	0	0	0.0043	0.0021	0.0018	0.0014	1	1	0	0	0	0	0	0	0	0	0	0	0	0	0	0	0	0	0	0	0	0	0	0	1	1	0	0	0	0
EFE7A271936932E165CBB359167461D87E6AEC95863EFD98948EFD9E19B1BCE1.apk	2017-03-09	0.1131	0.0428	0.0837	0.0194	0.3243	0.9286	0.1097	0.7051	0	0	0	0	0	0	0	0	0	0	0	0	0.973	0.9862	1	1	0.027	0.0138	0	0	0.9286	0.9402	0.9231	0.9167	0	0	0	0	0.0714	0.0598	0.0769	0.0833	0	0	0	0	0	0	0	0	0	0	0	0	0.0061	0.0031	0.0012	0.0012	1	1	0	0	0	0	0	0	0	0	0	0	0	0	0	0	0	0	0	0	1	1	0	0	0	0	0	0	0	0
F0A8BFAD340791DB69740F3BCB2F8A6320129A7AF1E38199D1639979F96355C7.apk	2017-03-20	0.2188	0.0312	0.1591	0.016	0.4286	1	0.2892	0.96	0	0	0	0	0	0	0	0	0	0	0	0	1	1	1	1	0	0	0	0	0	0	0	0	0	0	0	0	0	0	0	0	0	0	0	0	0	0	0	0	1	1	1	1	0	0	0	0	0	0	0	0	0	0	0	0	0	0	0	0	0	0	0	0	0	0	0	0	0	0	0	0	0	0	0	0	0	0
F1B4A1F0D0D66D1F49C6E27C6F4BB55D94C086C950A0CDEB46F2F0AAA15F20A3.apk	2017-03-21	0.1178	0.0517	0.1683	0.0383	0.1707	0.7778	0.1122	0.7624	0	0	0	0	0	0	0	0	0	0	0	0	0.9756	0.9903	1	1	0.0244	0.0097	0	0	0.8889	0.8156	0.9286	0.8741	0	0	0	0	0.1111	0.1844	0.0714	0.1259	0	0	0	0	0	0	0	0	0	0	0	0	0.0057	0.0029	0.002	0.002	1	1	0	0	0	0	0	0	0	0	0	0	0	0	0	0	0	0	0	0	0	0	0	0	1	1	0	0	0	0
F33CA27F36F4C9D2893CA30357C17B831C4CAD0C78A261D14D183E3197B6DE39.apk	2017-05-30	0.0985	0.0126	0.0925	0.0083	0.1795	0.8	0.0902	0.4342	0	0	0	0	0	0	0	0	0	0	0	0	1	1	1	1	0	0	0	0	0.6	0.4938	0.75	0.6343	0	0	0	0	0.4	0.5062	0.25	0.3657	0	0	0	0	0	0	0	0	0	0	0	0	0.0051	0.0025	0.0014	0.0013	1	1	0	0	0	0	0	0	0	0	0	0	1	1	0	0	0	0	0	0	0	0	0	0	0	0	0	0	0	0
F665F2D11D5D814AB849DCBACE68647BB88133C38F63AD57042344EE4F0AA8F7.apk	2017-02-03	0.0777	0.0221	0.2965	0.0111	0.2615	0.5676	0.016	0.2149	0	0	0	0	0	0	0	0	0	0	0	0	1	1	1	1	0	0	0	0	0.8108	0.5542	0.7619	0.9711	0.027	0.0169	0	0	0.0541	0.0666	0.0952	0.0083	0.027	0.0053	0.0476	0.0124	0	0	0	0	0.0811	0.357	0.0952	0.0083	0.0203	0.0161	0.0019	0.0068	0.9118	0.9794	0.0588	0.0155	0	0	0.0294	0.0052	0	0	0	0	0	0	0	0	0	0	0	0	0.037	0.0029	0	0	0.8889	0.9899	0	0	0.0741	0.0072
FB003D48D73352E82E890E56DB56FA3FFAA0F8A14258E8839E4F40FA58A00455.apk	2017-03-04	0.0586	0.0204	0.0631	0.013	0.2579	0.6212	0.0899	0.3125	0	0	0	0	0	0	0	0	0.0105	0.0002	0	0	0.9789	0.9995	1	1	0.0105	0.0003	0	0	0.8485	0.926	0.878	0.9946	0.0152	0.0053	0	0	0.0606	0.0376	0.0488	0.0024	0.0152	0.0016	0.0244	0.0014	0	0	0	0	0.0606	0.0296	0.0488	0.0017	0.0117	0.0096	0.0006	0.0011	0.8947	0.9764	0.0526	0.0189	0.0263	0.0024	0.0263	0.0024	0	0	0	0	0	0	0	0	0	0	0	0	0.0323	0.009	0	0	0.9677	0.991	0	0	0	0
FB51CF488FD0D2741F60A36013321CEEB33925449EA5773F69AB48C7850EF117.apk	2017-02-07	0	0	0	0	0	0	0	0	0	0	0	0	0	0	0	0	0	0	0	0	0	0	0	0	0	0	0	0	0	0	0	0	0	0	0	0	0	0	0	0	0	0	0	0	0	0	0	0	0	0	0	0	0.2222	0.1111	0.168	0.1654	0	0	1	1	0	0	0	0	0	0	0	0	1	1	0	0	0	0	0	0	0	0	0	0	0	0	0	0	0	0
FCEF76604A72A2ECBD15CBE81AC49B710833352D778B8933C728EC4AF8643736.apk	2017-02-17	0.0736	0.0153	0.1643	0.0118	0.2673	0.7381	0.1067	0.5546	0	0	0	0	0	0	0	0	0.0149	0.0014	0	0	0.9604	0.9966	1	1	0.0248	0.0021	0	0	0.881	0.8953	0.9032	0.9724	0.0238	0.0083	0.0323	0.0115	0.0476	0.0351	0.0323	0.0046	0.0238	0.0574	0.0323	0.0115	0	0	0	0	0.0238	0.0038	0	0	0.0109	0.0084	0.0008	0.0009	0.9667	0.8929	0	0	0.0333	0.1071	0	0	0	0	0	0	0	0	0	0	0	0	0	0	0.2174	0.1327	0	0	0.7826	0.8673	0	0	0	0
FE94F09D81F57FD2288C2AA334714CF62E1A847E2DE8E0B3FCF3C1CBEFF307CA.apk	2017-01-19	0.1072	0.0134	0.1185	0.0011	0.025	0.4	0.0006	0.766	0	0	0	0	0	0	0	0	0.05	0.0135	0	0	0.875	0.967	1	1	0.075	0.0196	0	0	0.8	0.9362	1	1	0	0	0	0	0	0	0	0	0.2	0.0638	0	0	0	0	0	0	0	0	0	0	0.0054	0.0027	0.0008	0.0008	1	1	0	0	0	0	0	0	0	0	0	0	1	1	0	0	0	0	0	0	0	0	0	0	0	0	0	0	0	0
FF98C188D55352BB20E3B5B1DC2C76A451327B4B83CD1723DA2482A41083B6CA.apk	2017-03-04	0.142	0.0278	0.0629	0.004	0.2391	0.5556	0.012	0.0771	0	0	0	0	0	0	0	0	0	0	0	0	1	1	1	1	0	0	0	0	0.7778	0.5535	0.6	0.5088	0	0	0	0	0.2222	0.4465	0.4	0.4912	0	0	0	0	0	0	0	0	0	0	0	0	0.0062	0.0031	0.0002	0.0002	1	1	0	0	0	0	0	0	0	0	0	0	1	1	0	0	0	0	0	0	0	0	0	0	0	0	0	0	0	0
FFBCC04C11DBB6CC220A365236CD834E08F7A480E736DF55E4D2E7D7A2EC1615.apk	2017-01-19	0.0987	0.0365	0.1226	0.0244	0.1522	0.7647	0.0861	0.65	0	0	0	0	0	0	0	0	0	0	0	0	0.9783	0.9929	1	1	0.0217	0.0071	0	0	0.8824	0.7956	0.9231	0.8731	0	0	0	0	0.1176	0.2044	0.0769	0.1269	0	0	0	0	0	0	0	0	0	0	0	0	0.0043	0.0021	0.0012	0.0012	1	1	0	0	0	0	0	0	0	0	0	0	0	0	0	0	0	0	0	0	0	0	0	0	1	1	0	0	0	0
