com.jb.gokeyboard.theme.twkeyboardforhtconem8	0.9551	0.0016	0	0	0	0	0.0242	0	0.0191	0.0598	0.0109	0.9293	0.0472	0.0062	0.9466	0.0191	0.0016	0.9792	0.0191	0.0016	0.9792	0.7778	0	0.2222	0	0.997	0	0.003	0
com.erkanyilmaz.namazvakitleri	0	0	0	0.0012	0.0037	0	0.8995	0	0.0956	0.1591	0.4261	0.4148	0.2556	0.4283	0.3161	0.0957	0.004	0.9003	0.0957	0.004	0.9003	0.7778	0.2222	0	0	0.7963	0.2037	0	0
com.jb.gokeyboard.theme.twkeyboardforsonyxperiaz	0.9559	0.0016	0	0	0	0	0.0238	0	0.0188	0.0598	0.0109	0.9293	0.0472	0.0062	0.9466	0.0188	0.0016	0.9796	0.0188	0.0016	0.9796	0.7778	0	0.2222	0	0.9966	0	0.0034	0
com.monsta.imagenscomfrasesdecarinho	0	0	0	0.7818	0.2	0	0.0182	0	0	0.0417	0.25	0.7083	0.0217	0.3261	0.6522	0	0.2001	0.7999	0	0.2038	0.7962	0	0	0	0	0	0	0	0
com.aob	0.994	0	0	0	0	0	0.0053	0	0.0007	0.1424	0.0222	0.8354	0.1201	0.0123	0.8677	0.0008	0	0.9992	0.0008	0	0.9992	0.5	0	0.5	0	0.9998	0	0.0002	0
com.seazon.fo	0	0	0	0.309	0.0024	0.0023	0.5633	0.0021	0.1208	0.3418	0.019	0.6392	0.4026	0.0427	0.5547	0.1233	0.0046	0.8721	0.1233	0.0046	0.8721	1	0	0	0	1	0	0	0
ru.evgajukov.mobile.circassian.activity	0.0291	0	0	0.5864	0.3731	0.0003	0.0066	0.0024	0.002	0.1463	0.1626	0.6911	0.1117	0.3665	0.5218	0.003	0.3755	0.6216	0.003	0.3757	0.6214	1	0	0	0	1	0	0	0
fi.android.takealot	0.0914	0	0	0.5322	0.3379	0	0.014	0.0244	0	0.0105	0.5368	0.4526	0.0184	0.5521	0.4294	0	0.3625	0.6375	0	0.3625	0.6375	0	0	0	1	0	0	0	1
net.samham.electricity	0.7851	0	0	0.0462	0.036	0	0.1023	0	0.0305	0.0767	0.1397	0.7836	0.0673	0.185	0.7478	0.0305	0.0362	0.9333	0.0307	0.0364	0.933	0.5	0	0.25	0.25	0.9799	0	0.0058	0.0143
com.neurondevelopments.levelsaid	0.9818	0	0	0	0	0	0.0143	0	0.0039	0.047	0	0.953	0.0335	0	0.9665	0.0084	0	0.9916	0.0084	0	0.9916	0.6	0	0.4	0	0.8857	0	0.1143	0
com.confidly.confidly	0	0	0	0	0	0	0.9948	0	0.0052	0.2727	0	0.7273	0.32	0	0.68	0.0242	0	0.9758	0.0242	0	0.9758	1	0	0	0	1	0	0	0
com.sports.cricket.schedule	0	0	0	0.0006	0.0006	0	0.9924	0.0038	0.0025	0.2414	0.069	0.6897	0.22	0.06	0.72	0.0092	0.0061	0.9847	0.0092	0.0061	0.9847	1	0	0	0	1	0	0	0
pl.plksa.RozkladJazdy	0.9997	0.0002	0	0	0	0	0.0001	0	0	0.0073	0.0365	0.9562	0.0038	0.0134	0.9828	0	0.0002	0.9998	0	0.0002	0.9998	0.5	0	0.5	0	0.9943	0	0.0057	0
com.telerik.GoogleLinks	0.9973	0.0017	0	0.0001	0	0	0.0008	0	0	0.0077	0.0462	0.9462	0.0042	0.017	0.9788	0	0.0018	0.9982	0	0.0018	0.9982	0.4286	0	0.5714	0	0.9596	0	0.0404	0
com.tobykurien.webapps	0.9012	0.0015	0	0.0395	0.0102	0.0002	0.0333	0.003	0.0111	0.0573	0.1847	0.758	0.053	0.1355	0.8115	0.0123	0.0177	0.9701	0.0123	0.0177	0.97	1	0	0	0	1	0	0	0
rfh.sa.yoviajo	0.6112	0.0018	0.0003	0.2314	0.1139	0	0.0277	0.0047	0.009	0.0423	0.0387	0.919	0.0329	0.0669	0.9002	0.0094	0.1203	0.8704	0.0094	0.1203	0.8703	0.7143	0	0	0.2857	0.9394	0	0	0.0606
vn.com.vng.phim123	0.2085	0	0	0.1082	0.027	0	0.5151	0.0181	0.1232	0.26	0.06	0.68	0.271	0.0748	0.6542	0.1233	0.0451	0.8316	0.1233	0.0451	0.8316	0	0	0.5	0.5	0	0	0.0124	0.9876
com.jb.gokeyboard.theme.tmebluefancy	0.9561	0.0016	0	0	0	0	0.0238	0	0.0184	0.0598	0.0109	0.9293	0.0472	0.0062	0.9466	0.0184	0.0016	0.9799	0.0185	0.0017	0.9799	0.7778	0	0.2222	0	0.9964	0	0.0036	0
org.freeandroidtools.root_checker	0.9943	0	0.0003	0	0	0	0.0054	0	0	0.0113	0	0.9887	0.0083	0	0.9917	0.0017	0	0.9983	0.0017	0	0.9983	1	0	0	0	1	0	0	0
com.vaishnavism.vishnusahasranaamam.english	0	0	0	0	0	0	0.8909	0	0.1091	0.1765	0	0.8235	0.2353	0	0.7647	0.1092	0	0.8908	0.1092	0	0.8908	1	0	0	0	1	0	0	0
com.mobisoft.morhipo	0.9137	0.0013	0	0.0438	0.0333	0	0.007	0.0009	0	0.0056	0.2682	0.7263	0.0046	0.2092	0.7862	0	0.0357	0.9643	0	0.0357	0.9643	0	0.1667	0.5	0.3333	0	0.0223	0.1306	0.8471
com.sbgapps.scoreit	0.8882	0.0009	0.001	0.04	0.0313	0	0.0211	0.0037	0.0138	0.0971	0.062	0.8409	0.0723	0.0705	0.8572	0.0172	0.0373	0.9455	0.0172	0.0373	0.9455	1	0	0	0	1	0	0	0
fr.easytouseapps.calcloan	0.9507	0	0	0	0	0	0.0379	0	0.0113	0.0746	0	0.9254	0.0507	0	0.9493	0.0114	0	0.9886	0.0114	0	0.9886	0.7143	0	0.2857	0	0.9702	0	0.0298	0
com.katz.rexall	0.9944	0.0001	0	0.0055	0	0	0	0	0	0.0085	0.0256	0.9658	0.0039	0.0118	0.9843	0	0.0001	0.9999	0	0.0001	0.9999	0.4286	0	0.5714	0	0.9897	0	0.0103	0
cz.lidovky.mobil	0	0	0	0	0	0	0.9976	0	0.0024	0.25	0	0.75	0.2571	0	0.7429	0.0051	0	0.9949	0.0051	0	0.9949	1	0	0	0	1	0	0	0
com.nilhcem.hostseditor	0	0	0	0.6666	0.2276	0.0068	0.0216	0.0421	0.0353	0.1087	0.4348	0.4565	0.1163	0.4419	0.4419	0.0422	0.2699	0.688	0.0422	0.2699	0.688	0	0	0	0	0	0	0	0
com.gerbes.mobile	0.008	0	0	0.5517	0.4398	0	0	0.0005	0	0.004	0.6426	0.3534	0.0016	0.6519	0.3465	0.0004	0.4889	0.5107	0.0004	0.4889	0.5107	0	0	0	1	0	0	0	1
de.androidsolutions.bistum.wbg	0.0028	0	0	0.9179	0.0764	0.0001	0.0021	0.0004	0.0004	0.0431	0.3966	0.5603	0.025	0.4321	0.5429	0.0008	0.0806	0.9186	0.0008	0.0806	0.9186	1	0	0	0	1	0	0	0
com.dooblou.WiFiFileExplorer	0.757	0	0	0.0406	0.0422	0	0.144	0	0.0162	0.0155	0.0206	0.9639	0.0159	0.0278	0.9563	0.0162	0.0422	0.9416	0.0163	0.0423	0.9415	0.6	0	0.4	0	0.9862	0	0.0138	0
de.appinside.devcenter.yltw63	0.0451	0	0	0.3544	0.5888	0.0002	0.0059	0.0023	0.0033	0.0769	0.263	0.66	0.0597	0.2963	0.644	0.0057	0.5793	0.4149	0.0057	0.5793	0.4149	0.7143	0	0	0.2857	0.9655	0	0	0.0345
de.androidsolutions.bistum.wbg	0.0014	0	0	0.9451	0.0516	0.0001	0.0013	0.0002	0.0002	0.045	0.3964	0.5586	0.0228	0.4411	0.5361	0.0009	0.062	0.9371	0.0009	0.0621	0.937	1	0	0	0	1	0	0	0
com.socrative.teacher	0	0	0	0	0	0	0.993	0	0.007	0.1333	0	0.8667	0.1935	0	0.8065	0.0095	0	0.9905	0.0095	0	0.9905	1	0	0	0	1	0	0	0
com.triveous.recorder	0.04	0.0002	0	0.3421	0.5925	0	0.0149	0.0019	0.0084	0.0661	0.4545	0.4793	0.0625	0.5391	0.3984	0.0142	0.5886	0.3972	0.0142	0.5886	0.3972	0.6	0	0	0.4	0.4211	0	0	0.5789
de.androidsolutions.bistum.wbg	0	0	0	0.9307	0.0642	0	0.0051	0	0	0.0323	0.3548	0.6129	0.027	0.4459	0.527	0.003	0.1066	0.8904	0.003	0.1066	0.8904	0	0	0	0	0	0	0	0
com.dooblou.WiFiFileExplorer	0.7518	0	0	0.0414	0.0431	0	0.1471	0	0.0166	0.0155	0.0206	0.9639	0.0159	0.0278	0.9563	0.0166	0.0431	0.9403	0.0166	0.0432	0.9402	0.6	0	0.4	0	0.9901	0	0.0099	0
de.appinside.devcenter.yltw63	0.0679	0	0	0.3774	0.5254	0.0004	0.0172	0.0041	0.0076	0.0907	0.3241	0.5852	0.0751	0.3623	0.5626	0.01	0.5245	0.4655	0.01	0.5245	0.4655	0.5	0	0.3	0.2	0.9402	0	0.0279	0.0319
de.androidsolutions.bistum.wbg	0.0021	0	0	0.9236	0.0723	0	0.0016	0.0002	0.0002	0.0342	0.3932	0.5726	0.0175	0.4386	0.5439	0.0003	0.0751	0.9245	0.0003	0.0752	0.9245	1	0	0	0	1	0	0	0
com.socrative.teacher	0	0	0	0	0	0	0.9911	0	0.0089	0.1176	0	0.8824	0.1765	0	0.8235	0.0101	0	0.9899	0.0101	0	0.9899	1	0	0	0	1	0	0	0
com.triveous.recorder	0.0017	0	0	0.2803	0.7152	0	0.0017	0.0002	0.0009	0.0339	0.5869	0.3792	0.0356	0.6422	0.3222	0.0013	0.7146	0.2841	0.0013	0.7146	0.2841	0.25	0	0.5	0.25	0.375	0	0.2083	0.4167
com.jb.gokeyboard.theme.twkeyboardforhtconem8	0.9561	0.0017	0	0	0	0	0.0235	0	0.0187	0.0598	0.0109	0.9293	0.0472	0.0062	0.9466	0.0187	0.0017	0.9796	0.0188	0.0017	0.9796	0.7778	0	0.2222	0	0.9964	0	0.0036	0
com.erkanyilmaz.namazvakitleri	0	0	0	0	0	0	0.9118	0	0.0882	0.2716	0	0.7284	0.4475	0	0.5525	0.0883	0	0.9117	0.0883	0	0.9117	0.6667	0.3333	0	0	0.8926	0.1074	0	0
com.jb.gokeyboard.theme.twkeyboardforsonyxperiaz	0.9633	0.0026	0	0	0	0	0.0179	0	0.0162	0.0598	0.0109	0.9293	0.0472	0.0062	0.9466	0.0162	0.0026	0.9812	0.0163	0.0026	0.9811	0.7778	0	0.2222	0	0.9886	0	0.0114	0
com.monsta.imagenscomfrasesdecarinho	0	0	0	0.7818	0.2	0	0.0182	0	0	0.0417	0.25	0.7083	0.0217	0.3261	0.6522	0	0.2001	0.7999	0	0.2038	0.7962	0	0	0	0	0	0	0	0
com.aob	0.912	0	0	0.0051	0.0016	0	0.0588	0.0004	0.0221	0.0754	0.0352	0.8894	0.0854	0.0211	0.8936	0.0271	0.0036	0.9693	0.0272	0.0036	0.9693	0.5	0	0.5	0	0.9799	0	0.0201	0
com.seazon.fo	0	0	0	0.3513	0.0024	0.0023	0.5278	0.0022	0.114	0.3312	0.0195	0.6494	0.3985	0.041	0.5605	0.1164	0.0046	0.879	0.1164	0.0046	0.879	1	0	0	0	1	0	0	0
ru.evgajukov.mobile.circassian.activity	0.0343	0	0	0.5821	0.3693	0.0003	0.0096	0.0023	0.0022	0.1719	0.1562	0.6719	0.1267	0.3525	0.5207	0.003	0.3715	0.6255	0.003	0.3717	0.6253	1	0	0	0	1	0	0	0
fi.android.takealot	0.0931	0	0	0.5311	0.3368	0	0.0143	0.0247	0	0.0105	0.5368	0.4526	0.0184	0.5521	0.4294	0	0.3616	0.6384	0	0.3616	0.6384	0	0	0	1	0	0	0	1
net.samham.electricity	0.7803	0	0	0.0467	0.0353	0	0.1065	0	0.0313	0.0743	0.1645	0.7613	0.0645	0.1893	0.7463	0.0314	0.0355	0.9331	0.0315	0.0357	0.9328	0.5	0	0.25	0.25	0.9795	0	0.0061	0.0143
com.neurondevelopments.levelsaid	0.9664	0	0	0	0	0	0.0252	0	0.0084	0.0891	0	0.9109	0.1067	0	0.8933	0.0085	0	0.9915	0.0085	0	0.9915	0.7	0	0.3	0	0.9769	0	0.0231	0
com.confidly.confidly	0	0	0	0	0	0	0.9995	0	0.0005	0.25	0	0.75	0.3	0	0.7	0.0012	0	0.9988	0.0012	0	0.9988	1	0	0	0	1	0	0	0
com.sports.cricket.schedule	0	0	0	0.0003	0.0003	0	0.9848	0.0079	0.0067	0.2353	0.0588	0.7059	0.2258	0.0484	0.7258	0.0105	0.0088	0.9807	0.0105	0.0088	0.9807	1	0	0	0	1	0	0	0
pl.plksa.RozkladJazdy	0.9992	0.0005	0	0	0	0	0.0003	0	0	0.0074	0.0368	0.9559	0.0039	0.0137	0.9824	0	0.0005	0.9995	0	0.0005	0.9995	0.5	0	0.5	0	0.9858	0	0.0142	0
com.telerik.GoogleLinks	0.9973	0.0019	0	0.0001	0	0	0.0007	0	0	0.0078	0.0465	0.9457	0.0043	0.0172	0.9784	0	0.002	0.998	0	0.002	0.998	0.4286	0	0.5714	0	0.9607	0	0.0393	0
com.tobykurien.webapps	0.7629	0.0022	0	0.1055	0.0459	0.0001	0.0548	0.0039	0.0248	0.0473	0.2275	0.7252	0.0488	0.1882	0.763	0.0274	0.0663	0.9063	0.0274	0.0665	0.9061	0.8571	0	0.1429	0	0.9981	0	0.0019	0
rfh.sa.yoviajo	0.6084	0.0018	0.0003	0.2339	0.1143	0	0.0277	0.0045	0.0091	0.0423	0.0387	0.919	0.0339	0.0667	0.8994	0.0094	0.1205	0.8701	0.0094	0.1205	0.8701	0.7143	0	0	0.2857	0.9385	0	0	0.0615
vn.com.vng.phim123	0.2098	0	0	0.1091	0.0273	0	0.5107	0.0182	0.1249	0.2778	0.0556	0.6667	0.2832	0.0708	0.646	0.1251	0.0455	0.8294	0.1251	0.0455	0.8294	0	0	0.5	0.5	0	0	0.0098	0.9902
com.jb.gokeyboard.theme.tmebluefancy	0.9564	0.0016	0	0	0	0	0.0234	0	0.0186	0.0598	0.0109	0.9293	0.0472	0.0062	0.9466	0.0186	0.0016	0.9798	0.0186	0.0016	0.9798	0.7778	0	0.2222	0	0.9962	0	0.0038	0
org.freeandroidtools.root_checker	0.9966	0	0.0002	0	0	0	0.0033	0	0	0.0075	0	0.9925	0.0061	0	0.9939	0.0006	0	0.9994	0.0006	0	0.9994	1	0	0	0	1	0	0	0
com.vaishnavism.vishnusahasranaamam.english	0	0	0	0	0	0	0.9431	0	0.0569	0.1765	0	0.8235	0.2353	0	0.7647	0.0569	0	0.9431	0.0569	0	0.9431	1	0	0	0	1	0	0	0
com.mobisoft.morhipo	0.9219	0.0012	0	0.04	0.0298	0	0.0062	0.0008	0	0.0056	0.2682	0.7263	0.0046	0.2092	0.7862	0	0.032	0.968	0	0.032	0.968	0	0.1667	0.5	0.3333	0	0.0122	0.1201	0.8677
com.jb.gokeyboard.theme.tmepinkkeyboardpersonalization	0.9579	0.0015	0	0	0	0	0.0228	0	0.0178	0.0598	0.0109	0.9293	0.0472	0.0062	0.9466	0.0179	0.0015	0.9807	0.0179	0.0015	0.9806	0.7778	0	0.2222	0	0.9969	0	0.0031	0
com.sbgapps.scoreit	0.9546	0.0002	0.0014	0.0118	0.0063	0	0.0145	0.0025	0.0087	0.0404	0.0515	0.9081	0.0327	0.0288	0.9385	0.0124	0.0109	0.9767	0.0124	0.0109	0.9767	1	0	0	0	1	0	0	0
fr.easytouseapps.calcloan	0.9513	0	0	0	0	0	0.0375	0	0.0112	0.0746	0	0.9254	0.0507	0	0.9493	0.0112	0	0.9888	0.0112	0	0.9888	0.7143	0	0.2857	0	0.9667	0	0.0333	0
com.katz.rexall	0.9995	0.0001	0	0.0004	0	0	0	0	0	0.0083	0.025	0.9667	0.0039	0.0117	0.9844	0	0.0001	0.9999	0	0.0001	0.9999	0.4286	0	0.5714	0	0.9933	0	0.0067	0
cz.lidovky.mobil	0	0	0	0	0	0	0.9993	0	0.0007	0.2727	0	0.7273	0.2593	0	0.7407	0.0031	0	0.9969	0.0031	0	0.9969	1	0	0	0	1	0	0	0
com.nilhcem.hostseditor	0	0	0	0.6669	0.2277	0.0067	0.0216	0.0419	0.0352	0.1087	0.4348	0.4565	0.1163	0.4419	0.4419	0.0419	0.2697	0.6884	0.0419	0.2697	0.6884	0	0	0	0	0	0	0	0
com.gerbes.mobile	0.0093	0	0	0.5143	0.4759	0	0	0.0004	0	0.0042	0.6333	0.3625	0.0017	0.654	0.3444	0.0003	0.5124	0.4872	0.0003	0.5124	0.4872	0	0	0	1	0	0	0	1
de.androidsolutions.bistum.wbg	0.0015	0	0	0.9368	0.0591	0	0.0021	0.0002	0.0002	0.0435	0.2717	0.6848	0.0249	0.3831	0.592	0.0008	0.0663	0.9329	0.0008	0.0663	0.9329	1	0	0	0	1	0	0	0
com.dooblou.WiFiFileExplorer	0.7571	0	0	0.0406	0.0422	0	0.144	0	0.0162	0.0155	0.0206	0.9639	0.0159	0.0278	0.9563	0.0162	0.0422	0.9416	0.0162	0.0423	0.9415	0.6	0	0.4	0	0.9887	0	0.0113	0
de.appinside.devcenter.yltw63	0.0834	0	0	0.3652	0.5233	0.0008	0.0156	0.0035	0.0082	0.0845	0.3627	0.5528	0.0645	0.4194	0.5161	0.0146	0.516	0.4694	0.0146	0.516	0.4694	0.6	0	0	0.4	0.6667	0	0	0.3333
de.androidsolutions.bistum.wbg	0.0032	0	0	0.9349	0.059	0.0001	0.0019	0.0004	0.0005	0.0515	0.2887	0.6598	0.031	0.3805	0.5885	0.0009	0.0627	0.9364	0.0009	0.0627	0.9364	1	0	0	0	1	0	0	0
com.socrative.teacher	0	0	0	0	0	0	0.9932	0	0.0068	0.1176	0	0.8824	0.1765	0	0.8235	0.0082	0	0.9918	0.0082	0	0.9918	1	0	0	0	1	0	0	0
com.triveous.recorder	0	0	0	0.3195	0.6433	0	0.0186	0.0031	0.0155	0.0769	0.4936	0.4295	0.0895	0.5794	0.3311	0.0232	0.6395	0.3373	0.0232	0.6395	0.3373	0	0	0	1	0	0	0	1
com.jb.gokeyboard.theme.twkeyboardforhtconem8	0.9568	0.0015	0	0	0	0	0.0235	0	0.0183	0.0598	0.0109	0.9293	0.0472	0.0062	0.9466	0.0183	0.0015	0.9802	0.0183	0.0015	0.9802	0.7778	0	0.2222	0	0.9967	0	0.0033	0
com.erkanyilmaz.namazvakitleri	0	0	0	0	0	0	0.9192	0	0.0808	0.2895	0	0.7105	0.4575	0	0.5425	0.0808	0	0.9192	0.0808	0	0.9192	0.6667	0.3333	0	0	0.9221	0.0779	0	0
com.jb.gokeyboard.theme.twkeyboardforsonyxperiaz	0.9558	0.0016	0	0	0	0	0.024	0	0.0186	0.0598	0.0109	0.9293	0.0472	0.0062	0.9466	0.0186	0.0016	0.9798	0.0186	0.0016	0.9797	0.7778	0	0.2222	0	0.9968	0	0.0032	0
com.monsta.imagenscomfrasesdecarinho	0	0	0	0.7818	0.2	0	0.0182	0	0	0.0417	0.25	0.7083	0.0217	0.3261	0.6522	0	0.2001	0.7999	0	0.2038	0.7962	0	0	0	0	0	0	0	0
com.aob	0.9918	0	0	0.0002	0.0001	0	0.0067	0	0.0013	0.1075	0.0251	0.8674	0.0895	0.0138	0.8967	0.0017	0.0001	0.9982	0.0017	0.0001	0.9982	0.5	0	0.5	0	0.9992	0	0.0008	0
com.seazon.fo	0	0	0	0.3259	0.0025	0.0025	0.5487	0.0021	0.1183	0.3618	0.0197	0.6184	0.4186	0.0322	0.5492	0.1209	0.0046	0.8744	0.1209	0.0046	0.8744	1	0	0	0	1	0	0	0
ru.evgajukov.mobile.circassian.activity	0.0345	0	0	0.51	0.3108	0.0003	0.1312	0.0046	0.0087	0.1368	0.1538	0.7094	0.0902	0.3634	0.5464	0.0116	0.317	0.6714	0.0117	0.3171	0.6712	1	0	0	0	1	0	0	0
fi.android.takealot	0.0931	0	0	0.5312	0.3366	0	0.0143	0.0247	0	0.0105	0.5368	0.4526	0.0184	0.5521	0.4294	0	0.3614	0.6386	0	0.3614	0.6386	0	0	0	1	0	0	0	1
net.samham.electricity	0.1894	0	0	0.6454	0.0856	0.0004	0.0609	0.0009	0.0175	0.0542	0.2108	0.7349	0.0533	0.2132	0.7335	0.023	0.1046	0.8724	0.023	0.1046	0.8724	0.6667	0	0	0.3333	0.9677	0	0	0.0323
com.neurondevelopments.levelsaid	0.9244	0	0	0.0091	0.0205	0	0.0368	0.0003	0.0089	0.0876	0.2949	0.6175	0.1139	0.2545	0.6316	0.0093	0.0216	0.9691	0.0093	0.0216	0.9691	0.8	0	0.2	0	0.975	0	0.025	0
com.confidly.confidly	0	0	0	0	0	0	0.9998	0	0.0002	0.25	0	0.75	0.3	0	0.7	0.0006	0	0.9994	0.0006	0	0.9994	1	0	0	0	1	0	0	0
com.sports.cricket.schedule	0	0	0	0.0018	0.0018	0	0.9786	0.0107	0.0071	0.2414	0.069	0.6897	0.22	0.06	0.72	0.0245	0.0163	0.9592	0.0245	0.0163	0.9592	1	0	0	0	1	0	0	0
pl.plksa.RozkladJazdy	0.9993	0.0004	0	0	0	0	0.0003	0	0	0.0074	0.0368	0.9559	0.0039	0.0135	0.9826	0	0.0004	0.9996	0	0.0004	0.9996	0.5	0	0.5	0	0.9867	0	0.0133	0
com.telerik.GoogleLinks	0.9976	0.0016	0	0.0001	0	0	0.0007	0	0	0.0076	0.0458	0.9466	0.0042	0.0169	0.9789	0	0.0016	0.9984	0	0.0016	0.9984	0.4286	0	0.5714	0	0.9624	0	0.0376	0
com.tobykurien.webapps	0.8038	0.0031	0	0.0983	0.0164	0.0003	0.054	0.0059	0.0181	0.0565	0.2678	0.6758	0.0509	0.2278	0.7212	0.0186	0.0267	0.9547	0.0186	0.0267	0.9546	0.7778	0	0.2222	0	0.9993	0	0.0007	0
rfh.sa.yoviajo	0.6098	0.0018	0.0003	0.2333	0.1139	0	0.0276	0.0044	0.0088	0.0423	0.0387	0.919	0.0329	0.0669	0.9002	0.0092	0.12	0.8708	0.0092	0.1201	0.8707	0.7143	0	0	0.2857	0.9378	0	0	0.0622
vn.com.vng.phim123	0.2103	0	0	0.1091	0.0273	0	0.5106	0.0182	0.1246	0.2778	0.0556	0.6667	0.2832	0.0708	0.646	0.1247	0.0455	0.8298	0.1247	0.0455	0.8298	0	0	0.5	0.5	0	0	0.0057	0.9943
com.jb.gokeyboard.theme.tmebluefancy	0.9566	0.0017	0	0	0	0	0.0233	0	0.0184	0.0598	0.0109	0.9293	0.0472	0.0062	0.9466	0.0184	0.0017	0.9798	0.0185	0.0018	0.9798	0.7778	0	0.2222	0	0.9955	0	0.0045	0
org.freeandroidtools.root_checker	0.9851	0	0	0	0	0	0.0149	0	0	0.0115	0	0.9885	0.0139	0	0.9861	0.0052	0	0.9948	0.0052	0	0.9948	1	0	0	0	1	0	0	0
com.vaishnavism.vishnusahasranaamam.english	0	0	0	0	0	0	0.9292	0	0.0708	0.1765	0	0.8235	0.2353	0	0.7647	0.071	0	0.929	0.071	0	0.929	1	0	0	0	1	0	0	0
com.mobisoft.morhipo	0.9285	0.0011	0	0.0367	0.0268	0	0.0062	0.0007	0	0.0056	0.2682	0.7263	0.0046	0.2092	0.7862	0	0.0288	0.9712	0	0.0288	0.9712	0	0.1667	0.5	0.3333	0	0.0164	0.1225	0.8611
com.jb.gokeyboard.theme.tmepinkkeyboardpersonalization	0.9562	0.0015	0	0	0	0	0.0235	0	0.0187	0.0598	0.0109	0.9293	0.0472	0.0062	0.9466	0.0188	0.0016	0.9797	0.0188	0.0016	0.9797	0.7778	0	0.2222	0	0.9965	0	0.0035	0
com.sbgapps.scoreit	0.8696	0.0018	0.0014	0.046	0.0351	0	0.0228	0.0038	0.0196	0.0579	0.0579	0.8842	0.0407	0.0397	0.9196	0.0241	0.0405	0.9354	0.0242	0.0405	0.9353	1	0	0	0	1	0	0	0
fr.easytouseapps.calcloan	0.9521	0	0	0	0	0	0.0368	0	0.011	0.0746	0	0.9254	0.0507	0	0.9493	0.011	0	0.989	0.011	0	0.989	0.7143	0	0.2857	0	0.9623	0	0.0377	0
com.katz.rexall	0.9994	0.0001	0	0.0005	0	0	0	0	0	0.0084	0.0252	0.9664	0.0039	0.0135	0.9827	0	0.0001	0.9999	0	0.0001	0.9999	0.4286	0	0.5714	0	0.9912	0	0.0088	0
cz.lidovky.mobil	0	0	0	0	0	0	0.9992	0	0.0008	0.2727	0	0.7273	0.2593	0	0.7407	0.0036	0	0.9964	0.0036	0	0.9964	1	0	0	0	1	0	0	0
com.nilhcem.hostseditor	0	0	0	0.6666	0.2275	0.0069	0.0214	0.0422	0.0353	0.1087	0.4348	0.4565	0.1163	0.4419	0.4419	0.0423	0.2698	0.6879	0.0423	0.2698	0.6879	0	0	0	0	0	0	0	0
com.gerbes.mobile	0.004	0	0	0.5679	0.4274	0.0003	0	0.0003	0	0.0033	0.6852	0.3115	0.0025	0.6717	0.3258	0.0008	0.4796	0.5196	0.0008	0.4796	0.5196	0.1667	0	0.3333	0.5	0.0164	0	0.0656	0.918
com.generalgoodswholesale.customerapp	0.9854	0.0109	0	0	0	0	0.0037	0	0	0.0093	0.028	0.9626	0.0079	0.0132	0.9789	0	0.0109	0.9891	0	0.0109	0.9891	0.5714	0	0.4286	0	0.9745	0	0.0255	0
de.gautzsch.fif	0.9999	0	0	0	0	0	0	0	0	0.0088	0.0439	0.9474	0.0049	0.0171	0.978	0	0	1	0	0	1	0.5	0	0.5	0	0.9983	0	0.0017	0
es.aena.mobile	0.9201	0.0023	0	0.0571	0.0113	0	0.0092	0	0	0.0103	0.0825	0.9072	0.0074	0.0556	0.937	0	0.0137	0.9863	0	0.0137	0.9863	0.5	0.3333	0.1667	0	0.7723	0.1902	0.0374	0
at.generalsolutions.contwise.maps.hotel_elite_seefeld	0.9721	0.0053	0	0.0109	0.0116	0	0.0002	0	0	0.0063	0.1266	0.8671	0.0032	0.159	0.8378	0	0.0171	0.9829	0	0.0171	0.9829	0.6	0	0.4	0	0.9881	0	0.0119	0
com.dooblou.WiFiFileExplorer	0.7791	0	0	0.0318	0.0334	0	0.1398	0	0.0159	0.0166	0.011	0.9724	0.017	0.0212	0.9618	0.0159	0.0334	0.9507	0.0159	0.0334	0.9507	0.75	0	0.25	0	0.9946	0	0.0054	0
at.generalsolutions.contwise.maps.sporthotel_exclusive	0.9667	0.0052	0	0.0137	0.0141	0	0.0002	0	0	0.0061	0.1104	0.8834	0.0031	0.144	0.853	0	0.0195	0.9805	0	0.0195	0.9805	0.5	0	0.5	0	0.9867	0	0.0133	0
com.sportfusion.asports.seahawks	0.9819	0	0	0.0109	0.0036	0	0	0.0036	0	0.0145	0.029	0.9565	0.0057	0.017	0.9773	0	0.0073	0.9927	0	0.0073	0.9927	0	0	0	1	0	0	0	1
de.appinside.devcenter.yltw63	0.7298	0	0.0016	0.0779	0.1635	0.0001	0.019	0.0012	0.0069	0.1248	0.2912	0.584	0.1162	0.2502	0.6336	0.0097	0.1657	0.8245	0.0097	0.1657	0.8245	0.6667	0	0	0.3333	0.9995	0	0	0.0005
com.tonado.boli.hiper	0.964	0	0	0	0	0	0.0308	0	0.0052	0.0378	0	0.9622	0.0269	0	0.9731	0.0053	0	0.9947	0.0053	0	0.9947	1	0	0	0	1	0	0	0
com.mobilejazz.urology	0.8847	0.0007	0	0.0881	0.0265	0	0	0	0	0.0079	0.1102	0.8819	0.0046	0.065	0.9304	0	0.0272	0.9727	0	0.0272	0.9727	0.4286	0	0.2857	0.2857	0.9989	0	0.0005	0.0007
com.mobdub.channel.WWTV	0.109	0	0	0.7909	0.1001	0	0	0	0	0	0.1478	0.8522	0	0.2721	0.7279	0	0.1002	0.8998	0	0.1002	0.8998	1	0	0	0	1	0	0	0
net.olejon.spotcommander	0.9722	0	0	0	0	0	0.0223	0	0.0055	0.0297	0	0.9703	0.0169	0	0.9831	0.0055	0	0.9945	0.0055	0	0.9945	1	0	0	0	1	0	0	0
com.alamkanak.android.financebd	0.0018	0	0	0.4599	0.538	0	0.0001	0.0001	0	0.0155	0.4381	0.5464	0.0087	0.5529	0.4385	0.0002	0.5385	0.4613	0.0002	0.5385	0.4613	1	0	0	0	1	0	0	0
com.montaserramadanm.bluetooth	0.27	0	0	0	0	0	0.67	0	0.06	0.1513	0	0.8487	0.1236	0	0.8764	0.0601	0	0.9399	0.0601	0	0.9399	0.8889	0	0.1111	0	0.9999	0	0.0001	0
edu.ckcc.royalshykdic	0.4145	0	0	0	0	0	0.5837	0	0.0019	0.0274	0	0.9726	0.0136	0	0.9864	0.0039	0	0.9961	0.0039	0	0.9961	1	0	0	0	1	0	0	0
com.dridev.kamusku	0.9924	0.0037	0	0.0038	0	0	0	0	0	0	0.0328	0.9672	0	0.0127	0.9873	0	0.0038	0.9962	0	0.0038	0.9962	0.3333	0	0	0.6667	0.2035	0	0	0.7965
com.media.miplayer	0	0	0	0.5966	0.3857	0	0.0118	0.0059	0	0.0161	0.5484	0.4355	0.0192	0.5962	0.3846	0	0.3917	0.6083	0	0.3917	0.6083	0	0	0	0	0	0	0	0
id.web.michsan.adhannotifier	0.9838	0	0	0.0054	0.0026	0	0.0067	0.0012	0.0004	0.0096	0.0287	0.9617	0.0093	0.0242	0.9665	0.0004	0.0038	0.9958	0.0004	0.0038	0.9958	1	0	0	0	1	0	0	0
br.art.iai.discoverykids	0.0329	0	0	0.7268	0.1933	0	0.0395	0.0043	0.0031	0.1097	0.3586	0.5316	0.0911	0.3453	0.5635	0.0031	0.1978	0.7991	0.0031	0.1978	0.799	1	0	0	0	1	0	0	0
com.dypix.fibladiActualite	0.8933	0	0	0	0	0	0.103	0	0.0037	0.0455	0	0.9545	0.0296	0	0.9704	0.0037	0	0.9963	0.0037	0	0.9963	0.25	0	0	0.75	0.1974	0	0	0.8026
radiance.app.proverbes_africains_365	0.9961	0	0	0	0	0	0.0039	0	0	0.0075	0	0.9925	0.0082	0	0.9918	0.0007	0	0.9993	0.0007	0	0.9993	0.75	0	0.25	0	0.9	0	0.1	0
com.homecu.jdecu	0.8725	0	0	0.1161	0.0044	0	0.0053	0	0.0017	0.0136	0.0409	0.9455	0.0104	0.0267	0.9629	0.003	0.0079	0.989	0.003	0.0079	0.989	1	0	0	0	1	0	0	0
com.mgrabowski.virginmobileminutes	0.88	0	0	0	0	0	0.0972	0	0.0228	0.0522	0	0.9478	0.0456	0	0.9544	0.0228	0	0.9772	0.0232	0	0.9768	0.4	0	0.6	0	0.7251	0	0.2749	0
org.artofliving.srisriquotes.portuguese.app	0.9977	0	0	0.0002	0	0	0.0021	0	0	0.0104	0.0417	0.9479	0.0062	0.0186	0.9752	0	0.0001	0.9999	0	0.0001	0.9999	0.75	0	0.25	0	0.9941	0	0.0059	0
com.mobile.poorvika	0.9355	0.0371	0	0.0247	0.0027	0	0	0	0	0.008	0.072	0.92	0.0047	0.0445	0.9508	0	0.0398	0.9602	0	0.0398	0.9602	0.5	0	0.5	0	0.9991	0	0.0009	0
com.jahm.tempconv	0	0	0	0	0	0	0.9777	0	0.0223	0.1333	0	0.8667	0.2188	0	0.7812	0.0231	0	0.9769	0.0231	0	0.9769	1	0	0	0	1	0	0	0
com.appelit.twiist	0.9925	0.001	0	0.0061	0.0004	0	0	0	0	0.0063	0.0063	0.9874	0.0032	0.0064	0.9904	0	0.0014	0.9985	0	0.0014	0.9985	0.5714	0	0.4286	0	0.9781	0	0.0219	0
com.jabbo.mediatagscanner	0.9843	0.0034	0	0.0111	0.0012	0	0	0	0	0.0059	0.0592	0.9349	0.0035	0.0296	0.967	0	0.0046	0.9954	0	0.0046	0.9954	0.6667	0	0.3333	0	0.9757	0	0.0243	0
com.flo.ayakkabi	0.9328	0	0	0.0318	0.0264	0	0.0034	0.0056	0	0.009	0.0811	0.9099	0.0063	0.1333	0.8603	0	0.0321	0.9679	0	0.0321	0.9679	0	0.1667	0.5	0.3333	0	0.0792	0.2843	0.6364
klwinkel.weerkaartbe	0.5464	0	0	0	0	0	0.2889	0	0.1647	0.2073	0	0.7927	0.2109	0	0.7891	0.1648	0	0.8352	0.1654	0	0.8346	0.84	0	0.08	0.08	0.9764	0	0.0083	0.0153
gr.spartansoftware.greekphotography	0	0	0	0	0	0	0.9752	0	0.0248	0.4038	0	0.5962	0.359	0	0.641	0.0263	0	0.9737	0.0263	0	0.9737	1	0	0	0	1	0	0	0
com.briox.riversip.android.general.sports	0.8922	0	0	0.0539	0.0225	0.0269	0	0.0045	0	0.0182	0.0727	0.9091	0.0547	0.0703	0.875	0.027	0.027	0.9461	0.027	0.027	0.9461	0.5	0	0.5	0	0.7126	0	0.2874	0
dk.minreklame.tilbudsavis	0.3516	0	0	0.3201	0.1945	0	0.0684	0.0341	0.0313	0.0425	0.3774	0.5802	0.0471	0.442	0.5109	0.0313	0.2289	0.7398	0.0314	0.2294	0.7392	0.1111	0	0.3333	0.5556	0.0106	0	0.0976	0.8918
com.soshall.apps.browser	0.8838	0	0	0	0	0	0.0753	0.0305	0.0104	0.197	0.0909	0.7121	0.1734	0.0806	0.746	0.0107	0.0305	0.9587	0.0107	0.0305	0.9587	1	0	0	0	1	0	0	0
org.bible.remember_me	0.8515	0.0092	0.0121	0.0103	0.0092	0	0.0827	0.0018	0.0232	0.1074	0.0973	0.7953	0.0921	0.0856	0.8222	0.0366	0.0219	0.9415	0.0366	0.0219	0.9415	0.7727	0	0.1364	0.0909	0.9951	0	0.004	0.0009
id.co.viva.vivapemilu	0.857	0	0.0145	0.037	0.0218	0	0.0463	0.0007	0.0228	0.2393	0.1111	0.6496	0.1549	0.1979	0.6472	0.0375	0.0227	0.9398	0.0375	0.0227	0.9398	1	0	0	0	1	0	0	0
com.dailyworkhoroscopes.net	1	0	0	0	0	0	0	0	0	0	0	1	0	0	1	0	0	1	0	0	1	0.3333	0	0	0.6667	0.3257	0	0	0.6743
org.gfx54b.android.pollux.mineralh	0	0	0	0.6	0.2	0	0	0.2	0	0.2	0.4	0.4	0.1429	0.4286	0.4286	0.0002	0.4	0.5997	0.0002	0.4	0.5997	0	0	0	0	0	0	0	0
com.wisdom.profcon2015	0.9527	0.0027	0	0.0402	0.0043	0	0	0	0	0.0076	0.1212	0.8712	0.0045	0.1009	0.8946	0	0.0073	0.9927	0	0.0073	0.9927	0.5	0	0.5	0	0.9986	0	0.0014	0
com.tju.android.webcams	0.215	0	0	0	0	0	0.7112	0	0.0738	0.2288	0	0.7712	0.2173	0	0.7827	0.0751	0	0.9249	0.0751	0	0.9249	1	0	0	0	1	0	0	0
com.tamildevotionalapps.ayyappaashtothram	0.44	0	0	0	0	0	0.559	0	0.001	0.1244	0	0.8756	0.067	0	0.933	0.0011	0	0.9989	0.0011	0	0.9989	0.9	0	0.1	0	0.9997	0	0.0003	0
com.aisyah.resepmasakan	0.9926	0	0	0	0	0	0.0074	0	0	0.011	0	0.989	0.0064	0	0.9936	0	0	1	0	0	1	0.6667	0	0.1111	0.2222	0.9287	0	0.0033	0.0681
com.generalgoodswholesale.customerapp	0.9863	0.0102	0	0	0	0	0.0035	0	0	0.0093	0.028	0.9626	0.0078	0.0131	0.9791	0	0.0102	0.9898	0	0.0102	0.9898	0.5714	0	0.4286	0	0.9768	0	0.0232	0
de.gautzsch.fif	1	0	0	0	0	0	0	0	0	0.0089	0.0446	0.9464	0.0049	0.0171	0.978	0	0	1	0	0	1	0.5	0	0.5	0	0.9995	0	0.0005	0
es.aena.mobile	0.9197	0.0023	0	0.0575	0.0114	0	0.0091	0	0	0.0103	0.0825	0.9072	0.0074	0.0556	0.937	0	0.0137	0.9863	0	0.0137	0.9863	0.5	0.3333	0.1667	0	0.7711	0.1927	0.0362	0
at.generalsolutions.contwise.maps.hotel_elite_seefeld	0.9707	0.0053	0	0.0118	0.012	0	0.0002	0	0	0.0061	0.122	0.872	0.003	0.1555	0.8415	0	0.0175	0.9825	0	0.0175	0.9825	0.5	0	0.5	0	0.986	0	0.014	0
com.dooblou.WiFiFileExplorer	0.7794	0	0	0.0318	0.0333	0	0.1396	0	0.0159	0.0166	0.011	0.9724	0.017	0.0212	0.9618	0.0159	0.0333	0.9508	0.0159	0.0334	0.9507	0.75	0	0.25	0	0.9951	0	0.0049	0
at.generalsolutions.contwise.maps.sporthotel_exclusive	0.9778	0.0052	0	0.0079	0.0089	0	0.0002	0	0	0.0063	0.125	0.8688	0.0031	0.1656	0.8313	0	0.0143	0.9857	0	0.0143	0.9857	0.5	0	0.5	0	0.9878	0	0.0122	0
com.sportfusion.asports.seahawks	0.982	0	0	0.0108	0.0036	0	0	0.0036	0	0.0145	0.029	0.9565	0.0057	0.017	0.9773	0	0.0072	0.9928	0	0.0072	0.9928	0	0	0	1	0	0	0	1
de.appinside.devcenter.yltw63	0.829	0	0.0003	0.0728	0.0777	0.0001	0.0123	0.0014	0.0064	0.1093	0.3163	0.5743	0.0918	0.3121	0.5961	0.0074	0.0806	0.912	0.0074	0.0806	0.912	0.7143	0	0	0.2857	0.9997	0	0	0.0003
com.tonado.boli.hiper	0.9619	0	0	0	0	0	0.0323	0	0.0058	0.0378	0	0.9622	0.0269	0	0.9731	0.0059	0	0.9941	0.0059	0	0.9941	1	0	0	0	1	0	0	0
com.mobilejazz.urology	0.9045	0.0004	0	0.0726	0.0224	0	0	0	0	0.0078	0.1094	0.8828	0.0044	0.0618	0.9338	0	0.0229	0.9771	0	0.0229	0.9771	0.4286	0	0.2857	0.2857	0.999	0	0.0004	0.0006
com.mobdub.channel.WWTV	0.1083	0	0	0.789	0.1027	0	0	0	0	0	0.1478	0.8522	0	0.2721	0.7279	0	0.1028	0.8972	0	0.1028	0.8972	1	0	0	0	1	0	0	0
net.olejon.spotcommander	0.9728	0	0	0	0	0	0.0218	0	0.0053	0.0297	0	0.9703	0.0169	0	0.9831	0.0053	0	0.9947	0.0053	0	0.9947	1	0	0	0	1	0	0	0
com.alamkanak.android.financebd	0.0036	0	0	0.438	0.556	0	0.0014	0.0005	0.0006	0.0474	0.4105	0.5421	0.0311	0.522	0.4469	0.0011	0.5559	0.443	0.0011	0.5559	0.443	1	0	0	0	1	0	0	0
com.montaserramadanm.bluetooth	0.2236	0	0	0	0	0	0.7134	0	0.0629	0.1942	0	0.8058	0.1783	0	0.8217	0.0632	0	0.9368	0.0632	0	0.9368	0.9	0	0.1	0	0.9997	0	0.0003	0
edu.ckcc.royalshykdic	0.3567	0	0	0	0	0	0.6431	0	0.0002	0.0106	0	0.9894	0.009	0	0.991	0.0008	0	0.9992	0.0008	0	0.9992	0.875	0	0.125	0	0.9802	0	0.0198	0
com.dridev.kamusku	0.9925	0.0037	0	0.0038	0	0	0	0	0	0	0.0328	0.9672	0	0.0127	0.9873	0	0.0037	0.9963	0	0.0037	0.9963	0.3333	0	0	0.6667	0.2105	0	0	0.7895
com.media.miplayer	0	0	0	0.5965	0.3859	0	0.0118	0.0059	0	0.0161	0.5484	0.4355	0.0192	0.5962	0.3846	0	0.3919	0.6081	0	0.3919	0.6081	0	0	0	0	0	0	0	0
id.web.michsan.adhannotifier	0.9848	0	0	0.0049	0.0024	0	0.0065	0.0011	0.0004	0.0096	0.0287	0.9617	0.0093	0.0242	0.9665	0.0004	0.0034	0.9962	0.0004	0.0034	0.9962	1	0	0	0	1	0	0	0
br.art.iai.discoverykids	0.0292	0	0	0.7308	0.2027	0	0.0313	0.0035	0.0025	0.112	0.3527	0.5353	0.094	0.342	0.564	0.0026	0.2063	0.7911	0.0026	0.2063	0.7911	1	0	0	0	1	0	0	0
com.dypix.fibladiActualite	0.8939	0	0	0	0	0	0.1025	0	0.0037	0.0455	0	0.9545	0.0296	0	0.9704	0.0037	0	0.9963	0.0037	0	0.9963	0.25	0	0	0.75	0.1964	0	0	0.8036
radiance.app.proverbes_africains_365	0.9585	0	0.0011	0.0018	0.0028	0	0.033	0.0002	0.0026	0.0588	0.083	0.8581	0.0539	0.0398	0.9064	0.0041	0.0033	0.9926	0.0041	0.0033	0.9926	0.625	0	0.375	0	0.9992	0	0.0008	0
com.homecu.jdecu	0.9717	0	0	0.0264	0.0012	0	0.0005	0	0.0002	0.0101	0.0673	0.9226	0.0062	0.0499	0.9439	0.0003	0.0027	0.997	0.0003	0.0027	0.997	1	0	0	0	1	0	0	0
com.mgrabowski.virginmobileminutes	0.879	0	0	0	0	0	0.0981	0	0.023	0.0522	0	0.9478	0.0456	0	0.9544	0.023	0	0.977	0.0233	0	0.9767	0.4	0	0.6	0	0.7283	0	0.2717	0
org.artofliving.srisriquotes.portuguese.app	0.9987	0	0	0.0001	0	0	0.0011	0	0	0.0098	0.0392	0.951	0.0058	0.0174	0.9768	0	0.0001	0.9999	0	0.0001	0.9999	0.75	0	0.25	0	0.9979	0	0.0021	0
com.mobile.poorvika	0.9573	0.0215	0	0.0183	0.0029	0	0	0	0	0.0081	0.065	0.9268	0.0044	0.0489	0.9467	0	0.0245	0.9755	0	0.0245	0.9755	0.5	0	0.5	0	0.9991	0	0.0009	0
com.jahm.tempconv	0	0	0	0	0	0	0.976	0	0.024	0.1333	0	0.8667	0.2126	0	0.7874	0.0249	0	0.9751	0.0249	0	0.9751	1	0	0	0	1	0	0	0
com.appelit.twiist	0.9915	0.0012	0	0.0069	0.0005	0	0	0	0	0.0063	0.0063	0.9873	0.0032	0.0064	0.9904	0	0.0017	0.9983	0	0.0017	0.9983	0.5714	0	0.4286	0	0.9776	0	0.0224	0
com.jabbo.mediatagscanner	0.9855	0.0031	0	0.0103	0.0011	0	0	0	0	0.006	0.0476	0.9464	0.0035	0.0244	0.9721	0	0.0042	0.9958	0	0.0042	0.9958	0.6667	0	0.3333	0	0.9759	0	0.0241	0
com.flo.ayakkabi	0.9359	0	0	0.03	0.0255	0	0.0034	0.0052	0	0.009	0.0811	0.9099	0.0063	0.1325	0.8612	0	0.0308	0.9692	0	0.0308	0.9692	0	0.1667	0.5	0.3333	0	0.0841	0.2814	0.6345
klwinkel.weerkaartbe	0.5283	0	0	0	0	0	0.2988	0	0.1729	0.2031	0	0.7969	0.2085	0	0.7915	0.1729	0	0.8271	0.1736	0	0.8264	0.8333	0	0.0833	0.0833	0.9767	0	0.0084	0.0149
gr.spartansoftware.greekphotography	0	0	0	0	0	0	0.9761	0	0.0239	0.3261	0	0.6739	0.2991	0	0.7009	0.0251	0	0.9749	0.0251	0	0.9749	1	0	0	0	1	0	0	0
com.briox.riversip.android.general.sports	0.8913	0	0	0.0544	0.0227	0.0272	0	0.0045	0	0.0182	0.0727	0.9091	0.0547	0.0703	0.875	0.0272	0.0272	0.9456	0.0272	0.0272	0.9456	0.5	0	0.5	0	0.7167	0	0.2833	0
dk.minreklame.tilbudsavis	0.3493	0	0	0.3203	0.1967	0	0.0679	0.0345	0.0314	0.0433	0.3846	0.5721	0.0482	0.449	0.5028	0.0314	0.2314	0.7371	0.0315	0.232	0.7365	0.1111	0	0.3333	0.5556	0.0102	0	0.1098	0.88
com.soshall.apps.browser	0.8883	0	0	0	0	0	0.0799	0.0222	0.0096	0.197	0.0909	0.7121	0.1741	0.081	0.7449	0.0099	0.0223	0.9678	0.0099	0.0223	0.9678	1	0	0	0	1	0	0	0
org.bible.remember_me	0.8324	0.0051	0.0162	0.0148	0.0119	0	0.0917	0.0022	0.0256	0.0955	0.0938	0.8108	0.1009	0.0828	0.8163	0.044	0.0216	0.9344	0.044	0.0216	0.9344	0.6	0	0.3	0.1	0.9884	0	0.0097	0.0019
id.co.viva.vivapemilu	0.7014	0	0.0118	0.1211	0.072	0	0.0576	0.0009	0.0353	0.1508	0.1285	0.7207	0.1044	0.2027	0.6929	0.0477	0.0742	0.8781	0.0477	0.0743	0.878	1	0	0	0	1	0	0	0
com.dailyworkhoroscopes.net	1	0	0	0	0	0	0	0	0	0	0	1	0	0	1	0	0	1	0	0	1	0.3333	0	0	0.6667	0.327	0	0	0.673
org.gfx54b.android.pollux.mineralh	0	0	0	0.6	0.2	0	0	0.2	0	0.2	0.4	0.4	0.1429	0.4286	0.4286	0.0002	0.4	0.5997	0.0002	0.4	0.5997	0	0	0	0	0	0	0	0
com.wisdom.profcon2015	0.9644	0.0022	0	0.0291	0.0043	0	0	0	0	0.0076	0.1221	0.8702	0.0047	0.0958	0.8995	0	0.0068	0.9932	0	0.0068	0.9932	0.5	0	0.5	0	0.9986	0	0.0014	0
com.tju.android.webcams	0.2595	0	0	0	0	0	0.6881	0	0.0524	0.25	0	0.75	0.2481	0	0.7519	0.0539	0	0.9461	0.0539	0	0.9461	1	0	0	0	1	0	0	0
com.tamildevotionalapps.ayyappaashtothram	0.5199	0	0	0	0	0	0.4789	0	0.0012	0.128	0	0.872	0.0681	0	0.9319	0.0013	0	0.9987	0.0013	0	0.9987	0.8889	0	0.1111	0	0.9995	0	0.0005	0
com.aisyah.resepmasakan	0.9929	0	0	0	0	0	0.0071	0	0	0.0124	0	0.9876	0.01	0	0.99	0	0	1	0	0	1	0.6667	0	0.1111	0.2222	0.9284	0	0.0032	0.0684
com.generalgoodswholesale.customerapp	0.9917	0.0061	0	0	0	0	0.0022	0	0	0.0093	0.0278	0.963	0.0078	0.013	0.9792	0	0.0061	0.9939	0	0.0061	0.9939	0.5714	0	0.4286	0	0.9772	0	0.0228	0
de.gautzsch.fif	1	0	0	0	0	0	0	0	0	0.009	0.045	0.9459	0.005	0.0175	0.9775	0	0	1	0	0	1	0.5	0	0.5	0	0.9988	0	0.0012	0
es.aena.mobile	0.92	0.0022	0	0.0573	0.0114	0	0.0091	0	0	0.0103	0.0825	0.9072	0.0074	0.0556	0.937	0	0.0136	0.9864	0	0.0137	0.9863	0.5	0.3333	0.1667	0	0.7668	0.197	0.0362	0
at.generalsolutions.contwise.maps.hotel_elite_seefeld	0.9747	0.0054	0	0.0096	0.0101	0	0.0002	0	0	0.0063	0.1132	0.8805	0.0031	0.1451	0.8519	0	0.0157	0.9843	0	0.0157	0.9843	0.5	0	0.5	0	0.9863	0	0.0137	0
com.dooblou.WiFiFileExplorer	0.7775	0	0	0.032	0.0336	0	0.1409	0	0.016	0.0166	0.011	0.9724	0.017	0.0212	0.9618	0.016	0.0336	0.9504	0.016	0.0337	0.9503	0.75	0	0.25	0	0.995	0	0.005	0
at.generalsolutions.contwise.maps.sporthotel_exclusive	0.9777	0.0055	0	0.0082	0.0085	0	0.0002	0	0	0.006	0.1205	0.8735	0.003	0.1517	0.8452	0	0.0142	0.9858	0	0.0142	0.9858	0.5	0	0.5	0	0.9897	0	0.0103	0
com.sportfusion.asports.seahawks	0.9817	0	0	0.011	0.0037	0	0	0.0037	0	0.0145	0.029	0.9565	0.0057	0.017	0.9773	0	0.0073	0.9927	0	0.0073	0.9927	0	0	0	1	0	0	0	1
de.appinside.devcenter.yltw63	0.4443	0	0	0.1882	0.3246	0.0003	0.0289	0.003	0.0107	0.0827	0.3404	0.5769	0.069	0.3494	0.5816	0.0158	0.3294	0.6547	0.0158	0.3294	0.6547	0.6667	0	0	0.3333	0.9852	0	0	0.0148
com.tonado.boli.hiper	0.9638	0	0	0	0	0	0.0308	0	0.0054	0.0378	0	0.9622	0.0269	0	0.9731	0.0054	0	0.9946	0.0054	0	0.9946	1	0	0	0	1	0	0	0
com.mobilejazz.urology	0.8962	0.0004	0	0.0789	0.0244	0	0	0	0	0.0079	0.1102	0.8819	0.0046	0.0638	0.9317	0	0.0249	0.9751	0	0.0249	0.9751	0.4286	0	0.2857	0.2857	0.999	0	0.0004	0.0006
com.mobdub.channel.WWTV	0.1205	0	0	0.7771	0.1025	0	0	0	0	0	0.1538	0.8462	0	0.2787	0.7213	0	0.1026	0.8974	0	0.1026	0.8974	1	0	0	0	1	0	0	0
net.olejon.spotcommander	0.9723	0	0	0	0	0	0.0222	0	0.0055	0.0297	0	0.9703	0.0169	0	0.9831	0.0055	0	0.9945	0.0055	0	0.9945	1	0	0	0	1	0	0	0
com.alamkanak.android.financebd	0.0025	0	0	0.4457	0.5504	0	0.0007	0.0003	0.0004	0.032	0.432	0.536	0.0206	0.5052	0.4742	0.0006	0.5501	0.4493	0.0006	0.5501	0.4493	0.5714	0	0.4286	0	0.8986	0	0.1014	0
com.montaserramadanm.bluetooth	0.2476	0	0	0	0	0	0.6886	0	0.0639	0.1356	0	0.8644	0.1319	0	0.8681	0.064	0	0.936	0.064	0	0.936	1	0	0	0	1	0	0	0
edu.ckcc.royalshykdic	0.4715	0	0	0	0	0	0.5281	0	0.0004	0.0134	0	0.9866	0.0088	0	0.9912	0.0013	0	0.9987	0.0013	0	0.9987	1	0	0	0	1	0	0	0
com.dridev.kamusku	0.9925	0.0037	0	0.0038	0	0	0	0	0	0	0.0328	0.9672	0	0.0127	0.9873	0	0.0037	0.9963	0	0.0037	0.9963	0.3333	0	0	0.6667	0.1995	0	0	0.8005
com.media.miplayer	0	0	0	0.5966	0.3858	0	0.0118	0.0059	0	0.0161	0.5484	0.4355	0.0192	0.5962	0.3846	0	0.3918	0.6082	0	0.3918	0.6082	0	0	0	0	0	0	0	0
id.web.michsan.adhannotifier	0.985	0	0	0.0048	0.0023	0	0.0067	0.001	0.0003	0.0096	0.0287	0.9617	0.0093	0.0242	0.9665	0.0003	0.0033	0.9963	0.0004	0.0033	0.9963	1	0	0	0	1	0	0	0
br.art.iai.discoverykids	0.0238	0	0	0.7405	0.2037	0	0.0269	0.0031	0.0021	0.1157	0.3512	0.5331	0.1001	0.3445	0.5554	0.0022	0.2068	0.791	0.0022	0.2068	0.791	1	0	0	0	1	0	0	0
com.dypix.fibladiActualite	0.8936	0	0	0	0	0	0.1027	0	0.0037	0.0455	0	0.9545	0.0296	0	0.9704	0.0037	0	0.9963	0.0037	0	0.9963	0.25	0	0	0.75	0.1971	0	0	0.8029
radiance.app.proverbes_africains_365	0.9487	0	0.0002	0.0255	0.0011	0	0.0242	0	0.0003	0.0295	0.0506	0.9198	0.0205	0.0205	0.9591	0.0016	0.0021	0.9963	0.0016	0.0021	0.9963	0.625	0	0.375	0	0.9588	0	0.0412	0
com.homecu.jdecu	0.9667	0	0	0.0315	0.0014	0	0.0003	0	0.0001	0.0088	0.0647	0.9265	0.0053	0.0653	0.9294	0.0001	0.002	0.9978	0.0001	0.002	0.9978	1	0	0	0	1	0	0	0
com.mgrabowski.virginmobileminutes	0.8795	0	0	0	0	0	0.0976	0	0.0228	0.0522	0	0.9478	0.0456	0	0.9544	0.0229	0	0.9771	0.0233	0	0.9767	0.4	0	0.6	0	0.7285	0	0.2715	0
org.artofliving.srisriquotes.portuguese.app	0.9978	0	0	0.0002	0	0	0.0019	0	0	0.0105	0.0421	0.9474	0.0063	0.0188	0.9749	0	0.0001	0.9998	0	0.0001	0.9998	0.75	0	0.25	0	0.9957	0	0.0043	0
com.mobile.poorvika	0.9565	0.0234	0	0.0178	0.0023	0	0	0	0	0.0078	0.0698	0.9225	0.0046	0.0437	0.9517	0	0.0257	0.9743	0	0.0257	0.9743	0.5	0	0.5	0	0.999	0	0.001	0
com.jahm.tempconv	0	0	0	0	0	0	0.9755	0	0.0245	0.1333	0	0.8667	0.2016	0	0.7984	0.0252	0	0.9748	0.0252	0	0.9748	1	0	0	0	1	0	0	0
com.appelit.twiist	0.993	0.001	0	0.0056	0.0004	0	0	0	0	0.0065	0.0065	0.9871	0.0032	0.0064	0.9904	0	0.0014	0.9986	0	0.0014	0.9986	0.5714	0	0.4286	0	0.9789	0	0.0211	0
com.jabbo.mediatagscanner	0.9849	0.0032	0	0.0107	0.0011	0	0	0	0	0.0057	0.0455	0.9489	0.0034	0.0238	0.9728	0	0.0044	0.9956	0	0.0044	0.9956	0.6667	0	0.3333	0	0.9756	0	0.0244	0
com.flo.ayakkabi	0.9363	0	0	0.03	0.0249	0	0.0034	0.0054	0	0.009	0.0811	0.9099	0.0063	0.1333	0.8603	0	0.0303	0.9696	0	0.0303	0.9696	0	0.1667	0.5	0.3333	0	0.0835	0.2894	0.6271
klwinkel.weerkaartbe	0.5483	0	0	0	0	0	0.2926	0	0.1591	0.2073	0	0.7927	0.2099	0	0.7901	0.1593	0	0.8407	0.1598	0	0.8402	0.84	0	0.08	0.08	0.9741	0	0.009	0.0169
gr.spartansoftware.greekphotography	0	0	0	0	0	0	0.9768	0	0.0232	0.3404	0	0.6596	0.3178	0	0.6822	0.0246	0	0.9754	0.0246	0	0.9754	1	0	0	0	1	0	0	0
com.briox.riversip.android.general.sports	0.8916	0	0	0.0542	0.0226	0.0271	0	0.0045	0	0.0182	0.0727	0.9091	0.0547	0.0703	0.875	0.0271	0.0271	0.9457	0.0271	0.0271	0.9457	0.5	0	0.5	0	0.715	0	0.285	0
dk.minreklame.tilbudsavis	0.3429	0	0	0.3263	0.1979	0	0.0677	0.0344	0.0309	0.0433	0.3846	0.5721	0.0475	0.4461	0.5064	0.0309	0.2325	0.7366	0.031	0.2331	0.7359	0.1111	0	0.3333	0.5556	0.011	0	0.1102	0.8789
com.soshall.apps.browser	0.9249	0	0	0	0	0	0.0473	0.0188	0.009	0.1875	0.0938	0.7188	0.166	0.0851	0.7489	0.0095	0.019	0.9715	0.0095	0.019	0.9715	1	0	0	0	1	0	0	0
org.bible.remember_me	0.8139	0.0036	0.0165	0.0201	0.0174	0	0.0976	0.0032	0.0277	0.1046	0.1555	0.7399	0.1042	0.1429	0.7529	0.0453	0.0264	0.9283	0.0453	0.0264	0.9283	0.7037	0	0.2222	0.0741	0.9934	0	0.0055	0.0011
id.co.viva.vivapemilu	0.8869	0	0.0144	0.0231	0.0136	0	0.04	0.0009	0.0211	0.1413	0.125	0.7337	0.0986	0.2043	0.6971	0.0357	0.0149	0.9494	0.0357	0.0149	0.9494	1	0	0	0	1	0	0	0
com.dailyworkhoroscopes.net	1	0	0	0	0	0	0	0	0	0	0	1	0	0	1	0	0	1	0	0	1	0.3333	0	0	0.6667	0.3283	0	0	0.6717
org.gfx54b.android.pollux.mineralh	0	0	0	0.6	0.2	0	0	0.2	0	0.2	0.4	0.4	0.1429	0.4286	0.4286	0.0002	0.4	0.5998	0.0002	0.4	0.5998	0	0	0	0	0	0	0	0
com.wisdom.profcon2015	0.9663	0.0021	0	0.0274	0.0041	0	0	0	0	0.0074	0.1324	0.8603	0.0045	0.0989	0.8966	0	0.0065	0.9934	0	0.0065	0.9934	0.5	0	0.5	0	0.9986	0	0.0014	0
com.tju.android.webcams	0.2844	0	0	0	0	0	0.6292	0	0.0864	0.2269	0	0.7731	0.2249	0	0.7751	0.0873	0	0.9127	0.0873	0	0.9127	1	0	0	0	1	0	0	0
com.tamildevotionalapps.ayyappaashtothram	0.5296	0	0	0	0	0	0.4691	0	0.0013	0.1315	0	0.8685	0.0694	0	0.9306	0.0013	0	0.9987	0.0013	0	0.9987	0.8889	0	0.1111	0	0.9996	0	0.0004	0
com.aisyah.resepmasakan	0.9928	0	0	0	0	0	0.0072	0	0	0.0044	0	0.9956	0.0023	0	0.9977	0	0	1	0	0	1	0.6667	0	0.1111	0.2222	0.9283	0	0.004	0.0677
password.strength.checker	0	0	0	0	0	0	0.9779	0	0.0221	0.3125	0	0.6875	0.2933	0	0.7067	0.0227	0	0.9773	0.0227	0	0.9773	1	0	0	0	1	0	0	0
at.generalsolutions.contwise.maps.seehotel_reschen	0.9714	0.0053	0	0.0113	0.0118	0	0.0002	0	0	0.0063	0.125	0.8688	0.0031	0.1569	0.84	0	0.0173	0.9827	0	0.0173	0.9827	0.5	0	0.5	0	0.9855	0	0.0145	0
com.sanfordguide.amt	0.9882	0	0	0.0118	0	0	0	0	0	0	0.04	0.96	0	0.0254	0.9746	0	0	1	0	0	1	0	0	1	0	0	0	1	0
com.giscloud.mdc	0.9989	0.001	0	0.0001	0	0	0	0	0	0.0084	0.042	0.9496	0.0049	0.0173	0.9778	0	0.001	0.999	0	0.001	0.999	0.6	0	0.4	0	0.9991	0	0.0009	0
at.generalsolutions.contwise.maps.stroblhof	0.9751	0.0052	0	0.0093	0.0102	0	0.0002	0	0	0.0059	0.1529	0.8412	0.003	0.1702	0.8268	0	0.0156	0.9844	0	0.0156	0.9844	0.5	0	0.5	0	0.9853	0	0.0147	0
eu.dhcorp.android.weatherproject	0.0171	0	0	0	0	0	0.8523	0.0703	0.0603	0.1692	0.0615	0.7692	0.2152	0.057	0.7278	0.0615	0.0702	0.8683	0.0615	0.0702	0.8683	0.7143	0.2857	0	0	0.8521	0.1479	0	0
de.sde.mobile	0.8067	0.0137	0	0.0473	0.0068	0	0.1101	0.0012	0.0141	0.0808	0.0707	0.8485	0.0775	0.0563	0.8662	0.0142	0.0218	0.9641	0.0142	0.0218	0.9641	0	0.125	0.5	0.375	0	0.0382	0.2474	0.7144
password.strength.checker	0	0	0	0	0	0	0.9783	0	0.0217	0.3125	0	0.6875	0.2933	0	0.7067	0.0222	0	0.9778	0.0222	0	0.9778	1	0	0	0	1	0	0	0
at.generalsolutions.contwise.maps.seehotel_reschen	0.9733	0.0054	0	0.0105	0.0106	0	0.0002	0	0	0.0063	0.1266	0.8671	0.0031	0.1553	0.8416	0	0.0162	0.9838	0	0.0162	0.9838	0.6	0	0.4	0	0.9885	0	0.0115	0
com.sanfordguide.amt	0.9883	0	0	0.0117	0	0	0	0	0	0	0.04	0.96	0	0.0254	0.9746	0	0	1	0	0	1	0	0	1	0	0	0	1	0
com.giscloud.mdc	0.9991	0.0008	0	0.0001	0	0	0	0	0	0.0079	0.0397	0.9524	0.0046	0.0162	0.9791	0	0.0008	0.9992	0	0.0008	0.9992	0.75	0	0.25	0	0.9995	0	0.0005	0
at.generalsolutions.contwise.maps.stroblhof	0.9701	0.0052	0	0.0118	0.0128	0	0.0002	0	0	0.0063	0.125	0.8688	0.0032	0.1622	0.8347	0	0.0182	0.9818	0	0.0182	0.9818	0.5	0	0.5	0	0.9867	0	0.0133	0
eu.dhcorp.android.weatherproject	0.0139	0	0	0	0	0	0.8474	0.0778	0.061	0.1692	0.0615	0.7692	0.2152	0.057	0.7278	0.0627	0.0775	0.8598	0.0627	0.0775	0.8598	0.7143	0.2857	0	0	0.8337	0.1663	0	0
de.sde.mobile	0.7911	0.0117	0	0.0577	0.0079	0	0.1154	0.0014	0.0147	0.0808	0.0707	0.8485	0.0775	0.0563	0.8662	0.0148	0.021	0.9642	0.0148	0.021	0.9642	0	0.125	0.5	0.375	0	0.0345	0.2462	0.7192
password.strength.checker	0	0	0	0	0	0	0.9796	0	0.0204	0.3125	0	0.6875	0.2933	0	0.7067	0.0209	0	0.9791	0.0209	0	0.9791	1	0	0	0	1	0	0	0
at.generalsolutions.contwise.maps.seehotel_reschen	0.973	0.0052	0	0.0103	0.0112	0	0.0002	0	0	0.0061	0.122	0.872	0.0031	0.1589	0.838	0	0.0167	0.9833	0	0.0167	0.9833	0.5	0	0.5	0	0.9878	0	0.0122	0
com.sanfordguide.amt	0.9882	0	0	0.0118	0	0	0	0	0	0	0.04	0.96	0	0.0254	0.9746	0	0	1	0	0	1	0	0	1	0	0	0	1	0
com.giscloud.mdc	0.9989	0.0009	0	0.0001	0	0	0	0	0	0.0074	0.0441	0.9485	0.004	0.0178	0.9782	0	0.001	0.999	0	0.001	0.999	0.6	0	0.4	0	0.9989	0	0.0011	0
at.generalsolutions.contwise.maps.stroblhof	0.969	0.0052	0	0.0126	0.013	0	0.0002	0	0	0.0061	0.122	0.872	0.0031	0.1577	0.8393	0	0.0184	0.9816	0	0.0184	0.9816	0.5	0	0.5	0	0.9879	0	0.0121	0
eu.dhcorp.android.weatherproject	0.0136	0	0	0	0	0	0.8588	0.0647	0.0629	0.1692	0.0615	0.7692	0.2152	0.057	0.7278	0.0642	0.0647	0.8711	0.0642	0.0647	0.8711	0.7143	0.2857	0	0	0.8361	0.1639	0	0
de.sde.mobile	0.7993	0.0133	0	0.0546	0.0077	0	0.1097	0.0014	0.0141	0.0808	0.0707	0.8485	0.0775	0.0563	0.8662	0.0142	0.0223	0.9635	0.0142	0.0223	0.9635	0	0.125	0.5	0.375	0	0.0386	0.2467	0.7147
com.dialquick	0.9998	0	0	0	0	0	0.0001	0	0	0.0104	0.0208	0.9688	0.0059	0.0059	0.9883	0	0	0.9999	0	0	0.9999	0.75	0	0.25	0	0.9995	0	0.0005	0
mdis.kangur	0.3636	0	0	0.2159	0.3331	0.0001	0.0544	0.0014	0.0315	0.1324	0.1211	0.7465	0.1089	0.1215	0.7696	0.0427	0.3039	0.6534	0.0427	0.3043	0.653	0.5833	0	0	0.4167	0.9036	0	0	0.0964
com.borezo.kasperskyfan	0	0	0	0	0	0	0.9868	0	0.0132	0.2143	0	0.7857	0.2361	0	0.7639	0.0138	0	0.9862	0.0138	0	0.9862	0.3333	0.3333	0.3333	0	0.9899	0.0076	0.0025	0
com.outilsobdfacile.obd.connecteur	0.3931	0	0.0047	0	0	0	0.5692	0	0.033	0.112	0	0.888	0.1056	0	0.8944	0.0393	0	0.9607	0.0393	0	0.9607	0.7778	0	0.2222	0	0.9969	0	0.0031	0
com.theactionapp	0.5663	0.0064	0	0.2598	0.1674	0	0	0	0	0.0038	0.3496	0.6466	0.0018	0.3672	0.631	0	0.1748	0.8251	0	0.1748	0.8251	0.4	0	0.6	0	0.9049	0	0.0951	0
com.gpsandfleet.gpstracking	0	0	0	0	0	0	0.8472	0	0.1528	0.3125	0	0.6875	0.3043	0	0.6957	0.1548	0	0.8452	0.1548	0	0.8452	1	0	0	0	1	0	0	0
com.flatron.rosewallpape	0.5425	0	0	0	0	0	0.4566	0	0.001	0.0216	0	0.9784	0.0187	0	0.9813	0.0011	0	0.9989	0.0011	0	0.9989	0.75	0	0.25	0	0.9998	0	0.0002	0
cz.mpelant.deskclock	0	0	0	0	0	0	0.7648	0	0.2352	0.2963	0	0.7037	0.3418	0	0.6582	0.2358	0	0.7642	0.2358	0	0.7642	0.6	0	0.4	0	0.9873	0	0.0127	0
com.dietas.adelgazar.free	0.9161	0	0	0	0	0	0.0781	0	0.0059	0.0202	0	0.9798	0.0197	0	0.9803	0.0059	0	0.9941	0.0059	0	0.9941	0.8333	0	0.1667	0	0.9933	0	0.0067	0
com.jimnevin.weatherireland	0.9178	0	0	0	0	0	0.0769	0	0.0053	0.1011	0	0.8989	0.0672	0	0.9328	0.0057	0	0.9943	0.0057	0	0.9943	1	0	0	0	1	0	0	0
au.gov.customs.trs	1	0	0	0	0	0	0	0	0	0.0095	0	0.9905	0.0046	0	0.9954	0	0	1	0	0	1	0.6	0	0.4	0	0.9963	0	0.0037	0
com.troysoft.caloriecalculator	0	0	0	0	0	0	0.8636	0	0.1364	0.8	0	0.2	0.6667	0	0.3333	0.1392	0	0.8608	0.1392	0	0.8608	1	0	0	0	1	0	0	0
nl.littlebluefrog.leeuwarderbioscopen	0.0288	0	0.0001	0.45	0.5029	0	0.0147	0.0019	0.0016	0.0772	0.2148	0.7081	0.0853	0.2759	0.6388	0.002	0.5037	0.4943	0.002	0.5037	0.4943	0.5	0.2	0.1	0.2	0.7061	0.0086	0.0403	0.245
com.rudicedita.com.kimbailey	0.9999	0	0	0.0001	0	0	0	0	0	0.01	0.05	0.94	0.0058	0.0289	0.9653	0	0.0001	0.9999	0	0.0001	0.9999	0.5	0	0.5	0	0.9973	0	0.0027	0
com.spideroak.android	0.9541	0.001	0	0.0248	0.0201	0	0	0	0	0.0069	0.1172	0.8759	0.0037	0.1343	0.8619	0	0.022	0.978	0	0.022	0.978	0.5	0	0.5	0	0.9976	0	0.0024	0
com.dobmob.doblistdemo	0.3775	0	0	0.0912	0.3559	0.0004	0.1194	0.0026	0.0529	0.0714	0.051	0.8776	0.05	0.069	0.881	0.0533	0.3578	0.5888	0.0533	0.3579	0.5888	1	0	0	0	1	0	0	0
com.phonegap.kinomondsterne	0.9615	0.0257	0	0.0097	0.0031	0	0	0	0	0.0081	0.0806	0.9113	0.004	0.0673	0.9287	0	0.0289	0.9711	0	0.0289	0.9711	0.6	0	0.4	0	0.9985	0	0.0015	0
com.bluejuice.thekiteshow	0.0018	0	0	0.3087	0.6883	0.0009	0.0002	0.0001	0	0.0139	0.5069	0.4792	0.0061	0.6397	0.3543	0.0011	0.6866	0.3123	0.0011	0.6866	0.3123	0	0	0	0	0	0	0	0
net.mojeto.timelapsecalc.app	0.8733	0	0	0	0	0	0.0767	0	0.05	0.2137	0	0.7863	0.2667	0	0.7333	0.0503	0	0.9497	0.0503	0	0.9497	1	0	0	0	1	0	0	0
org.ibeccato.photoczip	0.0026	0.0018	0	0.3351	0.4093	0.0011	0.2098	0.0148	0.0256	0.208	0.2701	0.5219	0.1558	0.4237	0.4206	0.0298	0.4258	0.5445	0.0298	0.4258	0.5445	1	0	0	0	1	0	0	0
my.savemoney.taxapp	0.9992	0.0002	0	0.0003	0.0001	0	0.0002	0	0	0.0094	0.0472	0.9434	0.0058	0.0202	0.9741	0	0.0004	0.9995	0	0.0004	0.9995	0.6	0	0.4	0	0.9981	0	0.0019	0
com.uk.edealinfoinc	0.5309	0	0.0086	0.0082	0.0014	0	0.3801	0.0008	0.0701	0.0769	0.0315	0.8916	0.1043	0.0238	0.8719	0.0796	0.003	0.9174	0.0797	0.003	0.9174	0.75	0	0.25	0	0.9922	0	0.0078	0
com.app.dstorz	0	0	0	0	0	0	0.9959	0	0.0041	0.25	0	0.75	0.2381	0	0.7619	0.0226	0	0.9774	0.0226	0	0.9774	1	0	0	0	1	0	0	0
com.Threelineinfotech.thiruverkadu	0.9936	0	0	0	0	0	0.006	0	0.0004	0.0162	0	0.9838	0.0119	0	0.9881	0.0017	0	0.9983	0.0017	0	0.9983	0.8333	0	0.1667	0	0.9868	0	0.0132	0
eu.wheelchairsite.m	0.624	0	0	0	0	0	0.3474	0	0.0286	0.0486	0	0.9514	0.0434	0	0.9566	0.0286	0	0.9714	0.0286	0	0.9714	0.75	0	0.25	0	0.9955	0	0.0045	0
co.epearl.ethiopiatv	0.9391	0	0	0	0	0	0.0506	0	0.0103	0.0938	0	0.9062	0.0801	0	0.9199	0.0111	0	0.9889	0.0111	0	0.9889	0.8889	0	0.1111	0	0.9996	0	0.0004	0
com.tamilnoolakam.Tamilnoolakamapp	0.4723	0	0	0.1709	0.0054	0	0.3498	0.0015	0.0001	0.0696	0.0435	0.887	0.062	0.0437	0.8944	0.0003	0.007	0.9927	0.0003	0.007	0.9927	0.9231	0	0.0769	0	0.9975	0	0.0025	0
com.badcoke.aweather	0.9997	0	0	0	0	0	0.0003	0	0	0.0043	0	0.9957	0.0022	0	0.9978	0	0	1	0	0	1	0.5	0	0.5	0	0.9817	0	0.0183	0
com.hanna.pitbull	0.6807	0.0066	0	0.0572	0.165	0	0.0779	0.0006	0.012	0.0239	0.2249	0.7512	0.0255	0.2739	0.7006	0.012	0.1725	0.8154	0.0121	0.1727	0.8153	0.6667	0.2222	0.1111	0	0.9606	0.0387	0.0006	0
com.greydot	0.9999	0.0001	0	0	0	0	0	0	0	0.0128	0.0256	0.9615	0.0075	0.0075	0.9851	0	0.0001	0.9999	0	0.0001	0.9999	0.8	0	0.2	0	0.9993	0	0.0007	0
com.mbdholdings.tenseforbengalistudents	0.9971	0.0024	0	0.0001	0	0	0.0003	0	0	0.0048	0.0144	0.9809	0.0027	0.0094	0.988	0.0001	0.0026	0.9973	0.0001	0.0026	0.9973	0.7143	0	0.2857	0	0.989	0	0.011	0
ticket.booking.india	0.9937	0.0005	0	0.0037	0.0008	0	0.001	0	0.0003	0.0109	0.0543	0.9348	0.0105	0.0244	0.9652	0.001	0.0029	0.9961	0.001	0.0029	0.9961	0.75	0	0.25	0	0.9744	0	0.0256	0
com.abast.fmjv	0.8758	0	0.0091	0.0107	0.0005	0	0.0852	0.0002	0.0185	0.1404	0.0117	0.848	0.1001	0.0167	0.8832	0.0299	0.0012	0.9689	0.0299	0.0012	0.9689	1	0	0	0	1	0	0	0
com.trialtea.inglesmovil	0.998	0.0008	0	0.0001	0	0	0.001	0	0	0.0088	0.0439	0.9474	0.0052	0.0181	0.9767	0	0.0009	0.9991	0	0.0009	0.9991	0.6	0	0.4	0	0.9862	0	0.0138	0
hm.orz.chaos114.android.tethersetting	0.0382	0	0	0.3007	0.6556	0	0.0042	0.0001	0.0012	0.0381	0.2905	0.6714	0.0225	0.4129	0.5646	0.0024	0.6425	0.3552	0.0024	0.6427	0.355	0.6667	0	0.3333	0	0.8889	0	0.1111	0
com.mobusi.bestapps	0	0	0	0	0	0	0.8559	0	0.1441	0.2414	0	0.7586	0.3709	0	0.6291	0.1446	0	0.8554	0.1446	0	0.8554	1	0	0	0	1	0	0	0
com.manarcadpalli	0.9632	0	0	0	0	0	0.0315	0	0.0052	0.0865	0	0.9135	0.0623	0	0.9377	0.0059	0	0.9941	0.0059	0	0.9941	1	0	0	0	1	0	0	0
com.bruno.marcadorplacar	0.9722	0	0	0	0	0	0.0271	0	0.0007	0.0874	0	0.9126	0.0832	0	0.9168	0.0007	0	0.9993	0.0007	0	0.9993	0.9091	0	0.0909	0	0.9994	0	0.0006	0
com.iSharpeners.KeertanRadio	0.9309	0.0043	0	0	0	0	0.0548	0.0002	0.0098	0.0764	0.0149	0.9087	0.0564	0.0057	0.938	0.0108	0.0045	0.9847	0.0108	0.0045	0.9847	0.7273	0.1818	0.0909	0	0.9677	0.0283	0.004	0
com.mathesoft.fakeapps	0	0	0	0	0	0	0.7706	0	0.2294	0.4706	0	0.5294	0.4194	0	0.5806	0.2308	0	0.7692	0.2308	0	0.7692	1	0	0	0	1	0	0	0
com.cutter.alside	1	0	0	0	0	0	0	0	0	0.0116	0	0.9884	0.0055	0	0.9945	0	0	1	0	0	1	0.6	0	0.4	0	0.9953	0	0.0047	0
com.webcamscz.map	0.9999	0.0001	0	0	0	0	0	0	0	0.0083	0.0583	0.9333	0.0048	0.0214	0.9739	0	0.0001	0.9999	0	0.0001	0.9999	0.5	0	0.5	0	0.9949	0	0.0051	0
com.mrcombi.ratedemo	0.9698	0	0	0	0	0	0.0248	0	0.0054	0.1593	0	0.8407	0.0901	0	0.9099	0.0056	0	0.9944	0.0056	0	0.9944	1	0	0	0	1	0	0	0
com.abdulrahmansalam.app_ReadArabicLevel2	0.1359	0	0	0	0	0	0.8518	0	0.0124	0.0427	0	0.9573	0.0882	0	0.9118	0.0143	0	0.9857	0.0143	0	0.9857	0.5	0	0.25	0.25	0.4062	0	0.2188	0.375
com.iroshni.mualamulquran	0.8966	0	0.0139	0	0	0	0.0853	0	0.0042	0.1673	0	0.8327	0.1063	0	0.8937	0.0182	0	0.9818	0.0182	0	0.9818	0.8462	0.1538	0	0	0.9999	0.0001	0	0
jp.co.a_tm.android.plus_crystal_daisy	0.9325	0	0	0.0582	0.0075	0	0	0.0019	0	0.0087	0.0174	0.9739	0.0025	0.0249	0.9726	0	0.0095	0.9905	0	0.0095	0.9905	0.6	0	0.4	0	0.9492	0	0.0508	0
vcam.dk.DeutschNachrichtenZeitungen	0.3082	0	0	0.0914	0.0102	0	0.4574	0.0029	0.13	0.1732	0.1645	0.6623	0.1541	0.1261	0.7198	0.13	0.0131	0.8569	0.13	0.0131	0.8569	0.6667	0	0.3333	0	0.9998	0	0.0002	0
com.appdiabetes	0.9999	0	0	0.0001	0	0	0	0	0	0.0114	0.0568	0.9318	0.0076	0.0266	0.9658	0	0.0001	0.9999	0	0.0001	0.9999	0.75	0	0.25	0	0.9997	0	0.0003	0
mobi.infolife.weatheralert	0	0	0	0.0676	0.0532	0	0.3706	0.0639	0.4447	0.2533	0.12	0.6267	0.2419	0.1907	0.5674	0.4433	0.1176	0.4391	0.4443	0.1179	0.4378	0.8	0	0.2	0	0.9659	0	0.0341	0
com.ciandt.tt	0.9132	0.0236	0	0.0425	0.0203	0	0.0003	0	0	0.0089	0.0893	0.9018	0.005	0.065	0.93	0	0.044	0.956	0	0.044	0.956	0.5	0	0.5	0	0.9923	0	0.0077	0
gust.svm	0	0	0	0	0	0	0.9732	0	0.0268	0.3725	0	0.6275	0.4436	0	0.5564	0.0275	0	0.9725	0.0275	0	0.9725	1	0	0	0	1	0	0	0
com.color.droid.shivmahapuran	0.9441	0	0	0	0	0	0.0508	0	0.0051	0.0508	0	0.9492	0.0407	0	0.9593	0.0052	0	0.9948	0.0052	0	0.9948	1	0	0	0	1	0	0	0
asp.emo.pack27.ext	0	0	0	0	0	0	0.977	0	0.023	0.0909	0	0.9091	0.16	0	0.84	0.0234	0	0.9766	0.0234	0	0.9766	1	0	0	0	1	0	0	0
com.gidon.coffeesnumber	0	0	0	0	0	0	0.9619	0	0.0381	0.4167	0	0.5833	0.4155	0	0.5845	0.0391	0	0.9609	0.0391	0	0.9609	1	0	0	0	1	0	0	0
netiks.FransaBank.mobile	0.997	0.0001	0	0.0027	0.0002	0	0	0	0	0.0043	0.0304	0.9652	0.0024	0.0202	0.9774	0	0.0003	0.9997	0	0.0003	0.9997	0.4444	0	0.5556	0	0.9981	0	0.0019	0
com.skp.valentine	0.9926	0	0	0.0063	0.0003	0	0.0007	0	0	0.0102	0.0081	0.9817	0.0045	0.0077	0.9878	0.0001	0.0003	0.9996	0.0001	0.0003	0.9996	0.4286	0.0714	0.3571	0.1429	0.8386	0.0153	0.0683	0.0777
com.tigoenergy.smart	0.9669	0.0107	0	0.0222	0	0	0.0001	0	0	0.0085	0.0593	0.9322	0.0047	0.0259	0.9693	0	0.0108	0.9892	0	0.0108	0.9892	0.5	0	0.5	0	0.9979	0	0.0021	0
com.wickert.bowlingnight	0.9963	0	0.0001	0.0001	0	0	0.0021	0.0008	0.0006	0.0317	0.0086	0.9597	0.0232	0.0055	0.9712	0.0008	0.0009	0.9984	0.0008	0.0009	0.9984	0.5714	0	0.0714	0.3571	0.9838	0	0.0005	0.0157
