811	 367	 38	 11	53511	281	25685	4301	2824	15	11	100	46
1083	 405	 47	 9	69409	506	705702	121918	10894	9	4	8786	4198
752	 272	 149	 25	45486	1307	32781	5143	93	13	9	27	16
554	 320	 54	 31	22857	535	473502	101871	1274	22	24	233	132
811	 367	 36	 8	53511	264	10009	1272	1119	11	8	53	12
595	 317	 3	 9	24775	31	2305	84	138	1	8	16	125
674	 270	 21	 8	30494	154	45868	4008	550	12	7	402	179
325	 136	 117	 56	18676	1083	1081020	70897	21546	40	45	1650	1370
668	 344	 55	 17	29424	518	87788	1420	712	16	13	53	44
742	 375	 101	 51	32906	1033	508428	76960	3597	38	40	309	181
998	 431	 28	 3	55770	310	291200	14870	5144	2	2	1057	1057
320	 116	 77	 53	17188	680	113487	18281	14269	27	47	1569	1654
1026	 436	 60	 6	53055	768	7193	871	42	4	2	28	25
1026	 436	 49	 6	53055	676	35104	4974	14	2	1	2	1
928	 390	 1	 1	58214	51	271	2	2	1	1	1	1
725	 277	 43	 6	41705	488	385119	39663	1728	3	4	895	960
725	 277	 43	 6	41705	488	372438	38771	1732	3	4	864	904
1002	 459	 8	 3	50398	59	70025	11162	5073	2	2	1014	3038
648	 322	 37	 6	29476	432	635758	66758	8090	3	1	6	2
616	 295	 144	 58	26630	1559	1603985	709075	19979	40	28	584	553
513	 249	 4	 2	23310	50	55487	5043	3026	1	1	1008	1008
910	 370	 20	 0	46335	122	13290	2136	0	0	0	0	0
1047	 475	 0	 0	73072	0	0	0	0	0	0	0	0
548	 202	 39	 9	32357	352	540723	87946	7984	7	4	1940	205
731	 289	 5	 2	51448	63	112597	8046	3006	0	0	0	0
963	 438	 23	 4	66325	259	140818	16972	1061	4	2	1865	935
822	 276	 60	 22	32254	416	349127	66962	3294	12	12	81	209
724	 372	 60	 28	35156	787	95370	9767	2603	18	20	996	1272
777	 360	 9	 0	36956	139	201307	18083	0	0	0	0	0
846	 378	 133	 31	37662	1571	252756	17528	4920	18	11	492	340
284	 99	 50	 29	20225	852	92011	7678	6407	18	22	2114	2488
386	 121	 42	 4	19589	371	415669	70175	2809	9	3	5555	1384
494	 195	 74	 17	28487	779	709823	114231	12532	16	9	4699	1755
658	 257	 8	 1	36450	113	224987	4439	153	0	0	0	0
571	 233	 136	 25	30404	1134	679497	108685	9816	23	14	5151	1779
409	 219	 33	 29	23509	418	2722	429	277	11	19	19	34
700	 264	 30	 13	43913	184	10513	1333	752	17	8	338	172
816	 364	 4	 0	31488	23	27011	7270	0	0	0	0	0
865	 414	 5	 4	58568	50	1629	17	8	1	1	1	1
229	 78	 54	 36	14324	524	457207	50902	17378	24	27	1873	1981
889	 406	 10	 4	60689	70	205268	30212	2106	3	3	1199	1501
700	 264	 32	 14	43913	256	118865	16864	9988	17	9	6343	39
895	 405	 185	 47	47883	2125	313171	43665	2040	36	19	601	252
1079	 406	 0	 0	52608	0	0	0	0	0	0	0	0
937	 301	 27	 2	65536	438	361636	18451	268	1	1	116	116
957	 446	 211	 65	69421	2686	56209	14255	893	20	13	197	47
206	 81	 55	 35	14126	472	171989	15625	9706	30	29	1831	1795
947	 329	 0	 0	69841	0	0	0	0	0	0	0	0
917	 430	 8	 1	47640	178	257958	5231	129	0	0	0	0
908	 422	 93	 30	59060	943	515441	87349	13133	17	18	4322	4575
794	 379	 193	 69	33475	2382	317122	51851	15185	57	41	2841	1735
614	 233	 107	 26	37304	1184	74797	22337	2597	24	14	70	1181
725	 277	 43	 6	41705	488	390464	40551	1773	3	4	781	792
645	 230	 6	 2	40899	67	85291	8423	3160	1	1	1052	1052
581	 222	 137	 39	31127	1333	7818	1929	281	15	23	205	200
700	 264	 30	 12	43913	198	988887	86333	70171	17	7	9849	44
38	 20	 16	 11	9886	146	32253	6084	3302	8	7	1611	1579
555	 208	 2	 0	33793	10	10480	2096	0	0	0	0	0
497	 153	 111	 25	25027	1625	592824	182744	10734	21	10	445	315
675	 326	 150	 47	30549	2159	52085	13783	615	36	20	104	84
348	 134	 13	 2	21705	138	281825	12777	1142	2	1	2142	1071
116	 69	 52	 27	11979	510	508298	112905	1758	21	22	491	195
15	 9	 4	 7	8935	35	3323	632	1142	3	3	259	134
623	 300	 7	 1	25652	86	152139	11947	1092	0	0	0	0
587	 305	 37	 22	29461	321	301409	36808	12845	17	20	3942	8502
960	 426	 49	 3	53843	632	2749	236	12	3	2	8	6
662	 210	 26	 2	29963	363	284316	14996	371	1	1	244	244
579	 133	 6	 2	50210	47	107617	15206	2340	2	1	2336	1168
452	 247	 46	 16	22404	579	740262	218775	79217	22	9	252	193
982	 454	 151	 31	51730	1738	67693	9436	233	25	15	69	37
802	 374	 119	 46	34350	1326	322122	46864	10949	31	26	4850	5501
493	 182	 147	 42	24044	1721	245185	13792	15765	29	27	524	423
653	 242	 20	 1	37970	238	362729	26044	404	2	1	764	384
134	 51	 80	 26	12792	539	1013697	305028	27637	36	22	9884	5465
1029	 455	 8	 2	56610	128	282722	7952	1198	0	0	0	0
1034	 482	 0	 0	57410	0	0	0	0	0	0	0	0
966	 370	 43	 10	71798	420	503675	107376	1771	10	7	253	378
966	 370	 43	 10	71798	419	455996	104801	1461	10	7	187	237
966	 370	 43	 10	71798	411	439009	100260	1497	10	7	228	288
889	 439	 23	 3	58849	281	363966	29502	1908	4	2	1927	478
510	 280	 0	 0	21095	0	0	0	0	0	0	0	0
830	 387	 41	 8	37357	277	409353	86921	8999	7	7	4564	2899
665	 331	 75	 16	28064	413	69921	23718	2990	10	7	278	1020
966	 370	 43	 10	71798	418	470964	107376	1531	10	7	217	277
910	 428	 192	 60	43221	2348	877446	250507	19989	53	35	9395	6318
1015	 352	 7	 1	61905	163	289199	18543	3043	1	1	1014	1014
966	 370	 43	 10	71798	422	439478	101061	1432	9	7	203	282
328	 143	 59	 30	19504	534	401647	100755	1322	23	20	609	313
593	 312	 2	 5	24769	25	413	4	185	1	2	1	2
1095	 456	 28	 5	73021	389	425653	39139	6347	4	3	3995	3121
1069	 439	 101	 26	74814	1127	572359	95854	13541	21	16	3842	3745
164	 74	 67	 24	14720	532	795914	7014	5068	39	16	1579	541
541	 181	 14	 8	36139	158	39387	1973	833	13	6	1155	587
956	 332	 0	 0	54034	0	0	0	0	0	0	0	0
290	 123	 15	 5	19472	136	270214	14100	4581	0	0	0	0
720	 385	 60	 30	32382	641	479767	87909	3263	18	22	606	648
157	 75	 102	 47	13811	838	610822	175899	137332	32	31	11748	4367
636	 230	 6	 2	34720	67	94784	9362	3512	1	1	1170	1170
1103	 438	 189	 60	48612	1956	195055	64816	4639	54	30	1939	722
1000	 391	 157	 55	45386	1930	81680	21049	1494	34	35	474	416
314	 116	 27	 6	22046	268	410776	52572	7968	4	3	5476	3129
889	 439	 23	 3	58849	281	372029	30525	1974	4	1	2364	591
642	 223	 182	 26	50515	1815	690211	109032	1779	32	13	649	403
674	 198	 68	 6	34195	721	40242	5636	12	3	1	3	1
1024	 455	 19	 2	57285	107	123449	22538	4438	4	2	4372	2208
900	 392	 52	 5	55055	358	1130	189	13	1	1	1	1
401	 188	 49	 33	23871	374	268673	122912	7627	31	26	7001	2911
607	 235	 19	 5	36310	144	400878	92484	3624	4	2	3121	1083
340	 207	 6	 3	14766	34	74365	13206	4406	3	1	11364	2752
934	 330	 26	 2	54343	435	417723	19985	227	1	1	105	105
966	 370	 43	 10	71798	418	429634	97894	1452	10	7	256	275
775	 350	 75	 12	51508	510	103175	14391	7819	14	7	344	142
966	 370	 43	 10	71798	408	418371	93564	1359	10	7	191	253
966	 370	 43	 10	71798	420	443002	100557	1449	11	7	223	275
931	 363	 34	 5	69872	422	486135	38701	1412	8	3	2186	25
966	 370	 43	 10	71798	423	454273	103539	1472	11	7	248	284
966	 370	 43	 10	71798	419	439147	99780	1450	10	7	232	256
966	 370	 43	 10	71798	420	416320	94288	1398	10	7	256	264
1047	 475	 0	 0	73072	0	0	0	0	0	0	0	0
593	 166	 11	 1	30027	61	313900	12490	727	0	0	0	0
398	 229	 6	 8	16882	55	83528	7796	8912	4	5	4452	4453
811	 367	 13	 2	53511	74	666	174	210	3	1	32	1
1083	 405	 47	 9	69409	506	634039	111031	9954	9	4	7896	3813
752	 272	 174	 35	45486	1933	63790	9774	290	19	17	60	68
554	 320	 55	 30	22857	542	488889	100439	1446	20	24	338	227
811	 367	 41	 9	53511	286	40527	6341	3879	14	9	222	40
595	 317	 4	 10	24775	34	4631	217	346	3	9	47	328
674	 270	 20	 8	30494	144	44210	3625	493	14	7	232	296
325	 136	 111	 53	18676	971	26461	1220	402	39	40	114	91
668	 344	 46	 17	29424	457	38442	2015	2047	11	12	104	103
742	 375	 67	 46	32906	737	374955	35947	4368	27	34	504	83
998	 431	 29	 3	55770	339	272227	14228	4677	2	2	976	976
320	 116	 70	 52	17188	662	214501	21214	13955	30	48	1837	1869
1026	 436	 90	 13	53055	1403	134443	17828	60	10	5	33	27
1026	 436	 68	 12	53055	1134	57525	7306	49	12	6	34	28
928	 390	 1	 1	58214	60	345	2	2	1	1	1	1
725	 277	 43	 6	41705	488	379695	39703	1737	3	4	773	775
725	 277	 43	 6	41705	488	619696	64187	2692	3	4	1456	1482
1002	 459	 8	 3	50398	59	79338	12647	5748	2	2	1149	3443
648	 322	 37	 6	29476	432	696548	72791	8809	3	1	9	3
616	 295	 104	 29	26630	904	11235	3774	196	29	16	80	40
513	 249	 4	 2	23310	50	62090	5644	3386	1	1	1128	1128
910	 370	 26	 0	46335	197	2065750	294790	0	0	0	0	0
1047	 475	 0	 0	73072	0	0	0	0	0	0	0	0
548	 202	 39	 9	32357	352	550104	88479	8004	7	4	1949	211
731	 289	 5	 2	51448	63	116853	8340	3113	0	0	0	0
963	 438	 23	 4	66325	216	147087	18134	1126	4	2	1985	997
822	 276	 58	 22	32254	412	380949	73008	3342	12	13	75	175
724	 372	 62	 28	35156	846	104300	10621	2834	18	20	1072	1385
777	 360	 9	 0	36956	139	198870	17663	0	0	0	0	0
846	 378	 130	 33	37662	1578	334714	22127	5867	18	15	618	499
284	 99	 48	 29	20225	793	79745	6491	5323	21	22	1400	1531
386	 121	 42	 4	19589	371	423746	71906	2795	9	3	5520	1316
494	 195	 74	 17	28487	779	671725	106545	12147	17	9	4763	1993
658	 257	 8	 1	36450	113	196221	3846	124	0	0	0	0
571	 233	 150	 26	30404	1216	651413	105288	9393	24	14	4607	1584
409	 219	 127	 50	23509	1247	735675	196684	158674	29	32	4404	4964
700	 264	 113	 33	43913	1331	991413	71084	14019	25	17	2944	1898
816	 364	 4	 0	31488	23	28181	7585	0	0	0	0	0
865	 414	 7	 4	58568	62	3620	59	16	4	2	9	5
229	 78	 53	 35	14324	511	424228	29383	12356	18	24	1892	2194
889	 406	 10	 4	60689	70	187032	27694	2097	3	3	1196	1495
700	 264	 41	 15	43913	301	147664	16518	11240	18	8	3256	1668
895	 405	 125	 37	47883	1124	44606	15304	595	18	9	1075	160
1079	 406	 0	 0	52608	0	0	0	0	0	0	0	0
937	 301	 27	 2	65536	439	342317	17116	253	1	1	114	114
957	 446	 229	 72	69421	2768	80685	16864	1499	27	28	201	73
206	 81	 55	 33	14126	465	151378	14232	9158	22	26	1757	1811
947	 329	 0	 0	69841	0	0	0	0	0	0	0	0
917	 430	 8	 1	47640	178	253374	5243	121	0	0	0	0
908	 422	 93	 30	59060	945	584889	98231	14280	19	19	4607	4839
794	 379	 205	 68	33475	2546	306579	56243	9099	50	37	3492	1423
614	 233	 94	 18	37304	896	198366	77740	332	24	13	338	189
725	 277	 43	 6	41705	488	359787	37259	1694	3	4	746	749
645	 230	 6	 2	40899	67	82315	8129	3047	1	1	1015	1015
581	 222	 165	 52	31127	1815	26867	8114	1214	22	27	727	1008
700	 264	 44	 13	43913	283	4667760	398431	330895	17	8	65432	63
38	 20	 16	 11	9886	146	33989	6436	3473	8	7	1664	1602
725	 277	 43	 6	41705	488	383866	39960	1681	3	4	784	793
555	 208	 2	 0	33793	10	10660	2132	0	0	0	0	0
497	 153	 109	 28	25027	1667	266043	30624	4256	17	12	433	311
675	 326	 108	 32	30549	1043	10422	2697	148	16	12	30	33
348	 134	 13	 2	21705	138	273739	12300	1086	2	1	2052	1026
116	 69	 53	 27	11979	513	450821	106336	1436	22	22	42	43
15	 9	 3	 6	8935	27	2907	655	836	3	2	215	108
623	 300	 7	 1	25652	86	153314	12064	1105	0	0	0	0
587	 305	 37	 22	29461	323	269140	32407	11997	17	20	3492	8292
960	 426	 47	 1	53843	604	2974	283	3	2	1	4	2
662	 210	 26	 2	29963	363	289665	14999	353	1	1	204	204
579	 133	 6	 2	50210	47	108328	15308	2355	2	1	2350	1175
452	 247	 35	 15	22404	258	1205391	393333	99322	18	9	61	76
982	 454	 185	 44	51730	2071	219231	28747	963	36	19	234	142
802	 374	 117	 47	34350	1304	401877	55964	15926	31	28	6049	9191
493	 182	 125	 34	24044	1485	229683	12582	15149	22	20	403	354
653	 242	 20	 1	37970	238	353723	25181	463	2	1	924	462
134	 51	 81	 25	12792	537	1157805	362219	28126	34	21	9482	10512
1029	 455	 8	 2	56610	128	292267	8098	1203	0	0	0	0
1034	 482	 9	 1	57410	139	274241	19108	3045	1	1	1015	1015
966	 370	 43	 10	71798	396	164450	35667	623	9	7	127	142
966	 370	 43	 10	71798	422	283155	63442	946	10	7	152	195
966	 370	 43	 10	71798	420	433980	95459	1497	10	7	251	303
889	 439	 23	 3	58849	281	389441	31704	2087	0	0	0	0
510	 280	 0	 0	21095	0	0	0	0	0	0	0	0
830	 387	 25	 3	37357	179	299660	56950	5584	7	2	3814	313
665	 331	 77	 16	28064	435	104609	35733	4585	13	9	431	1569
966	 370	 42	 9	71798	382	466928	104126	1404	7	5	256	239
910	 428	 172	 54	43221	2172	424574	75534	15393	46	32	2738	1228
1015	 352	 7	 1	61905	163	312020	19846	3349	1	1	1116	1116
966	 370	 42	 8	71798	378	410858	96060	1293	7	5	200	238
328	 143	 71	 32	19504	572	353423	97786	808	24	22	558	306
593	 312	 3	 5	24769	30	12137	529	3842	2	3	523	526
1095	 456	 26	 5	73021	381	419666	38731	6170	4	3	3971	3017
1069	 439	 100	 26	74814	1144	616563	102912	14942	22	15	4329	3869
164	 74	 39	 12	14720	329	68815	581	221	16	7	124	33
541	 181	 14	 8	36139	158	65083	3223	1364	13	6	1815	962
956	 332	 0	 0	54034	0	0	0	0	0	0	0	0
290	 123	 15	 5	19472	136	289561	15060	4876	1	1	540	540
720	 385	 56	 29	32382	622	491358	88498	3131	16	21	648	566
157	 75	 101	 46	13811	831	818217	246161	205478	30	29	9891	3278
636	 230	 6	 2	34720	67	94277	9311	3491	1	1	1163	1163
1103	 438	 136	 46	48612	1683	958907	332830	23711	37	27	12618	6321
1000	 391	 143	 47	45386	1683	15961	3037	317	32	30	200	73
314	 116	 27	 6	22046	268	375965	48251	7288	4	3	5017	2841
889	 439	 23	 3	58849	281	402958	32201	2084	4	1	1085	35
642	 223	 133	 15	50515	1116	18153	2811	64	28	8	34	14
674	 198	 57	 5	34195	651	47250	6512	10	2	2	2	2
1024	 455	 19	 2	57285	119	111357	20423	4042	4	2	4012	2016
900	 392	 33	 7	55055	352	1157	95	21	2	2	2	2
401	 188	 49	 33	23871	374	226688	100556	7372	31	28	6318	2932
607	 235	 19	 5	36310	144	442463	101918	3976	7	2	3850	974
340	 207	 6	 3	14766	34	103106	26891	8964	3	1	26649	8883
934	 330	 26	 2	54343	435	423098	20425	215	1	1	96	96
966	 370	 45	 11	71798	443	461345	103345	1443	11	8	241	247
775	 350	 75	 12	51508	517	118607	16371	8387	14	7	440	266
966	 370	 43	 10	71798	419	482267	109312	1526	10	7	224	241
966	 370	 43	 9	71798	437	444563	98507	1553	11	8	263	512
931	 363	 34	 5	69872	412	440188	36259	1530	6	2	3756	1247
966	 370	 43	 10	71798	423	474202	108435	1556	10	7	265	295
966	 370	 43	 10	71798	406	431254	99001	1391	11	7	233	246
966	 370	 43	 10	71798	418	439507	102137	1400	10	7	183	240
1047	 475	 0	 0	73072	0	0	0	0	0	0	0	0
593	 166	 11	 1	30027	61	305912	12338	709	0	0	0	0
398	 229	 6	 8	16882	55	82401	7692	8792	4	5	4392	4393
811	 367	 28	 10	53511	202	9302	1559	1131	11	10	40	22
1083	 405	 47	 9	69409	506	644606	111316	9991	9	4	7036	3513
752	 272	 116	 13	45486	869	8628	1369	46	7	4	7	4
554	 320	 54	 31	22857	537	462038	95073	1532	21	25	536	328
811	 367	 35	 10	53511	227	21984	3163	2257	10	9	49	39
595	 317	 4	 10	24775	34	4014	189	276	3	9	67	233
674	 270	 21	 8	30494	154	50412	4277	592	15	7	491	175
325	 136	 107	 51	18676	947	10510	733	258	39	38	58	45
668	 344	 45	 17	29424	430	13057	1151	1932	11	12	61	58
742	 375	 86	 41	32906	995	242890	38665	931	26	26	52	113
998	 431	 28	 3	55770	316	283635	14516	4824	2	2	1022	1022
320	 116	 70	 52	17188	664	181653	18341	12725	29	47	1578	1629
1026	 436	 29	 2	53055	447	4319	531	21	2	1	19	18
1026	 436	 76	 13	53055	1205	113301	15199	77	9	5	55	50
928	 390	 1	 1	58214	77	465	2	2	1	1	1	1
725	 277	 43	 6	41705	488	354796	36729	1605	3	4	759	866
725	 277	 43	 6	41705	488	358071	36563	1618	3	4	825	892
1002	 459	 8	 3	50398	59	84515	13472	6123	2	2	1224	3668
648	 322	 37	 6	29476	432	175047	18227	2198	3	1	39	13
616	 295	 133	 43	26630	1382	297029	129167	3955	33	22	218	146
513	 249	 4	 2	23310	50	57090	5189	3114	1	1	1037	1037
910	 370	 26	 0	46335	192	216304	31325	0	0	0	0	0
1047	 475	 0	 0	73072	0	0	0	0	0	0	0	0
548	 202	 39	 9	32357	352	556509	90595	8001	7	4	3092	847
731	 289	 5	 2	51448	63	121857	8704	3262	0	0	0	0
963	 438	 23	 4	66325	216	147507	18222	1103	3	2	2003	1006
822	 276	 58	 21	32254	409	338753	64399	3285	12	12	89	158
724	 372	 62	 28	35156	811	103304	10496	2856	18	20	1048	1408
777	 360	 9	 0	36956	139	219575	19523	0	0	0	0	0
846	 378	 133	 31	37662	1665	607346	38646	10945	18	14	974	834
284	 99	 51	 29	20225	899	98652	8026	6640	18	22	1971	2319
386	 121	 42	 4	19589	371	402447	68689	2695	9	3	5748	1515
494	 195	 74	 17	28487	779	642873	103317	11640	17	9	4256	1836
658	 257	 8	 1	36450	113	230607	4414	120	0	0	0	0
571	 233	 55	 5	30404	394	2743	544	23	8	3	8	3
409	 219	 146	 50	23509	1845	529537	125101	103563	39	30	2199	2989
700	 264	 112	 33	43913	1341	997591	74655	15204	23	18	3872	2654
816	 364	 4	 0	31488	23	29897	8047	0	0	0	0	0
865	 414	 5	 4	58568	50	612	17	8	1	1	1	1
229	 78	 55	 35	14324	519	429700	30118	12512	28	27	1948	2065
889	 406	 10	 4	60689	70	29524	4341	291	3	3	164	205
700	 264	 41	 12	43913	274	122890	17843	10411	17	7	4688	2475
895	 405	 139	 43	47883	1383	17716	4458	227	23	13	247	46
1079	 406	 0	 0	52608	0	0	0	0	0	0	0	0
937	 301	 27	 2	65536	439	363028	17999	269	1	1	118	118
957	 446	 59	 4	69421	522	3044	401	25	2	1	3	2
206	 81	 55	 35	14126	475	162843	14943	9111	30	29	1442	1538
947	 329	 0	 0	69841	0	0	0	0	0	0	0	0
917	 430	 8	 1	47640	178	290563	6022	159	0	0	0	0
908	 422	 93	 30	59060	943	489142	82900	12003	19	19	3997	4099
794	 379	 209	 74	33475	2687	330904	62369	9494	63	46	4148	782
614	 233	 120	 25	37304	1422	521340	203418	1308	29	15	1522	778
725	 277	 43	 6	41705	488	180666	18752	877	3	4	391	403
645	 230	 6	 2	40899	67	89792	8869	3326	1	1	1108	1108
581	 222	 43	 10	31127	363	969	125	22	2	2	2	2
700	 264	 42	 13	43913	295	3585608	301967	252019	17	8	32733	16532
38	 20	 16	 11	9886	146	33194	6301	3374	8	7	1363	1331
725	 277	 43	 6	41705	488	411256	42879	1753	3	4	813	876
555	 208	 2	 0	33793	10	12039	2408	0	0	0	0	0
497	 153	 126	 29	25027	1790	426946	51744	5720	24	16	743	558
675	 326	 93	 22	30549	960	6005	1131	96	20	9	39	16
348	 134	 13	 2	21705	138	278213	12348	1096	2	1	2050	1025
116	 69	 53	 27	11979	519	565131	125397	1517	22	22	389	157
15	 9	 3	 6	8935	27	2480	389	918	3	2	103	52
623	 300	 7	 1	25652	86	147941	11597	1058	0	0	0	0
587	 305	 28	 21	29461	283	6859	933	315	11	19	131	208
960	 426	 55	 9	53843	801	3770	304	28	4	3	7	6
662	 210	 26	 2	29963	363	311800	16244	404	1	1	254	254
579	 133	 6	 2	50210	47	108985	15398	2370	2	1	2366	1183
452	 247	 32	 14	22404	247	1820330	592405	149372	15	8	110	89
982	 454	 103	 19	51730	1296	104674	12117	672	13	10	121	112
802	 374	 119	 46	34350	1336	323555	45201	11786	29	27	4770	7985
493	 182	 147	 44	24044	1684	437260	22410	32148	26	25	1092	697
653	 242	 20	 1	37970	238	329360	23780	388	2	1	770	385
134	 51	 81	 25	12792	528	1149635	352936	29666	33	20	10812	11459
1029	 455	 8	 2	56610	128	268458	7716	1157	0	0	0	0
1034	 482	 9	 1	57410	139	280062	19516	3091	1	1	1030	1030
966	 370	 42	 9	71798	389	447704	96160	1582	7	5	264	356
966	 370	 42	 8	71798	378	467480	105422	1533	7	5	269	266
966	 370	 43	 10	71798	417	210392	47240	662	10	7	117	107
889	 439	 23	 3	58849	281	407532	32644	2115	4	1	710	41
510	 280	 0	 0	21095	0	0	0	0	0	0	0	0
830	 387	 25	 3	37357	179	285738	54129	5298	2	2	1067	1067
665	 331	 75	 15	28064	400	12020	3805	761	13	7	211	192
966	 370	 43	 10	71798	423	915063	268156	2822	11	8	1371	1254
910	 428	 183	 61	43221	2251	700496	183911	18136	51	33	9660	4178
1015	 352	 7	 1	61905	163	317405	20229	3406	1	1	1136	1136
966	 370	 42	 8	71798	406	520408	117175	1649	7	5	333	301
328	 143	 55	 30	19504	544	460570	104156	1960	20	20	698	359
593	 312	 3	 5	24769	30	21075	1236	5462	2	3	1231	1233
1095	 456	 28	 5	73021	389	457076	42554	6847	5	3	5129	3380
1069	 439	 75	 22	74814	886	570080	95809	14042	17	12	4008	3679
164	 74	 37	 12	14720	251	13030	158	59	19	8	36	15
541	 181	 14	 8	36139	158	67612	3306	1401	13	6	1713	980
956	 332	 0	 0	54034	0	0	0	0	0	0	0	0
290	 123	 15	 5	19472	136	281953	14631	4733	0	0	0	0
720	 385	 52	 29	32382	607	247825	42542	1820	16	21	307	332
157	 75	 101	 45	13811	801	869638	262244	220207	31	30	12439	3785
636	 230	 6	 2	34720	67	92888	9174	3440	1	1	1146	1146
1103	 438	 134	 50	48612	1618	905393	310175	24452	40	29	13603	9433
1000	 391	 164	 64	45386	2282	367754	82483	6837	41	39	5289	1343
314	 116	 27	 6	22046	268	213863	27473	4157	4	3	2847	1614
889	 439	 22	 3	58849	280	399893	31986	2160	0	0	0	0
642	 223	 162	 40	50515	1770	196617	64841	2056	27	18	166	126
674	 198	 111	 16	34195	1212	187843	25816	69	11	7	66	36
1024	 455	 19	 2	57285	119	114344	20950	4144	4	2	4096	2064
900	 392	 52	 5	55055	368	1046	156	16	1	1	1	1
401	 188	 50	 33	23871	372	511427	255810	8038	32	28	7304	3126
607	 235	 19	 5	36310	144	404308	93225	3599	3	2	2718	1685
340	 207	 6	 3	14766	34	29694	7069	2355	3	1	6990	2330
934	 330	 26	 2	54343	435	409484	19825	206	1	1	82	82
966	 370	 43	 10	71798	419	357038	79223	1233	11	7	197	244
775	 350	 75	 12	51508	504	116932	16095	9138	14	7	406	168
966	 370	 43	 10	71798	418	323898	72176	1036	10	7	194	188
966	 370	 43	 10	71798	419	196145	43066	598	10	7	125	89
931	 363	 39	 4	69872	447	472665	38163	1346	7	1	2116	20
966	 370	 43	 10	71798	423	448208	98015	1619	11	7	261	355
966	 370	 32	 3	71798	282	4951	986	14	0	0	0	0
966	 370	 41	 8	71798	387	134412	29449	392	7	5	100	62
1047	 475	 0	 0	73072	0	0	0	0	0	0	0	0
593	 166	 11	 1	30027	61	298754	11971	688	0	0	0	0
398	 229	 6	 8	16882	55	89794	8385	9575	4	5	4788	4786
715	 261	 173	 47	40085	2021	399018	87325	4607	30	25	1278	805
605	 331	 33	 22	28888	346	2555	259	53	12	16	12	16
22	 14	 13	 5	9275	75	37337	6264	2168	10	5	868	440
918	 403	 9	 3	45698	39	3368	1363	35	3	3	25	25
775	 298	 9	 1	44993	124	228098	8445	78	0	0	0	0
713	 335	 9	 1	27439	39	67112	10328	1033	5	1	5160	1032
815	 300	 8	 1	44020	68	322	18	2	1	1	1	1
875	 385	 35	 5	45576	456	544930	70435	5783	2	1	56	28
591	 258	 18	 7	27073	211	49027	2262	1084	7	5	561	512
332	 125	 91	 33	19413	651	440530	43870	14517	27	28	2510	2464
1050	 437	 68	 23	41965	991	14228	2259	1690	13	16	234	291
694	 352	 126	 42	33427	1796	312716	36798	4696	31	30	574	496
464	 147	 8	 1	23164	118	291282	6662	125	0	0	0	0
594	 305	 61	 30	23505	445	159653	19081	10765	19	25	1367	1373
437	 240	 47	 21	19077	341	820182	68155	56566	16	13	682	558
556	 168	 172	 57	30119	1942	636326	193583	6438	27	29	377	615
976	 390	 33	 1	73404	560	817732	68890	922	1	1	921	921
623	 299	 55	 32	22350	380	130018	16152	10245	23	26	2406	2293
238	 89	 28	 28	14602	193	635925	75834	35579	18	22	13691	18194
948	 365	 47	 3	49583	492	614371	77978	428	2	2	198	198
705	 326	 69	 6	26439	672	6095	784	13	0	0	0	0
457	 239	 67	 40	19125	607	302665	33937	6092	23	29	1323	2992
1052	 475	 27	 3	74060	265	270417	29523	5136	2	2	1245	1245
948	 365	 47	 3	49583	493	675940	85394	414	2	2	209	209
608	 261	 5	 0	31518	92	112573	6568	0	0	0	0	0
279	 107	 52	 28	17516	410	400048	44309	17790	17	23	602	607
591	 309	 33	 31	24215	271	233984	18445	10813	20	26	4018	7049
330	 124	 87	 32	19459	630	496029	49616	15616	23	26	2685	2568
1083	 405	 45	 8	69409	474	538359	114996	7926	9	4	6372	3156
668	 344	 25	 13	29424	204	5096	561	2016	8	10	54	63
608	 261	 5	 0	31518	92	125754	7336	0	0	0	0	0
330	 124	 92	 33	19303	654	472589	46847	15079	26	28	2482	2332
554	 320	 51	 30	22857	469	261492	13569	588	23	25	397	338
528	 202	 115	 44	50880	1489	166765	13078	2215	28	30	449	298
918	 415	 14	 0	63794	173	23411	3390	0	0	0	0	0
841	 308	 32	 4	35720	194	200036	39944	1147	4	3	4	3
700	 264	 24	 11	43913	140	32982	3641	2408	11	6	1468	395
526	 273	 15	 5	22204	82	8012	1855	915	7	5	537	900
325	 138	 54	 14	18750	405	162456	15710	2659	12	8	1801	1797
1281	 427	 2	 0	69644	29	34685	2168	0	0	0	0	0
913	 454	 22	 1	50139	159	313465	29516	2341	0	0	0	0
966	 370	 67	 11	71798	711	212769	44838	1905	13	9	1508	410
948	 365	 47	 3	49583	492	725614	91361	444	2	2	196	196
332	 125	 93	 33	19461	665	494662	48468	15373	24	28	2717	2430
195	 71	 42	 27	13927	313	292311	41031	19107	15	23	1456	1488
966	 370	 67	 10	71798	730	216484	44931	1733	11	8	1233	350
913	 454	 22	 1	50139	159	291845	27253	2132	0	0	0	0
574	 302	 21	 16	24990	163	20665	5376	1975	12	15	937	919
829	 311	 1	 1	52338	16	13939	1072	1072	0	0	0	0
1216	 349	 15	 5	71672	334	392170	19249	8310	2	4	309	1367
1052	 507	 23	 2	72695	176	284059	26109	4899	1	1	1027	1027
966	 370	 88	 16	71798	972	206170	33411	3147	16	13	1329	1469
752	 272	 197	 48	45486	2656	233390	65343	1838	27	18	190	83
851	 404	 75	 25	63165	1094	1054659	93963	12717	19	11	3964	5811
568	 207	 33	 2	31836	241	396006	98918	6504	4	1	933	239
780	 301	 94	 26	31290	1035	448406	29375	6057	23	15	2343	881
1152	 390	 126	 17	57466	1776	624568	125967	4080	18	10	1096	462
1127	 388	 145	 43	56043	1569	200094	48940	5272	54	33	2317	2224
508	 193	 4	 1	25242	46	56062	5839	1168	1	1	1167	1167
988	 442	 32	 3	70332	218	166200	23623	1986	3	1	6	2
808	 403	 53	 7	36891	634	529534	69450	3622	18	6	5623	2292
985	 416	 7	 0	48213	126	228933	17129	0	0	0	0	0
587	 206	 148	 23	32629	1440	41138	6080	308	21	13	127	59
523	 137	 100	 28	26063	986	69387	9685	2258	32	16	509	140
259	 97	 80	 39	17349	675	73618	8964	8435	19	30	906	920
768	 334	 20	 5	39157	159	306704	76312	13060	4	4	1093	3271
775	 277	 10	 0	45482	90	504928	7539	0	0	0	0	0
1109	 477	 21	 1	62323	164	301293	27236	2280	0	0	0	0
841	 394	 100	 47	55124	976	10645	1748	216	19	19	61	38
966	 370	 62	 11	71798	638	211473	43352	1909	13	9	1273	441
217	 88	 50	 30	14556	431	187622	33808	18785	14	22	1643	1744
956	 456	 20	 5	51704	139	308653	81454	11561	2	4	1053	3156
316	 125	 14	 2	25740	115	127337	16636	490	0	0	0	0
966	 370	 88	 16	71798	961	206683	34330	3202	16	13	2226	1460
547	 200	 44	 7	29066	523	440819	44020	3825	7	4	5436	1909
358	 214	 34	 36	16605	386	1759	195	148	8	22	23	55
771	 361	 26	 13	36166	283	540986	18262	5744	8	5	5617	1989
710	 375	 99	 28	30373	768	250408	97326	4415	18	16	480	384
791	 387	 54	 10	38385	592	454541	43021	1744	7	5	309	202
557	 282	 12	 1	25436	111	144386	16709	10	0	0	0	0
896	 387	 74	 2	50939	577	28504	4223	4	0	0	0	0
966	 370	 67	 11	71798	686	220364	46542	1927	13	9	957	412
440	 168	 51	 13	42634	499	301205	52138	15412	17	11	5805	2916
492	 254	 32	 12	20042	454	225036	37832	15343	2	6	3273	3292
831	 411	 54	 9	40663	442	2587	273	22	11	7	12	7
900	 426	 66	 24	46192	633	2333	252	72	9	7	10	9
1003	 461	 24	 1	56042	157	283500	27117	1983	0	0	0	0
592	 179	 35	 4	29116	351	353808	24051	1133	1	1	222	222
1011	 442	 4	 0	56171	104	188953	14326	0	0	0	0	0
440	 166	 49	 13	21087	538	416351	48108	4828	17	11	2198	2384
774	 300	 79	 22	27106	837	1096977	94022	65121	20	8	5674	1252
344	 204	 6	 3	15472	14	1176	587	335	3	3	85	247
1013	 449	 26	 1	52782	169	286857	25951	1808	0	0	0	0
434	 216	 37	 28	22454	367	4213	1062	919	10	19	26	52
1258	 525	 100	 20	73271	2259	279140	9292	665	10	10	330	317
640	 323	 27	 1	27176	229	1339	132	2	0	0	0	0
483	 188	 20	 19	25832	185	2316	126	64	9	18	12	18
887	 413	 92	 26	57049	872	667182	106497	12410	16	17	1107	1111
438	 190	 78	 18	23635	674	4282	968	43	16	10	17	12
519	 188	 47	 24	29005	425	713831	99728	21760	9	18	5733	16173
548	 213	 57	 7	28594	434	162063	31203	2716	10	6	1006	621
900	 439	 167	 42	66846	2066	18218	4396	325	19	18	77	139
314	 126	 37	 10	18635	354	471044	62691	10966	4	2	5263	2257
700	 359	 53	 28	28096	515	151257	6840	354	18	19	41	27
803	 375	 0	 0	54054	0	0	0	0	0	0	0	0
239	 107	 29	 12	14447	203	364110	104573	25791	11	5	22861	10794
980	 412	 71	 23	47336	911	866611	70149	2859	19	13	556	251
496	 259	 102	 53	22417	1243	225757	20676	12186	40	31	2925	1009
976	 398	 41	 3	46143	585	1220878	79965	2019	5	3	647	577
582	 305	 50	 23	25266	552	86918	3924	5155	15	12	356	227
408	 248	 151	 72	20631	1652	423131	91313	25817	70	49	2207	3891
565	 297	 63	 20	24988	401	7679	3071	75	14	8	24	13
468	 224	 44	 29	18900	324	80896	12220	8844	23	26	1398	1472
518	 276	 61	 26	20168	428	135650	14506	12988	17	20	1680	1683
988	 412	 32	 11	70375	388	489593	86730	23801	8	3	6312	741
1147	 462	 126	 39	56644	1334	477952	160099	14335	30	15	1835	818
690	 337	 12	 0	28876	67	126894	24940	0	0	0	0	0
30	 17	 19	 13	9601	128	33362	7206	5282	15	12	1072	486
825	 336	 52	 14	35647	405	134391	50666	1932	16	9	1064	660
201	 112	 61	 37	15557	628	496117	64967	5795	22	29	1618	1478
548	 208	 41	 18	32401	318	376637	73744	6357	12	16	1743	3021
325	 136	 71	 26	18704	575	658953	86123	17887	14	14	3729	4428
172	 78	 33	 18	12800	279	68656	6077	4558	15	15	1017	987
508	 169	 53	 24	28703	597	388462	55252	7141	6	8	802	455
444	 155	 59	 12	26570	563	530809	99152	19334	14	8	2733	1872
742	 375	 91	 40	32906	826	284286	19418	1023	25	25	55	238
508	 195	 31	 2	27578	223	411571	102923	7114	4	1	481	14
871	 406	 26	 2	46005	315	371001	34941	1076	1	1	593	593
598	 315	 67	 26	24122	572	198712	48457	7240	17	22	2886	4849
123	 41	 51	 23	11349	300	83084	21404	6313	17	18	1721	1989
533	 211	 31	 4	31266	224	428966	123746	9499	5	2	1357	832
1146	 431	 26	 4	73233	227	939090	82783	7229	3	3	1065	1453
856	 421	 190	 48	62344	2626	441891	70140	11527	52	31	9940	2625
467	 242	 108	 42	26168	1058	458618	62897	11152	34	29	6367	4966
844	 310	 21	 1	49823	177	362855	13411	858	0	0	0	0
420	 239	 108	 40	17217	815	852782	163809	22631	25	10	1597	1475
466	 274	 122	 57	19159	918	491918	178445	37420	26	28	6644	2437
13	 5	 0	 0	8329	0	0	0	0	0	0	0	0
922	 373	 20	 7	41522	293	461525	68467	9642	2	2	1846	1846
359	 138	 57	 29	17406	402	457279	90294	27212	16	22	12022	19160
325	 211	 15	 17	14502	117	26547	1724	871	13	13	323	223
956	 468	 22	 1	51261	162	265879	24291	2002	0	0	0	0
715	 261	 171	 45	40085	2014	633767	63936	3220	30	24	723	602
787	 366	 4	 0	44825	51	50810	4323	0	0	0	0	0
527	 198	 35	 6	28170	301	508688	91301	3569	6	3	140	3
449	 263	 38	 17	21104	412	191967	46020	763	16	15	97	78
1110	 540	 8	 2	74405	128	258713	16058	4631	1	1	1161	1161
682	 232	 35	 5	39179	381	456210	56759	6783	6	4	5178	4926
613	 212	 4	 0	33377	26	23576	5656	0	0	0	0	0
854	 368	 24	 2	46955	353	344807	32867	756	1	1	540	540
1258	 525	 100	 19	73271	2254	263489	8539	633	9	7	299	283
154	 59	 13	 11	12795	174	23377	3661	1097	7	6	634	546
932	 371	 45	 4	58619	553	427670	53736	3045	2	2	27	27
913	 454	 22	 1	50139	159	279438	26016	2097	0	0	0	0
737	 382	 88	 39	37580	1030	255617	18306	2491	32	27	1774	513
10	 4	 5	 1	8544	33	60290	8917	1115	3	1	3342	1114
630	 242	 2	 1	40122	25	42625	8522	7456	0	0	0	0
751	 360	 37	 8	30674	366	333187	40046	3817	6	7	1707	2526
362	 181	 28	 30	17871	267	149550	3585	3102	12	25	352	1808
706	 284	 62	 8	50670	752	496974	36045	1284	9	7	843	672
266	 54	 0	 0	25154	0	0	0	0	0	0	0	0
481	 272	 121	 55	21807	1391	1961762	633550	4397	32	42	2021	1316
851	 348	 72	 17	35481	756	76218	2819	1203	7	5	12	16
1258	 525	 99	 18	73271	2237	236279	8354	635	11	10	308	294
825	 403	 242	 80	37971	2618	109366	37377	1430	57	44	653	669
642	 312	 34	 29	27431	403	5005	1251	1147	11	19	444	469
476	 255	 114	 38	21742	988	595688	243362	7979	26	13	2061	1071
958	 448	 245	 70	69900	3468	226361	67542	2526	37	32	993	277
860	 288	 7	 1	50883	164	501181	2846	1017	1	1	1016	1016
575	 289	 96	 39	23123	848	118461	8117	4476	19	28	353	366
966	 370	 82	 15	71798	954	127471	17926	2317	16	12	898	1172
928	 442	 4	 2	45445	35	39726	6808	3404	2	2	1134	3398
1062	 463	 150	 46	65216	1736	53194	4851	534	35	25	112	79
859	 416	 25	 1	45961	159	277660	27338	2127	0	0	0	0
682	 328	 1	 0	31031	7	4732	946	0	0	0	0	0
478	 262	 7	 1	20459	30	6764	1640	253	0	0	0	0
1064	 453	 21	 1	59048	161	271358	24578	2064	0	0	0	0
1191	 518	 103	 18	72241	2021	233423	15052	1422	15	8	114	181
795	 392	 26	 1	47618	161	298404	30459	2279	0	0	0	0
292	 134	 59	 32	16667	449	571404	114614	10251	12	18	6353	2737
359	 129	 69	 32	18388	447	173253	20867	10227	25	26	2539	1943
82	 45	 63	 31	11798	473	51826	11855	6909	33	20	2026	512
836	 391	 15	 7	52923	101	209879	17604	4552	4	3	1448	1086
434	 252	 62	 36	19149	612	1892008	110878	380667	24	25	15378	14487
73	 27	 15	 3	10392	102	37982	3911	3591	1	1	13	13
826	 407	 95	 27	40910	1250	696173	104417	10444	21	13	2102	1032
653	 191	 118	 29	32391	1225	308430	103235	2146	20	10	104	56
715	 261	 167	 42	40085	1855	65104	19331	601	25	18	259	100
605	 331	 33	 24	28888	400	395274	59747	601	12	16	25	21
22	 14	 13	 5	9275	75	37338	6486	2128	10	5	996	476
918	 403	 9	 3	45698	39	3218	1308	31	3	3	21	21
775	 298	 9	 1	44993	124	214366	8012	74	0	0	0	0
713	 335	 9	 1	27439	39	63607	9789	979	5	1	4890	978
815	 300	 8	 1	44020	68	312	18	2	1	1	1	1
875	 385	 35	 5	45576	456	556458	68477	6016	2	1	82	41
591	 258	 18	 7	27073	215	44002	2582	1233	7	5	614	663
332	 125	 90	 33	19413	645	481918	47520	14953	25	30	2641	2446
1050	 437	 92	 40	41965	1371	204337	38246	28962	25	26	1368	782
694	 352	 121	 42	33427	1731	335810	43795	6471	35	31	414	520
464	 147	 8	 1	23164	118	283395	6432	115	0	0	0	0
594	 305	 59	 29	23505	427	208203	21837	14275	22	23	1817	1810
437	 240	 46	 19	19077	332	820562	68540	57539	16	13	545	433
556	 168	 102	 22	30119	1072	12810	3450	118	7	7	10	10
976	 390	 33	 1	73404	560	773312	66315	851	1	1	850	850
623	 299	 57	 32	22350	383	119664	15148	10007	23	26	2326	2181
238	 89	 28	 28	14602	193	568897	68562	32299	18	22	12798	16846
948	 365	 47	 3	49583	492	617955	77705	418	2	2	193	193
705	 326	 60	 5	26439	563	7470	1042	11	0	0	0	0
457	 239	 65	 39	19125	589	322438	35674	6770	23	28	1467	3340
1052	 475	 27	 3	74060	269	288728	31606	5457	2	2	1351	1351
948	 365	 47	 3	49583	493	646810	81505	420	2	2	186	186
608	 261	 5	 0	31518	92	122016	7118	0	0	0	0	0
279	 107	 54	 27	17516	409	494099	76619	31466	16	21	1811	1815
591	 309	 33	 31	24215	271	242244	19028	11071	21	26	4093	7162
330	 124	 93	 33	19459	657	476301	47378	15354	26	30	2711	2733
1083	 405	 45	 8	69409	474	573062	121777	8379	9	4	7423	3446
668	 344	 31	 21	29424	289	6143	645	2065	10	13	49	64
608	 261	 5	 0	31518	92	115932	6766	0	0	0	0	0
330	 124	 89	 30	19303	641	496773	49305	16040	22	24	2652	2463
554	 320	 54	 30	22857	498	247472	11441	377	21	25	282	190
528	 202	 116	 46	50880	1535	181085	15989	2203	32	30	98	170
918	 415	 13	 0	63794	164	10683	1533	0	0	0	0	0
841	 308	 12	 1	35720	90	208033	41588	1191	0	0	0	0
700	 264	 23	 11	43913	124	22756	2257	1562	11	6	405	213
526	 273	 15	 5	22204	82	6704	1840	825	7	5	557	809
325	 138	 54	 15	18750	431	161917	15060	2508	13	9	1595	1591
1281	 427	 2	 0	69644	29	35741	2234	0	0	0	0	0
913	 454	 22	 1	50139	159	287243	26418	2127	0	0	0	0
966	 370	 67	 10	71798	723	165625	30201	1292	11	8	768	296
948	 365	 47	 3	49583	493	698149	88912	458	2	2	193	193
332	 125	 89	 30	19461	630	480120	47874	15227	23	24	2620	2419
195	 71	 42	 26	13927	294	54932	7006	2952	12	19	131	138
966	 370	 67	 10	71798	731	207376	41398	1656	11	8	1397	370
913	 454	 22	 1	50139	159	274599	25469	2057	0	0	0	0
574	 302	 21	 16	24990	163	14671	3876	1522	12	14	671	707
829	 311	 1	 1	52338	16	13198	1015	1015	0	0	0	0
1216	 349	 15	 5	71672	334	374557	18836	8275	2	4	539	1373
1052	 507	 23	 2	72695	176	286014	26299	4937	1	1	1027	1027
966	 370	 66	 12	71798	689	264376	56233	2341	15	10	1592	538
752	 272	 229	 54	45486	2925	456187	140784	3102	25	21	458	149
851	 404	 76	 25	63165	1097	1098974	98641	12938	19	11	4307	6011
568	 207	 33	 2	31836	241	451192	113997	7421	4	1	507	70
780	 301	 86	 26	31290	938	463122	31771	6537	22	15	1315	1103
1152	 390	 124	 14	57466	1742	789890	150219	6078	17	12	937	538
1127	 388	 149	 44	56043	1720	794863	203924	20521	59	34	9165	9346
508	 193	 4	 1	25242	46	56926	5929	1186	1	1	1185	1185
988	 442	 35	 5	70332	236	151419	21474	1827	3	1	24	8
808	 403	 53	 7	36891	634	511703	67332	3464	18	6	5134	2083
985	 416	 7	 0	48213	126	243757	18222	0	0	0	0	0
587	 206	 124	 20	32629	1236	123077	18998	170	6	6	18	16
523	 137	 107	 28	26063	1023	75316	10335	2468	32	15	508	155
259	 97	 80	 40	17349	661	69132	7835	7296	19	28	638	649
768	 334	 20	 5	39157	159	292161	72563	12541	4	4	1049	3138
775	 277	 10	 0	45482	90	599733	8903	0	0	0	0	0
1109	 477	 21	 1	62323	164	291346	26220	2211	0	0	0	0
841	 394	 94	 43	55124	941	16632	4207	210	23	17	58	32
966	 370	 63	 11	71798	683	216812	44478	2010	13	9	1596	427
217	 88	 52	 32	14556	453	204512	34662	19154	15	25	1800	1835
956	 456	 20	 5	51704	139	332762	88110	12361	2	4	1125	3375
316	 125	 14	 2	25740	115	124563	16251	475	0	0	0	0
966	 370	 67	 10	71798	688	222246	47934	1989	11	8	1309	459
547	 200	 44	 7	29066	523	431079	44166	3751	7	4	5233	1860
358	 214	 60	 36	16605	534	32569	1396	8701	8	25	215	530
771	 361	 26	 13	36166	283	505284	16891	5579	9	6	4727	1868
710	 375	 114	 31	30373	861	257237	97616	4633	24	18	801	467
791	 387	 54	 10	38385	592	455210	43550	1798	7	5	280	179
557	 282	 12	 1	25436	111	151641	17601	10	0	0	0	0
896	 387	 64	 2	50939	546	33417	4921	5	0	0	0	0
966	 370	 67	 11	71798	733	229387	48386	1882	13	9	1587	416
440	 168	 51	 13	42634	509	583584	100829	31849	18	11	11918	5271
492	 254	 49	 17	20042	545	249195	42710	20288	15	9	803	4065
831	 411	 100	 27	40663	1006	14420	4571	183	30	13	74	84
900	 426	 59	 13	46192	602	2261	230	44	7	5	8	7
1003	 461	 24	 1	56042	157	315272	30218	2190	0	0	0	0
592	 179	 35	 4	29116	350	382381	26639	1129	3	2	273	271
1011	 442	 4	 0	56171	104	180785	13707	0	0	0	0	0
440	 166	 49	 13	21087	538	396798	46367	4526	14	11	1320	1842
774	 300	 78	 25	27106	853	1138633	96007	64793	20	10	3799	1776
344	 204	 6	 3	15472	14	1288	643	367	3	3	272	271
1013	 449	 26	 1	52782	169	295633	26884	1881	0	0	0	0
434	 216	 109	 48	22454	1140	152041	30435	25994	21	30	2765	3013
1258	 525	 99	 19	73271	2254	284602	9287	661	11	8	337	314
640	 323	 172	 87	27176	1711	154825	36477	2581	57	57	646	847
483	 188	 20	 19	25832	186	1522	159	65	9	18	12	18
887	 413	 90	 24	57049	842	673816	106636	12995	15	15	1302	1142
438	 190	 105	 28	23635	1123	38087	11323	236	24	16	30	24
519	 188	 47	 24	29005	427	754741	101969	23480	9	18	6276	17736
548	 213	 57	 7	28594	430	168152	32785	3496	10	6	1573	622
900	 439	 158	 37	66846	1997	28778	5900	394	15	16	99	196
314	 126	 37	 10	18635	354	474375	63049	11142	4	2	5343	2433
700	 359	 47	 27	28096	509	254560	12263	312	18	19	41	25
803	 375	 0	 0	54054	0	0	0	0	0	0	0	0
239	 107	 29	 12	14447	203	343505	98077	24245	11	5	21392	10106
980	 412	 71	 23	47336	910	936274	72940	3121	17	14	750	726
496	 259	 98	 46	22417	1214	257144	24331	14400	39	30	5378	2030
976	 398	 41	 4	46143	592	1159624	75034	1799	4	2	108	50
582	 305	 42	 22	25266	497	115200	4935	6239	12	11	458	255
408	 248	 152	 76	20631	1842	813499	181677	49202	68	51	4199	8851
565	 297	 61	 20	24988	391	5808	2254	56	13	8	23	13
468	 224	 47	 31	18900	346	97929	15683	9401	18	25	1344	1326
518	 276	 63	 30	20168	451	199211	20645	13752	21	24	1798	1804
988	 412	 31	 11	70375	384	497112	87459	23917	8	3	4027	925
1147	 462	 125	 39	56644	1319	467189	165235	15483	30	14	2989	1490
690	 337	 12	 0	28876	67	129877	25510	0	0	0	0	0
30	 17	 19	 13	9601	127	26740	5912	4097	15	12	947	374
825	 336	 48	 14	35647	400	138479	52294	1958	14	9	1017	765
201	 112	 61	 37	15557	626	480743	62891	6125	23	28	1621	1616
548	 208	 41	 18	32401	318	371901	72572	5949	11	16	1696	2855
325	 136	 73	 29	18704	573	679326	84068	17187	22	18	3294	3371
172	 78	 31	 20	12800	230	40299	6790	2228	14	16	1472	935
508	 169	 52	 24	28703	562	361697	51569	6782	6	8	771	426
444	 155	 60	 15	26570	570	493518	81992	18577	14	7	2982	1624
742	 375	 90	 42	32906	859	314245	22038	1376	28	28	130	241
508	 195	 31	 2	27578	223	440884	111099	7905	4	1	495	14
871	 406	 26	 2	46005	317	368780	34644	1058	1	1	571	571
598	 315	 67	 25	24122	569	209357	49908	7981	17	21	3477	5459
123	 41	 87	 32	11349	548	63134	14087	5324	38	25	1597	1214
533	 211	 31	 4	31266	224	487429	140483	10696	5	2	1532	960
1146	 431	 26	 4	73233	227	971810	84043	7271	3	3	1115	1499
856	 421	 190	 48	62344	2587	281319	36916	5379	51	29	3970	1312
467	 242	 105	 39	26168	979	421886	48898	9208	36	26	1554	4011
844	 310	 21	 1	49823	177	333769	12696	848	0	0	0	0
420	 239	 108	 39	17217	804	798568	150729	21937	29	12	1627	1478
466	 274	 105	 56	19159	781	367974	136352	14279	24	27	9989	2609
13	 5	 0	 0	8329	0	0	0	0	0	0	0	0
922	 373	 20	 7	41522	293	459087	67823	9390	2	2	1841	1841
359	 138	 57	 29	17406	408	467522	91979	28505	16	22	13423	20019
325	 211	 15	 17	14502	107	23858	1390	762	13	13	255	186
956	 468	 22	 1	51261	162	300363	27503	2257	0	0	0	0
715	 261	 171	 46	40085	2041	1081618	113707	5539	31	25	1566	1055
787	 366	 4	 0	44825	51	46578	3963	0	0	0	0	0
527	 198	 35	 6	28170	301	492355	87323	3491	6	3	130	4
449	 263	 39	 18	21104	450	207387	43384	3140	17	16	230	231
1110	 540	 8	 2	74405	128	256768	15960	4613	1	1	1162	1162
682	 232	 35	 5	39179	383	441414	55856	6621	4	4	4973	4936
613	 212	 4	 0	33377	26	22226	5332	0	0	0	0	0
854	 368	 24	 2	46955	354	366143	34990	797	1	1	599	599
1258	 525	 100	 19	73271	2254	258265	8603	643	11	10	303	299
154	 59	 13	 11	12795	174	20818	3176	983	7	6	567	486
932	 371	 45	 4	58619	540	441705	55703	3082	2	2	8	8
913	 454	 22	 1	50139	159	322258	30197	2413	0	0	0	0
1258	 525	 116	 19	73271	2361	297886	12717	558	11	11	318	316
737	 382	 89	 40	37580	1010	240788	16463	2239	33	28	1562	472
10	 4	 5	 1	8544	33	58290	8621	1078	3	1	3231	1077
630	 242	 2	 1	40122	25	41065	8210	7183	0	0	0	0
751	 360	 37	 8	30674	366	317983	38279	3688	6	7	1722	2505
362	 181	 28	 30	17871	266	154596	2784	2511	14	25	382	946
706	 284	 62	 8	50670	752	462131	32805	1224	10	7	804	712
266	 54	 0	 0	25154	0	0	0	0	0	0	0	0
481	 272	 54	 18	21807	422	4087	649	40	8	9	9	10
851	 348	 36	 4	35481	426	13649	262	25	2	1	2	1
1258	 525	 99	 20	73271	2256	263407	9309	713	11	8	336	326
825	 403	 233	 68	37971	2599	69451	21451	724	41	22	222	84
642	 312	 59	 40	27431	756	279540	58891	50983	14	28	2562	3039
476	 255	 102	 34	21742	827	79400	29974	1753	25	13	577	404
958	 448	 140	 30	69900	1363	11524	1368	133	14	11	17	15
860	 288	 7	 1	50883	164	525383	2859	1034	1	1	1033	1033
575	 289	 99	 40	23123	797	12623	999	342	21	28	35	37
966	 370	 67	 12	71798	721	224334	46948	2019	14	10	1921	429
928	 442	 4	 2	45445	35	41301	7078	3539	2	2	1179	3533
1062	 463	 76	 14	65216	898	8961	744	90	12	7	22	13
859	 416	 25	 1	45961	159	291805	29363	2214	0	0	0	0
682	 328	 1	 0	31031	7	4297	859	0	0	0	0	0
478	 262	 6	 1	20459	28	4148	1250	137	0	0	0	0
1064	 453	 21	 1	59048	161	297888	26921	2335	0	0	0	0
1191	 518	 105	 18	72241	1962	239682	15029	1420	15	8	122	183
795	 392	 26	 1	47618	161	293295	30830	2226	0	0	0	0
292	 134	 59	 22	16667	414	518103	104404	9305	11	12	4762	2995
359	 129	 67	 29	18388	429	114504	13762	9251	17	22	1819	1793
82	 45	 45	 28	11798	402	52630	12374	8200	22	17	348	264
836	 391	 15	 7	52923	101	200793	16761	4368	4	3	1372	1029
434	 252	 62	 35	19149	617	1598436	116330	283912	24	25	21741	15722
73	 27	 15	 3	10392	102	42153	3979	4156	1	1	20	20
826	 407	 103	 31	40910	1406	668797	100491	9999	23	18	1964	757
653	 191	 124	 33	32391	1249	416591	129091	2757	23	12	234	125
715	 261	 171	 47	40085	2026	519052	105994	6229	29	26	2026	1167
605	 331	 35	 22	28888	351	3054	316	54	12	16	12	16
22	 14	 13	 5	9275	75	45124	7487	2507	10	5	1096	513
918	 403	 9	 3	45698	39	3059	1242	28	3	3	18	18
775	 298	 9	 1	44993	124	213777	7993	82	0	0	0	0
713	 335	 9	 1	27439	39	73553	11319	1132	5	1	5655	1131
815	 300	 8	 1	44020	68	322	18	2	1	1	1	1
875	 385	 35	 5	45576	456	594184	74183	6441	2	1	38	19
591	 258	 18	 7	27073	215	46230	2929	1332	7	5	676	819
332	 125	 91	 29	19413	643	479959	47786	15433	22	23	2555	2455
1050	 437	 90	 35	41965	1266	23550	4033	3303	22	24	174	208
694	 352	 122	 41	33427	1688	278506	38987	5776	39	31	909	502
464	 147	 8	 1	23164	118	285641	6505	122	0	0	0	0
594	 305	 61	 30	23505	439	217629	22945	12980	19	25	1605	1610
437	 240	 47	 23	19077	348	806008	67235	55704	17	17	675	562
556	 168	 173	 50	30119	1903	220238	67418	2047	23	22	226	316
976	 390	 33	 1	73404	560	903503	76600	971	1	1	970	970
623	 299	 57	 32	22350	384	183410	17847	10023	23	26	2357	2163
238	 89	 28	 28	14602	193	583325	68899	32374	18	22	12642	16528
948	 365	 47	 3	49583	492	695082	88304	477	2	2	207	207
705	 326	 66	 6	26439	640	4148	493	14	0	0	0	0
457	 239	 65	 40	19125	595	317012	36337	6527	23	28	1554	2202
1052	 475	 27	 3	74060	277	288610	31520	5446	2	2	1325	1325
948	 365	 47	 3	49583	493	639918	80822	462	2	2	146	146
608	 261	 5	 0	31518	92	123632	7213	0	0	0	0	0
279	 107	 51	 27	17516	400	482463	53203	22598	17	23	953	958
591	 309	 33	 31	24215	271	231223	17841	10330	21	26	3886	6701
330	 124	 92	 33	19459	649	463474	45096	15050	28	31	2624	2611
1083	 405	 45	 8	69409	474	511258	107945	7620	9	4	6604	3082
668	 344	 30	 19	29424	271	6661	758	2147	9	12	50	69
608	 261	 5	 0	31518	92	122213	7132	0	0	0	0	0
330	 124	 93	 33	19303	660	423335	41836	14113	28	28	2540	2447
554	 320	 52	 30	22857	476	238350	11000	327	21	25	293	174
528	 202	 110	 43	50880	1434	183271	11908	2407	25	27	716	402
918	 415	 15	 0	63794	176	2398628	346052	0	0	0	0	0
841	 308	 12	 1	35720	90	170776	34137	979	0	0	0	0
700	 264	 23	 11	43913	123	30640	3285	2228	11	6	1257	338
526	 273	 15	 5	22204	81	8536	1826	946	7	5	711	932
325	 138	 66	 32	18750	506	164171	15309	2627	24	24	1716	1715
1281	 427	 2	 0	69644	29	36316	2270	0	0	0	0	0
913	 454	 22	 1	50139	159	291865	27041	2186	0	0	0	0
966	 370	 67	 11	71798	718	222748	46284	1970	13	9	1894	410
948	 365	 47	 3	49583	492	644738	81921	444	2	2	188	188
332	 125	 93	 31	19461	648	487905	48858	15510	25	25	2648	2440
195	 71	 45	 32	13927	329	556101	72669	30899	18	24	1621	1667
966	 370	 98	 17	71798	1095	213121	44113	1862	19	15	1514	445
913	 454	 22	 1	50139	159	282405	26143	2080	0	0	0	0
574	 302	 21	 16	24990	163	18951	5295	1835	13	14	1069	833
829	 311	 1	 1	52338	16	12067	928	928	0	0	0	0
1216	 349	 15	 5	71672	334	389725	19244	8489	2	4	365	1415
1052	 507	 23	 2	72695	176	339290	31080	5912	1	1	1238	1238
966	 370	 67	 12	71798	727	210326	42666	1832	14	10	1271	425
752	 272	 162	 37	45486	1784	21466	2009	361	25	16	56	34
851	 404	 104	 33	63165	1536	1024913	90236	9189	20	17	3669	4471
568	 207	 33	 2	31836	241	468451	117787	7970	4	1	1047	265
780	 301	 97	 26	31290	969	451729	29734	6162	23	15	1241	784
1152	 390	 124	 14	57466	1736	723452	137418	5684	16	10	938	598
1127	 388	 138	 40	56043	1444	60755	12590	1497	47	30	646	614
508	 193	 4	 1	25242	46	53614	5584	1117	1	1	1116	1116
988	 442	 31	 2	70332	191	160681	22653	1940	3	1	21	7
808	 403	 53	 7	36891	634	537242	71214	3632	18	6	5508	2302
985	 416	 7	 0	48213	126	242516	18147	0	0	0	0	0
587	 206	 130	 19	32629	1196	29926	4673	95	7	7	10	14
523	 137	 88	 27	26063	876	68587	9237	2629	32	13	403	666
259	 97	 84	 40	17349	676	71519	8760	8232	22	29	904	909
768	 334	 20	 5	39157	159	295569	73798	12471	4	4	1051	3145
775	 277	 10	 0	45482	90	532334	8066	0	0	0	0	0
1109	 477	 21	 1	62323	164	274642	24783	2071	0	0	0	0
841	 394	 120	 50	55124	1062	30218	9215	423	25	22	82	60
966	 370	 67	 10	71798	731	225074	45256	1865	11	8	1260	401
217	 88	 52	 30	14556	439	215502	37402	20208	14	22	1773	1807
956	 456	 20	 5	51704	139	332850	88095	12382	2	4	1127	3381
316	 125	 14	 2	25740	115	132535	17276	504	0	0	0	0
966	 370	 67	 11	71798	717	210120	42933	1905	14	9	1492	404
547	 200	 44	 7	29066	523	428436	43643	3772	7	4	5066	1813
358	 214	 45	 36	16605	447	38865	1098	10717	8	24	184	450
771	 361	 26	 13	36166	287	521316	18033	5713	8	5	5339	1800
710	 375	 108	 30	30373	843	65155	20916	1422	23	17	383	226
791	 387	 54	 10	38385	592	444840	43409	1873	7	5	265	229
557	 282	 12	 1	25436	111	144835	16791	10	0	0	0	0
896	 387	 79	 4	50939	776	61914	9111	10	1	1	3	3
966	 370	 67	 11	71798	682	215447	45426	1901	13	9	1387	402
440	 168	 51	 13	42634	504	566271	99253	30804	18	11	11284	5112
492	 254	 39	 15	20042	471	235407	39033	16885	3	5	4	3323
831	 411	 125	 32	40663	1136	11194	3231	146	24	11	50	61
900	 426	 61	 10	46192	545	2018	242	24	5	5	5	5
1003	 461	 24	 1	56042	157	288289	27634	2011	0	0	0	0
592	 179	 35	 4	29116	351	369591	25367	1165	3	2	399	264
1011	 442	 4	 0	56171	104	180628	13696	0	0	0	0	0
440	 166	 49	 13	21087	538	414466	48024	4710	17	11	1602	2013
774	 300	 78	 22	27106	841	1462894	120413	82073	20	8	5034	1088
344	 204	 6	 3	15472	14	1064	531	303	3	3	224	223
1013	 449	 26	 1	52782	169	302505	27414	1936	0	0	0	0
434	 216	 87	 46	22454	790	14608	3511	3120	15	27	828	886
1258	 525	 98	 18	73271	2217	289785	9527	686	10	8	344	327
640	 323	 125	 28	27176	1021	16021	3334	206	24	22	124	64
483	 188	 23	 20	25832	197	4299	344	158	11	19	14	19
887	 413	 91	 24	57049	889	595214	92729	11211	15	15	1448	1261
438	 190	 127	 46	23635	1332	134939	41715	792	42	33	87	93
519	 188	 47	 24	29005	427	688069	95767	20925	9	18	5629	15365
548	 213	 58	 7	28594	481	176034	33920	3590	10	6	1522	495
900	 439	 117	 30	66846	1248	11715	2710	80	12	15	14	22
314	 126	 37	 10	18635	354	437450	58248	10233	4	2	5114	2310
700	 359	 46	 27	28096	470	35353	1662	177	14	18	18	19
803	 375	 0	 0	54054	0	0	0	0	0	0	0	0
239	 107	 29	 12	14447	203	352670	101690	25071	11	5	22248	10500
980	 412	 71	 23	47336	910	811338	63626	2605	19	13	592	258
496	 259	 99	 48	22417	1218	262784	26462	14091	41	33	572	1409
976	 398	 41	 4	46143	591	1201456	78623	1997	5	3	947	884
582	 305	 55	 26	25266	619	126898	5188	6456	17	11	554	270
408	 248	 146	 69	20631	1539	387147	80493	22260	66	48	2306	2685
565	 297	 42	 19	24988	292	2494	816	60	13	7	23	13
468	 224	 44	 29	18900	320	67165	10139	7648	23	26	1252	1337
518	 276	 61	 27	20168	436	189257	19198	12611	17	21	1694	1697
988	 412	 33	 11	70375	399	504098	87705	23923	8	3	5414	1420
1147	 462	 123	 39	56644	1343	466108	154847	14068	28	15	2264	1111
690	 337	 12	 0	28876	67	130208	25591	0	0	0	0	0
30	 17	 20	 13	9601	124	32150	7164	5090	15	12	1233	470
825	 336	 48	 14	35647	399	133003	49689	1932	13	9	885	756
201	 112	 64	 37	15557	628	481803	61814	5549	21	28	1499	1298
548	 208	 41	 18	32401	318	421645	81926	6733	9	16	1857	3128
325	 136	 74	 29	18704	590	666070	83392	16898	16	18	2441	3825
172	 78	 34	 19	12800	279	36318	4672	1755	15	14	911	876
508	 169	 52	 24	28703	574	373119	52908	6943	7	9	783	446
444	 155	 59	 13	26570	569	518293	90669	19671	14	8	2788	1946
742	 375	 64	 28	32906	609	124101	10414	356	19	18	19	56
508	 195	 31	 2	27578	223	421433	106176	7503	1	1	430	430
871	 406	 26	 2	46005	315	369530	34738	1029	1	1	582	582
598	 315	 67	 26	24122	570	196752	48713	7145	17	22	2925	4767
123	 41	 99	 32	11349	598	130594	31172	8685	45	26	3894	931
533	 211	 31	 4	31266	224	480246	139719	10459	5	2	1479	910
1146	 431	 26	 4	73233	223	401021	35736	2905	3	3	183	612
856	 421	 192	 43	62344	2607	437532	75843	9368	52	25	12200	2982
467	 242	 101	 39	26168	961	745492	187862	23710	27	26	17995	14217
844	 310	 21	 1	49823	177	351603	13481	893	0	0	0	0
420	 239	 111	 40	17217	821	789191	150051	21191	28	11	1767	1520
466	 274	 117	 59	19159	927	634606	250698	10248	24	29	7706	2334
13	 5	 0	 0	8329	0	0	0	0	0	0	0	0
922	 373	 20	 7	41522	293	441726	65230	9457	2	2	3867	3867
359	 138	 57	 29	17406	398	441032	87216	26692	16	22	12851	19247
325	 211	 15	 15	14502	107	23130	1536	745	13	14	180	180
956	 468	 22	 1	51261	162	304144	28165	2349	0	0	0	0
715	 261	 174	 45	40085	2035	1305114	132230	6637	28	24	2092	1233
787	 366	 4	 0	44825	51	48272	4108	0	0	0	0	0
527	 198	 35	 6	28170	301	537952	96490	3801	3	3	8	8
449	 263	 39	 18	21104	446	193034	46655	499	17	16	60	59
1110	 540	 8	 2	74405	128	241867	15028	4344	1	1	1092	1092
682	 232	 35	 5	39179	384	465702	58597	7049	4	4	235	5188
613	 212	 4	 0	33377	26	21401	5134	0	0	0	0	0
854	 368	 24	 2	46955	352	346433	33204	754	1	1	566	566
1258	 525	 94	 18	73271	2036	352030	10603	649	11	9	302	321
154	 59	 13	 11	12795	174	22818	3488	1076	7	6	621	531
932	 371	 45	 4	58619	548	444592	55721	3123	1	1	1	1
913	 454	 22	 1	50139	159	308029	28746	2291	0	0	0	0
1258	 525	 116	 20	73271	2386	302158	12653	549	13	12	327	324
737	 382	 86	 37	37580	1026	273290	19928	2799	31	26	1953	551
10	 4	 5	 1	8544	33	58128	8597	1075	3	1	3222	1074
630	 242	 2	 1	40122	25	45385	9074	7939	0	0	0	0
751	 360	 37	 8	30674	366	314953	38523	3495	6	7	1459	2330
362	 181	 27	 30	17871	254	75014	828	1089	11	25	149	302
706	 284	 62	 8	50670	753	438593	31308	1156	9	7	639	514
266	 54	 0	 0	25154	0	0	0	0	0	0	0	0
481	 272	 108	 39	21807	1185	231686	88696	491	27	26	157	167
851	 348	 37	 5	35481	450	13267	292	30	4	2	4	2
1258	 525	 96	 18	73271	2183	259747	9495	725	11	8	330	308
825	 403	 278	 105	37971	3572	191432	61216	1805	73	54	548	203
642	 312	 43	 33	27431	534	10743	2427	2272	11	20	72	158
476	 255	 103	 37	21742	845	411188	170797	4885	25	13	1085	503
958	 448	 235	 63	69900	3252	343553	99748	2869	34	28	1045	392
860	 288	 7	 1	50883	164	594198	3097	1160	1	1	1159	1159
575	 289	 95	 42	23123	865	264398	18996	10369	18	28	901	918
966	 370	 67	 11	71798	730	73674	13295	706	13	9	300	146
928	 442	 4	 2	45445	35	40041	6862	3431	2	2	1143	3425
1062	 463	 80	 20	65216	1059	18261	1653	134	11	7	29	20
859	 416	 25	 1	45961	159	284600	28505	2205	0	0	0	0
682	 328	 1	 0	31031	7	5362	1072	0	0	0	0	0
478	 262	 7	 1	20459	30	7954	2092	285	0	0	0	0
1064	 453	 21	 1	59048	161	292287	26529	2276	0	0	0	0
1191	 518	 103	 18	72241	1976	233537	15028	1458	12	7	156	196
795	 392	 26	 1	47618	161	288551	29410	2207	0	0	0	0
292	 134	 118	 36	16667	1090	29678	9972	293	26	18	89	48
359	 129	 69	 29	18388	446	121849	14909	9424	18	23	1824	1781
82	 45	 66	 30	11798	484	71742	17105	5829	33	19	547	306
836	 391	 15	 7	52923	101	219221	18321	4778	4	3	1500	1125
434	 252	 62	 36	19149	620	1658318	122232	288702	24	27	20831	15465
73	 27	 15	 3	10392	102	38984	3884	3829	1	1	14	14
826	 407	 100	 29	40910	1313	657781	98220	10090	22	16	2334	875
653	 191	 105	 20	32391	876	37662	12296	328	8	7	14	12
