003585f856a2a322e4a7a989a2bff0eb62e025aa9d2bcec53742f82c76d592e9.apk	2011-11-28	0	0	0	0	0	0	0.9697	0	0.0303	0.16	0	0.84	0.2388	0	0.7612	0.0341	0	0.9659	0.0341	0	0.9659	0.75	0	0.25	0	0.9472	0	0.0528	0
010e5eda34ac202a8494fb02f54fde0124f19f0b3c0233cf692f449a0abf1640.apk	2011-10-31	0	0	0	0	0	0	0.9687	0	0.0313	0.125	0	0.875	0.2069	0	0.7931	0.0345	0	0.9655	0.0345	0	0.9655	0.6667	0	0.3333	0	0.9404	0	0.0596	0
017597800ffa7a61b202eab6200364b098d2a55742442f8d7f8a74ca62c07f73.apk	2011-11-21	0	0	0	0	0	0	0.9702	0	0.0298	0.16	0	0.84	0.2388	0	0.7612	0.0339	0	0.9661	0.0339	0	0.9661	0.75	0	0.25	0	0.9594	0	0.0406	0
03191237256611ca8400dcc35261f2e9c028956fef272a574680b2c8053c566d.apk	2011-12-06	0	0	0	0	0	0	0.9686	0	0.0314	0.16	0	0.84	0.2388	0	0.7612	0.0348	0	0.9652	0.0348	0	0.9652	0.75	0	0.25	0	0.9294	0	0.0706	0
03e51cb7571b3c7da1f063d69dcba6e29c2aaa2dfeec2e056a9f0f6df3fddf8e.apk	2011-11-25	0	0	0	0	0	0	0.9697	0	0.0303	0.16	0	0.84	0.2388	0	0.7612	0.0339	0	0.9661	0.0339	0	0.9661	0.75	0	0.25	0	0.949	0	0.051	0
04cdfd2f08208e2759a6cf201dfe4c5ee6f724fb4ca752b5d2b924024e661ac1.apk	2011-07-11	0	0	0	0.004	0.0005	0	0.5983	0.0044	0.3928	0.2727	0.0455	0.6818	0.3634	0.0336	0.6031	0.3923	0.0054	0.6023	0.3923	0.0054	0.6023	0.25	0.125	0.375	0.25	0.9724	0.0063	0.0071	0.0142
04eb40f0d393f72ebbc3b004dadd58bbbac311b2946ae79a5c5cfbbeadefb811.apk	2011-10-14	0	0	0	0	0	0	0.9699	0	0.0301	0.16	0	0.84	0.2388	0	0.7612	0.0346	0	0.9654	0.0346	0	0.9654	0.75	0	0.25	0	0.9727	0	0.0273	0
04ec5be483eb0ca7f11122f953c1822d6b0d076c24f1cf57e20446c3ba586939.apk	2011-12-10	0	0	0	0	0	0	0.9691	0	0.0309	0.16	0	0.84	0.2388	0	0.7612	0.0349	0	0.9651	0.0349	0	0.9651	0.75	0	0.25	0	0.9412	0	0.0588	0
05a08d700515e000fbf035a920f2215b957d5dceec987009c3bf9613c2dfd4b4.apk	2011-10-25	0	0	0	0	0	0	0.9274	0	0.0726	0.2778	0	0.7222	0.2973	0	0.7027	0.0731	0	0.9269	0.0731	0	0.9269	1	0	0	0	1	0	0	0
071987b6dbeea4cb49309fd0a5b1f0df934f62fb4ddb31671b212783299757a0.apk	2011-08-26	0	0	0	0	0	0	0.9583	0	0.0417	0.2778	0	0.7222	0.3333	0	0.6667	0.0432	0	0.9568	0.0432	0	0.9568	0	0	0	1	0	0	0	1
07cc72f03d7ca465553eeac760d52a722c2ce2891cf708280b1a1d1c0aa7ad64.apk	2011-10-13	0	0	0	0.6813	0.1414	0	0.158	0.0105	0.0088	0.0513	0.2564	0.6923	0.0619	0.2887	0.6495	0.0129	0.1624	0.8247	0.0132	0.1656	0.8213	1	0	0	0	1	0	0	0
07e1349dfc31e9e6251a2920521e453f71ce296352861902b99734a8a7b7f554.apk	2011-06-05	0	0	0	0	0	0	0	0	0	0	0	0	0	0	0	0	0	0	0	0	0	0	0	0	0	0	0	0	0
09609b1d65471246f9fa035bec614d542e164fda9536260467e44e7d04f058db.apk	2011-11-23	0	0	0	0	0	0	0.9697	0	0.0303	0.16	0	0.84	0.2388	0	0.7612	0.0339	0	0.9661	0.0339	0	0.9661	0.75	0	0.25	0	0.9472	0	0.0528	0
09ce836a030e15b840d1153dc7cc2101678e65e173c76720e7dd98c982f5dea7.apk	2011-07-15	0	0	0	0	0	0	0.8763	0	0.1237	0.2895	0	0.7105	0.2817	0	0.7183	0.1374	0	0.8626	0.1374	0	0.8626	1	0	0	0	1	0	0	0
0a6518a4c709ed5c4bc316f1cc7240a697283e5bab9dc354e47c17eb230e375a.apk	2011-04-07	0.836	0	0	0	0	0	0.1429	0	0.0212	0.1111	0	0.8889	0.0921	0	0.9079	0.0216	0	0.9784	0.0216	0	0.9784	1	0	0	0	1	0	0	0
0b57c267a3028a744019b250a8af44e3d5d1a1ddc650709cec8423160325404f.apk	2011-11-18	0	0	0	0.7171	0.2829	0	0	0	0	0	0.4118	0.5882	0	0.52	0.48	0	0.3164	0.6836	0	0.3164	0.6836	0.7143	0	0.2857	0	0.8444	0	0.1556	0
0d479abe853fcdc8bdb07023f13df79922fcea78b960391ec2a0c1722c2a4ac5.apk	2011-06-05	0	0	0	0	0	0	0	0	0	0	0	0	0	0	0	0	0	0	0	0	0	0	0	0	0	0	0	0	0
0d98f1309ea3b2ac7f36af46e59bebd5d56907c6bda85f405f692351b3d3091b.apk	2011-11-08	0	0	0	0	0	0	0.9694	0	0.0306	0.16	0	0.84	0.2388	0	0.7612	0.0344	0	0.9656	0.0344	0	0.9656	0.75	0	0.25	0	0.9414	0	0.0586	0
0dc23f0c296d87b50f8674ade081ab6c5ea6b000246cb7c78032cdb8d90f0ef2.apk	2011-08-21	0	0	0	0.6985	0.0511	0.009	0.1364	0.052	0.053	0.3253	0.3133	0.3614	0.3108	0.3158	0.3734	0.0834	0.1214	0.7952	0.0834	0.1214	0.7952	0.8333	0	0.1667	0	0.9766	0	0.0234	0
0def4765cc9ece6be9e21d7a21d6ccc004b45d8c9b99daf7c53ff16ccb849a77.apk	2011-09-16	0	0	0	0	0	0	0	0	0	0	0	0	0	0	0	0	0	0	0	0	0	0	0	0	0	0	0	0	0
0e23822ef50d5adcb2407b3e65e07d99497e04080abecfc7340cf916a411a946.apk	2011-12-03	0	0	0	0	0	0	0.9697	0	0.0303	0.16	0	0.84	0.2388	0	0.7612	0.0347	0	0.9653	0.0347	0	0.9653	0.75	0	0.25	0	0.9472	0	0.0528	0
0e7d5ea87370caffd95b3ba535e1a6a47efad3b0b42f89fa21df59ca097a4453.apk	2011-10-21	0	0	0	0.0027	0.0004	0	0.5821	0.0027	0.4121	0.2697	0.0461	0.6842	0.3576	0.034	0.6084	0.4112	0.0036	0.5851	0.4112	0.0036	0.5851	0.2222	0.2222	0.3333	0.2222	0.9791	0.0074	0.0037	0.0098
0ed1ce633b6cfe411f251af1ce290f5ed0845845b0c96e671f8cddfe97969f47.apk	2011-09-30	0	0	0	0	0	0	0.6741	0	0.3259	0.3913	0	0.6087	0.4167	0	0.5833	0.3324	0	0.6676	0.3324	0	0.6676	0.75	0	0.25	0	0.8788	0	0.1212	0
0f70a976c6263ad806fccc25b010a5a3886a334834167483f50e106986854a7a.apk	2011-11-25	0	0	0	0	0	0	0.9697	0	0.0303	0.16	0	0.84	0.2388	0	0.7612	0.0353	0	0.9647	0.0353	0	0.9647	0.75	0	0.25	0	0.9455	0	0.0545	0
10206b165b0a4ab9dc5d9dd8377adb8462d5ac0dcc71aac4ef61a9b1f607d686.apk	2011-12-03	0	0	0	0	0	0	0.969	0	0.031	0.16	0	0.84	0.2388	0	0.7612	0.0353	0	0.9647	0.0353	0	0.9647	0.75	0	0.25	0	0.9463	0	0.0537	0
1089f2e5cfc27903f33efde2a3cbbe196d842374b0b672156af1491450252085.apk	2011-03-03	0.2003	0	0	0.4718	0.328	0	0	0	0	0	0.2935	0.7065	0	0.2748	0.7252	0	0.3211	0.6789	0	0.3211	0.6789	0.5385	0.1538	0.0769	0.2308	0.9365	0.0282	0.0118	0.0235
10d5fc54ef22b6989f446294a6f236fdfa6de0ebdc12b6e7fddb6829fd1c2d21.apk	2011-12-10	0	0	0	0	0	0	0.9498	0	0.0502	0.1887	0	0.8113	0.2846	0	0.7154	0.0514	0	0.9486	0.0514	0	0.9486	0.25	0.25	0.5	0	0.9547	0.0379	0.0073	0
110d61174521d729a12b1f99151cfa20bbbd7729f9acf7ff4c29ec767fca9d1a.apk	2011-12-25	0	0	0	0	0	0	0.9906	0	0.0094	0.1707	0	0.8293	0.25	0	0.75	0.0119	0	0.9881	0.0119	0	0.9881	0.3333	0.3333	0.3333	0	0.7885	0.1795	0.0321	0
115ac099312aeffe1511293ea68fccca314663e5eac4990d14dd4aac4aad2a1c.apk	2011-10-17	0.1183	0.0056	0	0.5378	0.3365	0	0	0.0018	0	0.0294	0.2647	0.7059	0.0161	0.2581	0.7258	0	0.3437	0.6563	0	0.3437	0.6563	0.7143	0	0.2857	0	0.9724	0	0.0276	0
1249d3702a701c8fa5ccf10da469acc7449d729a7138161b821f554d61138223.apk	2011-11-25	0	0	0	0	0	0	0	0	0	0	0	0	0	0	0	0	0	0	0	0	0	0	0	0	0	0	0	0	0
1270aae3d9927903fc0bb3115597bbebb19b16265e16b61bbf01f055cee1b620.apk	2011-12-10	0	0	0	0	0	0	0.8864	0	0.1136	0.2414	0	0.7586	0.4176	0	0.5824	0.1213	0	0.8787	0.1213	0	0.8787	0.6	0	0.4	0	0.9016	0	0.0984	0
12cf9337c22cd97ad0ff14cc7ce03dae1ac55ae7ce8dbaed1835b29a1e2fba02.apk	2011-10-25	0	0	0	0	0	0	0.9952	0	0.0048	0.25	0	0.75	0.25	0	0.75	0.0065	0	0.9935	0.0065	0	0.9935	1	0	0	0	1	0	0	0
137274dccff625eb1f9d647b09ed50cdfa8f86fe1a893d951f1f04e0d91f85bc.apk	2011-03-26	0.0082	0	0	0.991	0.0008	0	0	0	0	0	0.1053	0.8947	0	0.0833	0.9167	0	0.002	0.998	0	0.002	0.998	0.6	0.4	0	0	0.7812	0.2188	0	0
142fc9e01fba3fdb5ea0edd00eef8f428ee83d8eba60ec558108cb76f3e1adc9.apk	2011-12-08	0	0	0	0	0	0	0.9649	0	0.0351	0.1915	0	0.8085	0.2869	0	0.7131	0.0366	0	0.9634	0.0366	0	0.9634	0.3333	0.3333	0.3333	0	0.9428	0.0468	0.0104	0
147c6bc1ebd7997aa8cb3f12bc0d681f226438df6857887fe91d68594ddf8c92.apk	2011-12-10	0	0	0	0	0	0	0.9533	0	0.0467	0.18	0	0.82	0.2823	0	0.7177	0.0479	0	0.9521	0.0479	0	0.9521	0.3333	0.3333	0.3333	0	0.9602	0.0335	0.0063	0
14e771fab4ad75bfea9b56f6b8a565dc0d514d3c9e2e77d0b5c41e645b352622.apk	2011-10-08	0	0	0	0	0	0	0.9424	0	0.0576	0.2286	0	0.7714	0.2706	0	0.7294	0.0677	0	0.9323	0.0677	0	0.9323	1	0	0	0	1	0	0	0
14eb64a16ce30f9517366961d91e525746392300f7184c461cc030694b8ea6ad.apk	2011-10-25	0.0127	0	0	0	0	0	0.6235	0	0.3639	0.3429	0	0.6571	0.3077	0	0.6923	0.3638	0	0.6362	0.3638	0	0.6362	1	0	0	0	1	0	0	0
14efcea2c0e6be0af536939c6a46da2ad7c7de9173e329ac94c73c115498cfcf.apk	2011-12-06	0	0	0	0	0	0	0.9685	0	0.0315	0.16	0	0.84	0.2388	0	0.7612	0.0357	0	0.9643	0.0357	0	0.9643	0.75	0	0.25	0	0.9265	0	0.0735	0
156a4115414c8198cf5e0fb200a7963dc4d6ed4e81998ff00c019e03611b21c7.apk	2011-12-28	0	0	0	0.4553	0.474	0	0.0702	0	0.0005	0.1111	0.2222	0.6667	0.1	0.32	0.58	0.0011	0.473	0.5258	0.0011	0.473	0.5258	1	0	0	0	1	0	0	0
15ba2f29c18b31d1f2561f432830bab037b1cd839f7484f0bc6a514150ffb0c3.apk	2011-11-10	0	0	0	0	0	0	0.9657	0	0.0343	0.2308	0	0.7692	0.2698	0	0.7302	0.0347	0	0.9653	0.0347	0	0.9653	0.5	0	0.5	0	0.9971	0	0.0029	0
16071d0a064cdca39672dcea0055aaa29750d4c5ba068b5d7b6df8922c5cfc93.apk	2011-06-07	0.0065	0	0	0.2112	0.727	0	0.0001	0.055	0.0002	0.0263	0.5789	0.3947	0.0155	0.658	0.3264	0.0002	0.7819	0.2179	0.0002	0.7819	0.2179	1	0	0	0	1	0	0	0
165cdc868cbcf6cde514a586e1dacb03b546136ac08a67496577e6d8f132030d.apk	2011-09-14	0	0	0	0.9444	0.0556	0	0	0	0	0	0.2667	0.7333	0	0.25	0.75	0	0.1333	0.8667	0	0.1333	0.8667	0	0	0	1	0	0	0	1
1680fd004bfdda3fcf2792d8b7894dae605af008647693760fa3fdfa3677974c.apk	2011-12-08	0	0	0	0	0	0	0	0	0	0	0	0	0	0	0	0	0	0	0	0	0	0	0	0	0	0	0	0	0
171a3dbf19f67938556396128a041927ac055d8fd639a97d8585be39eddb6792.apk	2011-11-21	0	0	0	0	0	0	0.9701	0	0.0299	0.16	0	0.84	0.2388	0	0.7612	0.0335	0	0.9665	0.0335	0	0.9665	0.75	0	0.25	0	0.9564	0	0.0436	0
171ae67d4951ce6168a6bb63fa58be9a62d61a0cbe6c59ce4863d3b2dbb2fdc3.apk	2011-11-21	0	0	0	0	0	0	0.971	0	0.029	0.1176	0	0.8824	0.2045	0	0.7955	0.0598	0	0.9402	0.0598	0	0.9402	1	0	0	0	1	0	0	0
18e66eaf9ad778ef4a1ac0ac2e2e1db1fbb109df10cda54f06699f8bf7f4e9a1.apk	2011-10-25	0	0	0	0	0	0	0.9725	0	0.0275	0.16	0	0.84	0.2388	0	0.7612	0.0329	0	0.9671	0.0329	0	0.9671	0.75	0	0.25	0	0.9574	0	0.0426	0
19461ff783d08b6544a5d868c5b8477394d313d54077b45724575fb804dbfa2e.apk	2011-05-11	0	0	0	0.0138	0.001	0	0.5156	0	0.4696	0.1562	0.0938	0.75	0.2339	0.1835	0.5826	0.4694	0.0011	0.5294	0.4694	0.0011	0.5294	1	0	0	0	1	0	0	0
196f1157332d6cf82c57baa4d21671cdad15526eff8bfd80fa93c53ce3cfab9a.apk	2011-12-28	0	0	0	0	0	0	0	0	0	0	0	0	0	0	0	0	0	0	0	0	0	0	0	0	0	0	0	0	0
19b83962c8ef0096cf6fa4f0550264b3a2b7fa93ba021a8a6d10316d1e10c9b4.apk	2011-11-21	0	0	0	0	0	0	1	0	0	0.25	0	0.75	0.3333	0	0.6667	0.0052	0	0.9948	0.0052	0	0.9948	1	0	0	0	1	0	0	0
1b1a74ff3de5ced74dba27ff777721804c2ae2c2a0094db5c361e4eb256bbc41.apk	2011-10-09	0.0388	0	0	0	0	0	0.7014	0	0.2598	0.1132	0	0.8868	0.15	0	0.85	0.2573	0	0.7427	0.2573	0	0.7427	0.375	0.25	0.375	0	0.6531	0.1224	0.2245	0
1b1ff0998f54ccf8d8b7f7a3c5261419324b6841050fad597f7ee5cfaa5b572e.apk	2011-11-18	0	0	0	0	0	0	1	0	0	0.1667	0	0.8333	0.1333	0	0.8667	0.0147	0	0.9853	0.0147	0	0.9853	1	0	0	0	1	0	0	0
1b88a4640cb4c4612269a3b084ce6f5a464e637e5743c04399ff7534e211475b.apk	2011-11-28	0	0	0	0	0	0	0.9696	0	0.0304	0.16	0	0.84	0.2388	0	0.7612	0.0348	0	0.9652	0.0348	0	0.9652	0.75	0	0.25	0	0.9483	0	0.0517	0
1bb9e5fc7d76fb4ce0c7467a02a0a6a1fc7e2de82ad63d3b9afa1c5e15314c2d.apk	2011-11-24	0	0	0	0	0	0	0	0	0	0	0	0	0	0	0	0	0	0	0	0	0	0	0	0	0	0	0	0	0
1c829e24f658709f3ad892a7ef71d87d5d5438806b1603202db4f597f76686d0.apk	2011-11-17	0	0	0	0	0	0	0.971	0	0.029	0.1176	0	0.8824	0.2045	0	0.7955	0.0598	0	0.9402	0.0598	0	0.9402	1	0	0	0	1	0	0	0
1d2a135d130a0e5d7cc21711a51dd29401eb7523a9cdfdde850abdb6e3850c02.apk	2011-12-31	0	0	0	0	0	0	0.9953	0	0.0047	0.1364	0	0.8636	0.2222	0	0.7778	0.0048	0	0.9952	0.0048	0	0.9952	0.5	0	0.5	0	0.9963	0	0.0037	0
1d3691b12b46a6b633183e17bc7d871458a310727bbd9c3589fda7e57ce25f2b.apk	2011-11-22	0	0	0	0	0	0	1	0	0	0.25	0	0.75	0.2857	0	0.7143	0.0081	0	0.9919	0.0081	0	0.9919	1	0	0	0	1	0	0	0
1d7d0971cf733d398e39736f86852f3ad08dc0eb35b8c95223bd63162b299863.apk	2011-11-29	0	0	0	0	0	0	0.9698	0	0.0302	0.16	0	0.84	0.2388	0	0.7612	0.0343	0	0.9657	0.0343	0	0.9657	0.75	0	0.25	0	0.9549	0	0.0451	0
1e1d725ad48e5629b87d7ce5fdeaeec13d8a895e7cc75a3bdd3c31827b36993b.apk	2011-11-13	0	0	0	0.8578	0.1422	0	0	0	0	0	0.3023	0.6977	0	0.2386	0.7614	0	0.148	0.852	0	0.148	0.852	1	0	0	0	1	0	0	0
1ee477813fd117a681f648600f7f3df0ac4e8701b76b0c4876aa7f5872d617b5.apk	2011-10-04	0	0	0	0.3667	0.0266	0	0.5064	0.0515	0.0488	0.3196	0.0619	0.6186	0.2723	0.0851	0.6426	0.0656	0.0787	0.8558	0.0657	0.0789	0.8554	1	0	0	0	1	0	0	0
1f451e709d8a5adf7fb2a8ec8a7161b453f5e79a9bddd2f5dcd75a92483e6a35.apk	2011-10-09	0	0	0	0	0	0	0	0	0	0	0	0	0	0	0	0	0	0	0	0	0	0	0	0	0	0	0	0	0
1fe4ccdb55b658728e4c94eee2f2e79db2d33317bbbb17c6d9fe6416e42bbe06.apk	2011-12-10	0	0	0	0	0	0	0.9685	0	0.0315	0.16	0	0.84	0.2388	0	0.7612	0.0351	0	0.9649	0.0351	0	0.9649	0.75	0	0.25	0	0.9279	0	0.0721	0
21e3336434ea30524f0abf7d86d3c81c32206c1e229757f9afbc18cd9b513586.apk	2011-05-25	0	0	0	0.0964	0	0	0.6548	0.0863	0.1624	0.3125	0.1875	0.5	0.25	0.1071	0.6429	0.1733	0.0889	0.7378	0.1733	0.0889	0.7378	1	0	0	0	1	0	0	0
22111919b3fe5a027eb83492a8d0756237826431ba47e768452776da22c2d24c.apk	2011-11-18	0	0	0	0.8593	0.0348	0.0089	0.0793	0.0156	0.0022	0.0423	0.2254	0.7324	0.0728	0.335	0.5922	0.0193	0.088	0.8927	0.0193	0.088	0.8927	0.75	0	0.25	0	0.9412	0	0.0588	0
22d7a9fea44c69172a5dffe618aea83ce624af786206c3948d93363df4fa9cb4.apk	2011-05-13	0.0103	0	0	0	0	0	0.8247	0	0.1649	0.2857	0	0.7143	0.3571	0	0.6429	0.1654	0	0.8346	0.1654	0	0.8346	1	0	0	0	1	0	0	0
24477627d99867b49d41585f84717b2d6fd99853cfa50b5c6a4d143cfeea9f81.apk	2011-12-31	0	0	0	0	0	0	0.9932	0	0.0068	0.1176	0	0.8824	0.2609	0	0.7391	0.0081	0	0.9919	0.0081	0	0.9919	0.5	0.5	0	0	0.8643	0.1357	0	0
258af76f1324784e7164e716d64250b3d8c0df19f767654fe897fee5c1cd1fbd.apk	2011-12-25	0	0	0	0	0	0	0.959	0	0.041	0.1875	0	0.8125	0.2833	0	0.7167	0.0422	0	0.9578	0.0422	0	0.9578	0.25	0.25	0.5	0	0.9436	0.0452	0.0112	0
25e25bd65bd94310651cc23b039aaa9fda3a4b1cb3c05f195650702961b0177a.apk	2011-12-10	0	0	0	0	0	0	0.968	0	0.032	0.125	0	0.875	0.2069	0	0.7931	0.0686	0	0.9314	0.0686	0	0.9314	0.6667	0	0.3333	0	0.92	0	0.08	0
263f4066e338288268d678fa28fb8278446be1caa20c491b9f542f5bc47169fa.apk	2011-12-10	0	0	0	0	0	0	0.969	0	0.031	0.16	0	0.84	0.2388	0	0.7612	0.0354	0	0.9646	0.0354	0	0.9646	0.75	0	0.25	0	0.9397	0	0.0603	0
26da06ebad45c9434b26fc654ef2f5a60c237ac549a91bb3b290d3f69511ec2a.apk	2011-12-08	0	0	0	0	0	0	0.9685	0	0.0315	0.16	0	0.84	0.2388	0	0.7612	0.0348	0	0.9652	0.0348	0	0.9652	0.75	0	0.25	0	0.9268	0	0.0732	0
26dd59be578d84bfc761c4a03a6d4150b1e79c0a1da53c60e86de71813687333.apk	2011-10-24	0	0	0	0	0	0	0.971	0	0.029	0.16	0	0.84	0.2388	0	0.7612	0.0344	0	0.9656	0.0344	0	0.9656	0.75	0	0.25	0	0.9591	0	0.0409	0
26fbec09b4196260dca8ef94d2605dba8d4db6bb869a170c83ad99bdcb1eb70d.apk	2011-10-19	0	0	0	0.6783	0.1037	0	0.2013	0.0088	0.0079	0.1958	0.1399	0.6643	0.2068	0.163	0.6302	0.0106	0.1132	0.8763	0.0106	0.1132	0.8763	0.619	0.0952	0.2857	0	0.948	0.0167	0.0353	0
28efe80b76731cd45d27fa429d4029e0e1de3367576e3d9d0b7997bb1e0f340b.apk	2011-12-10	0	0	0	0	0	0	0.9684	0	0.0316	0.16	0	0.84	0.2388	0	0.7612	0.0361	0	0.9639	0.0361	0	0.9639	0.75	0	0.25	0	0.9239	0	0.0761	0
29d4af6a966ccdebefad988ae99bd5294235f429effce871f5992ec7399ad74d.apk	2011-11-08	0	0	0	0.1183	0.0105	0	0.8318	0.0302	0.0092	0.15	0.3	0.55	0.1351	0.3378	0.527	0.0096	0.0417	0.9487	0.0096	0.0417	0.9487	1	0	0	0	1	0	0	0
2a02f0186ef2a81358ee2ca59ed7d4ac93d08df9a4b5e45812c8e27f0b75a6ba.apk	2011-10-31	0	0	0	0	0	0	0.98	0	0.02	0.25	0	0.75	0.2807	0	0.7193	0.0204	0	0.9796	0.0204	0	0.9796	0.5	0	0.5	0	0.9822	0	0.0178	0
2a5e1d1731f0e6e650a0841c7b70d63e10bcba0f3bff95787aba04921b6c1293.apk	2011-12-26	0	0	0	0	0	0	0.9601	0	0.0399	0.1875	0	0.8125	0.2833	0	0.7167	0.0408	0	0.9592	0.0408	0	0.9592	0.25	0.25	0.5	0	0.9489	0.0416	0.0096	0
2a7a2a11ac217f2eb9819bd18b2d7161b0d89da2d2b332e3c5fd073f75500bc1.apk	2011-03-04	0	0	0	0	0	0	0.8136	0	0.1864	0.25	0	0.75	0.24	0	0.76	0.1892	0	0.8108	0.1892	0	0.8108	1	0	0	0	1	0	0	0
2a7adf55fe1f7fe6af7d9582dff66d8295a9b05bc2c5538ccdc362ee44a974d1.apk	2011-11-17	0	0	0	0	0	0	0.7947	0	0.2053	0.2647	0	0.7353	0.5039	0	0.4961	0.2067	0	0.7933	0.2067	0	0.7933	1	0	0	0	1	0	0	0
2a85c66c4eb9eb6b550f8571b5b6d7180e48516c55664acd435ccc492e5ef9d6.apk	2011-10-15	0	0	0	0	0	0	0.9702	0	0.0298	0.16	0	0.84	0.2388	0	0.7612	0.0334	0	0.9666	0.0334	0	0.9666	0.75	0	0.25	0	0.9476	0	0.0524	0
2b7343896f640ed5b41b8e062101e372eac72f52f231ee5fda94ac4f39fa555e.apk	2011-10-14	0	0	0	0	0	0	0.9201	0	0.0799	0.4528	0	0.5472	0.3906	0	0.6094	0.0818	0	0.9182	0.0818	0	0.9182	0.5	0.5	0	0	0.5607	0.4393	0	0
2c2109b23e8703598d8976c0804d8bdac079b4ff3a57ac990796a815a0690895.apk	2011-11-25	0	0	0	0	0	0	0.9698	0	0.0302	0.16	0	0.84	0.2388	0	0.7612	0.0349	0	0.9651	0.0349	0	0.9651	0.75	0	0.25	0	0.9488	0	0.0512	0
2c3f41714265f5ba2b8ca0b34e25fedc33ca7bfe180beb7fbaa5560a61e07c35.apk	2011-11-05	0	0	0	0	0	0	0.9756	0	0.0244	0.24	0	0.76	0.2787	0	0.7213	0.0253	0	0.9747	0.0253	0	0.9747	0.5	0	0.5	0	0.9784	0	0.0216	0
2c5dd7c60b6f673c75e6273638faa7f98bffcdd0765af3a4ef2653e671ec5ff1.apk	2011-11-07	0.0005	0.0049	0	0.7921	0.2021	0	0	0.0004	0	0.0064	0.4423	0.5513	0.0022	0.4728	0.5251	0	0.2088	0.7912	0	0.2088	0.7912	0.4286	0.2857	0.2857	0	0.8966	0.0417	0.0617	0
2cf1b4123137a5809e09740adb99edae573d1f620bbe75bf14280a38acc3ad1b.apk	2011-03-03	0.4058	0	0	0.5106	0.0836	0	0	0	0	0	0.126	0.874	0	0.1833	0.8167	0	0.088	0.912	0	0.0882	0.9118	0.6667	0.2222	0.1111	0	0.9294	0.052	0.0186	0
2ecc1eb1990d4e9de810c5a784502201f227dc2f8c528aca86c5aa6d5c06ccb8.apk	2011-12-30	0	0	0	0	0	0	0.9918	0	0.0082	0.1364	0	0.8636	0.2768	0	0.7232	0.009	0	0.991	0.009	0	0.991	0.3333	0.3333	0.3333	0	0.782	0.198	0.02	0
2fd961cabec3f652a3b48af3e26fb131ab99352881a465ad651669c22542662e.apk	2011-10-22	0	0	0	0.0783	0	0	0.741	0	0.1807	0.1923	0.0385	0.7692	0.3158	0.0132	0.6711	0.2231	0.0041	0.7727	0.2231	0.0041	0.7727	0.6667	0	0.3333	0	0.9508	0	0.0492	0
2ff8e74ffed70aacb6029f34fc2a68a7d778a0c169c808cf007bd4aa662b4a55.apk	2011-06-06	0	0	0	0.4321	0.3594	0.0369	0.1215	0.0401	0.01	0.0429	0.3286	0.6286	0.1044	0.3407	0.5549	0.0528	0.3935	0.5537	0.0528	0.3935	0.5537	1	0	0	0	1	0	0	0
30b0b44425f13c38032bfdc9193b5acb0871379b4c8a307a8ab33ed68fc92190.apk	2011-11-27	0	0	0	0	0	0	0.9683	0	0.0317	0.125	0	0.875	0.2069	0	0.7931	0.0681	0	0.9319	0.0681	0	0.9319	0.6667	0	0.3333	0	0.92	0	0.08	0
30d7c91d2f91ddca2965e68936d4c924ea6d1f1edc9873f6d503a4071930b339.apk	2011-10-08	0	0	0	0	0	0	0	0	0	0	0	0	0	0	0	0	0	0	0	0	0	0	0	0	0	0	0	0	0
30e4f2031133524dd3c70e8ca8298d111f6a23434e90d829a55829f5f494c23d.apk	2011-12-09	0	0	0	0	0	0	0.9707	0	0.0293	0.1176	0	0.8824	0.2045	0	0.7955	0.0602	0	0.9398	0.0602	0	0.9398	1	0	0	0	1	0	0	0
31059f43636bf769541aed6054e241b68a4903e95f5a05a250fd05573353d9ec.apk	2011-11-07	0	0	0	0.9242	0.0359	0	0.0394	0	0.0005	0.0392	0.1176	0.8431	0.0458	0.2614	0.6928	0.0038	0.0521	0.9442	0.0038	0.0521	0.9442	1	0	0	0	1	0	0	0
31c1f596705849170ddd8ae86414cfa74e0afe38d76e0b616e555b9b47be5955.apk	2011-10-23	0	0	0	0	0	0	0.9791	0	0.0209	0.2	0	0.8	0.2432	0	0.7568	0.0245	0	0.9755	0.0245	0	0.9755	1	0	0	0	1	0	0	0
335f0260b9bb399aaba99970bcc8811cd7573297176de46bdc5cd3b8bfe3eab9.apk	2011-12-10	0	0	0	0	0	0	0.9579	0	0.0421	0.18	0	0.82	0.2823	0	0.7177	0.0441	0	0.9559	0.0441	0	0.9559	0.3333	0.3333	0.3333	0	0.9419	0.0465	0.0116	0
337afa7ca8989a7b26f4ca3be062d872c7d7bf19b9a9314d90436147ad8a09e2.apk	2011-12-16	0	0	0	0	0	0	0.8898	0	0.1102	0.1905	0	0.8095	0.4118	0	0.5882	0.1776	0	0.8224	0.1776	0	0.8224	1	0	0	0	1	0	0	0
352aba92de8c5df2abc04f9fdf4e76393133f837510666c31072eec81a7838cc.apk	2011-12-10	0	0	0	0	0	0	0.9701	0	0.0299	0.18	0	0.82	0.2823	0	0.7177	0.0312	0	0.9688	0.0312	0	0.9688	0.3333	0.3333	0.3333	0	0.9392	0.0509	0.0099	0
36033a4da20f44c4f75101086becade330e30b236f3666b83e6c8995dcb4be7e.apk	2011-12-06	0	0	0	0	0	0	0.9983	0	0.0017	0.2667	0	0.7333	0.2533	0	0.7467	0.0022	0	0.9978	0.0022	0	0.9978	1	0	0	0	1	0	0	0
36829865e11dd30641b30dd97d541a67d719ce7307b75ba66d9971d8892d2382.apk	2011-12-10	0	0	0	0	0	0	0.969	0	0.031	0.16	0	0.84	0.2388	0	0.7612	0.0354	0	0.9646	0.0354	0	0.9646	0.75	0	0.25	0	0.9388	0	0.0612	0
37b4882bbbdfdab93577d48afe6e11541099924aa128971a8937f1b11b536c08.apk	2011-11-08	0	0	0	0.8947	0.065	0	0.038	0	0.0023	0.0702	0.1053	0.8246	0.0751	0.2197	0.7052	0.007	0.0748	0.9183	0.007	0.0748	0.9182	1	0	0	0	1	0	0	0
37d7f08a90c1a53a7032ac1d172907d015ddf40b91ab6880331457407804d13b.apk	2011-10-23	0.3419	0	0	0.0105	0	0	0.5902	0.0082	0.0492	0.1818	0.0455	0.7727	0.1752	0.0365	0.7883	0.0666	0.0121	0.9213	0.0666	0.0121	0.9213	0.5	0.2	0.3	0	0.9029	0.0353	0.0618	0
37da91c3a8201da55b98e4f97591f819db4a2d310e50d98602b4549bf975289e.apk	2011-11-10	0	0	0	0	0	0	0.971	0	0.029	0.1176	0	0.8824	0.2045	0	0.7955	0.0598	0	0.9402	0.0598	0	0.9402	1	0	0	0	1	0	0	0
37f5dc5f43f1fef6e22516346c4935df75bf734397b3101755e0740be5ad926c.apk	2011-11-08	0.1983	0.0264	0	0.423	0.0925	0	0.2522	0.0066	0.0009	0.0714	0.1786	0.75	0.05	0.1667	0.7833	0.0016	0.1261	0.8723	0.0016	0.1261	0.8723	0.8	0	0.2	0	0.8357	0	0.1643	0
3b5bc140a2aef48bd334b45080465e40c3c238a62f88ec2784cf1927188a3454.apk	2011-11-21	0	0	0	0	0	0	0.97	0	0.03	0.16	0	0.84	0.2388	0	0.7612	0.0341	0	0.9659	0.0341	0	0.9659	0.75	0	0.25	0	0.9575	0	0.0425	0
3bf53a2c564909fc852f781877e52d78b65aa0c99bca03a408c7ec5eb01fbf1b.apk	2011-11-04	0	0	0	0	0	0	0.9805	0	0.0195	0.25	0	0.75	0.2807	0	0.7193	0.0198	0	0.9802	0.0198	0	0.9802	0.5	0	0.5	0	0.9804	0	0.0196	0
3cd3dfe938de3a414d372b585f272d93530dfaaba893748ed0849e507a60e103.apk	2011-11-18	0	0	0	0	0	0	0.8006	0	0.1994	0.2647	0	0.7353	0.5039	0	0.4961	0.2003	0	0.7997	0.2003	0	0.7997	1	0	0	0	1	0	0	0
3e2143b34299d7c908bfdf60525b2d97cadf191d5d5dd88657e382b514d6ebdf.apk	2011-11-08	0	0	0	0	0	0	0.9695	0	0.0305	0.16	0	0.84	0.2388	0	0.7612	0.0348	0	0.9652	0.0348	0	0.9652	0.75	0	0.25	0	0.942	0	0.058	0
3ee94fc41f396dac2ce626417bfff5c5d7ae14cb6b82a637e25889e6459f6a36.apk	2011-10-22	0	0	0	0	0	0	0	0	0	0	0	0	0	0	0	0	0	0	0	0	0	0	0	0	0	0	0	0	0
3f06b80ea03d6bd58d6bf52712f1dafcdd05a6017f60357e87ccb4a7b257169e.apk	2011-11-21	0	0	0	0	0	0	0.9699	0	0.0301	0.16	0	0.84	0.2388	0	0.7612	0.0342	0	0.9658	0.0342	0	0.9658	0.75	0	0.25	0	0.9506	0	0.0494	0
3f0abffed04a2b8aa5475416c6c965e122ad10ae7d97c24887aac43db662a0a5.apk	2011-11-21	0	0	0	0	0	0	0.956	0	0.044	0.2308	0	0.7692	0.2698	0	0.7302	0.0446	0	0.9554	0.0446	0	0.9554	0.5	0	0.5	0	0.9967	0	0.0033	0
3f3a35844cc2d3d2a16515f1ffc2eb90620a8a2fc6aa82330256b5086af3bf4e.apk	2011-10-31	0	0	0	0	0	0	0.9772	0	0.0228	0.24	0	0.76	0.2787	0	0.7213	0.0238	0	0.9762	0.0238	0	0.9762	0.5	0	0.5	0	0.9808	0	0.0192	0
3f7506beaa0d6788b5026291952ac894a3e8b1a197fdc8432eebe0d958108b28.apk	2011-12-10	0	0	0	0	0	0	0.97	0	0.03	0.16	0	0.84	0.2388	0	0.7612	0.0767	0	0.9233	0.0767	0	0.9233	0.75	0	0.25	0	0.9524	0	0.0476	0
401326dc558a9010b195a3ed4911cdf279afc2c783653ebaf51ef39bb1bf76e1.apk	2011-12-10	0	0	0	0	0	0	0.9588	0	0.0412	0.18	0	0.82	0.2823	0	0.7177	0.0426	0	0.9574	0.0426	0	0.9574	0.3333	0.3333	0.3333	0	0.9487	0.0431	0.0082	0
40c649044d2c516fdee1b39fe4741ad9e465e40aadf523438ad22bdf5b5d4719.apk	2011-11-22	0	0	0	0	0	0	1	0	0	0.5	0	0.5	0.5	0	0.5	0.3333	0	0.6667	0.3333	0	0.6667	1	0	0	0	1	0	0	0
4104caa1b0fcc3b954ff4cc755ee6683159927b87c6dc5e24d4f9c5fbc380007.apk	2011-12-31	0	0	0	0	0	0	0.9953	0	0.0047	0.1053	0	0.8947	0.1957	0	0.8043	0.0053	0	0.9947	0.0053	0	0.9947	1	0	0	0	1	0	0	0
417028a4cd666aa946fd7fde3cec84f7f54e38503f08bb11114d5185371e8e9e.apk	2011-12-10	0	0	0	0	0	0	0.9685	0	0.0315	0.16	0	0.84	0.2388	0	0.7612	0.0357	0	0.9643	0.0357	0	0.9643	0.75	0	0.25	0	0.9265	0	0.0735	0
41c9dac569d6163074dc87587234bd16c66917d82b70b7a5ac15c9185b194841.apk	2011-11-08	0	0	0	0	0	0	0.6071	0	0.3929	0.5	0	0.5	0.5172	0	0.4828	0.3951	0	0.6049	0.3951	0	0.6049	1	0	0	0	1	0	0	0
2048884b5bb257ab990fff7385583076cecc53d2380d10699f98aa0a4ffc1dcd.apk	2011-09-26	0	0	0	0	0	0	0.8462	0	0.1538	0.375	0	0.625	0.2667	0	0.7333	0.2143	0	0.7857	0.2143	0	0.7857	1	0	0	0	1	0	0	0
2681b0ea19336bad9a6ef2ceddd505f9dd4d0a58f967c72fea198a9bc05ec43c.apk	2011-06-05	0	0	0	0.2936	0.5505	0	0.0765	0.055	0.0245	0.1	0.2	0.7	0.1458	0.3542	0.5	0.04	0.5733	0.3867	0.04	0.5733	0.3867	1	0	0	0	1	0	0	0
2688689ba78f01225f4f5ee4fbe5c781ffc07f7f8abefc199f820e09a3f1576f.apk	2011-10-28	0	0	0	0	0	0	0.9781	0	0.0219	0.2	0	0.8	0.2432	0	0.7568	0.0333	0	0.9667	0.0333	0	0.9667	1	0	0	0	1	0	0	0
2f6630379759691a6315aa48883340e5f9920d0409ed9e671349f6f5df66c8b4.apk	2011-11-21	0	0	0	0	0	0	0.9599	0	0.0401	0.1935	0	0.8065	0.2099	0	0.7901	0.0405	0	0.9595	0.0405	0	0.9595	0.4	0	0.6	0	0.996	0	0.004	0
314b530eb02ae12ac64438b9121c6c11b75bd6fd46c048486c0611f6d12202aa.apk	2011-11-07	0	0	0	0.171	0.0116	0	0.7715	0.0002	0.0456	0.1364	0.0909	0.7727	0.2438	0.157	0.5992	0.0483	0.0138	0.9379	0.0483	0.0138	0.9379	1	0	0	0	1	0	0	0
3475d41904702db5758332ef08c0e61d4b4e05b741633259f93ba5b8b344c7f8.apk	2011-11-07	0	0	0	0	0	0	0.9796	0	0.0204	0.2	0	0.8	0.2432	0	0.7568	0.0256	0	0.9744	0.0256	0	0.9744	1	0	0	0	1	0	0	0
34df1ef8259186faaa48b51d930c5dff2dc86d659243c2032bb7815e283532f2.apk	2011-11-08	0.0043	0	0	0.6125	0.0731	0	0.305	0.0046	0.0004	0.1374	0.1868	0.6758	0.1433	0.2409	0.6157	0.0007	0.0781	0.9212	0.0007	0.0781	0.9212	0.8	0.2	0	0	0.9585	0.0415	0	0
3db00f2872d2b7f1019ea830cbc64f9fe35e6c09d62da77ba9521ff38b5f9b66.apk	2011-12-19	0	0	0	0.5758	0.1304	0	0.1695	0.0379	0.0864	0.2128	0.2021	0.5851	0.2355	0.2029	0.5616	0.0928	0.1698	0.7374	0.0928	0.1698	0.7374	0.6667	0	0	0.3333	0.9849	0	0	0.0151
415e22cd878f4f55cb67bd28e531783f967ab97b2313c4e62b863c3585f51c53.apk	2011-10-23	0	0	0	0.0735	0.025	0	0.7609	0.0006	0.1401	0.2878	0.1223	0.5899	0.3447	0.0737	0.5816	0.1601	0.0302	0.8097	0.1601	0.0302	0.8097	0.4	0.2	0.2667	0.1333	0.5059	0.0791	0.1502	0.2648
438139b22ba52e424212a99545fbccb12fd7101b5ed1a4d3113de11ac939ae81.apk	2011-04-01	0	0	0	0	0	0	0.9435	0	0.0565	0.2895	0	0.7105	0.3737	0	0.6263	0.0788	0	0.9212	0.0788	0	0.9212	0.7143	0.2857	0	0	0.6619	0.3381	0	0
480163cb18311db1c54e40dbf634cd15b3d864c8f13c1ec36c9c7db8380079f0.apk	2011-10-23	0	0	0	0.0963	0.0126	0	0.6854	0.0458	0.1599	0.2593	0.037	0.7037	0.3372	0.0381	0.6246	0.162	0.0582	0.7799	0.162	0.0582	0.7799	0.3333	0	0.3333	0.3333	0.7989	0	0.0811	0.1199
4aabe84d8233352019022cd63ecdd7e1c68950a74bb4dbe6d31f9d411a69ba34.apk	2011-10-24	0	0	0	0	0	0	0	0	0	0	0	0	0	0	0	0	0	0	0	0	0	0	0	0	0	0	0	0	0
4ebf42ff9f90a302fe42cc4e5da0e65c902b1c18d8cf5396b5a30c2ddc1b5163.apk	2011-10-22	0	0	0	0.0057	0.0006	0	0.63	0.0035	0.3602	0.2628	0.0449	0.6923	0.3595	0.0361	0.6044	0.3602	0.0048	0.635	0.3602	0.0048	0.635	0.2222	0.2222	0.3333	0.2222	0.9647	0.0114	0.0057	0.0181
4f4537dd5f06035cda60503a5b8589760f97ecf99342b5e169026e593bb04b94.apk	2011-05-02	0.5129	0.0032	0.0032	0.029	0	0	0.4065	0.0097	0.0355	0.1731	0.0577	0.7692	0.1321	0.0377	0.8302	0.0625	0.0192	0.9183	0.0625	0.0192	0.9183	0.6667	0	0.3333	0	0.913	0	0.087	0
503cbb263d992b71d6a1b3134db6776265937aff1185128e99eabc725cf1d66b.apk	2011-05-04	0	0	0	0	0	0	0.8	0	0.2	0.4286	0	0.5714	0.4557	0	0.5443	0.2922	0	0.7078	0.2922	0	0.7078	1	0	0	0	1	0	0	0
53bc8bb25e4ec65c6109ae763e0fc22812d56b4f5338f490405fb72e68515552.apk	2011-02-15	0.0359	0	0	0.5175	0.0451	0	0.3206	0	0.0809	0.1705	0.0682	0.7614	0.131	0.1587	0.7103	0.0828	0.0494	0.8679	0.0828	0.0494	0.8679	0.375	0.25	0.375	0	0.67	0.12	0.21	0
5718c03820909bf69ce05990ce73fc3b2c87e6347f46470cc60ff2e242f6b70c.apk	2011-12-01	0	0	0	0	0	0	0.9478	0	0.0522	0.2703	0	0.7297	0.2778	0	0.7222	0.0773	0	0.9227	0.0773	0	0.9227	1	0	0	0	1	0	0	0
5733c3868ce709ef05e7b157c18d782040af744bf65494368466f4725f21728e.apk	2011-09-29	0	0	0	0	0	0	0.8852	0	0.1148	0.2162	0	0.7838	0.3333	0	0.6667	0.1201	0	0.8799	0.1206	0	0.8794	0.5	0.5	0	0	0.9628	0.0372	0	0
588ebaa8a0dac4835cd49e18dfe1fde7720fcf4b3369cb0f7be01c0077361c1f.apk	2011-11-08	0	0	0	0.8391	0.1609	0	0	0	0	0	0.2222	0.7778	0	0.2979	0.7021	0	0.1661	0.8339	0	0.1661	0.8339	1	0	0	0	1	0	0	0
6a8255e23ff5cee1587ba914ca9d29c3646f16405ce2309eeba916363c4ea36b.apk	2011-10-22	0	0	0	0.129	0.0152	0	0.6631	0.044	0.1487	0.2447	0.0638	0.6915	0.3064	0.0638	0.6298	0.1902	0.0604	0.7494	0.1902	0.0604	0.7494	0.3333	0	0.3333	0.3333	0.7037	0	0.0741	0.2222
6fdf686fe4daf49000213dda42ff7eda7bcd7379d8b61c9366409a1eceed734f.apk	2011-11-14	0	0	0	0	0	0	0.7273	0	0.2727	0.2083	0	0.7917	0.3358	0	0.6642	0.2739	0	0.7261	0.2739	0	0.7261	0.6667	0	0.3333	0	0.9955	0	0.0045	0
703ddcd984c50571fe711a97523cebf061e49fe73604d651de1766d16856241e.apk	2011-10-23	0	0	0	0	0	0	0	0	0	0	0	0	0	0	0	0	0	0	0	0	0	0	0	0	0	0	0	0	0
70d91617f67294c2e39bade3c92b8890a8be920908bcae0869cac02e2ed4b1e8.apk	2011-11-15	0	0	0	0	0	0	0.971	0	0.029	0.1176	0	0.8824	0.2045	0	0.7955	0.0598	0	0.9402	0.0598	0	0.9402	1	0	0	0	1	0	0	0
71738eae47d06fe16d8640715ae1070ef09c4333e29470a423834b05b6c39823.apk	2011-10-23	0	0	0	0	0	0	0	0	0	0	0	0	0	0	0	0	0	0	0	0	0	0	0	0	0	0	0	0	0
7d51ececf87d70f0d3bbcf7b39ae12fe4812befc32797cbde02e70c9ccafa313.apk	2011-11-08	0	0	0	0	0	0	0.9987	0	0.0013	0.4902	0	0.5098	0.4469	0	0.5531	0.0023	0	0.9977	0.0023	0	0.9977	0.4286	0	0.2143	0.3571	0.8733	0	0.0271	0.0995
802c9d5169bb234adca809614dce15d38d5f55e8149747c474d96265c7121827.apk	2011-10-23	0.2536	0	0	0.6957	0.0507	0	0	0	0	0	0.2571	0.7429	0	0.1618	0.8382	0	0.0874	0.9126	0	0.0874	0.9126	0.6667	0.3333	0	0	0.8511	0.1489	0	0
810bb272d0e8d652806c8642f1676948afa157d68cbb67602a7ace7a7cf0e662.apk	2011-11-17	0	0	0	0	0	0	0.9698	0	0.0302	0.16	0	0.84	0.2388	0	0.7612	0.0339	0	0.9661	0.0339	0	0.9661	0.75	0	0.25	0	0.9496	0	0.0504	0
8409884fc1bfc596ae00a5039fd521081a55a102458b009f74250727746f3c0a.apk	2011-08-21	0	0	0	0	0	0	0.8762	0	0.1238	0.4118	0	0.5882	0.4261	0	0.5739	0.1651	0	0.8349	0.1651	0	0.8349	1	0	0	0	1	0	0	0
85ac9cacce5cc89df9166e8d4b3a59437919c097c0a6e6aff646e1524de6b1d5.apk	2011-11-18	0	0	0	0	0	0	0.814	0	0.186	0.25	0	0.75	0.24	0	0.76	0.1897	0	0.8103	0.1897	0	0.8103	1	0	0	0	1	0	0	0
87181846f84be37892a2cb1095dca4e8c2e56716e9d7758651d13e81120696ef.apk	2011-06-27	0	0	0	0.4702	0.045	0	0.444	0.0046	0.0362	0.1923	0.0962	0.7115	0.1339	0.1024	0.7638	0.0416	0.0524	0.9059	0.0416	0.0524	0.9059	0.5	0.5	0	0	0.95	0.05	0	0
889fb8ca2d103e3a7f750e9479de702e984f9b1c3e33e5531f6e2c5204cfbfbf.apk	2011-11-08	0	0	0	0	0	0	0.9756	0	0.0244	0.1875	0	0.8125	0.2093	0	0.7907	0.088	0	0.912	0.088	0	0.912	1	0	0	0	1	0	0	0
897ed62100039dfacac32b756bd7e0fbdb101cd5147843dc1cdc0aea23225834.apk	2011-10-25	0	0	0	0	0	0	0.9686	0	0.0314	0.125	0	0.875	0.2069	0	0.7931	0.0341	0	0.9659	0.0341	0	0.9659	0.6667	0	0.3333	0	0.9121	0	0.0879	0
8e33731abbef89161561d44dc6cf70f1069bd5cbdb20fc6e6a76499ab7fb8ff8.apk	2011-11-07	0	0	0	0.5796	0.1695	0.0032	0.087	0.1606	0.0001	0.1556	0.3667	0.4778	0.0993	0.461	0.4397	0.0036	0.3303	0.6661	0.0036	0.3303	0.6661	1	0	0	0	1	0	0	0
939f84cda0684e18147b895dc2c8a6250ab64cff881fb4383798e585fca93c46.apk	2011-12-13	0.01	0	0	0.0879	0.0074	0	0.815	0.0006	0.0791	0.1127	0.0915	0.7958	0.1121	0.1939	0.6939	0.0797	0.0118	0.9085	0.0797	0.0118	0.9085	0.3333	0.4	0.2667	0	0.8522	0.1132	0.0346	0
9427729f5d983b307fe75b721ba5dd528f6aa34b910d50ebd0592ab26f6c87df.apk	2011-11-08	0	0	0	0	0	0	0	0	0	0	0	0	0	0	0	0	0	0	0	0	0	0	0	0	0	0	0	0	0
0ce05f4d2f8e8c5d538726cbb67df4a8d8afa418d120a2acfad373bff9c1315a.apk	2011-09-21	0	0	0	0.4811	0.0542	0	0.3251	0.0213	0.1182	0.2063	0.1587	0.6349	0.2814	0.1377	0.5808	0.1534	0.0889	0.7577	0.1534	0.0889	0.7577	1	0	0	0	1	0	0	0
0e0ed089cf17f527d153007460e481ec8819c93f07c04f8cf5683091cf9ed2ee.apk	2011-02-23	0.482	0.003	0.003	0.3001	0.1422	0	0.0576	0.003	0.0091	0.0278	0.25	0.7222	0.0414	0.355	0.6036	0.0129	0.1534	0.8338	0.0129	0.1534	0.8338	1	0	0	0	1	0	0	0
3698af529188a9c1270a6cccacb2463d85dac2f9c23a69362bcac95ed44a9cd4.apk	2011-09-02	0	0	0	0	0	0	0.7755	0	0.2245	0.3	0	0.7	0.3902	0	0.6098	0.2606	0	0.7394	0.2606	0	0.7394	1	0	0	0	1	0	0	0
4483eee151943808781540a789b457ed055955795560a03af7cd87549c3dac78.apk	2011-07-19	0	0	0	0.5439	0.2101	0.012	0.1243	0.0662	0.0435	0.1909	0.2818	0.5273	0.1911	0.3631	0.4459	0.0583	0.2782	0.6635	0.0583	0.2782	0.6635	1	0	0	0	1	0	0	0
49e2190d1bf57b4ead2bccaa3292d0327fade02fc2105dd810ca6223e3387394.apk	2011-06-13	0	0	0	0.8638	0.0045	0	0.1177	0.0018	0.0121	0.3421	0.1579	0.5	0.2794	0.1765	0.5441	0.013	0.0069	0.9801	0.013	0.0069	0.9801	1	0	0	0	1	0	0	0
517ba2203b71edf2ef9ef8ebdd5f16890fd049dad6da29f3b0703bce58499e4a.apk	2011-11-14	0	0	0	0.8702	0.1225	0	0.0049	0.0013	0.0011	0.0388	0.6019	0.3592	0.0439	0.5878	0.3682	0.002	0.1338	0.8642	0.002	0.1338	0.8642	0.4	0	0.6	0	0.8454	0	0.1546	0
5c9c1876bca27a212f10ce2fe59a547809138ea971ec1b1d66480d1a8fabd5e1.apk	2011-07-31	0	0	0	0.4159	0.0529	0.0056	0.3463	0.0501	0.1293	0.1695	0.1695	0.661	0.2515	0.1656	0.5828	0.1565	0.1145	0.729	0.1565	0.1145	0.729	1	0	0	0	1	0	0	0
0ce05f4d2f8e8c5d538726cbb67df4a8d8afa418d120a2acfad373bff9c1315a.apk	2011-09-21	0	0	0	0.2985	0.0417	0.0026	0.48	0.0295	0.1477	0.2184	0.1839	0.5977	0.2885	0.1581	0.5534	0.1666	0.0814	0.752	0.1666	0.0814	0.752	1	0	0	0	1	0	0	0
3698af529188a9c1270a6cccacb2463d85dac2f9c23a69362bcac95ed44a9cd4.apk	2011-09-02	0	0	0	0	0	0	0.8062	0	0.1938	0.3	0	0.7	0.3902	0	0.6098	0.2412	0	0.7588	0.2412	0	0.7588	1	0	0	0	1	0	0	0
4483eee151943808781540a789b457ed055955795560a03af7cd87549c3dac78.apk	2011-07-19	0	0	0	0.5437	0.2114	0.0117	0.1229	0.0665	0.0438	0.1927	0.2752	0.5321	0.1893	0.3659	0.4448	0.0578	0.2794	0.6628	0.0578	0.2794	0.6628	1	0	0	0	1	0	0	0
517ba2203b71edf2ef9ef8ebdd5f16890fd049dad6da29f3b0703bce58499e4a.apk	2011-11-14	0	0	0	0.8616	0.1243	0	0.0096	0.0025	0.002	0.0635	0.5635	0.373	0.0842	0.5526	0.3632	0.0029	0.1318	0.8653	0.0029	0.1318	0.8653	0.5	0	0.5	0	0.9502	0	0.0498	0
77c7a6e063ed7fdb5240dfac04828dd646048b27e227e529b21b2b3edd7ae7be.apk	2011-02-21	0	0	0	0.6039	0.3961	0	0	0	0	0	0.4923	0.5077	0	0.4599	0.5401	0	0.3978	0.6022	0	0.3978	0.6022	0.75	0	0.25	0	0.9211	0	0.0789	0
b6c50287ec8d35b866afa1ffc74d14bf1b37138b6c8edecaa67d53e34ac9d77a.apk	2011-10-15	0	0	0	0	0	0	0	0	0	0	0	0	0	0	0	0	0	0	0	0	0	0	0	0	0	0	0	0	0
c5ebbd2aba5c4f4533f75c46fbe5e696fae4bb783631098e86dc0e6cfb9f7414.apk	2011-09-03	0	0	0	0	0	0	0.8665	0	0.1335	0.5888	0	0.4112	0.5714	0	0.4286	0.1358	0	0.8642	0.1358	0	0.8642	0.6429	0.1429	0.2143	0	0.9948	0.004	0.0012	0
d84376328466ac5b3d4876ebba7e7dc52523da034e245f480f778a82e19e6230.apk	2011-11-08	0	0	0	0.4246	0.0735	0	0.4491	0.011	0.0419	0.1282	0.1282	0.7436	0.0702	0.2807	0.6491	0.0438	0.0979	0.8583	0.0438	0.0979	0.8583	1	0	0	0	1	0	0	0
f0fc9fc18ec7fc184c13d465993cc26d8ec2ea7288fb2852bfaa6899df04d3ac.apk	2011-03-15	0.001	0	0	0.1576	0.1682	0.016	0.6085	0.0009	0.0479	0.0612	0.5504	0.3885	0.0549	0.5183	0.4268	0.0638	0.17	0.7662	0.0638	0.17	0.7662	1	0	0	0	1	0	0	0
f2cf52096640c7c7f8dad70e0c6064221cea2162a246ee5720149fad66530caf.apk	2011-06-16	0	0	0	0.5081	0.3034	0	0.1397	0.0186	0.0302	0.259	0.2734	0.4676	0.2101	0.3077	0.4822	0.0371	0.3214	0.6414	0.0371	0.3214	0.6414	0.5909	0.1364	0.2727	0	0.7758	0.1817	0.0425	0
