003585f856a2a322e4a7a989a2bff0eb62e025aa9d2bcec53742f82c76d592e9.apk	2011-11-28	0	0	1	0	0	0	0
010e5eda34ac202a8494fb02f54fde0124f19f0b3c0233cf692f449a0abf1640.apk	2011-10-31	0	0	0	0	0	0	0
017597800ffa7a61b202eab6200364b098d2a55742442f8d7f8a74ca62c07f73.apk	2011-11-21	0	0	1	0	0	0	0
03191237256611ca8400dcc35261f2e9c028956fef272a574680b2c8053c566d.apk	2011-12-06	0	0	1	0	0	0	0
03e51cb7571b3c7da1f063d69dcba6e29c2aaa2dfeec2e056a9f0f6df3fddf8e.apk	2011-11-25	0	0	1	0	0	0	0
04cdfd2f08208e2759a6cf201dfe4c5ee6f724fb4ca752b5d2b924024e661ac1.apk	2011-07-11	0.68	0	0.04	0.28	0.12	0.12	0
04eb40f0d393f72ebbc3b004dadd58bbbac311b2946ae79a5c5cfbbeadefb811.apk	2011-10-14	0	0	1	0	0	0	0
04ec5be483eb0ca7f11122f953c1822d6b0d076c24f1cf57e20446c3ba586939.apk	2011-12-10	0	0	1	0	0	0	0
05a08d700515e000fbf035a920f2215b957d5dceec987009c3bf9613c2dfd4b4.apk	2011-10-25	0	0	0	0	0	0	0
071987b6dbeea4cb49309fd0a5b1f0df934f62fb4ddb31671b212783299757a0.apk	2011-08-26	0	0	0	0	0	0	0
07cc72f03d7ca465553eeac760d52a722c2ce2891cf708280b1a1d1c0aa7ad64.apk	2011-10-13	1	0	0	0	0	1	0
07e1349dfc31e9e6251a2920521e453f71ce296352861902b99734a8a7b7f554.apk	2011-06-05	0	0	0	0	0	0	0
09609b1d65471246f9fa035bec614d542e164fda9536260467e44e7d04f058db.apk	2011-11-23	0	0	1	0	0	0	0
09ce836a030e15b840d1153dc7cc2101678e65e173c76720e7dd98c982f5dea7.apk	2011-07-15	0	0	0	0	0	0	0
0a6518a4c709ed5c4bc316f1cc7240a697283e5bab9dc354e47c17eb230e375a.apk	2011-04-07	0	0	0	0	0	0	0
0b57c267a3028a744019b250a8af44e3d5d1a1ddc650709cec8423160325404f.apk	2011-11-18	0	0	0	0	0	0	0
0d479abe853fcdc8bdb07023f13df79922fcea78b960391ec2a0c1722c2a4ac5.apk	2011-06-05	0	0	0	0	0	0	0
0d98f1309ea3b2ac7f36af46e59bebd5d56907c6bda85f405f692351b3d3091b.apk	2011-11-08	0	0	1	0	0	0	0
0dc23f0c296d87b50f8674ade081ab6c5ea6b000246cb7c78032cdb8d90f0ef2.apk	2011-08-21	0.2727	0	0.7273	0	0	0	0
0def4765cc9ece6be9e21d7a21d6ccc004b45d8c9b99daf7c53ff16ccb849a77.apk	2011-09-16	0	0	0	0	0	0	0
0e23822ef50d5adcb2407b3e65e07d99497e04080abecfc7340cf916a411a946.apk	2011-12-03	0	0	1	0	0	0	0
0e7d5ea87370caffd95b3ba535e1a6a47efad3b0b42f89fa21df59ca097a4453.apk	2011-10-21	0.5135	0	0.027	0.4595	0.2703	0.1351	0
0ed1ce633b6cfe411f251af1ce290f5ed0845845b0c96e671f8cddfe97969f47.apk	2011-09-30	0	0	0	0	0	0	0
0f70a976c6263ad806fccc25b010a5a3886a334834167483f50e106986854a7a.apk	2011-11-25	0	0	1	0	0	0	0
10206b165b0a4ab9dc5d9dd8377adb8462d5ac0dcc71aac4ef61a9b1f607d686.apk	2011-12-03	0	0	1	0	0	0	0
1089f2e5cfc27903f33efde2a3cbbe196d842374b0b672156af1491450252085.apk	2011-03-03	0	0	1	0	0	0	0
10d5fc54ef22b6989f446294a6f236fdfa6de0ebdc12b6e7fddb6829fd1c2d21.apk	2011-12-10	0	0	0	1	0.5	0	0
110d61174521d729a12b1f99151cfa20bbbd7729f9acf7ff4c29ec767fca9d1a.apk	2011-12-25	0	0	0	1	0	0.4	0
115ac099312aeffe1511293ea68fccca314663e5eac4990d14dd4aac4aad2a1c.apk	2011-10-17	0	0	0	1	0	0	0
1270aae3d9927903fc0bb3115597bbebb19b16265e16b61bbf01f055cee1b620.apk	2011-12-10	0	0	1	0	0	0	0
12cf9337c22cd97ad0ff14cc7ce03dae1ac55ae7ce8dbaed1835b29a1e2fba02.apk	2011-10-25	0	0	0	0	0	0	0
137274dccff625eb1f9d647b09ed50cdfa8f86fe1a893d951f1f04e0d91f85bc.apk	2011-03-26	0	0	1	0	0	0	0
142fc9e01fba3fdb5ea0edd00eef8f428ee83d8eba60ec558108cb76f3e1adc9.apk	2011-12-08	0	0	0	1	0.7742	0	0
147c6bc1ebd7997aa8cb3f12bc0d681f226438df6857887fe91d68594ddf8c92.apk	2011-12-10	0	0	0	1	0.6087	0	0
14e771fab4ad75bfea9b56f6b8a565dc0d514d3c9e2e77d0b5c41e645b352622.apk	2011-10-08	0	0	0	0	0	0	0
14eb64a16ce30f9517366961d91e525746392300f7184c461cc030694b8ea6ad.apk	2011-10-25	0.75	0	0	0.25	0.0833	0.1667	0
14efcea2c0e6be0af536939c6a46da2ad7c7de9173e329ac94c73c115498cfcf.apk	2011-12-06	0	0	1	0	0	0	0
156a4115414c8198cf5e0fb200a7963dc4d6ed4e81998ff00c019e03611b21c7.apk	2011-12-28	0	0	0	0	0	0	0
15ba2f29c18b31d1f2561f432830bab037b1cd839f7484f0bc6a514150ffb0c3.apk	2011-11-10	0	0	0	1	1	0	0
16071d0a064cdca39672dcea0055aaa29750d4c5ba068b5d7b6df8922c5cfc93.apk	2011-06-07	1	0	0	0	0	0	0
165cdc868cbcf6cde514a586e1dacb03b546136ac08a67496577e6d8f132030d.apk	2011-09-14	0	0	0	0	0	0	0
1680fd004bfdda3fcf2792d8b7894dae605af008647693760fa3fdfa3677974c.apk	2011-12-08	0	0	0	0	0	0	0
171a3dbf19f67938556396128a041927ac055d8fd639a97d8585be39eddb6792.apk	2011-11-21	0	0	1	0	0	0	0
171ae67d4951ce6168a6bb63fa58be9a62d61a0cbe6c59ce4863d3b2dbb2fdc3.apk	2011-11-21	0	0	0	0	0	0	0
18e66eaf9ad778ef4a1ac0ac2e2e1db1fbb109df10cda54f06699f8bf7f4e9a1.apk	2011-10-25	0	0	1	0	0	0	0
19461ff783d08b6544a5d868c5b8477394d313d54077b45724575fb804dbfa2e.apk	2011-05-11	0	0	0	0	0	0	0
196f1157332d6cf82c57baa4d21671cdad15526eff8bfd80fa93c53ce3cfab9a.apk	2011-12-28	0	0	0	0	0	0	0
19b83962c8ef0096cf6fa4f0550264b3a2b7fa93ba021a8a6d10316d1e10c9b4.apk	2011-11-21	0	0	0	0	0	0	0
1b1a74ff3de5ced74dba27ff777721804c2ae2c2a0094db5c361e4eb256bbc41.apk	2011-10-09	0	0	1	0	0	0	0
1b1ff0998f54ccf8d8b7f7a3c5261419324b6841050fad597f7ee5cfaa5b572e.apk	2011-11-18	0	0	0	0	0	0	0
1b88a4640cb4c4612269a3b084ce6f5a464e637e5743c04399ff7534e211475b.apk	2011-11-28	0	0	1	0	0	0	0
1bb9e5fc7d76fb4ce0c7467a02a0a6a1fc7e2de82ad63d3b9afa1c5e15314c2d.apk	2011-11-24	0	0	0	0	0	0	0
1c829e24f658709f3ad892a7ef71d87d5d5438806b1603202db4f597f76686d0.apk	2011-11-17	0	0	0	0	0	0	0
1d2a135d130a0e5d7cc21711a51dd29401eb7523a9cdfdde850abdb6e3850c02.apk	2011-12-31	0	0	0	1	0	0	0
1d3691b12b46a6b633183e17bc7d871458a310727bbd9c3589fda7e57ce25f2b.apk	2011-11-22	0	0	0	0	0	0	0
1d7d0971cf733d398e39736f86852f3ad08dc0eb35b8c95223bd63162b299863.apk	2011-11-29	0	0	1	0	0	0	0
1e1d725ad48e5629b87d7ce5fdeaeec13d8a895e7cc75a3bdd3c31827b36993b.apk	2011-11-13	0	0	0	1	0	0	1
1ee477813fd117a681f648600f7f3df0ac4e8701b76b0c4876aa7f5872d617b5.apk	2011-10-04	1	0	0	0	0	0.75	0
1f451e709d8a5adf7fb2a8ec8a7161b453f5e79a9bddd2f5dcd75a92483e6a35.apk	2011-10-09	0	0	0	0	0	0	0
1fe4ccdb55b658728e4c94eee2f2e79db2d33317bbbb17c6d9fe6416e42bbe06.apk	2011-12-10	0	0	1	0	0	0	0
21e3336434ea30524f0abf7d86d3c81c32206c1e229757f9afbc18cd9b513586.apk	2011-05-25	0	0	0	0	0	0	0
22111919b3fe5a027eb83492a8d0756237826431ba47e768452776da22c2d24c.apk	2011-11-18	0	0	0	0	0	0	0
22d7a9fea44c69172a5dffe618aea83ce624af786206c3948d93363df4fa9cb4.apk	2011-05-13	0	0	0	0	0	0	0
24477627d99867b49d41585f84717b2d6fd99853cfa50b5c6a4d143cfeea9f81.apk	2011-12-31	0	0	0	1	0.3636	0	0
258af76f1324784e7164e716d64250b3d8c0df19f767654fe897fee5c1cd1fbd.apk	2011-12-25	0	0	0	1	0.5882	0.1471	0
25e25bd65bd94310651cc23b039aaa9fda3a4b1cb3c05f195650702961b0177a.apk	2011-12-10	0	0	0	0	0	0	0
263f4066e338288268d678fa28fb8278446be1caa20c491b9f542f5bc47169fa.apk	2011-12-10	0	0	1	0	0	0	0
26da06ebad45c9434b26fc654ef2f5a60c237ac549a91bb3b290d3f69511ec2a.apk	2011-12-08	0	0	1	0	0	0	0
26dd59be578d84bfc761c4a03a6d4150b1e79c0a1da53c60e86de71813687333.apk	2011-10-24	0	0	1	0	0	0	0
26fbec09b4196260dca8ef94d2605dba8d4db6bb869a170c83ad99bdcb1eb70d.apk	2011-10-19	0.878	0	0	0.122	0	0.6585	0
28efe80b76731cd45d27fa429d4029e0e1de3367576e3d9d0b7997bb1e0f340b.apk	2011-12-10	0	0	1	0	0	0	0
29d4af6a966ccdebefad988ae99bd5294235f429effce871f5992ec7399ad74d.apk	2011-11-08	0	0	0	0	0	0	0
2a02f0186ef2a81358ee2ca59ed7d4ac93d08df9a4b5e45812c8e27f0b75a6ba.apk	2011-10-31	0	0	0	0	0	0	0
2a5e1d1731f0e6e650a0841c7b70d63e10bcba0f3bff95787aba04921b6c1293.apk	2011-12-26	0	0	0	1	0.3704	0.2222	0
2a7a2a11ac217f2eb9819bd18b2d7161b0d89da2d2b332e3c5fd073f75500bc1.apk	2011-03-04	0	0	0	0	0	0	0
2a7adf55fe1f7fe6af7d9582dff66d8295a9b05bc2c5538ccdc362ee44a974d1.apk	2011-11-17	0	0	0.8462	0.1538	0.1538	0	0
2a85c66c4eb9eb6b550f8571b5b6d7180e48516c55664acd435ccc492e5ef9d6.apk	2011-10-15	0	0	1	0	0	0	0
2b7343896f640ed5b41b8e062101e372eac72f52f231ee5fda94ac4f39fa555e.apk	2011-10-14	0.5	0	0.5	0	0	0	0
2c2109b23e8703598d8976c0804d8bdac079b4ff3a57ac990796a815a0690895.apk	2011-11-25	0	0	1	0	0	0	0
2c3f41714265f5ba2b8ca0b34e25fedc33ca7bfe180beb7fbaa5560a61e07c35.apk	2011-11-05	0	0	0	1	1	0	0
2c5dd7c60b6f673c75e6273638faa7f98bffcdd0765af3a4ef2653e671ec5ff1.apk	2011-11-07	0	0	1	0	0	0	0
2cf1b4123137a5809e09740adb99edae573d1f620bbe75bf14280a38acc3ad1b.apk	2011-03-03	0	0	1	0	0	0	0
2ecc1eb1990d4e9de810c5a784502201f227dc2f8c528aca86c5aa6d5c06ccb8.apk	2011-12-30	0	0	0	1	0.2778	0.25	0
2fd961cabec3f652a3b48af3e26fb131ab99352881a465ad651669c22542662e.apk	2011-10-22	0	0	0	0	0	0	0
2ff8e74ffed70aacb6029f34fc2a68a7d778a0c169c808cf007bd4aa662b4a55.apk	2011-06-06	0	0	1	0	0.2	0.0667	0
30b0b44425f13c38032bfdc9193b5acb0871379b4c8a307a8ab33ed68fc92190.apk	2011-11-27	0	0	0	0	0	0	0
30d7c91d2f91ddca2965e68936d4c924ea6d1f1edc9873f6d503a4071930b339.apk	2011-10-08	0	0	0	0	0	0	0
30e4f2031133524dd3c70e8ca8298d111f6a23434e90d829a55829f5f494c23d.apk	2011-12-09	0	0	0	0	0	0	0
31059f43636bf769541aed6054e241b68a4903e95f5a05a250fd05573353d9ec.apk	2011-11-07	0	0	0	0	0	0	0
31c1f596705849170ddd8ae86414cfa74e0afe38d76e0b616e555b9b47be5955.apk	2011-10-23	0	0	0	0	0	0	0
335f0260b9bb399aaba99970bcc8811cd7573297176de46bdc5cd3b8bfe3eab9.apk	2011-12-10	0	0	0	1	0.75	0	0
337afa7ca8989a7b26f4ca3be062d872c7d7bf19b9a9314d90436147ad8a09e2.apk	2011-12-16	0	0	1	0	0	0	0
352aba92de8c5df2abc04f9fdf4e76393133f837510666c31072eec81a7838cc.apk	2011-12-10	0	0	0	1	0.55	0	0
36033a4da20f44c4f75101086becade330e30b236f3666b83e6c8995dcb4be7e.apk	2011-12-06	1	0	0	0	0	1	0
36829865e11dd30641b30dd97d541a67d719ce7307b75ba66d9971d8892d2382.apk	2011-12-10	0	0	1	0	0	0	0
37b4882bbbdfdab93577d48afe6e11541099924aa128971a8937f1b11b536c08.apk	2011-11-08	1	0	0	0	0	0	0
37d7f08a90c1a53a7032ac1d172907d015ddf40b91ab6880331457407804d13b.apk	2011-10-23	0	0	1	0	0	0	0
37da91c3a8201da55b98e4f97591f819db4a2d310e50d98602b4549bf975289e.apk	2011-11-10	0	0	0	0	0	0	0
37f5dc5f43f1fef6e22516346c4935df75bf734397b3101755e0740be5ad926c.apk	2011-11-08	0	0	0	0	0	0	0
3b5bc140a2aef48bd334b45080465e40c3c238a62f88ec2784cf1927188a3454.apk	2011-11-21	0	0	1	0	0	0	0
3bf53a2c564909fc852f781877e52d78b65aa0c99bca03a408c7ec5eb01fbf1b.apk	2011-11-04	0	0	0	0	0	0	0
3cd3dfe938de3a414d372b585f272d93530dfaaba893748ed0849e507a60e103.apk	2011-11-18	0	0	0.6875	0.3125	0.3125	0	0
3e2143b34299d7c908bfdf60525b2d97cadf191d5d5dd88657e382b514d6ebdf.apk	2011-11-08	0	0	1	0	0	0	0
3ee94fc41f396dac2ce626417bfff5c5d7ae14cb6b82a637e25889e6459f6a36.apk	2011-10-22	0	0	0	0	0	0	0
3f06b80ea03d6bd58d6bf52712f1dafcdd05a6017f60357e87ccb4a7b257169e.apk	2011-11-21	0	0	1	0	0	0	0
3f0abffed04a2b8aa5475416c6c965e122ad10ae7d97c24887aac43db662a0a5.apk	2011-11-21	0	0	0	1	1	0	0
3f3a35844cc2d3d2a16515f1ffc2eb90620a8a2fc6aa82330256b5086af3bf4e.apk	2011-10-31	0	0	0	1	1	0	0
3f7506beaa0d6788b5026291952ac894a3e8b1a197fdc8432eebe0d958108b28.apk	2011-12-10	0	0	1	0	0	0	0
401326dc558a9010b195a3ed4911cdf279afc2c783653ebaf51ef39bb1bf76e1.apk	2011-12-10	0	0	0	1	0.6538	0	0
40c649044d2c516fdee1b39fe4741ad9e465e40aadf523438ad22bdf5b5d4719.apk	2011-11-22	0	0	0	0	0	0	0
4104caa1b0fcc3b954ff4cc755ee6683159927b87c6dc5e24d4f9c5fbc380007.apk	2011-12-31	0	0	0	1	0	0	0
417028a4cd666aa946fd7fde3cec84f7f54e38503f08bb11114d5185371e8e9e.apk	2011-12-10	0	0	1	0	0	0	0
41c9dac569d6163074dc87587234bd16c66917d82b70b7a5ac15c9185b194841.apk	2011-11-08	0	0	0	0	0	0	0
2048884b5bb257ab990fff7385583076cecc53d2380d10699f98aa0a4ffc1dcd.apk	2011-09-26	0	0	0	0	0	0	0
2681b0ea19336bad9a6ef2ceddd505f9dd4d0a58f967c72fea198a9bc05ec43c.apk	2011-06-05	0	0	1	0	0	0	0
2688689ba78f01225f4f5ee4fbe5c781ffc07f7f8abefc199f820e09a3f1576f.apk	2011-10-28	0	0	0	0	0	0	0
2f6630379759691a6315aa48883340e5f9920d0409ed9e671349f6f5df66c8b4.apk	2011-11-21	0	0	0.0222	0.9778	0.9778	0.0222	0
314b530eb02ae12ac64438b9121c6c11b75bd6fd46c048486c0611f6d12202aa.apk	2011-11-07	0	0	0	0	0	0	0
3475d41904702db5758332ef08c0e61d4b4e05b741633259f93ba5b8b344c7f8.apk	2011-11-07	0	0	0	0	0	0	0
34df1ef8259186faaa48b51d930c5dff2dc86d659243c2032bb7815e283532f2.apk	2011-11-08	0.4286	0	0	0.5714	0.3571	0.5	0
3db00f2872d2b7f1019ea830cbc64f9fe35e6c09d62da77ba9521ff38b5f9b66.apk	2011-12-19	0	0	0.8333	0.1667	0	0.25	0
415e22cd878f4f55cb67bd28e531783f967ab97b2313c4e62b863c3585f51c53.apk	2011-10-23	0.7576	0.0303	0.0303	0.1818	0.8485	0	0
438139b22ba52e424212a99545fbccb12fd7101b5ed1a4d3113de11ac939ae81.apk	2011-04-01	0.2857	0	0.7143	0	0	0	0
480163cb18311db1c54e40dbf634cd15b3d864c8f13c1ec36c9c7db8380079f0.apk	2011-10-23	0	0	1	0	0	0	0
4aabe84d8233352019022cd63ecdd7e1c68950a74bb4dbe6d31f9d411a69ba34.apk	2011-10-24	0	0	0	0	0	0	0
4ebf42ff9f90a302fe42cc4e5da0e65c902b1c18d8cf5396b5a30c2ddc1b5163.apk	2011-10-22	0.6071	0	0.0357	0.3571	0.3571	0	0
4f4537dd5f06035cda60503a5b8589760f97ecf99342b5e169026e593bb04b94.apk	2011-05-02	0.3333	0	0.6667	0	0	0.6667	0
503cbb263d992b71d6a1b3134db6776265937aff1185128e99eabc725cf1d66b.apk	2011-05-04	0	0	0	0	0	0	0
53bc8bb25e4ec65c6109ae763e0fc22812d56b4f5338f490405fb72e68515552.apk	2011-02-15	0.1765	0	0.8235	0	0	0	0.1765
5718c03820909bf69ce05990ce73fc3b2c87e6347f46470cc60ff2e242f6b70c.apk	2011-12-01	0	0	1	0	0	0	0
5733c3868ce709ef05e7b157c18d782040af744bf65494368466f4725f21728e.apk	2011-09-29	0	0	1	0	0	0	0
588ebaa8a0dac4835cd49e18dfe1fde7720fcf4b3369cb0f7be01c0077361c1f.apk	2011-11-08	0	0	1	0	0	0	0
6a8255e23ff5cee1587ba914ca9d29c3646f16405ce2309eeba916363c4ea36b.apk	2011-10-22	0	0	0	0	0	0	0
6fdf686fe4daf49000213dda42ff7eda7bcd7379d8b61c9366409a1eceed734f.apk	2011-11-14	0	0	0.7222	0.2778	0.2778	0	0
703ddcd984c50571fe711a97523cebf061e49fe73604d651de1766d16856241e.apk	2011-10-23	0	0	0	0	0	0	0
70d91617f67294c2e39bade3c92b8890a8be920908bcae0869cac02e2ed4b1e8.apk	2011-11-15	0	0	0	0	0	0	0
71738eae47d06fe16d8640715ae1070ef09c4333e29470a423834b05b6c39823.apk	2011-10-23	0	0	0	0	0	0	0
7d51ececf87d70f0d3bbcf7b39ae12fe4812befc32797cbde02e70c9ccafa313.apk	2011-11-08	1	0	0	0	0	0.25	0
802c9d5169bb234adca809614dce15d38d5f55e8149747c474d96265c7121827.apk	2011-10-23	0	0	1	0	0	0	0
810bb272d0e8d652806c8642f1676948afa157d68cbb67602a7ace7a7cf0e662.apk	2011-11-17	0	0	1	0	0	0	0
8409884fc1bfc596ae00a5039fd521081a55a102458b009f74250727746f3c0a.apk	2011-08-21	0	0	0.6667	0.3333	0.3333	0	0
85ac9cacce5cc89df9166e8d4b3a59437919c097c0a6e6aff646e1524de6b1d5.apk	2011-11-18	0	0	0	0	0	0	0
87181846f84be37892a2cb1095dca4e8c2e56716e9d7758651d13e81120696ef.apk	2011-06-27	0	0	1	0	0	0	0
889fb8ca2d103e3a7f750e9479de702e984f9b1c3e33e5531f6e2c5204cfbfbf.apk	2011-11-08	0	0	1	0	0	0	0
897ed62100039dfacac32b756bd7e0fbdb101cd5147843dc1cdc0aea23225834.apk	2011-10-25	0	0	0	0	0	0	0
8e33731abbef89161561d44dc6cf70f1069bd5cbdb20fc6e6a76499ab7fb8ff8.apk	2011-11-07	0	0	0	0	0	0	0
939f84cda0684e18147b895dc2c8a6250ab64cff881fb4383798e585fca93c46.apk	2011-12-13	1	0	0	0	0	0.5	0
9427729f5d983b307fe75b721ba5dd528f6aa34b910d50ebd0592ab26f6c87df.apk	2011-11-08	0	0	0	0	0	0	0
0e0ed089cf17f527d153007460e481ec8819c93f07c04f8cf5683091cf9ed2ee.apk	2011-02-23	0	0	0	0	0	0	0
3698af529188a9c1270a6cccacb2463d85dac2f9c23a69362bcac95ed44a9cd4.apk	2011-09-02	0	0	0	0	0	0	0
4483eee151943808781540a789b457ed055955795560a03af7cd87549c3dac78.apk	2011-07-19	0	0	0	1	0	0	0
49e2190d1bf57b4ead2bccaa3292d0327fade02fc2105dd810ca6223e3387394.apk	2011-06-13	0	0	0	0	0	0	0
517ba2203b71edf2ef9ef8ebdd5f16890fd049dad6da29f3b0703bce58499e4a.apk	2011-11-14	0	0	0	0	0	0	0
3698af529188a9c1270a6cccacb2463d85dac2f9c23a69362bcac95ed44a9cd4.apk	2011-09-02	0	0	0	0	0	0	0
4483eee151943808781540a789b457ed055955795560a03af7cd87549c3dac78.apk	2011-07-19	0	0	0	1	0	0	0
517ba2203b71edf2ef9ef8ebdd5f16890fd049dad6da29f3b0703bce58499e4a.apk	2011-11-14	0	0	0.3333	0.6667	0	0	0
77c7a6e063ed7fdb5240dfac04828dd646048b27e227e529b21b2b3edd7ae7be.apk	2011-02-21	1	0	0	0	0	0	0
b6c50287ec8d35b866afa1ffc74d14bf1b37138b6c8edecaa67d53e34ac9d77a.apk	2011-10-15	0	0	0	0	0	0	0
c5ebbd2aba5c4f4533f75c46fbe5e696fae4bb783631098e86dc0e6cfb9f7414.apk	2011-09-03	1	0	0	0	0	0	0
d84376328466ac5b3d4876ebba7e7dc52523da034e245f480f778a82e19e6230.apk	2011-11-08	0	0	0	0	0	0	0
f0fc9fc18ec7fc184c13d465993cc26d8ec2ea7288fb2852bfaa6899df04d3ac.apk	2011-03-15	0	0	0	0	0	0	0
f2cf52096640c7c7f8dad70e0c6064221cea2162a246ee5720149fad66530caf.apk	2011-06-16	1	0	0	0	0	0.0196	0
