003585f856a2a322e4a7a989a2bff0eb62e025aa9d2bcec53742f82c76d592e9.apk	2011-11-28	0.194	0.0597	0.1177	0.0317	0.5385	0.75	0.239	0.3448	0	0	0	0	0	0	0	0	0	0	0	0	1	1	1	1	0	0	0	0	1	1	1	1	0	0	0	0	0	0	0	0	0	0	0	0	0	0	0	0	0	0	0	0	0.0746	0.1343	0.0128	0.0161	1	1	0	0	0	0	0	0	0	0	0	0	0	0	0	0	0	0	0	0	0.3333	0.8983	0	0	0.6667	0.1017	0	0	0	0
010e5eda34ac202a8494fb02f54fde0124f19f0b3c0233cf692f449a0abf1640.apk	2011-10-31	0.2241	0.0517	0.1145	0.0291	0.4615	0.6667	0.2263	0.3077	0	0	0	0	0	0	0	0	0	0	0	0	1	1	1	1	0	0	0	0	1	1	1	1	0	0	0	0	0	0	0	0	0	0	0	0	0	0	0	0	0	0	0	0	0.069	0.0862	0.0102	0.0106	1	1	0	0	0	0	0	0	0	0	0	0	0	0	0	0	0	0	0	0	0.4	0.9091	0	0	0.6	0.0909	0	0	0	0
017597800ffa7a61b202eab6200364b098d2a55742442f8d7f8a74ca62c07f73.apk	2011-11-21	0.194	0.0597	0.1151	0.0339	0.5385	0.75	0.2462	0.3478	0	0	0	0	0	0	0	0	0	0	0	0	1	1	1	1	0	0	0	0	1	1	1	1	0	0	0	0	0	0	0	0	0	0	0	0	0	0	0	0	0	0	0	0	0.0746	0.1343	0.0142	0.0183	1	1	0	0	0	0	0	0	0	0	0	0	0	0	0	0	0	0	0	0	0.3333	0.9032	0	0	0.6667	0.0968	0	0	0	0
03191237256611ca8400dcc35261f2e9c028956fef272a574680b2c8053c566d.apk	2011-12-06	0.194	0.0597	0.1222	0.0296	0.5385	0.75	0.2242	0.3333	0	0	0	0	0	0	0	0	0	0	0	0	1	1	1	1	0	0	0	0	1	1	1	1	0	0	0	0	0	0	0	0	0	0	0	0	0	0	0	0	0	0	0	0	0.0746	0.1343	0.0111	0.0131	1	1	0	0	0	0	0	0	0	0	0	0	0	0	0	0	0	0	0	0	0.3333	0.8868	0	0	0.6667	0.1132	0	0	0	0
03e51cb7571b3c7da1f063d69dcba6e29c2aaa2dfeec2e056a9f0f6df3fddf8e.apk	2011-11-25	0.194	0.0597	0.1142	0.0308	0.5385	0.75	0.2443	0.339	0	0	0	0	0	0	0	0	0	0	0	0	1	1	1	1	0	0	0	0	1	1	1	1	0	0	0	0	0	0	0	0	0	0	0	0	0	0	0	0	0	0	0	0	0.0746	0.1343	0.0117	0.0141	1	1	0	0	0	0	0	0	0	0	0	0	0	0	0	0	0	0	0	0	0.3333	0.8889	0	0	0.6667	0.1111	0	0	0	0
04cdfd2f08208e2759a6cf201dfe4c5ee6f724fb4ca752b5d2b924024e661ac1.apk	2011-07-11	0.1619	0.0303	0.2519	0.0408	0.271	0.8	0.0561	0.0283	0	0	0	0	0.0187	0.002	0	0	0	0	0	0	0.9813	0.998	1	1	0	0	0	0	0.9	0.9027	0.9375	0.9756	0	0	0	0	0	0	0	0	0	0	0	0	0	0	0	0	0.1	0.0973	0.0625	0.0244	0.0182	0.0575	0.0006	0.0157	0.6667	0.7727	0.25	0.1818	0	0	0.0833	0.0455	0	0	0	0	0.2632	0.6344	0	0	0	0	0	0	0	0	0	0	0.6842	0.362	0.0526	0.0036	0	0
04eb40f0d393f72ebbc3b004dadd58bbbac311b2946ae79a5c5cfbbeadefb811.apk	2011-10-14	0.194	0.0597	0.1102	0.0324	0.5385	0.75	0.2384	0.3168	0	0	0	0	0	0	0	0	0	0	0	0	1	1	1	1	0	0	0	0	1	1	1	1	0	0	0	0	0	0	0	0	0	0	0	0	0	0	0	0	0	0	0	0	0.0746	0.1343	0.0128	0.0157	1	1	0	0	0	0	0	0	0	0	0	0	0	0	0	0	0	0	0	0	0.3333	0.8776	0	0	0.6667	0.1224	0	0	0	0
04ec5be483eb0ca7f11122f953c1822d6b0d076c24f1cf57e20446c3ba586939.apk	2011-12-10	0.194	0.0597	0.117	0.0298	0.5385	0.75	0.2356	0.3302	0	0	0	0	0	0	0	0	0	0	0	0	1	1	1	1	0	0	0	0	1	1	1	1	0	0	0	0	0	0	0	0	0	0	0	0	0	0	0	0	0	0	0	0	0.0746	0.1343	0.0112	0.0132	1	1	0	0	0	0	0	0	0	0	0	0	0	0	0	0	0	0	0	0	0.3333	0.8723	0	0	0.6667	0.1277	0	0	0	0
05a08d700515e000fbf035a920f2215b957d5dceec987009c3bf9613c2dfd4b4.apk	2011-10-25	0.0811	0.0541	0.0038	0.0019	0.6667	1	0.459	0.9032	0	0	0	0	0	0	0	0	0	0	0	0	1	1	1	1	0	0	0	0	0.5	0.1935	0.5	0.1429	0	0	0	0	0	0	0	0	0	0	0	0	0.5	0.8065	0.5	0.8571	0	0	0	0	0.0541	0.027	0.0004	0.0004	1	1	0	0	0	0	0	0	0	0	0	0	1	1	0	0	0	0	0	0	0	0	0	0	0	0	0	0	0	0
071987b6dbeea4cb49309fd0a5b1f0df934f62fb4ddb31671b212783299757a0.apk	2011-08-26	0.1333	0	0.0422	0	0	0	0	0	0	0	0	0	0	0	0	0	0	0	0	0	1	1	0	0	0	0	0	0	0	0	0	0	0	0	0	0	0	0	0	0	0	0	0	0	0	0	0	0	0	0	0	0	0.1	0.0333	0.0109	0.0105	0	0	0.6667	0.9836	0	0	0.3333	0.0164	0	0	0	0	1	1	0	0	0	0	0	0	0	0	0	0	0	0	0	0	0	0
07cc72f03d7ca465553eeac760d52a722c2ce2891cf708280b1a1d1c0aa7ad64.apk	2011-10-13	0.202	0.0404	0.2407	0.0452	0.05	0.5	0.0336	0.3571	0	0	0	0	0	0	0	0	0	0	0	0	1	1	1	1	0	0	0	0	1	1	1	1	0	0	0	0	0	0	0	0	0	0	0	0	0	0	0	0	0	0	0	0	0.0909	0.0303	0.0557	0.0412	1	1	0	0	0	0	0	0	0	0	0	0	0	0	0	0	0	0	0	0	0	0	0	0	1	1	0	0	0	0
07e1349dfc31e9e6251a2920521e453f71ce296352861902b99734a8a7b7f554.apk	2011-06-05	0	0	0	0	0	0	0	0	0	0	0	0	0	0	0	0	0	0	0	0	0	0	0	0	0	0	0	0	0	0	0	0	0	0	0	0	0	0	0	0	0	0	0	0	0	0	0	0	0	0	0	0	0	0	0	0	0	0	0	0	0	0	0	0	0	0	0	0	0	0	0	0	0	0	0	0	0	0	0	0	0	0	0	0	0	0
09609b1d65471246f9fa035bec614d542e164fda9536260467e44e7d04f058db.apk	2011-11-23	0.194	0.0597	0.1157	0.0311	0.5385	0.75	0.2416	0.3417	0	0	0	0	0	0	0	0	0	0	0	0	1	1	1	1	0	0	0	0	1	1	1	1	0	0	0	0	0	0	0	0	0	0	0	0	0	0	0	0	0	0	0	0	0.0746	0.1343	0.0119	0.0145	1	1	0	0	0	0	0	0	0	0	0	0	0	0	0	0	0	0	0	0	0.3333	0.8929	0	0	0.6667	0.1071	0	0	0	0
09ce836a030e15b840d1153dc7cc2101678e65e173c76720e7dd98c982f5dea7.apk	2011-07-15	0.1408	0.0563	0.1129	0.0699	0.3	1	0.337	0.6667	0	0	0	0	0	0	0	0	0	0	0	0	1	1	1	1	0	0	0	0	0.75	0.5614	0.75	0.5789	0	0	0	0	0.25	0.4386	0.25	0.4211	0	0	0	0	0	0	0	0	0	0	0	0	0.0423	0.0141	0.0221	0.0196	1	1	0	0	0	0	0	0	0	0	0	0	1	1	0	0	0	0	0	0	0	0	0	0	0	0	0	0	0	0
0a6518a4c709ed5c4bc316f1cc7240a697283e5bab9dc354e47c17eb230e375a.apk	2011-04-07	0.2895	0.0263	0.1385	0.0159	0.4091	1	0.2663	0.3351	0	0	0	0	0	0	0	0	0	0	0	0	0.9545	0.9614	0.8889	0.8575	0	0	0	0	1	1	1	1	0	0	0	0	0	0	0	0	0	0	0	0	0	0	0	0	0	0	0	0	0.0263	0.0132	0.0054	0.0053	1	1	0	0	0	0	0	0	0	0	0	0	1	1	0	0	0	0	0	0	0	0	0	0	0	0	0	0	0	0
0b57c267a3028a744019b250a8af44e3d5d1a1ddc650709cec8423160325404f.apk	2011-11-18	0.12	0	0.2034	0	0	0	0	0	0	0	0	0	0	0	0	0	0	0	0	0	1	1	0	0	0	0	0	0	0	0	0	0	0	0	0	0	0	0	0	0	0	0	0	0	0	0	0	0	0	0	0	0	0.16	0	0.0791	0	0.75	0.9286	0	0	0.25	0.0714	0	0	0	0	0	0	0	0	0	0	0	0	0	0	0	0	0	0	0	0	0	0	0	0
0d479abe853fcdc8bdb07023f13df79922fcea78b960391ec2a0c1722c2a4ac5.apk	2011-06-05	0	0	0	0	0	0	0	0	0	0	0	0	0	0	0	0	0	0	0	0	0	0	0	0	0	0	0	0	0	0	0	0	0	0	0	0	0	0	0	0	0	0	0	0	0	0	0	0	0	0	0	0	0	0	0	0	0	0	0	0	0	0	0	0	0	0	0	0	0	0	0	0	0	0	0	0	0	0	0	0	0	0	0	0	0	0
0d98f1309ea3b2ac7f36af46e59bebd5d56907c6bda85f405f692351b3d3091b.apk	2011-11-08	0.194	0.0597	0.1175	0.0303	0.5385	0.75	0.2342	0.3364	0	0	0	0	0	0	0	0	0	0	0	0	1	1	1	1	0	0	0	0	1	1	1	1	0	0	0	0	0	0	0	0	0	0	0	0	0	0	0	0	0	0	0	0	0.0746	0.1343	0.0118	0.0143	1	1	0	0	0	0	0	0	0	0	0	0	0	0	0	0	0	0	0	0	0.3333	0.8846	0	0	0.6667	0.1154	0	0	0	0
0dc23f0c296d87b50f8674ade081ab6c5ea6b000246cb7c78032cdb8d90f0ef2.apk	2011-08-21	0.1128	0.0451	0.4054	0.0586	0.4222	0.6111	0.3289	0.0886	0	0	0	0	0	0	0	0	0	0	0	0	1	1	1	1	0	0	0	0	0.8889	0.9557	0.9091	0.9583	0	0	0	0	0	0	0	0	0	0	0	0	0	0	0	0	0.1111	0.0443	0.0909	0.0417	0.0401	0.01	0.0071	0.0028	0.875	0.9091	0.125	0.0909	0	0	0	0	0	0	0	0	0.75	0.6923	0	0	0	0	0	0	0	0	0	0	0	0	0.25	0.3077	0	0
0def4765cc9ece6be9e21d7a21d6ccc004b45d8c9b99daf7c53ff16ccb849a77.apk	2011-09-16	0	0	0	0	0	0	0	0	0	0	0	0	0	0	0	0	0	0	0	0	0	0	0	0	0	0	0	0	0	0	0	0	0	0	0	0	0	0	0	0	0	0	0	0	0	0	0	0	0	0	0	0	0	0	0	0	0	0	0	0	0	0	0	0	0	0	0	0	0	0	0	0	0	0	0	0	0	0	0	0	0	0	0	0	0	0
0e23822ef50d5adcb2407b3e65e07d99497e04080abecfc7340cf916a411a946.apk	2011-12-03	0.194	0.0597	0.1185	0.0322	0.5385	0.75	0.2376	0.3462	0	0	0	0	0	0	0	0	0	0	0	0	1	1	1	1	0	0	0	0	1	1	1	1	0	0	0	0	0	0	0	0	0	0	0	0	0	0	0	0	0	0	0	0	0.0746	0.1343	0.0127	0.0164	1	1	0	0	0	0	0	0	0	0	0	0	0	0	0	0	0	0	0	0	0.3333	0.8868	0	0	0.6667	0.1132	0	0	0	0
0e7d5ea87370caffd95b3ba535e1a6a47efad3b0b42f89fa21df59ca097a4453.apk	2011-10-21	0.1653	0.0321	0.2396	0.0459	0.2816	0.8	0.0731	0.021	0	0	0	0	0.0194	0.0023	0	0	0	0	0	0	0.9806	0.9977	1	1	0	0	0	0	0.9	0.8896	0.9375	0.973	0	0	0	0	0	0	0	0	0	0	0	0	0	0	0	0	0.1	0.1104	0.0625	0.027	0.0144	0.0562	0.0004	0.0193	0.4444	0.5625	0.4444	0.375	0	0	0.1111	0.0625	0	0	0	0	0.2857	0.6365	0	0	0	0	0	0	0	0	0	0	0.6571	0.3608	0.0571	0.0027	0	0
0ed1ce633b6cfe411f251af1ce290f5ed0845845b0c96e671f8cddfe97969f47.apk	2011-09-30	0.0625	0.0417	0.0897	0.0456	0.3333	0.5	0.2295	0.4516	0	0	0	0	0	0	0	0	0	0	0	0	1	1	1	1	0	0	0	0	0.5	0.5161	0	0	0	0	0	0	0.5	0.4839	1	1	0	0	0	0	0	0	0	0	0	0	0	0	0.1458	0.1042	0.0985	0.0735	1	1	0	0	0	0	0	0	0	0	0	0	0.6	0.96	0	0	0	0	0	0	0	0	0	0	0.4	0.04	0	0	0	0
0f70a976c6263ad806fccc25b010a5a3886a334834167483f50e106986854a7a.apk	2011-11-25	0.194	0.0597	0.1182	0.0317	0.5385	0.75	0.2348	0.3409	0	0	0	0	0	0	0	0	0	0	0	0	1	1	1	1	0	0	0	0	1	1	1	1	0	0	0	0	0	0	0	0	0	0	0	0	0	0	0	0	0	0	0	0	0.0746	0.1343	0.013	0.0162	1	1	0	0	0	0	0	0	0	0	0	0	0	0	0	0	0	0	0	0	0.3333	0.8667	0	0	0.6667	0.1333	0	0	0	0
10206b165b0a4ab9dc5d9dd8377adb8462d5ac0dcc71aac4ef61a9b1f607d686.apk	2011-12-03	0.194	0.0597	0.1163	0.0304	0.5385	0.75	0.2322	0.3232	0	0	0	0	0	0	0	0	0	0	0	0	1	1	1	1	0	0	0	0	1	1	1	1	0	0	0	0	0	0	0	0	0	0	0	0	0	0	0	0	0	0	0	0	0.0746	0.1343	0.0114	0.0135	1	1	0	0	0	0	0	0	0	0	0	0	0	0	0	0	0	0	0	0	0.3333	0.8636	0	0	0.6667	0.1364	0	0	0	0
1089f2e5cfc27903f33efde2a3cbbe196d842374b0b672156af1491450252085.apk	2011-03-03	0.1306	0.0766	0.0702	0.1357	0.4138	0.5294	0.125	0.0603	0	0	0	0	0	0	0	0	0	0	0	0	1	1	1	1	0	0	0	0	0.7647	0.3707	0.6667	0.5714	0.0588	0.569	0	0	0	0	0	0	0.0588	0.0259	0.1111	0.0714	0	0	0	0	0.1176	0.0345	0.2222	0.3571	0.0676	0.0135	0.0193	0.0094	0.7333	0.8485	0.1333	0.0909	0	0	0.1333	0.0606	0	0	0	0	1	1	0	0	0	0	0	0	0	0	0	0	0	0	0	0	0	0
10d5fc54ef22b6989f446294a6f236fdfa6de0ebdc12b6e7fddb6829fd1c2d21.apk	2011-12-10	0.1846	0.0846	0.0108	0.0075	0.5	0.7273	0.2996	0.375	0	0	0	0	0	0	0	0	0	0	0	0	1	1	1	1	0	0	0	0	0.7273	0.6562	0.75	0.75	0	0	0	0	0.0909	0.2396	0	0	0.0909	0.0677	0.125	0.1667	0.0909	0.0365	0.125	0.0833	0	0	0	0	0.0462	0.0077	0.0004	0.0002	0.5	0.7273	0.1667	0.0909	0.1667	0.0909	0	0	0.1667	0.0909	0	0	1	1	0	0	0	0	0	0	0	0	0	0	0	0	0	0	0	0
110d61174521d729a12b1f99151cfa20bbbd7729f9acf7ff4c29ec767fca9d1a.apk	2011-12-25	0.2079	0.0891	0.0119	0.0046	0.381	0.5556	0.2288	0.5217	0	0	0	0	0	0	0	0	0	0	0	0	1	1	1	1	0	0	0	0	0.7778	0.8043	0.6	0.7083	0	0	0	0	0	0	0	0	0.1111	0.1304	0.2	0.2083	0	0	0	0	0.1111	0.0652	0.2	0.0833	0.0594	0.0099	0.0008	0.0003	0.5	0.625	0.1667	0.125	0.1667	0.125	0	0	0.1667	0.125	0	0	1	1	0	0	0	0	0	0	0	0	0	0	0	0	0	0	0	0
115ac099312aeffe1511293ea68fccca314663e5eac4990d14dd4aac4aad2a1c.apk	2011-10-17	0.1129	0.0323	0.0543	0.0036	0.2857	0.5	0.0651	0.4909	0	0	0	0	0	0	0	0	0	0	0	0	1	1	1	1	0	0	0	0	0	0	0	0	0	0	0	0	0	0	0	0	0	0	0	0	0.5	0.5	0	0	0.5	0.5	1	1	0.0645	0.0161	0.0037	0.0018	0.75	0.9911	0	0	0.25	0.0089	0	0	0	0	0	0	0	0	0	0	0	0	0	0	0	0	0	0	1	1	0	0	0	0
1270aae3d9927903fc0bb3115597bbebb19b16265e16b61bbf01f055cee1b620.apk	2011-12-10	0.1319	0.044	0.0981	0.0262	0.25	0.5	0.0852	0.1702	0	0	0	0	0	0	0	0	0	0	0	0	1	1	1	1	0	0	0	0	1	1	1	1	0	0	0	0	0	0	0	0	0	0	0	0	0	0	0	0	0	0	0	0	0.0549	0.0989	0.01	0.0117	1	1	0	0	0	0	0	0	0	0	0	0	0	0	0	0	0	0	0	0	0.3333	0.8571	0	0	0.6667	0.1429	0	0	0	0
12cf9337c22cd97ad0ff14cc7ce03dae1ac55ae7ce8dbaed1835b29a1e2fba02.apk	2011-10-25	0.1	0.075	0.0031	0.0019	0.75	0.6667	0.4444	0.6364	0	0	0	0	0	0	0	0	0	0	0	0	1	1	1	1	0	0	0	0	1	1	1	1	0	0	0	0	0	0	0	0	0	0	0	0	0	0	0	0	0	0	0	0	0.05	0.025	0.0005	0.0003	1	1	0	0	0	0	0	0	0	0	0	0	1	1	0	0	0	0	0	0	0	0	0	0	0	0	0	0	0	0
137274dccff625eb1f9d647b09ed50cdfa8f86fe1a893d951f1f04e0d91f85bc.apk	2011-03-26	0.1389	0.0972	0.0051	0.0028	0.5	0.5714	0.2	0.2857	0	0	0	0	0	0	0	0	0	0	0	0	1	1	1	1	0	0	0	0	0.7143	0.7143	0.75	0.75	0	0	0	0	0.1429	0.1429	0	0	0.1429	0.1429	0.25	0.25	0	0	0	0	0	0	0	0	0.0694	0.0278	0.0016	0.001	0.6	0.625	0.4	0.375	0	0	0	0	0	0	0	0	1	1	0	0	0	0	0	0	0	0	0	0	0	0	0	0	0	0
142fc9e01fba3fdb5ea0edd00eef8f428ee83d8eba60ec558108cb76f3e1adc9.apk	2011-12-08	0.1885	0.0902	0.0122	0.0091	0.3913	0.5455	0.3333	0.3736	0	0	0	0	0	0	0	0	0	0	0	0	1	1	1	1	0	0	0	0	0.7273	0.7582	0.6667	0.8088	0	0	0	0	0.0909	0.1593	0	0	0.0909	0.044	0.1667	0.1029	0.0909	0.0385	0.1667	0.0882	0	0	0	0	0.041	0.0082	0.0005	0.0003	0.6	0.7778	0.2	0.1111	0	0	0	0	0.2	0.1111	0	0	1	1	0	0	0	0	0	0	0	0	0	0	0	0	0	0	0	0
147c6bc1ebd7997aa8cb3f12bc0d681f226438df6857887fe91d68594ddf8c92.apk	2011-12-10	0.1855	0.0887	0.01	0.0066	0.3913	0.5455	0.3293	0.4242	0	0	0	0	0	0	0	0	0	0	0	0	1	1	1	1	0	0	0	0	0.7273	0.6727	0.6667	0.7714	0	0	0	0	0.0909	0.2182	0	0	0.0909	0.0667	0.1667	0.1429	0.0909	0.0424	0.1667	0.0857	0	0	0	0	0.0403	0.0081	0.0004	0.0002	0.6	0.8	0.2	0.1	0	0	0	0	0.2	0.1	0	0	1	1	0	0	0	0	0	0	0	0	0	0	0	0	0	0	0	0
14e771fab4ad75bfea9b56f6b8a565dc0d514d3c9e2e77d0b5c41e645b352622.apk	2011-10-08	0.0941	0.0353	0.0998	0.041	0.75	1	0.1111	0.8784	0	0	0	0	0	0	0	0	0	0	0	0	1	1	1	1	0	0	0	0	0.3333	0.1216	0.3333	0.0308	0	0	0	0	0.3333	0.7838	0.3333	0.8769	0	0	0	0	0	0	0	0	0.3333	0.0946	0.3333	0.0923	0.0471	0.0235	0.0039	0.0028	1	1	0	0	0	0	0	0	0	0	0	0	0	0	0	0	0	0	0	0	1	1	0	0	0	0	0	0	0	0
14eb64a16ce30f9517366961d91e525746392300f7184c461cc030694b8ea6ad.apk	2011-10-25	0.1369	0.0436	0.4462	0.002	0.2121	0.7619	0.0005	0.1992	0	0	0	0	0	0	0	0	0	0	0	0	1	1	1	1	0	0	0	0	0.9048	0.9564	0.875	0.8333	0	0	0	0	0.0952	0.0436	0.125	0.1667	0	0	0	0	0	0	0	0	0	0	0	0	0.0249	0.0249	0.0001	0.0001	1	1	0	0	0	0	0	0	0	0	0	0	0	0	0	0	0	0	0	0	0.4167	0.6667	0	0	0.0833	0.0476	0.0833	0.0476	0.4167	0.2381
14efcea2c0e6be0af536939c6a46da2ad7c7de9173e329ac94c73c115498cfcf.apk	2011-12-06	0.194	0.0597	0.1224	0.0291	0.5385	0.75	0.2209	0.3265	0	0	0	0	0	0	0	0	0	0	0	0	1	1	1	1	0	0	0	0	1	1	1	1	0	0	0	0	0	0	0	0	0	0	0	0	0	0	0	0	0	0	0	0	0.0746	0.1343	0.011	0.0128	1	1	0	0	0	0	0	0	0	0	0	0	0	0	0	0	0	0	0	0	0.3333	0.8605	0	0	0.6667	0.1395	0	0	0	0
156a4115414c8198cf5e0fb200a7963dc4d6ed4e81998ff00c019e03611b21c7.apk	2011-12-28	0.12	0	0.0144	0	0	0	0	0	0	0	0	0	0	0	0	0	0	0	0	0	1	1	0	0	0	0	0	0	0	0	0	0	0	0	0	0	0	0	0	0	0	0	0	0	0	0	0	0	0	0	0	0	0.04	0.04	0.0004	0.0004	1	1	0	0	0	0	0	0	0	0	0	0	0.5	0.6667	0	0	0	0	0	0	0	0	0	0	0.5	0.3333	0	0	0	0
15ba2f29c18b31d1f2561f432830bab037b1cd839f7484f0bc6a514150ffb0c3.apk	2011-11-10	0.1587	0.0952	0.0049	0.006	0.9	0.8333	0.6212	0.4587	0	0	0	0	0	0	0	0	0	0	0	0	1	1	1	1	0	0	0	0	0.8333	0.9835	0.8	0.973	0	0	0	0	0	0	0	0	0	0	0	0	0.1667	0.0165	0.2	0.027	0	0	0	0	0.0317	0.0159	0.0002	0.0002	1	1	0	0	0	0	0	0	0	0	0	0	1	1	0	0	0	0	0	0	0	0	0	0	0	0	0	0	0	0
16071d0a064cdca39672dcea0055aaa29750d4c5ba068b5d7b6df8922c5cfc93.apk	2011-06-07	0.1088	0.0155	0.0642	0.0012	0.0476	0.3333	0.0035	0.1972	0	0	0	0	0	0	0	0	0	0	0	0	1	1	1	1	0	0	0	0	0.6667	0.7981	0	0	0	0	0	0	0.3333	0.2019	1	1	0	0	0	0	0	0	0	0	0	0	0	0	0.0104	0.0052	0.0002	0.0002	1	1	0	0	0	0	0	0	0	0	0	0	0	0	0	0	0	0	0	0	0	0	0	0	1	1	0	0	0	0
165cdc868cbcf6cde514a586e1dacb03b546136ac08a67496577e6d8f132030d.apk	2011-09-14	0.25	0.0417	0.2333	0.0333	0	0	0	0	0	0	0	0	0	0	0	0	0	0	0	0	1	1	0	0	0	0	0	0	1	1	0	0	0	0	0	0	0	0	0	0	0	0	0	0	0	0	0	0	0	0	0	0	0	0	0	0	0	0	0	0	0	0	0	0	0	0	0	0	0	0	0	0	0	0	0	0	0	0	0	0	0	0	0	0	0	0
1680fd004bfdda3fcf2792d8b7894dae605af008647693760fa3fdfa3677974c.apk	2011-12-08	0	0	0	0	0	0	0	0	0	0	0	0	0	0	0	0	0	0	0	0	0	0	0	0	0	0	0	0	0	0	0	0	0	0	0	0	0	0	0	0	0	0	0	0	0	0	0	0	0	0	0	0	0	0	0	0	0	0	0	0	0	0	0	0	0	0	0	0	0	0	0	0	0	0	0	0	0	0	0	0	0	0	0	0	0	0
171a3dbf19f67938556396128a041927ac055d8fd639a97d8585be39eddb6792.apk	2011-11-21	0.194	0.0597	0.1121	0.0317	0.5385	0.75	0.2523	0.3443	0	0	0	0	0	0	0	0	0	0	0	0	1	1	1	1	0	0	0	0	1	1	1	1	0	0	0	0	0	0	0	0	0	0	0	0	0	0	0	0	0	0	0	0	0.0746	0.1343	0.0122	0.0153	1	1	0	0	0	0	0	0	0	0	0	0	0	0	0	0	0	0	0	0	0.3333	0.8983	0	0	0.6667	0.1017	0	0	0	0
171ae67d4951ce6168a6bb63fa58be9a62d61a0cbe6c59ce4863d3b2dbb2fdc3.apk	2011-11-21	0.1591	0.0682	0.1036	0.0359	0.7143	0.6667	0.1923	0.2222	0	0	0	0	0	0	0	0	0	0	0	0	1	1	1	1	0	0	0	0	1	1	1	1	0	0	0	0	0	0	0	0	0	0	0	0	0	0	0	0	0	0	0	0	0.0909	0.0909	0.0239	0.0239	1	1	0	0	0	0	0	0	0	0	0	0	0	0	0	0	0	0	0	0	0.5	0.6667	0	0	0.5	0.3333	0	0	0	0
18e66eaf9ad778ef4a1ac0ac2e2e1db1fbb109df10cda54f06699f8bf7f4e9a1.apk	2011-10-25	0.194	0.0597	0.1147	0.0326	0.5385	0.75	0.2331	0.3571	0	0	0	0	0	0	0	0	0	0	0	0	1	1	1	1	0	0	0	0	1	1	1	1	0	0	0	0	0	0	0	0	0	0	0	0	0	0	0	0	0	0	0	0	0.0746	0.1343	0.0159	0.0213	1	1	0	0	0	0	0	0	0	0	0	0	0	0	0	0	0	0	0	0	0.3333	0.8909	0	0	0.6667	0.1091	0	0	0	0
19461ff783d08b6544a5d868c5b8477394d313d54077b45724575fb804dbfa2e.apk	2011-05-11	0.0963	0.0596	0.0181	0.0006	0.2857	0.5385	0.0051	0.2697	0	0	0	0	0	0	0	0	0.0476	0.0022	0	0	0.9524	0.9978	1	1	0	0	0	0	0.6923	0.7368	0.4286	0.561	0	0	0	0	0.1538	0.1776	0.2857	0.1707	0.0769	0.0724	0.1429	0.2439	0	0	0	0	0.0769	0.0132	0.1429	0.0244	0.0229	0.0229	0	0.0001	1	1	0	0	0	0	0	0	0	0	0	0	0.4	0.3529	0	0	0	0	0	0	0	0	0	0	0.6	0.6471	0	0	0	0
196f1157332d6cf82c57baa4d21671cdad15526eff8bfd80fa93c53ce3cfab9a.apk	2011-12-28	0	0	0	0	0	0	0	0	0	0	0	0	0	0	0	0	0	0	0	0	0	0	0	0	0	0	0	0	0	0	0	0	0	0	0	0	0	0	0	0	0	0	0	0	0	0	0	0	0	0	0	0	0	0	0	0	0	0	0	0	0	0	0	0	0	0	0	0	0	0	0	0	0	0	0	0	0	0	0	0	0	0	0	0	0	0
19b83962c8ef0096cf6fa4f0550264b3a2b7fa93ba021a8a6d10316d1e10c9b4.apk	2011-11-21	0	0	0	0	0	0	0	0	0	0	0	0	0	0	0	0	0	0	0	0	0	0	0	0	0	0	0	0	0	0	0	0	0	0	0	0	0	0	0	0	0	0	0	0	0	0	0	0	0	0	0	0	0.3333	0.3333	0.1458	0.1458	1	1	0	0	0	0	0	0	0	0	0	0	0	0	0	0	0	0	0	0	0.5	0.9821	0	0	0.5	0.0179	0	0	0	0
1b1a74ff3de5ced74dba27ff777721804c2ae2c2a0094db5c361e4eb256bbc41.apk	2011-10-09	0.2071	0.1	0.3949	0.0221	0.2759	0.3571	0.0123	0.1095	0	0	0	0	0.1034	0.0025	0.125	0.0333	0	0	0	0	0.8966	0.9975	0.875	0.9667	0	0	0	0	0.9286	0.9781	1	1	0	0	0	0	0	0	0	0	0.0714	0.0219	0	0	0	0	0	0	0	0	0	0	0.0357	0.0143	0.0019	0.0066	0.6	0.8333	0.2	0.0833	0.2	0.0833	0	0	0	0	0	0	0.5	0.1951	0	0	0	0	0	0	0	0	0	0	0.5	0.8049	0	0	0	0
1b1ff0998f54ccf8d8b7f7a3c5261419324b6841050fad597f7ee5cfaa5b572e.apk	2011-11-18	0.2	0.1333	0.0809	0.0515	1	0.5	0.5455	0.2857	0	0	0	0	0	0	0	0	0	0	0	0	1	1	1	1	0	0	0	0	1	1	1	1	0	0	0	0	0	0	0	0	0	0	0	0	0	0	0	0	0	0	0	0	0.1333	0.0667	0.0368	0.0294	1	1	0	0	0	0	0	0	0	0	0	0	1	1	0	0	0	0	0	0	0	0	0	0	0	0	0	0	0	0
1b88a4640cb4c4612269a3b084ce6f5a464e637e5743c04399ff7534e211475b.apk	2011-11-28	0.194	0.0597	0.1176	0.032	0.5385	0.75	0.24	0.3431	0	0	0	0	0	0	0	0	0	0	0	0	1	1	1	1	0	0	0	0	1	1	1	1	0	0	0	0	0	0	0	0	0	0	0	0	0	0	0	0	0	0	0	0	0.0746	0.1343	0.0129	0.016	1	1	0	0	0	0	0	0	0	0	0	0	0	0	0	0	0	0	0	0	0.3333	0.8824	0	0	0.6667	0.1176	0	0	0	0
1bb9e5fc7d76fb4ce0c7467a02a0a6a1fc7e2de82ad63d3b9afa1c5e15314c2d.apk	2011-11-24	0	0	0	0	0	0	0	0	0	0	0	0	0	0	0	0	0	0	0	0	0	0	0	0	0	0	0	0	0	0	0	0	0	0	0	0	0	0	0	0	0	0	0	0	0	0	0	0	0	0	0	0	0	0	0	0	0	0	0	0	0	0	0	0	0	0	0	0	0	0	0	0	0	0	0	0	0	0	0	0	0	0	0	0	0	0
1c829e24f658709f3ad892a7ef71d87d5d5438806b1603202db4f597f76686d0.apk	2011-11-17	0.1591	0.0682	0.1036	0.0359	0.7143	0.6667	0.1923	0.2222	0	0	0	0	0	0	0	0	0	0	0	0	1	1	1	1	0	0	0	0	1	1	1	1	0	0	0	0	0	0	0	0	0	0	0	0	0	0	0	0	0	0	0	0	0.0909	0.0909	0.0239	0.0239	1	1	0	0	0	0	0	0	0	0	0	0	0	0	0	0	0	0	0	0	0.5	0.6667	0	0	0.5	0.3333	0	0	0	0
1d2a135d130a0e5d7cc21711a51dd29401eb7523a9cdfdde850abdb6e3850c02.apk	2011-12-31	0.1852	0.0926	0.0047	0.0021	0.4	0.4	0.3476	0.5949	0	0	0	0	0	0	0	0	0	0	0	0	1	1	1	1	0	0	0	0	1	1	1	1	0	0	0	0	0	0	0	0	0	0	0	0	0	0	0	0	0	0	0	0	0.0556	0.0185	0.0002	0.0002	0.6667	0.9828	0	0	0.3333	0.0172	0	0	0	0	0	0	1	1	0	0	0	0	0	0	0	0	0	0	0	0	0	0	0	0
1d3691b12b46a6b633183e17bc7d871458a310727bbd9c3589fda7e57ce25f2b.apk	2011-11-22	0.1429	0.1429	0.1984	0.1984	0	0	0	0	0	0	0	0	0	0	0	0	0	0	0	0	1	1	0	0	0	0	0	0	1	1	0	0	0	0	0	0	0	0	0	0	0	0	0	0	0	0	0	0	0	0	0	0	0.2857	0.1429	0.2024	0.1984	1	1	0	0	0	0	0	0	0	0	0	0	1	1	0	0	0	0	0	0	0	0	0	0	0	0	0	0	0	0
1d7d0971cf733d398e39736f86852f3ad08dc0eb35b8c95223bd63162b299863.apk	2011-11-29	0.194	0.0597	0.1141	0.0319	0.5385	0.75	0.2487	0.3426	0	0	0	0	0	0	0	0	0	0	0	0	1	1	1	1	0	0	0	0	1	1	1	1	0	0	0	0	0	0	0	0	0	0	0	0	0	0	0	0	0	0	0	0	0.0746	0.1343	0.0127	0.016	1	1	0	0	0	0	0	0	0	0	0	0	0	0	0	0	0	0	0	0	0.3333	0.8889	0	0	0.6667	0.1111	0	0	0	0
1e1d725ad48e5629b87d7ce5fdeaeec13d8a895e7cc75a3bdd3c31827b36993b.apk	2011-11-13	0.25	0.1818	0.2196	0.1337	0.4545	1	0.1553	0.9184	0	0	0	0	0	0	0	0	0	0	0	0	1	1	1	1	0	0	0	0	0.875	0.5051	0.875	0.4722	0	0	0	0	0	0	0	0	0	0	0	0	0	0	0	0	0.125	0.4949	0.125	0.5278	0.0227	0.0341	0.0061	0.0716	1	1	0	0	0	0	0	0	0	0	0	0	1	1	0	0	0	0	0	0	0	0	0	0	0	0	0	0	0	0
1ee477813fd117a681f648600f7f3df0ac4e8701b76b0c4876aa7f5872d617b5.apk	2011-10-04	0.1229	0.0932	0.1714	0.0716	0.5172	0.7727	0.0784	0.2321	0	0	0	0	0	0	0	0	0	0	0	0	1	1	1	1	0	0	0	0	0.8636	0.7946	0.8824	0.7885	0	0	0	0	0	0	0	0	0	0	0	0	0	0	0	0	0.1364	0.2054	0.1176	0.2115	0.0508	0.0085	0.0122	0.0051	1	1	0	0	0	0	0	0	0	0	0	0	1	1	0	0	0	0	0	0	0	0	0	0	0	0	0	0	0	0
1f451e709d8a5adf7fb2a8ec8a7161b453f5e79a9bddd2f5dcd75a92483e6a35.apk	2011-10-09	0	0	0	0	0	0	0	0	0	0	0	0	0	0	0	0	0	0	0	0	0	0	0	0	0	0	0	0	0	0	0	0	0	0	0	0	0	0	0	0	0	0	0	0	0	0	0	0	0	0	0	0	0	0	0	0	0	0	0	0	0	0	0	0	0	0	0	0	0	0	0	0	0	0	0	0	0	0	0	0	0	0	0	0	0	0
1fe4ccdb55b658728e4c94eee2f2e79db2d33317bbbb17c6d9fe6416e42bbe06.apk	2011-12-10	0.194	0.0597	0.1209	0.029	0.5385	0.75	0.2249	0.3273	0	0	0	0	0	0	0	0	0	0	0	0	1	1	1	1	0	0	0	0	1	1	1	1	0	0	0	0	0	0	0	0	0	0	0	0	0	0	0	0	0	0	0	0	0.0746	0.1343	0.0108	0.0121	1	1	0	0	0	0	0	0	0	0	0	0	0	0	0	0	0	0	0	0	0.3333	0.8696	0	0	0.6667	0.1304	0	0	0	0
21e3336434ea30524f0abf7d86d3c81c32206c1e229757f9afbc18cd9b513586.apk	2011-05-25	0.1429	0.1786	0.0978	0.2311	0.5	1	0.7273	0.9038	0	0	0	0	0	0	0	0	0	0	0	0	1	1	1	1	0	0	0	0	1	1	1	1	0	0	0	0	0	0	0	0	0	0	0	0	0	0	0	0	0	0	0	0	0.0714	0.0357	0.0133	0.0089	1	1	0	0	0	0	0	0	0	0	0	0	0	0	0	0	0	0	0	0	0	0	0	0	1	1	0	0	0	0
22111919b3fe5a027eb83492a8d0756237826431ba47e768452776da22c2d24c.apk	2011-11-18	0.1214	0.0291	0.16	0.0103	0.28	0.6667	0.0361	0.375	0	0	0	0	0	0	0	0	0	0	0	0	1	1	1	1	0	0	0	0	0.8333	0.875	0.75	0.8333	0	0	0	0	0	0	0	0	0.1667	0.125	0.25	0.1667	0	0	0	0	0	0	0	0	0.0388	0.0049	0.0077	0.0013	1	1	0	0	0	0	0	0	0	0	0	0	1	1	0	0	0	0	0	0	0	0	0	0	0	0	0	0	0	0
22d7a9fea44c69172a5dffe618aea83ce624af786206c3948d93363df4fa9cb4.apk	2011-05-13	0.0714	0.2143	0.1853	0.1496	1	0.3333	0.666	0.8246	0	0	0	0	0	0	0	0	0	0	0	0	1	1	1	1	0	0	0	0	0.5	0.5172	0.5	0.5	0	0	0	0	0.5	0.4828	0.5	0.5	0	0	0	0	0	0	0	0	0	0	0	0	0.0714	0.0357	0.0053	0.0052	1	1	0	0	0	0	0	0	0	0	0	0	1	1	0	0	0	0	0	0	0	0	0	0	0	0	0	0	0	0
24477627d99867b49d41585f84717b2d6fd99853cfa50b5c6a4d143cfeea9f81.apk	2011-12-31	0.2366	0.086	0.0093	0.0062	0.2273	0.375	0.2045	0.2393	0	0	0	0	0	0	0	0	0	0	0	0	1	1	1	1	0	0	0	0	0.875	0.9573	0.6667	0.8571	0	0	0	0	0	0	0	0	0	0	0	0	0	0	0	0	0.125	0.0427	0.3333	0.1429	0.0538	0.0108	0.0005	0.0003	0.6	0.7778	0.2	0.1111	0	0	0	0	0.2	0.1111	0	0	1	1	0	0	0	0	0	0	0	0	0	0	0	0	0	0	0	0
258af76f1324784e7164e716d64250b3d8c0df19f767654fe897fee5c1cd1fbd.apk	2011-12-25	0.1983	0.0992	0.0134	0.0091	0.4583	0.5833	0.3344	0.4587	0	0	0	0	0	0	0	0	0	0	0	0	1	1	1	1	0	0	0	0	0.75	0.844	0.5714	0.69	0	0	0	0	0	0	0	0	0.0833	0.0963	0.1429	0.2	0.0833	0.0321	0.1429	0.06	0.0833	0.0275	0.1429	0.05	0.0496	0.0083	0.0005	0.0003	0.5	0.7273	0.1667	0.0909	0.1667	0.0909	0	0	0.1667	0.0909	0	0	1	1	0	0	0	0	0	0	0	0	0	0	0	0	0	0	0	0
25e25bd65bd94310651cc23b039aaa9fda3a4b1cb3c05f195650702961b0177a.apk	2011-12-10	0.2241	0.0517	0.1444	0.0325	0.3846	0.6667	0.125	0.2222	0	0	0	0	0	0	0	0	0	0	0	0	1	1	1	1	0	0	0	0	1	1	1	1	0	0	0	0	0	0	0	0	0	0	0	0	0	0	0	0	0	0	0	0	0.069	0.0862	0.0217	0.0253	1	1	0	0	0	0	0	0	0	0	0	0	0	0	0	0	0	0	0	0	0.4	0.5714	0	0	0.6	0.4286	0	0	0	0
263f4066e338288268d678fa28fb8278446be1caa20c491b9f542f5bc47169fa.apk	2011-12-10	0.194	0.0597	0.1183	0.03	0.5385	0.75	0.2318	0.3298	0	0	0	0	0	0	0	0	0	0	0	0	1	1	1	1	0	0	0	0	1	1	1	1	0	0	0	0	0	0	0	0	0	0	0	0	0	0	0	0	0	0	0	0	0.0746	0.1343	0.0118	0.014	1	1	0	0	0	0	0	0	0	0	0	0	0	0	0	0	0	0	0	0	0.3333	0.8636	0	0	0.6667	0.1364	0	0	0	0
26da06ebad45c9434b26fc654ef2f5a60c237ac549a91bb3b290d3f69511ec2a.apk	2011-12-08	0.194	0.0597	0.1213	0.0288	0.5385	0.75	0.2242	0.3279	0	0	0	0	0	0	0	0	0	0	0	0	1	1	1	1	0	0	0	0	1	1	1	1	0	0	0	0	0	0	0	0	0	0	0	0	0	0	0	0	0	0	0	0	0.0746	0.1343	0.0109	0.0123	1	1	0	0	0	0	0	0	0	0	0	0	0	0	0	0	0	0	0	0	0.3333	0.8846	0	0	0.6667	0.1154	0	0	0	0
26dd59be578d84bfc761c4a03a6d4150b1e79c0a1da53c60e86de71813687333.apk	2011-10-24	0.194	0.0597	0.1145	0.0328	0.5385	0.75	0.2433	0.3488	0	0	0	0	0	0	0	0	0	0	0	0	1	1	1	1	0	0	0	0	1	1	1	1	0	0	0	0	0	0	0	0	0	0	0	0	0	0	0	0	0	0	0	0	0.0746	0.1343	0.0149	0.0195	1	1	0	0	0	0	0	0	0	0	0	0	0	0	0	0	0	0	0	0	0.3333	0.8824	0	0	0.6667	0.1176	0	0	0	0
26fbec09b4196260dca8ef94d2605dba8d4db6bb869a170c83ad99bdcb1eb70d.apk	2011-10-19	0.1814	0.0477	0.1948	0.0236	0.3947	0.9	0.0479	0.1635	0	0	0	0	0	0	0	0	0.0132	0.001	0	0	0.9737	0.9938	0.9667	0.9896	0	0	0	0	0.7	0.5082	0.7222	0.605	0.05	0.1868	0	0	0.05	0.0769	0.0556	0.0336	0	0	0	0	0	0	0	0	0.2	0.228	0.2222	0.3613	0.0907	0.0811	0.0068	0.0065	0.8421	0.9336	0.0526	0.0284	0.0526	0.0095	0	0	0.0526	0.0284	0	0	0	0	0	0	0	0	0	0	0.0588	0.05	0	0	0.9412	0.95	0	0	0	0
28efe80b76731cd45d27fa429d4029e0e1de3367576e3d9d0b7997bb1e0f340b.apk	2011-12-10	0.194	0.0597	0.1226	0.0287	0.5385	0.75	0.2188	0.3222	0	0	0	0	0	0	0	0	0	0	0	0	1	1	1	1	0	0	0	0	1	1	1	1	0	0	0	0	0	0	0	0	0	0	0	0	0	0	0	0	0	0	0	0	0.0746	0.1343	0.0109	0.0124	1	1	0	0	0	0	0	0	0	0	0	0	0	0	0	0	0	0	0	0	0.3333	0.8462	0	0	0.6667	0.1538	0	0	0	0
29d4af6a966ccdebefad988ae99bd5294235f429effce871f5992ec7399ad74d.apk	2011-11-08	0.0676	0.0676	0.029	0.0173	0.4	0.4	0.6314	0.6832	0	0	0	0	0	0	0	0	0	0	0	0	1	1	1	1	0	0	0	0	0.4	0.1571	0	0	0	0	0	0	0.2	0.1545	0	0	0	0	0	0	0	0	0	0	0.4	0.6885	1	1	0	0	0	0	0	0	0	0	0	0	0	0	0	0	0	0	0	0	0	0	0	0	0	0	0	0	0	0	0	0	0	0	0	0
2a02f0186ef2a81358ee2ca59ed7d4ac93d08df9a4b5e45812c8e27f0b75a6ba.apk	2011-10-31	0.1404	0.0877	0.0054	0.0054	0.875	0.8	0.5215	0.375	0	0	0	0	0	0	0	0	0	0	0	0	1	1	1	1	0	0	0	0	0.8	0.9375	0.75	0.8462	0	0	0	0	0	0	0	0	0	0	0	0	0.2	0.0625	0.25	0.1538	0	0	0	0	0.0351	0.0175	0.0002	0.0002	1	1	0	0	0	0	0	0	0	0	0	0	1	1	0	0	0	0	0	0	0	0	0	0	0	0	0	0	0	0
2a5e1d1731f0e6e650a0841c7b70d63e10bcba0f3bff95787aba04921b6c1293.apk	2011-12-26	0.1983	0.0992	0.0114	0.0069	0.4583	0.5833	0.3094	0.484	0	0	0	0	0	0	0	0	0	0	0	0	1	1	1	1	0	0	0	0	0.75	0.8219	0.5714	0.6604	0	0	0	0	0	0	0	0	0.0833	0.1142	0.1429	0.2264	0.0833	0.032	0.1429	0.0566	0.0833	0.032	0.1429	0.0566	0.0496	0.0083	0.0004	0.0002	0.5	0.75	0.1667	0.0833	0.1667	0.0833	0	0	0.1667	0.0833	0	0	1	1	0	0	0	0	0	0	0	0	0	0	0	0	0	0	0	0
2a7a2a11ac217f2eb9819bd18b2d7161b0d89da2d2b332e3c5fd073f75500bc1.apk	2011-03-04	0.12	0.12	0.1247	0.0194	0.3333	0.3333	0.0172	0.1111	0	0	0	0	0	0	0	0	0	0	0	0	1	1	1	1	0	0	0	0	0.6667	0.4444	0	0	0	0	0	0	0	0	0	0	0	0	0	0	0.3333	0.5556	1	1	0	0	0	0	0.08	0.04	0.0624	0.0602	1	1	0	0	0	0	0	0	0	0	0	0	1	1	0	0	0	0	0	0	0	0	0	0	0	0	0	0	0	0
2a7adf55fe1f7fe6af7d9582dff66d8295a9b05bc2c5538ccdc362ee44a974d1.apk	2011-11-17	0.1318	0.0775	0.1561	0.1029	0.7059	0.8	0.5852	0.4549	0	0	0	0	0	0	0	0	0	0	0	0	1	1	1	1	0	0	0	0	0.6	0.9138	0.625	0.9963	0	0	0	0	0.1	0.01	0.125	0.0007	0	0	0	0	0.1	0.0007	0.125	0.0007	0.2	0.0755	0.125	0.0022	0.031	0.0155	0.0008	0.0083	1	1	0	0	0	0	0	0	0	0	0	0	1	1	0	0	0	0	0	0	0	0	0	0	0	0	0	0	0	0
2a85c66c4eb9eb6b550f8571b5b6d7180e48516c55664acd435ccc492e5ef9d6.apk	2011-10-15	0.194	0.0597	0.1167	0.0308	0.5385	0.75	0.2359	0.3443	0	0	0	0	0	0	0	0	0	0	0	0	1	1	1	1	0	0	0	0	1	1	1	1	0	0	0	0	0	0	0	0	0	0	0	0	0	0	0	0	0	0	0	0	0.0746	0.1343	0.0129	0.0159	1	1	0	0	0	0	0	0	0	0	0	0	0	0	0	0	0	0	0	0	0.3333	0.9048	0	0	0.6667	0.0952	0	0	0	0
2b7343896f640ed5b41b8e062101e372eac72f52f231ee5fda94ac4f39fa555e.apk	2011-10-14	0.2403	0.0078	0.0578	0.0009	0	0	0	0	0	0	0	0	0	0	0	0	0.0968	0.0482	0	0	0.9032	0.9518	0	0	0	0	0	0	1	1	0	0	0	0	0	0	0	0	0	0	0	0	0	0	0	0	0	0	0	0	0	0	0.0465	0.0233	0.0028	0.0027	0.3333	0.3443	0.3333	0.3443	0	0	0	0	0.3333	0.3115	0	0	1	1	0	0	0	0	0	0	0	0	0	0	0	0	0	0	0	0
2c2109b23e8703598d8976c0804d8bdac079b4ff3a57ac990796a815a0690895.apk	2011-11-25	0.194	0.0597	0.1163	0.0315	0.5385	0.75	0.2392	0.3404	0	0	0	0	0	0	0	0	0	0	0	0	1	1	1	1	0	0	0	0	1	1	1	1	0	0	0	0	0	0	0	0	0	0	0	0	0	0	0	0	0	0	0	0	0.0746	0.1343	0.0127	0.0161	1	1	0	0	0	0	0	0	0	0	0	0	0	0	0	0	0	0	0	0	0.3333	0.875	0	0	0.6667	0.125	0	0	0	0
2c3f41714265f5ba2b8ca0b34e25fedc33ca7bfe180beb7fbaa5560a61e07c35.apk	2011-11-05	0.1475	0.0984	0.0086	0.0101	0.7778	0.6667	0.462	0.2826	0	0	0	0	0	0	0	0	0	0	0	0	1	1	1	1	0	0	0	0	0.8333	0.9457	0.75	0.8269	0	0	0	0	0	0	0	0	0	0	0	0	0.1667	0.0543	0.25	0.1731	0	0	0	0	0.0328	0.0164	0.0003	0.0002	1	1	0	0	0	0	0	0	0	0	0	0	1	1	0	0	0	0	0	0	0	0	0	0	0	0	0	0	0	0
2c5dd7c60b6f673c75e6273638faa7f98bffcdd0765af3a4ef2653e671ec5ff1.apk	2011-11-07	0.1063	0.0499	0.1074	0.0408	0.4286	0.6087	0.057	0.1307	0	0	0	0	0	0	0	0	0.0408	0.0027	0.0952	0.0228	0.9592	0.9973	0.9048	0.9772	0	0	0	0	0.6957	0.7534	0.6429	0.7211	0	0	0	0	0.2609	0.1219	0.2857	0.2418	0	0	0	0	0	0	0	0	0.0435	0.1247	0.0714	0.037	0.0217	0.013	0.0013	0.0012	0.6	0.8991	0.2	0.0734	0	0	0	0	0.2	0.0275	0	0	0.3333	0.0841	0	0	0	0	0	0	0	0	0	0	0.6667	0.9159	0	0	0	0
2cf1b4123137a5809e09740adb99edae573d1f620bbe75bf14280a38acc3ad1b.apk	2011-03-03	0.1056	0.0697	0.0962	0.0413	0.2553	0.5161	0.045	0.1561	0	0	0	0	0	0	0	0	0	0	0	0	1	1	1	1	0	0	0	0	0.871	0.9488	0.75	0.7656	0	0	0	0	0	0	0	0	0.0323	0.0073	0.0625	0.0312	0	0	0	0	0.0968	0.0439	0.1875	0.2031	0.027	0.0427	0.0033	0.0084	0.8333	0.8788	0.1667	0.1212	0	0	0	0	0	0	0	0	0.1579	0.241	0	0	0	0	0	0	0.1053	0.0723	0	0	0.1053	0.3976	0.5789	0.1325	0.0526	0.1566
2ecc1eb1990d4e9de810c5a784502201f227dc2f8c528aca86c5aa6d5c06ccb8.apk	2011-12-30	0.2105	0.0965	0.0106	0.008	0.25	0.4545	0.2121	0.2663	0	0	0	0	0	0	0	0	0	0	0	0	1	1	1	1	0	0	0	0	0.8182	0.9102	0.6	0.7442	0	0	0	0	0	0	0	0	0.0909	0.0588	0.2	0.1512	0	0	0	0	0.0909	0.031	0.2	0.1047	0.0526	0.0088	0.0004	0.0002	0.5	0.8	0.1667	0.0667	0.1667	0.0667	0	0	0.1667	0.0667	0	0	1	1	0	0	0	0	0	0	0	0	0	0	0	0	0	0	0	0
2fd961cabec3f652a3b48af3e26fb131ab99352881a465ad651669c22542662e.apk	2011-10-22	0.1842	0.0789	0.2149	0.0744	0.1429	0.3333	0.0577	0.1667	0	0	0	0	0.1429	0.3077	0	0	0	0	0	0	0.8571	0.6923	1	1	0	0	0	0	1	1	1	1	0	0	0	0	0	0	0	0	0	0	0	0	0	0	0	0	0	0	0	0	0.1579	0.1579	0.0868	0.0868	1	1	0	0	0	0	0	0	0	0	0	0	0.5	0.7143	0	0	0	0	0	0	0	0	0	0	0.5	0.2857	0	0	0	0
2ff8e74ffed70aacb6029f34fc2a68a7d778a0c169c808cf007bd4aa662b4a55.apk	2011-06-06	0.1319	0.0769	0.0888	0.059	0.3333	0.6429	0.1076	0.2095	0	0	0	0	0	0	0	0	0	0	0	0	1	1	1	1	0	0	0	0	0.8571	0.6571	1	1	0	0	0	0	0	0	0	0	0	0	0	0	0	0	0	0	0.1429	0.3429	0	0	0.0385	0.0549	0.0129	0.0197	1	1	0	0	0	0	0	0	0	0	0	0	0.3	0.8	0	0	0	0	0	0	0	0	0	0	0.5	0.1429	0	0	0.2	0.0571
30b0b44425f13c38032bfdc9193b5acb0871379b4c8a307a8ab33ed68fc92190.apk	2011-11-27	0.2241	0.0517	0.1434	0.0323	0.3846	0.6667	0.125	0.2222	0	0	0	0	0	0	0	0	0	0	0	0	1	1	1	1	0	0	0	0	1	1	1	1	0	0	0	0	0	0	0	0	0	0	0	0	0	0	0	0	0	0	0	0	0.069	0.0862	0.0215	0.0251	1	1	0	0	0	0	0	0	0	0	0	0	0	0	0	0	0	0	0	0	0.4	0.5714	0	0	0.6	0.4286	0	0	0	0
30d7c91d2f91ddca2965e68936d4c924ea6d1f1edc9873f6d503a4071930b339.apk	2011-10-08	0	0	0	0	0	0	0	0	0	0	0	0	0	0	0	0	0	0	0	0	0	0	0	0	0	0	0	0	0	0	0	0	0	0	0	0	0	0	0	0	0	0	0	0	0	0	0	0	0	0	0	0	0	0	0	0	0	0	0	0	0	0	0	0	0	0	0	0	0	0	0	0	0	0	0	0	0	0	0	0	0	0	0	0	0	0
30e4f2031133524dd3c70e8ca8298d111f6a23434e90d829a55829f5f494c23d.apk	2011-12-09	0.1591	0.0682	0.1044	0.0361	0.7143	0.6667	0.1923	0.2222	0	0	0	0	0	0	0	0	0	0	0	0	1	1	1	1	0	0	0	0	1	1	1	1	0	0	0	0	0	0	0	0	0	0	0	0	0	0	0	0	0	0	0	0	0.0909	0.0909	0.0241	0.0241	1	1	0	0	0	0	0	0	0	0	0	0	0	0	0	0	0	0	0	0	0.5	0.6667	0	0	0.5	0.3333	0	0	0	0
31059f43636bf769541aed6054e241b68a4903e95f5a05a250fd05573353d9ec.apk	2011-11-07	0.1699	0.0915	0.1793	0.0389	0.4615	0.7143	0.0445	0.1566	0	0	0	0	0	0	0	0	0	0	0	0	1	1	1	1	0	0	0	0	0.7143	0.8675	0.6	0.6154	0	0	0	0	0.1429	0.0843	0.2	0.2308	0.0714	0.0241	0.1	0.0769	0	0	0	0	0.0714	0.0241	0.1	0.0769	0.0131	0.0261	0.0019	0.0047	1	1	0	0	0	0	0	0	0	0	0	0	0.25	0.3	0	0	0	0	0	0	0	0	0	0	0.75	0.7	0	0	0	0
31c1f596705849170ddd8ae86414cfa74e0afe38d76e0b616e555b9b47be5955.apk	2011-10-23	0.1351	0.1351	0.0284	0.0166	0.4	0.4	0.2923	0.5	0	0	0	0	0	0	0	0	0	0	0	0	1	1	1	1	0	0	0	0	0.8	0.7368	0.5	0.5263	0	0	0	0	0	0	0	0	0	0	0	0	0.2	0.2632	0.5	0.4737	0	0	0	0	0.0541	0.027	0.0026	0.0022	1	1	0	0	0	0	0	0	0	0	0	0	1	1	0	0	0	0	0	0	0	0	0	0	0	0	0	0	0	0
335f0260b9bb399aaba99970bcc8811cd7573297176de46bdc5cd3b8bfe3eab9.apk	2011-12-10	0.1855	0.0887	0.0131	0.0096	0.3913	0.5455	0.3231	0.3592	0	0	0	0	0	0	0	0	0	0	0	0	1	1	1	1	0	0	0	0	0.7273	0.7254	0.6667	0.7647	0	0	0	0	0.0909	0.1761	0	0	0.0909	0.0493	0.1667	0.1176	0.0909	0.0493	0.1667	0.1176	0	0	0	0	0.0403	0.0081	0.0005	0.0003	0.6	0.75	0.2	0.125	0	0	0	0	0.2	0.125	0	0	1	1	0	0	0	0	0	0	0	0	0	0	0	0	0	0	0	0
337afa7ca8989a7b26f4ca3be062d872c7d7bf19b9a9314d90436147ad8a09e2.apk	2011-12-16	0.1029	0.0588	0.1086	0.0395	0.2857	0.5	0.0606	0.1667	0	0	0	0	0	0	0	0	0	0	0	0	1	1	1	1	0	0	0	0	1	1	1	1	0	0	0	0	0	0	0	0	0	0	0	0	0	0	0	0	0	0	0	0	0.0735	0.0882	0.0263	0.0296	1	1	0	0	0	0	0	0	0	0	0	0	0	0	0	0	0	0	0	0	0.3333	0.5556	0	0	0.6667	0.4444	0	0	0	0
352aba92de8c5df2abc04f9fdf4e76393133f837510666c31072eec81a7838cc.apk	2011-12-10	0.1855	0.0887	0.01	0.008	0.3913	0.5455	0.3092	0.3134	0	0	0	0	0	0	0	0	0	0	0	0	1	1	1	1	0	0	0	0	0.7273	0.7512	0.6667	0.7778	0	0	0	0	0.0909	0.1692	0	0	0.0909	0.0448	0.1667	0.127	0.0909	0.0348	0.1667	0.0952	0	0	0	0	0.0403	0.0081	0.0004	0.0002	0.6	0.8	0.2	0.1	0	0	0	0	0.2	0.1	0	0	1	1	0	0	0	0	0	0	0	0	0	0	0	0	0	0	0	0
36033a4da20f44c4f75101086becade330e30b236f3666b83e6c8995dcb4be7e.apk	2011-12-06	0.1733	0.1467	0.0667	0.0017	0.6154	0.5455	0.0099	0.2931	0	0	0	0	0	0	0	0	0	0	0	0	1	1	1	1	0	0	0	0	0.8182	0.8621	0.6667	0.6471	0	0	0	0	0	0	0	0	0	0	0	0	0.0909	0.0345	0.1667	0.0588	0.0909	0.1034	0.1667	0.2941	0.0533	0.0133	0.0005	0.0003	1	1	0	0	0	0	0	0	0	0	0	0	1	1	0	0	0	0	0	0	0	0	0	0	0	0	0	0	0	0
36829865e11dd30641b30dd97d541a67d719ce7307b75ba66d9971d8892d2382.apk	2011-12-10	0.194	0.0597	0.1185	0.03	0.5385	0.75	0.2318	0.3298	0	0	0	0	0	0	0	0	0	0	0	0	1	1	1	1	0	0	0	0	1	1	1	1	0	0	0	0	0	0	0	0	0	0	0	0	0	0	0	0	0	0	0	0	0.0746	0.1343	0.0118	0.0137	1	1	0	0	0	0	0	0	0	0	0	0	0	0	0	0	0	0	0	0	0.3333	0.8605	0	0	0.6667	0.1395	0	0	0	0
37b4882bbbdfdab93577d48afe6e11541099924aa128971a8937f1b11b536c08.apk	2011-11-08	0.1494	0.1494	0.1348	0.0531	0.2692	0.6923	0.0679	0.3103	0	0	0	0	0	0	0	0	0	0	0	0	1	1	1	1	0	0	0	0	0.8462	0.8138	0.7778	0.5111	0	0	0	0	0.0769	0.0966	0.1111	0.2444	0.0385	0.0759	0.0556	0.2222	0	0	0	0	0.0385	0.0138	0.0556	0.0222	0.023	0.023	0.0022	0.0062	1	1	0	0	0	0	0	0	0	0	0	0	0.75	0.8824	0	0	0	0	0	0	0	0	0	0	0.25	0.1176	0	0	0	0
37d7f08a90c1a53a7032ac1d172907d015ddf40b91ab6880331457407804d13b.apk	2011-10-23	0.1606	0.0511	0.0737	0.2341	0.2727	0.4286	0.1233	0.0129	0	0	0	0	0.1364	0.0822	0.1667	0.1111	0	0	0	0	0.8636	0.9178	0.8333	0.8889	0	0	0	0	0.7143	0.2716	1	1	0	0	0	0	0	0	0	0	0.1429	0.0172	0	0	0	0	0	0	0.1429	0.7112	0	0	0.0657	0.0365	0.0222	0.2119	0.7778	0.9091	0.1111	0.0455	0.1111	0.0455	0	0	0	0	0	0	0.6	0.8333	0	0	0	0	0	0	0.4	0.1667	0	0	0	0	0	0	0	0
37da91c3a8201da55b98e4f97591f819db4a2d310e50d98602b4549bf975289e.apk	2011-11-10	0.1591	0.0682	0.1036	0.0359	0.7143	0.6667	0.1923	0.2222	0	0	0	0	0	0	0	0	0	0	0	0	1	1	1	1	0	0	0	0	1	1	1	1	0	0	0	0	0	0	0	0	0	0	0	0	0	0	0	0	0	0	0	0	0.0909	0.0909	0.0239	0.0239	1	1	0	0	0	0	0	0	0	0	0	0	0	0	0	0	0	0	0	0	0.5	0.6667	0	0	0.5	0.3333	0	0	0	0
37f5dc5f43f1fef6e22516346c4935df75bf734397b3101755e0740be5ad926c.apk	2011-11-08	0.1583	0.075	0.2109	0.0534	0.1579	0.7778	0.0922	0.8526	0	0	0	0	0	0	0	0	0	0	0	0	1	1	1	1	0	0	0	0	0.8889	0.8758	1	1	0	0	0	0	0.1111	0.1242	0	0	0	0	0	0	0	0	0	0	0	0	0	0	0.0167	0	0.0067	0	1	1	0	0	0	0	0	0	0	0	0	0	0	0	0	0	0	0	0	0	0	0	0	0	0	0	0	0	0	0
3b5bc140a2aef48bd334b45080465e40c3c238a62f88ec2784cf1927188a3454.apk	2011-11-21	0.194	0.0597	0.1099	0.0305	0.5385	0.75	0.2534	0.3333	0	0	0	0	0	0	0	0	0	0	0	0	1	1	1	1	0	0	0	0	1	1	1	1	0	0	0	0	0	0	0	0	0	0	0	0	0	0	0	0	0	0	0	0	0.0746	0.1343	0.012	0.0141	1	1	0	0	0	0	0	0	0	0	0	0	0	0	0	0	0	0	0	0	0.3333	0.8723	0	0	0.6667	0.1277	0	0	0	0
3bf53a2c564909fc852f781877e52d78b65aa0c99bca03a408c7ec5eb01fbf1b.apk	2011-11-04	0.1404	0.0877	0.005	0.0044	0.875	0.8	0.5709	0.4709	0	0	0	0	0	0	0	0	0	0	0	0	1	1	1	1	0	0	0	0	0.8	0.9193	0.75	0.8381	0	0	0	0	0	0	0	0	0	0	0	0	0.2	0.0807	0.25	0.1619	0	0	0	0	0.0351	0.0175	0.0002	0.0002	1	1	0	0	0	0	0	0	0	0	0	0	1	1	0	0	0	0	0	0	0	0	0	0	0	0	0	0	0	0
3cd3dfe938de3a414d372b585f272d93530dfaaba893748ed0849e507a60e103.apk	2011-11-18	0.1318	0.0775	0.1636	0.1245	0.7059	0.8	0.7201	0.4751	0	0	0	0	0	0	0	0	0	0	0	0	1	1	1	1	0	0	0	0	0.6	0.9536	0.625	0.9979	0	0	0	0	0.1	0.0066	0.125	0.0004	0	0	0	0	0.1	0.0004	0.125	0.0004	0.2	0.0395	0.125	0.0013	0.031	0.0155	0.0005	0.0053	1	1	0	0	0	0	0	0	0	0	0	0	1	1	0	0	0	0	0	0	0	0	0	0	0	0	0	0	0	0
3e2143b34299d7c908bfdf60525b2d97cadf191d5d5dd88657e382b514d6ebdf.apk	2011-11-08	0.194	0.0597	0.1188	0.0311	0.5385	0.75	0.233	0.34	0	0	0	0	0	0	0	0	0	0	0	0	1	1	1	1	0	0	0	0	1	1	1	1	0	0	0	0	0	0	0	0	0	0	0	0	0	0	0	0	0	0	0	0	0.0746	0.1343	0.0124	0.0152	1	1	0	0	0	0	0	0	0	0	0	0	0	0	0	0	0	0	0	0	0.3333	0.8776	0	0	0.6667	0.1224	0	0	0	0
3ee94fc41f396dac2ce626417bfff5c5d7ae14cb6b82a637e25889e6459f6a36.apk	2011-10-22	0	0	0	0	0	0	0	0	0	0	0	0	0	0	0	0	0	0	0	0	0	0	0	0	0	0	0	0	0	0	0	0	0	0	0	0	0	0	0	0	0	0	0	0	0	0	0	0	0	0	0	0	0	0	0	0	0	0	0	0	0	0	0	0	0	0	0	0	0	0	0	0	0	0	0	0	0	0	0	0	0	0	0	0	0	0
3f06b80ea03d6bd58d6bf52712f1dafcdd05a6017f60357e87ccb4a7b257169e.apk	2011-11-21	0.194	0.0597	0.1149	0.0316	0.5385	0.75	0.2443	0.3426	0	0	0	0	0	0	0	0	0	0	0	0	1	1	1	1	0	0	0	0	1	1	1	1	0	0	0	0	0	0	0	0	0	0	0	0	0	0	0	0	0	0	0	0	0.0746	0.1343	0.0123	0.0152	1	1	0	0	0	0	0	0	0	0	0	0	0	0	0	0	0	0	0	0	0.3333	0.8846	0	0	0.6667	0.1154	0	0	0	0
3f0abffed04a2b8aa5475416c6c965e122ad10ae7d97c24887aac43db662a0a5.apk	2011-11-21	0.1587	0.0952	0.0057	0.008	0.8	1	0.6178	0.4155	0	0	0	0	0	0	0	0	0	0	0	0	1	1	1	1	0	0	0	0	0.8333	0.9817	0.8333	0.967	0	0	0	0	0	0	0	0	0	0	0	0	0.1667	0.0183	0.1667	0.033	0	0	0	0	0.0317	0.0159	0.0004	0.0003	1	1	0	0	0	0	0	0	0	0	0	0	1	1	0	0	0	0	0	0	0	0	0	0	0	0	0	0	0	0
3f3a35844cc2d3d2a16515f1ffc2eb90620a8a2fc6aa82330256b5086af3bf4e.apk	2011-10-31	0.1475	0.0984	0.0081	0.0096	0.7778	0.6667	0.4444	0.2752	0	0	0	0	0	0	0	0	0	0	0	0	1	1	1	1	0	0	0	0	0.8333	0.953	0.75	0.8537	0	0	0	0	0	0	0	0	0	0	0	0	0.1667	0.047	0.25	0.1463	0	0	0	0	0.0328	0.0164	0.0003	0.0003	1	1	0	0	0	0	0	0	0	0	0	0	1	1	0	0	0	0	0	0	0	0	0	0	0	0	0	0	0	0
3f7506beaa0d6788b5026291952ac894a3e8b1a197fdc8432eebe0d958108b28.apk	2011-12-10	0.194	0.0597	0.1367	0.04	0.4615	0.75	0.1463	0.25	0	0	0	0	0	0	0	0	0	0	0	0	1	1	1	1	0	0	0	0	1	1	1	1	0	0	0	0	0	0	0	0	0	0	0	0	0	0	0	0	0	0	0	0	0.0746	0.1343	0.0267	0.0433	1	1	0	0	0	0	0	0	0	0	0	0	0	0	0	0	0	0	0	0	0.3333	0.5385	0	0	0.6667	0.4615	0	0	0	0
401326dc558a9010b195a3ed4911cdf279afc2c783653ebaf51ef39bb1bf76e1.apk	2011-12-10	0.1855	0.0887	0.0112	0.0097	0.3913	0.5455	0.3128	0.3238	0	0	0	0	0	0	0	0	0	0	0	0	1	1	1	1	0	0	0	0	0.7273	0.7429	0.6667	0.7647	0	0	0	0	0.0909	0.1714	0	0	0.0909	0.0524	0.1667	0.1471	0.0909	0.0333	0.1667	0.0882	0	0	0	0	0.0403	0.0081	0.0005	0.0003	0.6	0.8	0.2	0.1	0	0	0	0	0.2	0.1	0	0	1	1	0	0	0	0	0	0	0	0	0	0	0	0	0	0	0	0
40c649044d2c516fdee1b39fe4741ad9e465e40aadf523438ad22bdf5b5d4719.apk	2011-11-22	0	0	0	0	0	0	0	0	0	0	0	0	0	0	0	0	0	0	0	0	0	0	0	0	0	0	0	0	0	0	0	0	0	0	0	0	0	0	0	0	0	0	0	0	0	0	0	0	0	0	0	0	0	0	0	0	0	0	0	0	0	0	0	0	0	0	0	0	0	0	0	0	0	0	0	0	0	0	0	0	0	0	0	0	0	0
4104caa1b0fcc3b954ff4cc755ee6683159927b87c6dc5e24d4f9c5fbc380007.apk	2011-12-31	0.1957	0.1087	0.0059	0.0023	0.5556	0.4	0.2907	0.4706	0	0	0	0	0	0	0	0	0	0	0	0	1	1	1	1	0	0	0	0	1	1	1	1	0	0	0	0	0	0	0	0	0	0	0	0	0	0	0	0	0	0	0	0	0.0435	0.0217	0.0003	0.0003	1	1	0	0	0	0	0	0	0	0	0	0	1	1	0	0	0	0	0	0	0	0	0	0	0	0	0	0	0	0
417028a4cd666aa946fd7fde3cec84f7f54e38503f08bb11114d5185371e8e9e.apk	2011-12-10	0.194	0.0597	0.1224	0.0291	0.5385	0.75	0.2209	0.3265	0	0	0	0	0	0	0	0	0	0	0	0	1	1	1	1	0	0	0	0	1	1	1	1	0	0	0	0	0	0	0	0	0	0	0	0	0	0	0	0	0	0	0	0	0.0746	0.1343	0.011	0.0128	1	1	0	0	0	0	0	0	0	0	0	0	0	0	0	0	0	0	0	0	0.3333	0.8605	0	0	0.6667	0.1395	0	0	0	0
41c9dac569d6163074dc87587234bd16c66917d82b70b7a5ac15c9185b194841.apk	2011-11-08	0.1034	0.1034	0.1772	0.1071	0.3333	0.6667	0.1979	0.6552	0	0	0	0	0	0	0	0	0	0	0	0	1	1	1	1	0	0	0	0	0.6667	0.6667	1	1	0	0	0	0	0.3333	0.3333	0	0	0	0	0	0	0	0	0	0	0	0	0	0	0.069	0.0345	0.0363	0.0357	1	1	0	0	0	0	0	0	0	0	0	0	0	0	0	0	0	0	0	0	0	0	0	0	1	1	0	0	0	0
2048884b5bb257ab990fff7385583076cecc53d2380d10699f98aa0a4ffc1dcd.apk	2011-09-26	0.0667	0.1333	0.0714	0.1429	1	1	0.5	0.5	0	0	0	0	0	0	0	0	0	0	0	0	1	1	1	1	0	0	0	0	1	1	1	1	0	0	0	0	0	0	0	0	0	0	0	0	0	0	0	0	0	0	0	0	0.1333	0.0667	0.1071	0.0714	1	1	0	0	0	0	0	0	0	0	0	0	1	1	0	0	0	0	0	0	0	0	0	0	0	0	0	0	0	0
2681b0ea19336bad9a6ef2ceddd505f9dd4d0a58f967c72fea198a9bc05ec43c.apk	2011-06-05	0.1458	0.0417	0.088	0.016	0	0	0	0	0	0	0	0	0	0	0	0	0.1429	0.0909	0	0	0.8571	0.9091	0	0	0	0	0	0	1	1	0	0	0	0	0	0	0	0	0	0	0	0	0	0	0	0	0	0	0	0	0	0	0.1042	0.0417	0.0267	0.0133	1	1	0	0	0	0	0	0	0	0	0	0	1	1	0	0	0	0	0	0	0	0	0	0	0	0	0	0	0	0
2688689ba78f01225f4f5ee4fbe5c781ffc07f7f8abefc199f820e09a3f1576f.apk	2011-10-28	0.1351	0.1351	0.0333	0.0208	0.4	0.4	0.25	0.4	0	0	0	0	0	0	0	0	0	0	0	0	1	1	1	1	0	0	0	0	0.8	0.7333	0.5	0.5	0	0	0	0	0	0	0	0	0	0	0	0	0.2	0.2667	0.5	0.5	0	0	0	0	0.0541	0.027	0.0042	0.0028	1	1	0	0	0	0	0	0	0	0	0	0	1	1	0	0	0	0	0	0	0	0	0	0	0	0	0	0	0	0
2f6630379759691a6315aa48883340e5f9920d0409ed9e671349f6f5df66c8b4.apk	2011-11-21	0.1667	0.0583	0.0071	0.008	0.5	0.7143	0.4541	0.3361	0	0	0	0	0	0	0	0	0	0	0	0	1	1	1	1	0	0	0	0	0.8571	0.9836	0.8	0.9634	0	0	0	0	0	0	0	0	0	0	0	0	0.1429	0.0164	0.2	0.0366	0	0	0	0	0.0167	0.0083	0.0002	0.0002	1	1	0	0	0	0	0	0	0	0	0	0	1	1	0	0	0	0	0	0	0	0	0	0	0	0	0	0	0	0
314b530eb02ae12ac64438b9121c6c11b75bd6fd46c048486c0611f6d12202aa.apk	2011-11-07	0.1157	0.0661	0.0946	0.016	0.3214	0.625	0.0992	0.5917	0	0	0	0	0	0	0	0	0	0	0	0	1	1	1	1	0	0	0	0	0.625	0.3391	0.4	0.0643	0.0625	0.0069	0.1	0.0058	0.1875	0.6263	0.3	0.9006	0.0625	0.0208	0.1	0.0234	0	0	0	0	0.0625	0.0069	0.1	0.0058	0.0165	0.0372	0.0006	0.0276	1	1	0	0	0	0	0	0	0	0	0	0	0.2222	0.0181	0	0	0	0	0	0	0	0	0	0	0.7778	0.9819	0	0	0	0
3475d41904702db5758332ef08c0e61d4b4e05b741633259f93ba5b8b344c7f8.apk	2011-11-07	0.1351	0.1351	0.0287	0.0175	0.4	0.4	0.2826	0.4643	0	0	0	0	0	0	0	0	0	0	0	0	1	1	1	1	0	0	0	0	0.8	0.75	0.5	0.5385	0	0	0	0	0	0	0	0	0	0	0	0	0.2	0.25	0.5	0.4615	0	0	0	0	0.0541	0.027	0.0031	0.0025	1	1	0	0	0	0	0	0	0	0	0	0	1	1	0	0	0	0	0	0	0	0	0	0	0	0	0	0	0	0
34df1ef8259186faaa48b51d930c5dff2dc86d659243c2032bb7815e283532f2.apk	2011-11-08	0.1151	0.0419	0.1963	0.0046	0.4026	0.6429	0.0042	0.0652	0	0	0	0	0.026	0.0001	0	0	0	0	0	0	0.974	0.9999	1	1	0	0	0	0	0.8214	0.9601	0.7778	0.8796	0	0	0	0	0.1071	0.032	0.1111	0.0833	0	0	0	0	0	0	0	0	0.0714	0.0079	0.1111	0.037	0.0538	0.0209	0.0002	0.0003	0.9444	0.9643	0.0556	0.0357	0	0	0	0	0	0	0	0	0.7143	0.4138	0.2143	0.25	0	0	0	0	0	0	0	0	0.0714	0.3362	0	0	0	0
3db00f2872d2b7f1019ea830cbc64f9fe35e6c09d62da77ba9521ff38b5f9b66.apk	2011-12-19	0.1196	0.087	0.0346	0.1236	0.4545	0.625	0.2411	0.0674	0	0	0	0	0.0606	0.0804	0	0	0	0	0	0	0.9394	0.9196	1	1	0	0	0	0	0.7917	0.7678	0.8667	0.9074	0	0	0	0	0.0417	0.0025	0	0	0	0	0	0	0.0417	0.0037	0.0667	0.0185	0.125	0.226	0.0667	0.0741	0.0906	0.0471	0.0191	0.0281	0.8	0.9435	0.12	0.0403	0	0	0.08	0.0161	0	0	0	0	0.0769	0.011	0	0	0	0	0	0	0	0	0	0	0.8462	0.9835	0	0	0.0769	0.0055
415e22cd878f4f55cb67bd28e531783f967ab97b2313c4e62b863c3585f51c53.apk	2011-10-23	0.1706	0.0577	0.1976	0.0796	0.2923	0.8182	0.0272	0.0611	0	0	0	0	0.0308	0.0285	0.1053	0.1429	0.0462	0.0078	0	0	0.9231	0.9637	0.8947	0.8571	0	0	0	0	0.8636	0.8617	0.8333	0.8421	0	0	0	0	0.0455	0.1093	0.0556	0.0526	0	0	0	0	0.0455	0.0225	0.0556	0.0526	0.0455	0.0064	0.0556	0.0526	0.0394	0.0236	0.0064	0.0251	0.6667	0.76	0.1333	0.12	0.1333	0.08	0.0667	0.04	0	0	0	0	0.3333	0.1224	0	0	0	0	0	0	0	0	0	0	0.5556	0.8673	0	0	0.1111	0.0102
438139b22ba52e424212a99545fbccb12fd7101b5ed1a4d3113de11ac939ae81.apk	2011-04-01	0.1414	0.0404	0.2209	0.0128	0.2143	0.5	0.0193	0.2222	0	0	0	0	0	0	0	0	0	0	0	0	1	1	1	1	0	0	0	0	0.75	0.7222	0.5	0.5	0	0	0	0	0.25	0.2778	0.5	0.5	0	0	0	0	0	0	0	0	0	0	0	0	0.1212	0.0505	0.0149	0.0092	0.8333	0.8095	0.1667	0.1905	0	0	0	0	0	0	0	0	0	0	0	0	0	0	0	0	0.8	0.7692	0	0	0.2	0.2308	0	0	0	0
480163cb18311db1c54e40dbf634cd15b3d864c8f13c1ec36c9c7db8380079f0.apk	2011-10-23	0.1821	0.0231	0.1777	0.0155	0.1429	0.625	0.1133	0.6984	0	0	0	0	0	0	0	0	0	0	0	0	1	1	1	1	0	0	0	0	0.875	0.7982	0.8	0.8571	0	0	0	0	0	0	0	0	0	0	0	0	0	0	0	0	0.125	0.2018	0.2	0.1429	0.0202	0.0347	0.0044	0.0093	0.5714	0.622	0.2857	0.3701	0	0	0.1429	0.0079	0	0	0	0	0.3333	0.5037	0	0	0	0	0	0	0	0	0	0	0.5833	0.4926	0.0833	0.0037	0	0
4aabe84d8233352019022cd63ecdd7e1c68950a74bb4dbe6d31f9d411a69ba34.apk	2011-10-24	0	0	0	0	0	0	0	0	0	0	0	0	0	0	0	0	0	0	0	0	0	0	0	0	0	0	0	0	0	0	0	0	0	0	0	0	0	0	0	0	0	0	0	0	0	0	0	0	0	0	0	0	0	0	0	0	0	0	0	0	0	0	0	0	0	0	0	0	0	0	0	0	0	0	0	0	0	0	0	0	0	0	0	0	0	0
4ebf42ff9f90a302fe42cc4e5da0e65c902b1c18d8cf5396b5a30c2ddc1b5163.apk	2011-10-22	0.1713	0.0312	0.2723	0.0521	0.2545	0.8	0.0661	0.0276	0	0	0	0	0.0182	0.0032	0	0	0	0	0	0	0.9818	0.9968	1	1	0	0	0	0	0.9	0.9297	0.9375	0.975	0	0	0	0	0	0	0	0	0	0	0	0	0	0	0	0	0.1	0.0703	0.0625	0.025	0.014	0.0545	0.0007	0.0154	0.4444	0.65	0.4444	0.3	0	0	0.1111	0.05	0	0	0	0	0.2571	0.6744	0	0	0	0	0	0	0	0	0	0	0.6857	0.3209	0.0571	0.0047	0	0
4f4537dd5f06035cda60503a5b8589760f97ecf99342b5e169026e593bb04b94.apk	2011-05-02	0.1792	0.0472	0.1322	0.0288	0.0526	0.4	0.0182	0.1667	0	0	0	0	0	0	0	0	0	0	0	0	1	1	1	1	0	0	0	0	0.8	0.8333	1	1	0	0	0	0	0.2	0.1667	0	0	0	0	0	0	0	0	0	0	0	0	0	0	0.0189	0.0094	0.0072	0.0048	1	1	0	0	0	0	0	0	0	0	0	0	0	0	0	0	0	0	0	0	0	0	0	0	1	1	0	0	0	0
503cbb263d992b71d6a1b3134db6776265937aff1185128e99eabc725cf1d66b.apk	2011-05-04	0.1235	0.037	0.1674	0.0661	0.6	1	0.2368	0.2	0	0	0	0	0	0	0	0	0	0	0	0	1	1	1	1	0	0	0	0	0.6667	0.5333	0.6667	0.6667	0	0	0	0	0.3333	0.4667	0.3333	0.3333	0	0	0	0	0	0	0	0	0	0	0	0	0.0494	0.0247	0.0264	0.0176	1	1	0	0	0	0	0	0	0	0	0	0	0	0	0	0	0	0	0	0	0	0	0	0	1	1	0	0	0	0
53bc8bb25e4ec65c6109ae763e0fc22812d56b4f5338f490405fb72e68515552.apk	2011-02-15	0.1548	0.0873	0.1846	0.1408	0.2821	0.5455	0.3037	0.4301	0	0	0	0	0.0769	0.0048	0.0909	0.0027	0	0	0	0	0.9231	0.9952	0.9091	0.9973	0	0	0	0	0.7273	0.9544	0.6667	0.936	0	0	0	0	0.1364	0.0244	0.1667	0.0345	0.0455	0.0148	0.0833	0.0271	0	0	0	0	0.0909	0.0064	0.0833	0.0025	0.0357	0.0317	0.0027	0.0033	0.7778	0.8889	0.1111	0.0556	0.1111	0.0556	0	0	0	0	0	0	0.375	0.5455	0	0	0	0	0	0	0	0	0.5	0.1818	0.125	0.2727	0	0	0	0
5718c03820909bf69ce05990ce73fc3b2c87e6347f46470cc60ff2e242f6b70c.apk	2011-12-01	0.1528	0.0417	0.0927	0.0185	0.6364	1	0.5167	0.25	0	0	0	0	0	0	0	0	0	0	0	0	1	1	1	1	0	0	0	0	0.6667	0.3333	0.6667	0.6667	0	0	0	0	0	0	0	0	0	0	0	0	0	0	0	0	0.3333	0.6667	0.3333	0.3333	0.0556	0.0556	0.0093	0.0093	1	1	0	0	0	0	0	0	0	0	0	0	0	0	0	0	0	0	0	0	0	0	0	0	1	1	0	0	0	0
5733c3868ce709ef05e7b157c18d782040af744bf65494368466f4725f21728e.apk	2011-09-29	0.1596	0.1064	0.0594	0.2356	0.8	1	0.7029	0.134	0	0	0	0	0	0	0	0	0.0667	0.0628	0.0833	0.0833	0.9333	0.9372	0.9167	0.9167	0	0	0	0	1	1	1	1	0	0	0	0	0	0	0	0	0	0	0	0	0	0	0	0	0	0	0	0	0.0213	0.0106	0.004	0.0037	1	1	0	0	0	0	0	0	0	0	0	0	1	1	0	0	0	0	0	0	0	0	0	0	0	0	0	0	0	0
588ebaa8a0dac4835cd49e18dfe1fde7720fcf4b3369cb0f7be01c0077361c1f.apk	2011-11-08	0.1702	0.0638	0.235	0.1216	0	0	0	0	0	0	0	0	0	0	0	0	0	0	0	0	1	1	0	0	0	0	0	0	0.3333	0.2733	0	0	0	0	0	0	0.3333	0.4533	0	0	0	0	0	0	0.3333	0.2733	0	0	0	0	0	0	0.0851	0.0426	0.0357	0.034	1	1	0	0	0	0	0	0	0	0	0	0	0.5	0.7619	0	0	0	0	0	0	0.5	0.2381	0	0	0	0	0	0	0	0
6a8255e23ff5cee1587ba914ca9d29c3646f16405ce2309eeba916363c4ea36b.apk	2011-10-22	0.1891	0.021	0.1856	0.0144	0.2222	1	0.0838	0.5385	0	0	0	0	0	0	0	0	0	0	0	0	1	1	1	1	0	0	0	0	0.8	0.7692	0.8	0.8571	0	0	0	0	0	0	0	0	0	0	0	0	0	0	0	0	0.2	0.2308	0.2	0.1429	0.021	0.021	0.0078	0.0089	0.4	0.4286	0.4	0.4286	0	0	0.2	0.1429	0	0	0	0	0.4	0.5	0	0	0	0	0	0	0	0	0	0	0.4	0.375	0.2	0.125	0	0
6fdf686fe4daf49000213dda42ff7eda7bcd7379d8b61c9366409a1eceed734f.apk	2011-11-14	0.1606	0.0803	0.0818	0.0219	0.6364	0.8182	0.0624	0.2335	0	0	0	0	0	0	0	0	0	0	0	0	1	1	1	1	0	0	0	0	1	1	1	1	0	0	0	0	0	0	0	0	0	0	0	0	0	0	0	0	0	0	0	0	0.1387	0.1387	0.0144	0.0144	1	1	0	0	0	0	0	0	0	0	0	0	0.3684	0.8909	0	0	0	0	0	0	0	0	0	0	0.6316	0.1091	0	0	0	0
703ddcd984c50571fe711a97523cebf061e49fe73604d651de1766d16856241e.apk	2011-10-23	0	0	0	0	0	0	0	0	0	0	0	0	0	0	0	0	0	0	0	0	0	0	0	0	0	0	0	0	0	0	0	0	0	0	0	0	0	0	0	0	0	0	0	0	0	0	0	0	0	0	0	0	0	0	0	0	0	0	0	0	0	0	0	0	0	0	0	0	0	0	0	0	0	0	0	0	0	0	0	0	0	0	0	0	0	0
70d91617f67294c2e39bade3c92b8890a8be920908bcae0869cac02e2ed4b1e8.apk	2011-11-15	0.1591	0.0682	0.1036	0.0359	0.7143	0.6667	0.1923	0.2222	0	0	0	0	0	0	0	0	0	0	0	0	1	1	1	1	0	0	0	0	1	1	1	1	0	0	0	0	0	0	0	0	0	0	0	0	0	0	0	0	0	0	0	0	0.0909	0.0909	0.0239	0.0239	1	1	0	0	0	0	0	0	0	0	0	0	0	0	0	0	0	0	0	0	0.5	0.6667	0	0	0.5	0.3333	0	0	0	0
71738eae47d06fe16d8640715ae1070ef09c4333e29470a423834b05b6c39823.apk	2011-10-23	0	0	0	0	0	0	0	0	0	0	0	0	0	0	0	0	0	0	0	0	0	0	0	0	0	0	0	0	0	0	0	0	0	0	0	0	0	0	0	0	0	0	0	0	0	0	0	0	0	0	0	0	0	0	0	0	0	0	0	0	0	0	0	0	0	0	0	0	0	0	0	0	0	0	0	0	0	0	0	0	0	0	0	0	0	0
7d51ececf87d70f0d3bbcf7b39ae12fe4812befc32797cbde02e70c9ccafa313.apk	2011-11-08	0.1195	0.0531	0.0017	0.0018	0.1852	0.5	0.0409	0.0383	0	0	0	0	0	0	0	0	0	0	0	0	1	1	1	1	0	0	0	0	0.9167	0.9891	1	1	0	0	0	0	0	0	0	0	0	0	0	0	0	0	0	0	0.0833	0.0109	0	0	0.0619	0.0531	0.0002	0.0002	0.7143	0.8261	0	0	0	0	0.2857	0.1739	0	0	0	0	0.25	0.5714	0	0	0	0	0	0	0	0	0	0	0.75	0.4286	0	0	0	0
802c9d5169bb234adca809614dce15d38d5f55e8149747c474d96265c7121827.apk	2011-10-23	0.2206	0.1029	0.2476	0.0971	0.5333	0.5714	0.3922	0.5	0	0	0	0	0	0	0	0	0	0	0	0	1	1	1	1	0	0	0	0	0.8571	0.9	0.75	0.9	0	0	0	0	0	0	0	0	0.1429	0.1	0.25	0.1	0	0	0	0	0	0	0	0	0.1029	0.0441	0.0583	0.0388	0.7143	0.75	0.2857	0.25	0	0	0	0	0	0	0	0	1	1	0	0	0	0	0	0	0	0	0	0	0	0	0	0	0	0
810bb272d0e8d652806c8642f1676948afa157d68cbb67602a7ace7a7cf0e662.apk	2011-11-17	0.194	0.0597	0.1141	0.0307	0.5385	0.75	0.2443	0.339	0	0	0	0	0	0	0	0	0	0	0	0	1	1	1	1	0	0	0	0	1	1	1	1	0	0	0	0	0	0	0	0	0	0	0	0	0	0	0	0	0	0	0	0	0.0746	0.1343	0.0117	0.0143	1	1	0	0	0	0	0	0	0	0	0	0	0	0	0	0	0	0	0	0	0.3333	0.8909	0	0	0.6667	0.1091	0	0	0	0
8409884fc1bfc596ae00a5039fd521081a55a102458b009f74250727746f3c0a.apk	2011-08-21	0.1043	0.0696	0.139	0.1425	0.5833	0.875	0.188	0.1583	0	0	0	0	0	0	0	0	0	0	0	0	1	1	1	1	0	0	0	0	1	1	1	1	0	0	0	0	0	0	0	0	0	0	0	0	0	0	0	0	0	0	0	0	0.0609	0.1739	0.0226	0.0653	1	1	0	0	0	0	0	0	0	0	0	0	0.05	0.2	0	0	0	0	0	0	0.05	0.0545	0	0	0.25	0.2364	0	0	0.65	0.5091
85ac9cacce5cc89df9166e8d4b3a59437919c097c0a6e6aff646e1524de6b1d5.apk	2011-11-18	0.12	0.12	0.1247	0.0244	0.3333	0.3333	0.0217	0.1111	0	0	0	0	0	0	0	0	0	0	0	0	1	1	1	1	0	0	0	0	0.6667	0.4444	0	0	0	0	0	0	0	0	0	0	0	0	0	0	0.3333	0.5556	1	1	0	0	0	0	0.08	0.04	0.0623	0.0596	1	1	0	0	0	0	0	0	0	0	0	0	1	1	0	0	0	0	0	0	0	0	0	0	0	0	0	0	0	0
87181846f84be37892a2cb1095dca4e8c2e56716e9d7758651d13e81120696ef.apk	2011-06-27	0.3233	0.0451	0.2353	0.0349	0.3256	1	0.1117	0.642	0	0	0	0	0	0	0	0	0.0698	0.0165	0	0	0.9302	0.9835	1	1	0	0	0	0	0.8333	0.8765	0.8333	0.8269	0	0	0	0	0	0	0	0	0.1667	0.1235	0.1667	0.1731	0	0	0	0	0	0	0	0	0.0301	0.0075	0.0065	0.0052	0.5	0.8667	0.25	0.0667	0	0	0	0	0.25	0.0667	0	0	1	1	0	0	0	0	0	0	0	0	0	0	0	0	0	0	0	0
889fb8ca2d103e3a7f750e9479de702e984f9b1c3e33e5531f6e2c5204cfbfbf.apk	2011-11-08	0.1163	0.093	0.12	0.128	0.4	0.5	0.2667	0.3125	0	0	0	0	0	0	0	0	0	0	0	0	1	1	1	1	0	0	0	0	1	1	1	1	0	0	0	0	0	0	0	0	0	0	0	0	0	0	0	0	0	0	0	0	0.093	0.1395	0.056	0.072	1	1	0	0	0	0	0	0	0	0	0	0	0.1667	0.2222	0	0	0	0	0	0	0.1667	0.3333	0	0	0.6667	0.4444	0	0	0	0
897ed62100039dfacac32b756bd7e0fbdb101cd5147843dc1cdc0aea23225834.apk	2011-10-25	0.2241	0.0517	0.1204	0.0277	0.4615	0.6667	0.2215	0.3238	0	0	0	0	0	0	0	0	0	0	0	0	1	1	1	1	0	0	0	0	1	1	1	1	0	0	0	0	0	0	0	0	0	0	0	0	0	0	0	0	0	0	0	0	0.069	0.0862	0.01	0.0103	1	1	0	0	0	0	0	0	0	0	0	0	0	0	0	0	0	0	0	0	0.4	0.9231	0	0	0.6	0.0769	0	0	0	0
8e33731abbef89161561d44dc6cf70f1069bd5cbdb20fc6e6a76499ab7fb8ff8.apk	2011-11-07	0.1241	0.0248	0.1715	0.009	0.1714	0.8571	0.0028	0.0517	0	0	0	0	0.0571	0.0004	0	0	0.0571	0.0002	0	0	0.8857	0.9994	1	1	0	0	0	0	0.8571	0.9631	0.8333	0.9464	0	0	0	0	0.1429	0.0369	0.1667	0.0536	0	0	0	0	0	0	0	0	0	0	0	0	0.0142	0.0106	0	0.0025	1	1	0	0	0	0	0	0	0	0	0	0	0.6667	0.013	0	0	0	0	0	0	0	0	0	0	0.3333	0.987	0	0	0	0
939f84cda0684e18147b895dc2c8a6250ab64cff881fb4383798e585fca93c46.apk	2011-12-13	0.1379	0.0529	0.2591	0.0114	0.3	0.6522	0.0094	0.2008	0	0	0	0	0	0	0	0	0	0	0	0	1	1	1	1	0	0	0	0	0.8261	0.4226	0.8667	0.5625	0	0	0	0	0.0435	0.0126	0.0667	0.0208	0.0435	0.0251	0	0	0	0	0	0	0.087	0.5397	0.0667	0.4167	0.0552	0.0322	0.0023	0.0112	0.625	0.6042	0.25	0.2917	0	0	0	0	0.125	0.1042	0	0	0.7143	0.5847	0	0	0	0	0	0	0	0	0	0	0.2857	0.4153	0	0	0	0
9427729f5d983b307fe75b721ba5dd528f6aa34b910d50ebd0592ab26f6c87df.apk	2011-11-08	0	0	0	0	0	0	0	0	0	0	0	0	0	0	0	0	0	0	0	0	0	0	0	0	0	0	0	0	0	0	0	0	0	0	0	0	0	0	0	0	0	0	0	0	0	0	0	0	0	0	0	0	0	0	0	0	0	0	0	0	0	0	0	0	0	0	0	0	0	0	0	0	0	0	0	0	0	0	0	0	0	0	0	0	0	0
0e0ed089cf17f527d153007460e481ec8819c93f07c04f8cf5683091cf9ed2ee.apk	2011-02-23	0.1361	0.0237	0.0832	0.0154	0.0435	0.75	0.0355	0.7692	0	0	0	0	0	0	0	0	0	0	0	0	1	1	1	1	0	0	0	0	0.75	0.7981	1	1	0	0	0	0	0.25	0.2019	0	0	0	0	0	0	0	0	0	0	0	0	0	0	0.0237	0.0178	0.0065	0.0093	1	1	0	0	0	0	0	0	0	0	0	0	0	0	0	0	0	0	0	0	0.6667	0.6667	0	0	0.3333	0.3333	0	0	0	0
3698af529188a9c1270a6cccacb2463d85dac2f9c23a69362bcac95ed44a9cd4.apk	2011-09-02	0.0732	0.0244	0.1117	0.0266	0	0	0	0	0	0	0	0	0	0	0	0	0	0	0	0	1	1	0	0	0	0	0	0	1	1	0	0	0	0	0	0	0	0	0	0	0	0	0	0	0	0	0	0	0	0	0	0	0.2927	0.122	0.234	0.1809	1	1	0	0	0	0	0	0	0	0	0	0	0.8	0.8529	0	0	0	0	0	0	0.2	0.1471	0	0	0	0	0	0	0	0
4483eee151943808781540a789b457ed055955795560a03af7cd87549c3dac78.apk	2011-07-19	0.0994	0.0342	0.1471	0.023	0.0625	0.2727	0.0317	0.2203	0	0	0	0	0	0	0	0	0	0	0	0	1	1	1	1	0	0	0	0	0.7273	0.8841	1	1	0	0	0	0	0.1818	0.0783	0	0	0	0	0	0	0	0	0	0	0.0909	0.0377	0	0	0.0248	0.0124	0.0037	0.0034	1	1	0	0	0	0	0	0	0	0	0	0	1	1	0	0	0	0	0	0	0	0	0	0	0	0	0	0	0	0
49e2190d1bf57b4ead2bccaa3292d0327fade02fc2105dd810ca6223e3387394.apk	2011-06-13	0.0822	0.0685	0.2632	0.0042	0.6667	0.8	0.01	0.6214	0	0	0	0	0	0	0	0	0	0	0	0	1	1	1	1	0	0	0	0	1	1	1	1	0	0	0	0	0	0	0	0	0	0	0	0	0	0	0	0	0	0	0	0	0.0274	0.0137	0.0007	0.0007	1	1	0	0	0	0	0	0	0	0	0	0	1	1	0	0	0	0	0	0	0	0	0	0	0	0	0	0	0	0
517ba2203b71edf2ef9ef8ebdd5f16890fd049dad6da29f3b0703bce58499e4a.apk	2011-11-14	0.1081	0.0169	0.1281	0.0219	0.3125	0.6	0.1748	0.3013	0	0	0	0	0	0	0	0	0.0312	0.0023	0	0	0.9688	0.9977	1	1	0	0	0	0	1	1	1	1	0	0	0	0	0	0	0	0	0	0	0	0	0	0	0	0	0	0	0	0	0.0405	0.0203	0.002	0.0015	1	1	0	0	0	0	0	0	0	0	0	0	1	1	0	0	0	0	0	0	0	0	0	0	0	0	0	0	0	0
3698af529188a9c1270a6cccacb2463d85dac2f9c23a69362bcac95ed44a9cd4.apk	2011-09-02	0.0732	0.0244	0.1235	0.0176	0	0	0	0	0	0	0	0	0	0	0	0	0	0	0	0	1	1	0	0	0	0	0	0	1	1	0	0	0	0	0	0	0	0	0	0	0	0	0	0	0	0	0	0	0	0	0	0	0.2927	0.122	0.2706	0.2235	1	1	0	0	0	0	0	0	0	0	0	0	0	0	0	0	0	0	0	0	1	1	0	0	0	0	0	0	0	0
4483eee151943808781540a789b457ed055955795560a03af7cd87549c3dac78.apk	2011-07-19	0.1006	0.0335	0.1459	0.0232	0.0606	0.2727	0.0322	0.2164	0	0	0	0	0	0	0	0	0	0	0	0	1	1	1	1	0	0	0	0	0.7273	0.8747	1	1	0	0	0	0	0.1818	0.0888	0	0	0	0	0	0	0	0	0	0	0.0909	0.0364	0	0	0.0244	0.0122	0.0035	0.0033	1	1	0	0	0	0	0	0	0	0	0	0	0	0	0	0	0	0	0	0	1	1	0	0	0	0	0	0	0	0
517ba2203b71edf2ef9ef8ebdd5f16890fd049dad6da29f3b0703bce58499e4a.apk	2011-11-14	0.1026	0.0263	0.1357	0.0213	0.3077	0.5	0.1023	0.224	0	0	0	0	0	0	0	0	0.0256	0.0027	0	0	0.9744	0.9973	1	1	0	0	0	0	0.8	0.9913	0.8	0.9935	0.1	0.0029	0	0	0.1	0.0058	0.2	0.0065	0	0	0	0	0	0	0	0	0	0	0	0	0.0474	0.0447	0.0027	0.0027	1	1	0	0	0	0	0	0	0	0	0	0	0	0	0	0	0	0	0	0	0.3529	0.8523	0	0	0	0	0.5294	0.125	0.1176	0.0227
77c7a6e063ed7fdb5240dfac04828dd646048b27e227e529b21b2b3edd7ae7be.apk	2011-02-21	0.1241	0.0803	0.1136	0.038	0.3529	0.9091	0.2347	0.6597	0	0	0	0	0	0	0	0	0	0	0	0	1	1	1	1	0	0	0	0	0.8182	0.6702	0.9	0.5238	0	0	0	0	0.0909	0.3194	0.1	0.4762	0.0909	0.0105	0	0	0	0	0	0	0	0	0	0	0.0292	0.0146	0.0026	0.0022	1	1	0	0	0	0	0	0	0	0	0	0	0	0	0	0	0	0	0	0	0.5	0.2727	0	0	0	0	0.5	0.7273	0	0
b6c50287ec8d35b866afa1ffc74d14bf1b37138b6c8edecaa67d53e34ac9d77a.apk	2011-10-15	0	0	0	0	0	0	0	0	0	0	0	0	0	0	0	0	0	0	0	0	0	0	0	0	0	0	0	0	0	0	0	0	0	0	0	0	0	0	0	0	0	0	0	0	0	0	0	0	0	0	0	0	0	0	0	0	0	0	0	0	0	0	0	0	0	0	0	0	0	0	0	0	0	0	0	0	0	0	0	0	0	0	0	0	0	0
c5ebbd2aba5c4f4533f75c46fbe5e696fae4bb783631098e86dc0e6cfb9f7414.apk	2011-09-03	0.0902	0.041	0.0939	0.0267	0.5455	0.8	0.212	0.4929	0	0	0	0	0	0	0	0	0	0	0	0	1	1	1	1	0	0	0	0	0.9	0.9983	0.875	0.9983	0	0	0	0	0	0	0	0	0	0	0	0	0	0	0	0	0.1	0.0017	0.125	0.0017	0.0902	0.041	0.0173	0.0186	0.9091	0.9961	0.0909	0.0039	0	0	0	0	0	0	0	0	0	0	0.2	0.0024	0	0	0	0	0.8	0.9976	0	0	0	0	0	0	0	0
d84376328466ac5b3d4876ebba7e7dc52523da034e245f480f778a82e19e6230.apk	2011-11-08	0.1715	0.0628	0.2096	0.0444	0.6098	0.8667	0.1439	0.5867	0	0	0	0	0	0	0	0	0.0244	0.0028	0.04	0.0098	0.9756	0.9972	0.96	0.9902	0	0	0	0	0.8	0.78	0.8462	0.8523	0	0	0	0	0.2	0.22	0.1538	0.1477	0	0	0	0	0	0	0	0	0	0	0	0	0.0335	0.0167	0.0089	0.0077	1	1	0	0	0	0	0	0	0	0	0	0	0	0	0	0	0	0	0	0	1	1	0	0	0	0	0	0	0	0
f0fc9fc18ec7fc184c13d465993cc26d8ec2ea7288fb2852bfaa6899df04d3ac.apk	2011-03-15	0.0925	0.0299	0.0921	0.0613	0.4194	0.8	0.3322	0.4979	0	0	0	0	0.0323	0.0006	0.0385	0.0001	0	0	0	0	0.9516	0.9993	0.9615	0.9999	0.0161	0.0001	0	0	0.9	0.9995	0.875	0.9995	0	0	0	0	0.1	0.0005	0.125	0.0005	0	0	0	0	0	0	0	0	0	0	0	0	0.003	0.0075	0	0	1	1	0	0	0	0	0	0	0	0	0	0	0.2	0.4286	0	0	0	0	0	0	0	0	0	0	0.8	0.5714	0	0	0	0
f2cf52096640c7c7f8dad70e0c6064221cea2162a246ee5720149fad66530caf.apk	2011-06-16	0.1341	0.0466	0.1193	0.0416	0.3043	0.8125	0.0616	0.1714	0	0	0	0	0	0	0	0	0.0217	0.0062	0	0	0.9783	0.9938	1	1	0	0	0	0	0.6875	0.4143	0.6923	0.7015	0	0	0	0	0.0625	0.0179	0.0769	0.0896	0.0625	0.0639	0.0769	0.1791	0	0	0	0	0.1875	0.5038	0.1538	0.0299	0.0787	0.0262	0.0148	0.0296	0.7407	0.8417	0.1111	0.0647	0.037	0.0072	0	0	0.1111	0.0863	0	0	0.2222	0.0612	0	0	0	0	0	0	0.1111	0.018	0	0	0.6667	0.9209	0	0	0	0
